0.15256911726989603
0.15371704551717472
0.15343722590136694
0.15457068315573463
0.15756099768774037
0.16297607380600249
0.16630367083825426
0.16725530079502557
0.16852031941816875
0.16719679558702952
0.16492396786328958
0.16417845443231502
0.15753387454603085
0.14785189968396764
0.14293514311876437
0.14012798249009936
0.14058312987602836
0.14275654162741838
0.14062575750788273
0.13768185749985035
0.1409750860271957
0.14219483873641717
0.1387003248435516
0.13627178749901844
0.13689200403080107
0.14235527639503856
0.14963395894422749
0.15610787126983192
0.15392934692867996
0.15080227186351342
0.14991384078807488
0.14561463089879714
0.14874018481251433
0.15255228126702136
0.15537485987785513
0.1555438543482084
0.15701981425313244
0.15784110042370428
0.16246338136432104
0.16923244019879355
0.1809807333662508
0.19198073566411816
0.2005840154399597
0.1969322082491021
0.1916277636709602
0.18099170105394463
0.20211127922607902
0.199009152859876
0.19160701711413877
0.18773732428882614
0.18380685735369987
0.1789967483093271
0.17376654045115938
0.1697169754026882
0.16485627459152757
0.16499144229073934
0.16549166448069402
0.16694424424389048
0.16761941579405978
0.17077855905336717
0.1746720950936149
0.17965573385371691
0.17797005813913258
0.17168054880062053
0.16913448342280218
0.16909344601958604
0.171377441511962
0.1755708202787253
0.1775729571908413
0.17887017048846834
0.17649785192965592
0.17450277282335894
0.17138360981098286
0.16698841688115712
0.16541764648903917
0.16238853961724853
0.16154579476837078
0.16446182493869171
0.16459963640770148
0.1676262226287293
0.1723259877861228
0.17505601000359536
0.1762154774575614
0.17715506814891213
0.177112234286592
0.17709412047879164
0.17648526030347597
0.1771440411346044
0.17818428425366498
0.17680553807564167
0.1771500284773792
0.17708992616306268
0.17580423996432132
0.17502941051499257
0.17519728908468551
0.17453915643093593
0.176957171641112
0.17920486961833185
0.18445703723707949
0.18937954451006675
0.1924504121435137
0.19547643605180864
0.1929859224813864
0.18776841556742596
0.1761475918475775
0.17345017189723166
0.17014737813602387
0.1684866783120921
0.1707527312757623
0.16593671826873804
0.1667207684740549
0.1678948399177638
0.16516812474427567
0.1646828924741544
0.16249505377941265
0.1560779464789173
0.15128148245918271
0.14730660823235683
0.166707980603635
0.1772349898596917
0.18411901328876323
0.1861869470866388
0.18507018996353924
0.18651886739556078
0.1832552281796249
0.17970998784117467
0.17605174914115662
0.1746938992456955
0.1761141895140709
0.17648757595304937
0.1697826754162909
0.16061908804687802
0.1462708133554183
0.1450591167409081
0.14441819584657964
0.1435873793222222
0.14776502556182278
0.14836633852682848
0.14686712082257825
0.1479214642957259
0.14869959395376123
0.150647540859983
0.15083799780418786
0.1508953356650164
0.1485575424845622
0.14727936770598918
0.1444829301763276
0.14324816620131603
0.14289401028067356
0.1426275946522678
0.1438008340107124
0.14728268146585907
0.1510817564025608
0.14842102419225728
0.15129298679439063
0.15401674611714705
0.1568489045589893
0.16401553411167702
0.1671135503250596
0.17352155166174504
0.17845936854075098
0.18037218985632397
0.17888336867322194
0.18282444036272158
0.18675169862757093
0.18562425614132433
0.1839644566921375
0.18368545357598204
0.1800970347465491
0.17711633347814915
0.17244429404647507
0.16725483525464618
0.16303119391884852
0.15463756382344265
0.15136246459673516
0.15383056935296127
0.15570865556977728
0.15469502383950812
0.15081905722285546
0.15035785783931058
0.15189014903450787
0.15564046137402004
0.1590062244932092
0.16655408509498473
0.17336391154500388
0.18024433923398903
0.1824630250121607
0.18827031567457078
0.19263377397752088
0.19637339713734653
0.196727123454631
0.19375806932264938
0.18716959959912716
0.1810540743541818
0.17544365755267194
0.16982727137102122
0.1684624712143098
0.16479805143752296
0.15779969911412603
0.15528365568103408
0.15721692386765948
0.16122426134899276
0.16537219446567494
0.1701052789076398
0.17764258109473047
0.18565647440274727
0.19253973905854943
0.19853159761678155
0.2047910790762164
0.2080255431914469
0.21028150658440814
0.1946816029166746
0.1737003378634369
0.18368960956242802
0.1890790999502894
0.18332847810886177
0.17930292434021045
0.17806757095064735
0.17574306251859148
0.17444082436436745
0.17182313633508223
0.1705861883909486
0.16748301131780333
0.164716456475682
0.1639464839754022
0.160975575696655
0.1384819410822839
0.13512756555731337
0.13130620556994615
0.12561621822759614
0.12572439011943404
0.12510470903359372
0.12678650125100302
0.1314098127622022
0.13768894719009955
0.1381074301871428
0.14225111838353802
0.1435226698552308
0.14985450016255739
0.1435693112826399
0.13482366786755623
0.13066835037417768
0.1264229072813196
0.12547959170798803
0.12666953430111874
0.12745596241131443
0.13170630439001735
0.13108628390807905
0.13053377855560055
0.12902799452829192
0.1266121117114776
0.1256466777575554
0.12595020561886572
0.12556510532905976
0.12708049288006112
0.1285422720753751
0.12892226905095494
0.13129576403042434
0.1349957718139069
0.13758482805745714
0.14225062620818235
0.14402867091776367
0.14534111401807817
0.14712503719515346
0.15025004785039053
0.1501913672579183
0.1510277966645142
0.15160964238326508
0.15362566834455602
0.15267849026152164
0.1512026398013838
0.14817337380290255
0.1460489719490117
0.14376277378362606
0.148782579192084
0.1506381697493537
0.15361836422997727
0.15501826789745257
0.15601089931435194
0.15895182526389778
0.1596285912823934
0.16297633926021415
0.16720922925783427
0.17006438306182414
0.1709975323273345
0.17034009892905505
0.1705862993083059
0.16785900784311297
0.16580145388673595
0.16477482994945897
0.1651626769304217
0.16699529946200348
0.16732034950436014
0.16758699812372393
0.17008555002266373
0.17041458761649472
0.16841081487070036
0.1600529767831363
0.15534366868634283
0.15450335434933593
0.15361158036252265
0.15177425826242746
0.14882165061444075
0.1449764736192825
0.15019499516081192
0.15118708429015776
0.15507709979541748
0.15824678357946748
0.16298882819769284
0.1662485856847359
0.1703154772264214
0.17096561040864577
0.1723385590606461
0.17319126520734265
0.17899001145139837
0.1847965494738847
0.1893767111801064
0.19208425309809585
0.195999851803399
0.19636800450309203
0.19712820804826564
0.19631287819128554
0.19227626305181056
0.1897262632184396
0.18897559811333267
0.18812047662978348
0.1880596631417181
0.1896937320474655
0.18832261248689627
0.18301518786169052
0.17614366682689409
0.17327728706963744
0.16860275225359087
0.16855530121033965
0.16901496310612038
0.17012471683986424
0.15505280485189055
0.16263621207481768
0.17262360997326268
0.1776295535418517
0.18439399674364254
0.18758740045112016
0.1938845438871768
0.20088490848344795
0.20364909837674428
0.2032802519811217
0.20219985777438812
0.20169581464446984
0.20032962673425353
0.20036239565763053
0.20138528438521003
0.2018083068068482
0.2050183946245881
0.20604543281750615
0.2093404554389786
0.21082505375526664
0.20862311451100174
0.2090552606903437
0.21145531221198413
0.2116057870248132
0.2040968191988938
0.20276920422731867
0.20144213974874595
0.19904432274950418
0.19890018182679153
0.19735300287551363
0.19670518749092333
0.1953253057102931
0.18557882551435273
0.18039940448090303
0.17487973389912218
0.17176115639286263
0.16693510203901898
0.16749529135458843
0.17131034477454857
0.17435614556391343
0.17894734112926514
0.18571590732676765
0.19053411607176945
0.20183378133098176
0.20516698177428866
0.20881807602831026
0.2147323928015398
0.21422685255052065
0.21076956782566136
0.20951882838931996
0.20607079323363245
0.20411019693263538
0.203167296199617
0.19804435921923225
0.19618203837438847
0.19373052625609596
0.19266238009482858
0.1918582349584746
0.1929341253488614
0.19460525976337142
0.19633854461207795
0.19911435199209604
0.20307120042336355
0.2092438085174587
0.2115985051052188
0.18182544125102038
0.180757804515595
0.18803923063031977
0.19335583687999663
0.19684614485965385
0.19922181139260553
0.20294934442296625
0.2035640123969482
0.19970897219449907
0.19619035726084166
0.19307158528552684
0.18687741695366872
0.18111180554090495
0.17527409433248523
0.17353263634805402
0.17221067224496317
0.1700059321231328
0.16695869344285671
0.16558694636883922
0.16549252584315063
0.16503915695983143
0.16898743971612518
0.1682768129865957
0.16758396266350112
0.16915723232197058
0.17322574361267476
0.17622822134847288
0.18368766836352524
0.18891623748236572
0.19569840049174647
0.20056611048906783
0.20012314756713895
0.19960566279240258
0.1998823480543969
0.19901154228913528
0.19559636439780936
0.18842048003538622
0.18489571602003907
0.17822206658346057
0.17572208103831385
0.16982398800891127
0.16945122064015103
0.16721941111287358
0.16638981153171892
0.16603154383238955
0.1692513932368387
0.1708683930510101
0.17245288290641142
0.17389340456352484
0.1773154895366001
0.18190183979109928
0.18496724263645997
0.1876054449941566
0.19233324061597915
0.19772610189119694
0.20143904390565842
0.21034605354490052
0.2148025330866769
0.21834686670859788
0.2190393984059567
0.21763369920861977
0.21465327449621685
0.21196779032938645
0.2093427257541463
0.20621133380102807
0.1963978836209342
0.18729536250238712
0.17920138585425832
0.17113905695384032
0.1683183671287111
0.16966177750076317
0.1710693618274917
0.17031405011265383
0.1670384691510196
0.16893167756314384
0.17209633163862553
0.17404628770147448
0.17744580345068334
0.17045857463109162
0.1657849483682641
0.161577840178069
0.15878014899463083
0.15740608881789997
0.16441281277404632
0.17731729730171875
0.15754462999136848
0.1631409255550575
0.16243384302116168
0.16083262479968305
0.16368287270219156
0.15106884026630993
0.1516540759040929
0.1626970502409823
0.17186251802184696
0.19837092164516834
0.17030987553311255
0.16798915470770376
0.16741789196716308
0.1653856007782005
0.16319598187084605
0.16334106668222587
0.1589350439756547
0.15433248207258424
0.1509695828052527
0.1403107832662501
0.13539454111647797
0.1282499116214087
0.12621433633913895
0.13045894997620672
0.13353331117522993
0.1394494740495171
0.1426499356124918
0.14869736573580156
0.15108328944732005
0.154884312784598
0.15770997639598455
0.15898198941529632
0.1582129006554087
0.1594107693110379
0.15864610688834138
0.1605274187195685
0.16058251143857866
0.1648209174163948
0.16894313157915888
0.17372096721745298
0.17946966573807172
0.18494537856293086
0.18594844355832957
0.18546840607830242
0.17468088448505467
0.17406796734227883
0.1736313675584022
0.16895163356095624
0.16567609087752
0.16607264532753785
0.16659084861352869
0.16718667475018872
0.16634582049261146
0.1588289342065898
0.1638281503816232
0.16885839056378868
0.17102771968641117
0.1712147100570826
0.16988045646632574
0.1707037614457228
0.17189675617383307
0.17299536420728656
0.17224303127790233
0.1696236649661327
0.1694275399944919
0.16736127673890316
0.1650433920948813
0.1648714443015212
0.15737905572812816
0.15568508984919785
0.1562432155504183
0.15613802428131723
0.15625112666420843
0.15623667834399377
0.15751797193350825
0.15796993485064909
0.16015624978927467
0.16074798647812
0.16387382352967356
0.16490149743552196
0.16683565538663986
0.1691584600413097
0.17157879546835134
0.16778566785706087
0.1651059132418427
0.16440967033151532
0.1659946965975937
0.1608826208197076
0.16258344944381148
0.16323311416587433
0.1625707215209578
0.16228170270761216
0.1614331005068429
0.1613666372421068
0.1599297747413038
0.162801649363912
0.16558969847845154
0.16853424555308297
0.17056829814190658
0.17144583407200017
0.1719385649384615
0.17100786516370042
0.17021109924474512
0.16821197000931015
0.16669784629436496
0.16689158360124895
0.16795586694092496
0.1699873423276862
0.17507197775048872
0.17892357589922317
0.1816392636318101
0.18338806691006543
0.18834980455527067
0.18950378230377973
0.18519870419186127
0.18556469753630742
0.18773855751547844
0.1907994253670815
0.18537324603391034
0.17574886242881801
0.16727252920653543
0.1645142531425321
0.15694789921854607
0.1525010816489704
0.14788237336601812
0.15040557481208267
0.15389756035989774
0.15609089456309003
0.15856654939880516
0.15944656576262012
0.15675358250520027
0.15457531784536985
0.1505701323102086
0.14607005009804874
0.137460484621084
0.13116444373760677
0.1262102856350366
0.12364299412035269
0.12335616362443876
0.12948496453586594
0.13650407897761813
0.13896899547149494
0.14384802675331784
0.1424164130580598
0.1407559729325335
0.1387546883992518
0.1369612108947603
0.14744687000325327
0.14687847856295
0.1438629213720464
0.14051692786782685
0.13845056626062094
0.13867662155710422
0.14247605145772252
0.14780078574412372
0.15111860279035616
0.15376093869539093
0.15620872688340132
0.15852410417989152
0.16068259397132237
0.16562738055498352
0.16722514150580642
0.16743107659576079
0.16927958741306925
0.1697365465489559
0.17075240592459986
0.1703587186233087
0.16974846196193646
0.17180585567283027
0.17530135314418066
0.17758092807081954
0.18374211106020494
0.19011083263380346
0.19161153621081425
0.19249927653989932
0.1937529250870506
0.19447198778738944
0.19924203445402444
0.20114759496420506
0.16984781560628476
0.17011920429069208
0.17364861298816475
0.17411069273392346
0.17906007499252108
0.18246460516850968
0.1836607966066474
0.18467168643368265
0.186769415804196
0.1883708913113968
0.18989267442080274
0.18938437882879605
0.18833578446569604
0.18809969601037407
0.1884072145532999
0.18791203394600578
0.18749561808688253
0.18884234544200437
0.18847049051950207
0.18787092846352452
0.18625250347402642
0.18616978328876527
0.18396827030214621
0.18306958906978277
0.18301602576303005
0.18325441097865486
0.184636310989495
0.18441558507598402
0.18426742426626355
0.1846756637048579
0.18324429703460515
0.18561905778144905
0.18825902189697502
0.19104504581982504
0.19182111416221076
0.18999554238405464
0.18699297286921363
0.18347837039112985
0.1806886962298936
0.17539013061955216
0.17146572509679245
0.1698588419591747
0.16669939227680425
0.16905202272239886
0.1711156527782665
0.17431158285749213
0.1720973148753011
0.167376703186411
0.1648308424794321
0.15855208155665773
0.15374293933369768
0.14919627165716445
0.14846260143569695
0.14945720836701817
0.14861011707963395
0.14774126251726685
0.1474640627166575
0.1489052481805832
0.1540789528082732
0.15992173381561195
0.16514656698789426
0.1551741507575975
0.15628568822561487
0.15853518020043206
0.15917349924310426
0.15964252381243096
0.1650701934524685
0.16780991823053962
0.16417770470269213
0.16442284882342953
0.16494424873383762
0.16600252233505383
0.16608819890436274
0.16685235837329424
0.16680685275974036
0.16204394915675277
0.16450956802131272
0.1668140955744397
0.1683664749810329
0.16933280238329623
0.15509647118348818
0.1524444500748258
0.15159174376686932
0.15131042200991512
0.14881213286571213
0.14623828164568156
0.14651334933625715
0.14571468194307155
0.16013224023723363
0.16182270356199746
0.15823987689586377
0.15107001801586958
0.1477588261587809
0.14374063231103662
0.1418627536421473
0.1423362725693255
0.1431326512518873
0.14578574633537597
0.15315863575532954
0.16092741236069155
0.16360781884540337
0.16891154697299884
0.17292695093320257
0.176003521563308
0.17951792821735807
0.18549832801700444
0.18991557353339364
0.1952753034620966
0.20022425230568178
0.2031773558870626
0.20377969031227133
0.20415137453185048
0.20639691968043375
0.20652001235253098
0.20615289003628706
0.20685590625279424
0.20653144717255895
0.20534403152432096
0.2046764067536624
0.20176325363742736
0.19809444608216012
0.1942507527217812
0.1918165357269248
0.18917781624273974
0.18888078120118104
0.187419184821591
0.18638056921771634
0.18540053672192106
0.18541327827217388
0.18140888710882386
0.17709516620615032
0.17598263980312276
0.17462873901540826
0.166598867721815
0.16115492908879134
0.15667358027807174
0.15525176459774948
0.15194457095545133
0.15058352057294072
0.15062280998308908
0.1494065945733228
0.1497042211622921
0.1489918366231326
0.14839526306646195
0.14761628534477203
0.14967726596629674
0.1509997618358315
0.15067697960367837
0.14911754434561159
0.14866174336628943
0.1471600611771423
0.14713446483127818
0.14674978009091094
0.14886578333472095
0.15121787157374897
0.1511166762383819
0.15287285157549574
0.1534670838160188
0.15378105629998004
0.15329095848123012
0.15294891406045596
0.15203455058760207
0.15100307000300656
0.1502239002339522
0.14812623227384072
0.14648531736601234
0.14416004828939927
0.1387500080626572
0.13613667605849705
0.1231704629735175
0.11931311591929691
0.11288932119715786
0.10999632682500546
0.10931531414539856
0.1077715682836887
0.11061163434422457
0.1154484081529467
0.12021764661217935
0.1210749127424338
0.1261029164982545
0.1263974371039953
0.12890753756331244
0.13413260724883866
0.13576483544676882
0.1418790651038539
0.14951836786416228
0.15074662337012107
0.1526921960583123
0.1498980683137827
0.14624718104990525
0.1447940032473192
0.14710836179176906
0.14926604997790002
0.1509067144044846
0.1550691613046159
0.1589002019250807
0.16038723804503213
0.16294051206901977
0.1608820979176987
0.15665057445354183
0.15235592589237298
0.1495733232633232
0.1412777120057735
0.14027732288047196
0.13546938182032547
0.1350074440747821
0.1361041084825643
0.14008657247905237
0.1453767548942479
0.15141358898944293
0.15501772104605094
0.16086620737164456
0.1684110688639556
0.17179687428487164
0.17728168295025276
0.18263859250033462
0.18672137108434733
0.19195955616988974
0.1956383308707401
0.20068986227284644
0.20460314557503795
0.17414507292617154
0.17542181390456624
0.17992740049073858
0.18216256961843674
0.18396613904592352
0.18272051484792945
0.18068385259128764
0.17501897145084405
0.17121727690885633
0.16281196378232915
0.1526967620955949
0.14894245565491696
0.14127898818956375
0.13929368988350704
0.1386455045389408
0.14254741834766155
0.14462053650359194
0.14703636507729684
0.15157093187447784
0.15434311502698098
0.15519264015921924
0.15455691670183475
0.15297146275662205
0.15081204398696063
0.14980873846810305
0.14362738520541715
0.13931432387607753
0.12239375343499219
0.1187618979552385
0.11446959524499445
0.11068168225522432
0.10984891365089115
0.10613762775781062
0.10133800786086775
0.09802666737293049
0.08944806167767279
0.08175837470984094
0.08295408750203395
0.082083558290533
0.07988452070002483
0.08098239777753392
0.08090665577485742
0.08618296443094513
0.08812692722481229
0.09106170154303977
0.09676218745228632
0.09895286783050233
0.10110916540632617
0.10378291999467575
0.10457602861216139
0.10569275431393814
0.11012788269584546
0.11419003054058034
0.12143072086917925
0.12549287959861574
0.13168760945911812
0.13441074159709981
0.13526324480264101
0.1374970444840636
0.13707774180947535
0.13410070755179973
0.1274874522250243
0.12277452955618033
0.12121202508591582
0.11492747088953836
0.1153025955115035
0.11488101569200818
0.11504709283107743
0.11967038624923679
0.1228895497266568
0.12564413640494312
0.1281615116529078
0.132609442736997
0.13253149271513545
0.13533130084503556
0.13746659727559896
0.13866141756673736
0.1403322518995686
0.1430115467539133
0.1474356314724539
0.14929430263686838
0.15457387613869036
0.15613629359300282
0.15515905279602607
0.15652336621440016
0.15533552909291923
0.15214579684686785
0.14748210645730025
0.14532417959296595
0.13826778557287764
0.13097193692369255
0.12808323567992774
0.11811235632291166
0.11598770053254695
0.1141391056261647
0.11580211106135163
0.12140433939501447
0.1239175127317473
0.12584956426599092
0.12628067582247315
0.12627046491874538
0.12447040786166227
0.1256632006514178
0.12876541709139452
0.13213636266640866
0.1345930891058573
0.13525939307410478
0.13736550678581777
0.1427806659744559
0.1471740453980148
0.15078678070523344
0.15231827970404116
0.15170651423536116
0.15133174885898001
0.1476100884143226
0.14621154982638357
0.14576317976541942
0.14678437208007017
0.1466830866776771
0.14716563155764076
0.14391316464210988
0.143577217973147
0.14352329961338084
0.1455597009372653
0.14563568142622016
0.14737859779755663
0.1497184107995471
0.1501182390077866
0.14891469843160826
0.14569506522482306
0.14376212591779208
0.14215583324115152
0.14090585213596538
0.13990831272186857
0.13312938514772915
0.12588917830608293
0.12351248372651773
0.12246985748622222
0.12648441606679972
0.12960940202228577
0.13547258341374016
0.1387673437749467
0.14094930220623242
0.1413140370000448
0.14449140895637047
0.14746329097065336
0.15008408488797112
0.15935176365627732
0.1662253347298889
0.17266526317312397
0.1736498013356273
0.17331414456959
0.16953321617200562
0.16447763719517378
0.1635290221094708
0.15935584522925442
0.1554785136779622
0.10793826896814038
0.10244852788488035
0.10130897132365757
0.10671241025849956
0.10546708950548542
0.10789861008228507
0.10915790695553751
0.11242871447861254
0.11675715561220482
0.11614234477539453
0.11197419724278301
0.11002599762716003
0.1044224692500029
0.09964318743639536
0.09291364118106847
0.09297399046805223
0.09359511532664082
0.09423539899121827
0.09590770240426384
0.097880391061132
0.10204371698482795
0.09880740108898918
0.10256957154175668
0.10327596248906819
0.1025419177915087
0.10043664652613656
0.09725882755512366
0.09656213293065799
0.09247300801049667
0.08947016518024131
0.08653362737948622
0.08978584529795244
0.09061767441510009
0.09081670832357243
0.09286834838400818
0.09350638571568112
0.09206552865998886
0.0922320784036362
0.09160253491134204
0.09128005404650694
0.09171382227597039
0.09406234080401492
0.08930523382009364
0.08739442393073954
0.08869869068600168
0.0885025756210567
0.0906815316205499
0.09481955322792718
0.09958449499240996
0.10122408774145582
0.10859332254227883
0.10166212614937542
0.09705450621742234
0.10062948764409785
0.09839408191078522
0.09597414947350887
0.09456162375796559
0.09314207595136204
0.0942379216211982
0.09560795426751569
0.09279841315412596
0.06522434573553702
0.06666167421891646
0.07018585784934173
0.0830477549985896
0.07921684660720782
0.0795182691400145
0.07899608816115221
0.07872135982517402
0.07979838225970975
0.07793835341211805
0.07458909694630386
0.07422729425959654
0.07565045061773164
0.07618551359055606
0.07877649757217314
0.08241327045747393
0.08494318811549391
0.08620252479224785
0.0894086743610063
0.09238573377815543
0.09350173643247163
0.0987108485383293
0.10072456169950224
0.10087247722017094
0.10057841838548312
0.09845810295138542
0.09491875893125815
0.09092090498186256
0.08774589991185137
0.08797137955616718
0.08641349079411885
0.08760866383083828
0.0897844654526922
0.09143247369641276
0.09402449316160502
0.09894488012139732
0.10196737736608008
0.10331611801110215
0.10320739741634608
0.10264154728473544
0.10258990057779413
0.10297629609955246
0.1023949966022611
0.097750754115088
0.0916111867961879
0.0879858330722654
0.08569949206643986
0.0855425572808963
0.08622812784719555
0.0853465543929747
0.08457740547374495
0.08568815168503277
0.08719350909921245
0.08686385452180109
0.08782717668693275
0.08934743181488995
0.09032429318530073
0.08919636329675121
0.08648635742001555
0.08460753009210134
0.08035043442522682
0.0768233236851248
0.07726645806648787
0.07615093041770056
0.06988089062357093
0.06286194152040461
0.06030969778433278
0.06020201006380558
0.06082572788581723
0.061146422603775764
0.06326984313987628
0.06499064905411181
0.06723385176340421
0.06929897869535404
0.06891204456046054
0.06840756117583419
0.06482079291782733
0.06365043761097189
0.06348220809553357
0.06449422032430008
0.06332055082841098
0.06407868813810876
0.06347142186752587
0.0627398445244263
0.06233768766389129
0.059942887053481976
0.06189953591506146
0.0630870652167555
0.07191518695472979
0.07686195146928344
0.07790876310722142
0.07938482081598876
0.08086651244879196
0.0804916914202484
0.08042605588439868
0.08110412551775167
0.08074741580208807
0.0818540296481363
0.08277332233274115
0.08392595814611294
0.08427660930707416
0.08528913723193364
0.08653865552038861
0.08872416463518212
0.09019922303496129
0.09136095197238608
0.09082031565264789
0.09027799744338941
0.08812569170756573
0.08634878202388895
0.08443599432209332
0.08497513834178202
0.08663161033982245
0.08723341894369926
0.08717314150530406
0.08700138894249218
0.08768775138135797
0.08811647511257542
0.08873338539575545
0.08854097217907501
0.08727588347272991
0.08671536075454919
0.08576696020192902
0.08484048141235322
0.08577704865794272
0.08467501580308504
0.0846338861758105
0.08355414079184152
0.08755679372429721
0.08973519979142383
0.09235582959866356
0.0925720574514084
0.09126677621899372
0.08906584201242218
0.08742624415293185
0.0859550371367948
0.0855367314599576
0.08569754410976979
0.08627667505607836
0.08484626249506874
0.08579906498757871
0.08734351125685426
0.08937678636000587
0.09022711431312729
0.09008525186788219
0.08770804647717265
0.08626722010761614
0.08107108680696955
0.07852708830284982
0.0752657954330844
0.07318011713898573
0.07080097515795564
0.0704725335827193
0.07190474156570839
0.07269178803169539
0.07519888214815709
0.07681870053020884
0.07603793352515578
0.07458942389034444
0.0717355801953557
0.06982547174026241
0.06768225919137365
0.06573039687456927
0.06405042994087341
0.06334987106762219
0.06494805351664237
0.06562336557121311
0.06723259447535629
0.07003569004990576
0.07197320553906833
0.07495081223764696
0.07491943179071253
0.07528783598391356
0.07405057457223374
0.07213693575259816
0.07034930474336318
0.0667340713701792
0.06567811639409565
0.06417851293265245
0.06474381333054893
0.06436508276843697
0.06509111563272045
0.06651584106864841
0.06749193726569476
0.06775439641283863
0.06837461088320951
0.06777738893503904
0.06759559327833796
0.06703611772387728
0.06591130833046827
0.06607994295396302
0.06793400266522023
0.06963591060996895
0.07358165451807545
0.07906484971295759
0.08145626910952432
0.08380567602868591
0.08237054086079851
0.08131181531757184
0.07978182182572051
0.07808342163338793
0.07652772862422288
0.07599548771976336
0.07668246327191272
0.07678071061226785
0.07934068664601157
0.07984232228519335
0.08114208895928601
0.08239728991386959
0.08420593451516907
0.08469954229531965
0.08650656398849668
0.08613364258583833
0.08760930993721532
0.0878262248548021
0.08739291182604385
0.08551485474248605
0.08346791273381979
0.0806438130199077
0.07926492632310736
0.08004605928086754
0.07975699753433732
0.0786108429550783
0.07555341489962038
0.07297639754965364
0.06827507472470169
0.06744659760752762
0.06665592093748898
0.06711276134133136
0.06625197858106126
0.06427553398602356
0.06304965532705956
0.06133008981470892
0.059506008509793616
0.058490161188945525
0.05981526879401503
0.06086020453729646
0.06016052863514597
0.058326618046249466
0.05522733974696139
0.05373972141863344
0.051662114997927513
0.05046844243544642
0.04993791126863324
0.048515520359982856
0.0482798203422447
0.048309016039102565
0.050006523180766115
0.0513828728908732
0.05270857855986446
0.05287477740543832
0.05284729287457146
0.053201750765036936
0.05281610637790622
0.052073783707484576
0.05172276343790072
0.05052165942742383
0.04886553163172106
0.04664852763523918
0.04620364477019173
0.0457716859285663
0.04627557194453355
0.04866676485433647
0.050175322676248836
0.0510498093167994
0.05181634535554219
0.052583427996304624
0.050955739699070836
0.05151746643403134
0.050439737126479825
0.048227829337601585
0.04746692778222428
0.048022384360530586
0.04884846445915947
0.05041226751351774
0.05075377783524111
0.051422224442815564
0.05278878977099375
0.05252159542337139
0.05216613273586211
0.05000168666294892
0.049469802007855085
0.04862686161874073
0.046932499908315946
0.04551736358331487
0.04546112964482712
0.046025746367786925
0.04808665279855278
0.04911589122066961
0.05096991688311285
0.05503133525547575
0.05493725944908493
0.053629441443346505
0.052790051343179545
0.05211358826788677
0.05013957610979493
0.04756524855387672
0.04560792184764635
0.04585209558142006
0.04719626465358793
0.0491735858416008
0.05134651778733734
0.052880944875230415
0.054483227279443235
0.05717312412213771
0.055288296251033944
0.05240272200906533
0.05100546870661053
0.048334460450654294
0.04546062783155148
0.046036097866329326
0.046657640872954376
0.04814681122566483
0.04904320961826471
0.050065184058717994
0.05158418316789291
0.0522838071335336
0.05339737428433154
0.053083460390890944
0.052140629076116406
0.051451862718460174
0.05083784809528372
0.04942339888804693
0.047644122778493246
0.0457120102600818
0.046495240424912584
0.0471060864667222
0.05004093472869329
0.05134329161621658
0.05234827835167115
0.05434884852175044
0.056427231503284936
0.05813906546245164
0.058855036510497824
0.05725328624240039
0.054261756276539785
0.05096076878491672
0.05134473149201178
0.04916430746280365
0.04921178783201964
0.0497779869412278
0.05149027077845873
0.05428510576508584
0.05548288741207558
0.05496485142780629
0.05549016728475846
0.0554402629259134
0.05458646568100798
0.05303499662555418
0.05227064259453862
0.05102358853187973
0.050884462192429925
0.04865576231299608
0.04693906813417909
0.0479374257558718
0.049521140346087296
0.05127834093698672
0.054351915318693635
0.0561891578728971
0.05773661693617067
0.05639919034814622
0.05268051182240824
0.049484955582856274
0.04683661996490845
0.045099302442338375
0.04215641328685751
0.04104133557486453
0.04208680259181956
0.04404019898902709
0.0473290652796987
0.051462976206606115
0.05348594531449521
0.053693951028063236
0.05384947110036945
0.05199314351481037
0.04941876411435721
0.047567571995478515
0.046899704188657035
0.04465598850668221
0.04453428699817644
0.04418730014781769
0.04727692062209171
0.05081097802123084
0.05312767497450619
0.05385398242890986
0.054103397904810904
0.054001719153270955
0.052357950645058306
0.05082698152973949
0.0497998719686703
0.05050260049309332
0.05027052652703432
0.051001235742966944
0.052455875918855886
0.05238095066194774
0.05235301420997224
0.05318624032395751
0.05336877040897634
0.05371331983351633
0.05329240250370489
0.055064067760864435
0.06160556959684823
0.06444800408427598
0.0674400609017916
0.06846436123585475
0.06946078237039292
0.06793398750152838
0.06808663072565575
0.07046495492507274
0.07094771370826908
0.07181280279127683
0.07195386243230435
0.07206187245541576
0.0722807652815903
0.07217189227168239
0.07086234825530989
0.06967566810296347
0.06859192436030895
0.07153558783008937
0.06891600501038916
0.06784354508942211
0.0652937740536423
0.06674707586397141
0.06966280626165514
0.07102214367709009
0.07181146675270628
0.07273492791598754
0.07262614977530671
0.0714617339305308
0.0705986487068275
0.07115253228175349
0.07070462585950754
0.07058135866081286
0.07006571548055505
0.0704668637914099
0.07199709270817134
0.0732842784963794
0.07439360544916318
0.07656098476160779
0.07692629404609735
0.07816123447975357
0.07855826565435106
0.07576902535111653
0.07210002839078272
0.06999434823130415
0.06775677081739245
0.06734514502236058
0.06971347804368092
0.07118557606703135
0.07147864028375098
0.07068535509635666
0.07194845635275803
0.07312903576993617
0.07603314038998037
0.07694750415160727
0.07723322788099415
0.07811269869108288
0.07912498599733252
0.07835142102821371
0.07691270896130184
0.07327994062196612
0.0733818967458589
0.07320897306654753
0.07434891272597423
0.0756746629548828
0.0765431501031532
0.077235895259946
0.07836040096631396
0.07903969489790104
0.07954113956814177
0.08076429848733822
0.08111453220307994
0.0793255285160231
0.07750511997009113
0.07436001584160642
0.07420941670250043
0.07490652347901647
0.075030042402973
0.0743514691392016
0.07562212221927836
0.07619184753446415
0.07793750177215533
0.07602255659691351
0.07491709315678427
0.07426263150698711
0.07347598979910308
0.07357212577989418
0.07363062820785457
0.07256454261359513
0.07271101707548286
0.07278578624439025
0.07376421488430399
0.0731653028016578
0.07432910974342424
0.07515695864177536
0.07544613138615966
0.07456882547770086
0.0724700374917252
0.07328609061068934
0.07321367349722588
0.07139005975787467
0.07116548421576202
0.07085362518364344
0.07253401789427438
0.07291919280907702
0.07414440860476386
0.07424860689608148
0.07433800518618204
0.07434604929469489
0.07410280059522045
0.0749066832069342
0.07414157203637788
0.07433113355137469
0.07443232046831663
0.07377205227210977
0.07249575112805073
0.07223745980646408
0.0716081902008294
0.07157327525271305
0.07176695987430766
0.07210777995586225
0.07364861615925092
0.07433413158984385
0.07514643242158595
0.07354300214608846
0.07219584855754334
0.07182514087158699
0.0714900287533735
0.07184598620722536
0.07228965666527058
0.07258955301460858
0.07278556064397686
0.07364161865554256
0.07466932332164708
0.07520588629155395
0.07644122978696506
0.07628100422325737
0.07628122545304203
0.07574666895049956
0.0757920829249944
0.0746944788061078
0.07461672999541685
0.0757710565387017
0.07613174302500716
0.07693836401816316
0.07582343217741533
0.07704705567476361
0.07835216751069056
0.0805833262161685
0.08181359878773915
0.08216952325217113
0.08217156587691196
0.08145877240565899
0.07957871707814634
0.0777510578552507
0.07803976040692967
0.07822115163198369
0.08071961618037918
0.0805241892285138
0.08292601048994779
0.08433153442735505
0.08349617081675677
0.08345166736525943
0.08236232127402628
0.08194665321584621
0.08260173749094013
0.08390129530062806
0.08548678771534202
0.08756305004906903
0.0879652815802175
0.08989332299735538
0.09262158414511258
0.09491279056710408
0.09560905029359745
0.09419421540452283
0.09419984602911294
0.09478887359541464
0.09502600212851449
0.09522923055272972
0.09472514571503737
0.09696256266556644
0.09857876732492073
0.0992612412102478
0.09990984440932893
0.10098299359109668
0.10118186342625846
0.10129822832916276
0.10135556303367521
0.097407191595735
0.09588117620571325
0.09553626180021693
0.09724947534156252
0.09900453566680659
0.09952915644810653
0.10230829024348727
0.10701187884631891
0.10817184106460656
0.10687671544218103
0.10434702764325213
0.09933553475127177
0.09294808688623157
0.08789234225697065
0.08431472332164916
0.08180604410689812
0.08047071553571204
0.07938933757672434
0.07960405042605712
0.08059197012639362
0.08432360225819344
0.08927217048564132
0.09185049930288505
0.09363759402849262
0.09673473600477647
0.099878956721735
0.10471048808166421
0.10613263204111925
0.10607440164745678
0.10665011644866584
0.10825820055344118
0.10964867300450573
0.11091050076659811
0.11217485651821293
0.11366109703442032
0.11629451656437535
0.11913116468128897
0.12056064131578599
0.12150278499976999
0.09309085665920606
0.09398808607688233
0.09550403439136207
0.09876116204639657
0.10200181535907156
0.10272086403383178
0.10370055232956218
0.10401339310267957
0.10183963679045235
0.09954212249120967
0.09799825809350277
0.09757975178023479
0.09993758873754582
0.10144128438428861
0.1028788721984147
0.10586213004298144
0.10837787754403165
0.11276332471549133
0.11818289786126361
0.12076422891931707
0.1244104643879957
0.12665322324264522
0.1263388254998915
0.12847737132870557
0.128564144658516
0.1340541233006776
0.138625988913965
0.14053156765719038
0.1435582293749118
0.14457159706508588
0.1497413635734738
0.15315893176354478
0.153816162590676
0.15431448429189382
0.15617746917404865
0.15802130242449586
0.16052508852525388
0.16287198136017858
0.16659472546533616
0.16724725707524354
0.16809519293893738
0.16734376608762608
0.16602594331279857
0.16381686777251697
0.16307496987649914
0.16298966695193448
0.16368498974679085
0.16550049008052078
0.16626278944768141
0.1672069018204552
0.16624994968896506
0.16784900999341923
0.16651103568715708
0.16380090490553811
0.1625958496806574
0.16165366338968715
0.16031487902085007
0.16001894959610255
0.1565270258359414
0.15363175528001632
0.14885632207740046
0.14649648197103415
0.14227141094325507
0.13970402341508253
0.13923537552684412
0.13739136999600202
0.13666675897551298
0.14009281215401548
0.14537235406157284
0.15204817920589622
0.15529502448856508
0.15486955681207207
0.15114052128170724
0.1484715433234144
0.14783473025205277
0.14862651923961331
0.15017657710180093
0.15118930942892578
0.15217537502338577
0.15059130303785875
0.14936034909837037
0.14635408329259864
0.14273113300086077
0.1395406387634019
0.1375061121678084
0.13391273308057725
0.1331769444051218
0.1341588111999738
0.1349931214675773
0.13802255864684845
0.13942188705813452
0.13888868880079072
0.13716509613986044
0.13389120611586453
0.12443934633709972
0.11706551879024621
0.11202197534762423
0.103702892793843
0.09793575006821938
0.09660719289868498
0.09494365163856026
0.09598639732973538
0.09889162267914849
0.10322596606589611
0.1071392157214289
0.11088772780583263
0.11187364263368171
0.11463832466206539
0.11605863081206258
0.11668174799245992
0.11846125252465811
0.12439151025581215
0.13020436616007974
0.1324912395863704
0.13777084609752407
0.14225404784093115
0.14486053190280643
0.15034381627250365
0.15356061263236254
0.15759005068538395
0.1568571837303703
0.15524725253176327
0.15259547191785558
0.1557008468364674
0.15798302104713624
0.1605524349170992
0.16495327349287706
0.16713591300366465
0.16456604833082583
0.16410772912206953
0.16067905455470002
0.1582735535617982
0.155809103393057
0.15011468393909405
0.14682040329312865
0.14494420093717592
0.144667272128744
0.1483146596259981
0.1524598728039189
0.15456689605198298
0.1547240904172426
0.15575800616862462
0.15531327677563636
0.15273459825987723
0.1493836145754221
0.1472508131489506
0.14537082956655095
0.14242632882172984
0.1460912132930613
0.1447765015203646
0.14694636510897446
0.14795103299873016
0.14982274753327732
0.15321842376410463
0.15729848361793902
0.16178417598736045
0.1650784129515755
0.16668783113531352
0.16686096968836678
0.16685390762680366
0.16466686730866423
0.16294182123762538
0.16109625914948728
0.15681550166385597
0.1553150311665217
0.15365137843414617
0.15183779538682965
0.1490658255872131
0.14460169760890246
0.13977137408208615
0.13839122848350766
0.1371166557750338
0.1366969993381524
0.1352106825180846
0.13632170342371944
0.13772862068593344
0.1376289095163578
0.1359334964216867
0.13583669118842456
0.13346579951525042
0.1303904314358295
0.12862979967827076
0.12688427402610378
0.12433552667073448
0.12534094105018134
0.12762001742542464
0.12974980388355795
0.13047834416869059
0.13312010355727205
0.13467532737879512
0.13521885995052255
0.13596671325649262
0.13779237017630666
0.1385537983431623
0.14272255380973276
0.14414443886216052
0.14348464259444654
0.14428116461942037
0.14672912346128428
0.14920052304726633
0.15087385906781695
0.14897247267444225
0.14623111343931863
0.14286304293561544
0.1384254547577936
0.1372880469778396
0.13893488619834624
0.1395166079434071
0.13704956438572463
0.13317560743988283
0.13004140824371263
0.12883481022955925
0.1275829470754477
0.12469368167086381
0.12037929521079835
0.11656258441596042
0.11164528125372111
0.11091628813805914
0.11252974047980938
0.11505218473308336
0.11933415538183985
0.12131771247680648
0.1236388697286187
0.1317792103759589
0.13353549736818662
0.14224777567780017
0.14515187969214552
0.14547994549577983
0.14556364007356007
0.14614431881406267
0.14485883643114525
0.14462983951117572
0.14482499318297826
0.14601382493864432
0.14693317799616473
0.14845539071257047
0.1500337137916336
0.15147874714224055
0.15111220286080052
0.14933004739669897
0.14830475051339337
0.14722451393959626
0.14401648131875452
0.1391537073684123
0.13759974700920424
0.1357943944184469
0.1363380278413022
0.13616881914361792
0.13828607576687826
0.1391026073305904
0.13898910814900106
0.13829565990582365
0.13737367445215404
0.13601198482236385
0.1357587856782553
0.13880429727335092
0.14197351851992007
0.14619494912061654
0.14806268966451405
0.14541938491225165
0.14326472161316764
0.14383938325212114
0.1426446775591998
0.14514533618791828
0.15016173440169794
0.1534575871130859
0.1609233003268389
0.1611561721786739
0.16507023152314942
0.1659981405450151
0.16866111362667993
0.16822102539104444
0.16608197378744607
0.1650994066615016
0.16208467200349055
0.15787785738681956
0.1564169142180457
0.154627397229191
0.14813872946457607
0.14459404027514183
0.14087260567329962
0.13906937911612663
0.1376012537496838
0.13515417606896504
0.13284685434370275
0.1302217417501431
0.12691340631185183
0.12179514664153901
0.11813560625581958
0.12005451751323773
0.11719148723111798
0.1159404895697868
0.1145171205892809
0.1151888569878029
0.11520778700725427
0.1167984317625262
0.12158106784731655
0.1268963354920813
0.12986327618824905
0.13233413822586115
0.13242394754116377
0.12928547687970013
0.12624536509200415
0.12204367041774788
0.1190545896697697
0.11561024282027803
0.11756492438052484
0.1164865132113487
0.12435134303399695
0.13032800464465608
0.1330317400391719
0.13980842490344675
0.1463735409394493
0.14888801407890168
0.15307450921943852
0.1570938673147628
0.16223845854716967
0.16787609953521496
0.1704828654871349
0.17137078751478352
0.1736139259796858
0.17516888347439472
0.1770352613967244
0.1784805575538592
0.17833887993835276
0.17908882407732823
0.17878366274220556
0.1803989977361426
0.18318753517561037
0.18325432502982977
0.1810595791219617
0.1786447300895028
0.1779923538389943
0.1760782301937688
0.17601618066024144
0.17842019864005823
0.1800420027115643
0.18009014392269765
0.17414042311245115
0.17117614936421027
0.16212751613594872
0.15432015530372217
0.14850202331421408
0.14375879026793373
0.14142137382611375
0.1365824632504235
0.13324714389948536
0.13384463521125517
0.13200366499612334
0.1315969167462953
0.12892052185862943
0.12738935474321916
0.12163337216570717
0.11715092537740675
0.1150816493115177
0.11236231537011868
0.11253138856299101
0.1100128450531036
0.10796389505190382
0.10896971909099973
0.11065513490830887
0.11213737301184443
0.11325923026444631
0.11603330742565554
0.1183054682475515
0.1202583502805478
0.12074467369654081
0.12061073450374034
0.11919536201103846
0.116579531403271
0.11073016216298485
0.1078001311746549
0.10358307978239083
0.10150415480002557
0.10295339550660898
0.10525030513931277
0.10773129809798476
0.10795042803313289
0.11196952215720635
0.1138314376625494
0.11842080131220367
0.1221868600371993
0.1248531681092608
0.12663888738323775
0.12517058094669395
0.12401164049407623
0.12186169417507695
0.12218355646797363
0.10823063991963458
0.10902276663563928
0.1089565176032264
0.10902868211832487
0.10806950923456486
0.10834394068703182
0.10870187655693272
0.1050016238931073
0.10250113780860459
0.0991025667864512
0.09872117093815644
0.09910350824380741
0.0981732247599192
0.09752626212110235
0.09665688634048689
0.09661175404437716
0.10005119338786624
0.10093817058933326
0.10633828572993478
0.11479366051264381
0.11805119248716209
0.1219409890842914
0.12331299874257509
0.12369270111328376
0.1235397875185588
0.12194316263363074
0.12195082852865693
0.12393294949639608
0.1247604261172851
0.12576480195311046
0.12795869491791564
0.13066236530459274
0.13171924290672427
0.12966969594234
0.1275723945345427
0.12741989039537932
0.12747530120042166
0.12699690444212405
0.12612267850981396
0.12369848959079928
0.12104918729979856
0.11966369879794365
0.11648383945286986
0.1171719911938595
0.1197296326537799
0.12542721182607916
0.13141204820458852
0.1346365979580431
0.1349851710475123
0.1285844871599763
0.12247906251566416
0.11956906110231139
0.12272845759369441
0.12481826055049465
0.12798524309522288
0.13431068199895138
0.1351994874474058
0.1342192377055042
0.12801096873676962
0.12135309924464206
0.1172950576398187
0.11432062589163965
0.11118088483502093
0.11068579276895103
0.1150287790053169
0.11752510639826985
0.12146800696097368
0.12707458556257803
0.12658634211087658
0.1239180950232075
0.12328435700354272
0.12232718215487466
0.12222675810505781
0.12412070154142037
0.12537267594735702
0.1271615005967492
0.12957609649683569
0.12798306582408467
0.12842879528194098
0.1269065149236116
0.12384528745930404
0.12295348491244526
0.12325927212315398
0.12389236691752563
0.12439054407405034
0.12488721751387317
0.12485699193804403
0.1264436325473095
0.12745116688179622
0.13013389916757534
0.13023681976455562
0.12990172679870315
0.12874970414004977
0.1266634714373516
0.125526870850997
0.12557515065425162
0.12621660543240448
0.12887689023054963
0.13289470432816725
0.1349455782550032
0.1372658745860551
0.1410539382212082
0.14380140870355157
0.14254647094459497
0.14237111337263306
0.1406562211025127
0.14013998815360226
0.13952678700040316
0.13818920769664245
0.13768493187598668
0.13619372413245415
0.13658139524658924
0.1380432382103084
0.14019996350826494
0.14173752145944793
0.14474050782873188
0.14611087329840006
0.1473087230675992
0.145971537382338
0.1448390861153436
0.14627347827126774
0.1477548695976457
0.14978578805616857
0.15166848056891938
0.15294642759431346
0.15484363273335153
0.1549243620424666
0.1552282994497108
0.15736641289633263
0.15777000898146842
0.1587048463556199
0.15771957325549774
0.15676214193892507
0.15169847747378637
0.11760403460061834
0.10418366985204544
0.10837822474562067
0.10326994497214596
0.10251374326311244
0.10321540357930774
0.10625497788137453
0.11315438268507987
0.11496532032763791
0.11625847521834846
0.119874588488379
0.12220894440344006
0.12342761949118893
0.1280271407191847
0.1319942358861205
0.13478333145814947
0.13745002821348137
0.13878222229665008
0.13943738078351536
0.14051753418355645
0.14308438418704594
0.14632341410851063
0.14765975707119364
0.1498734383025123
0.15209702340122527
0.15566031667866176
0.15828286225891666
0.16150872723291573
0.1659647238023255
0.1708729773544459
0.1741441672045997
0.17790276916538744
0.17692829813765315
0.14944399855845997
0.1537748432958545
0.15597597143917333
0.15749896682454895
0.16149292383951303
0.16366672795298717
0.16518615301665568
0.1688962695277783
0.17210786036965317
0.17553770300507063
0.1783887889226469
0.182465898425862
0.18800051481670285
0.19313123362640855
0.19637619426636438
0.1990110434512503
0.20158803685514629
0.20413143348263274
0.2082734025932321
0.21282200538104462
0.2119769748964902
0.21173599888719247
0.21232372526294574
0.2152789368154205
0.21657418680221513
0.21735306664646292
0.21725567715243646
0.21744619211830005
0.21301502716663728
0.20824315884924074
0.20439704922514776
0.20265148255534676
0.19928007706230516
0.19464929688658775
0.19356663846720423
0.18802007137364912
0.18662679288927575
0.1839548781533186
0.1837627188519176
0.1822217678312065
0.18279112360761138
0.18604198824580573
0.18885077647695078
0.19447744855234
0.19619985760398126
0.19814715772976346
0.1986938893541463
0.1972785218907766
0.1979545852581787
0.19909140972650446
0.13891543287519478
0.13932282645167823
0.13949965936979764
0.14184929856042525
0.1423825847195108
0.14108170667344153
0.13863789250530775
0.1378252169425042
0.13763766152356688
0.13975398660318922
0.1430990793318614
0.1452589745170424
0.14562066705924204
0.14692853293038546
0.14227774713361133
0.1405903039628269
0.14495988499694853
0.14631208916632624
0.14599520264242882
0.14869313402561962
0.15089566177184466
0.15067642595972902
0.15033842922311696
0.14784915798252807
0.146689435193944
0.14742861402968452
0.14411704525509333
0.15884175353779945
0.15608186014015796
0.15247291411892455
0.15304249056035463
0.15099654089254813
0.1495368971461815
0.14865596495748507
0.14600680087848944
0.1512463571013414
0.12369680431988703
0.12121834523422492
0.12106383986969257
0.12282545396774254
0.12451152147707208
0.12941916360201966
0.1336607658305748
0.13912959442947637
0.14085770556678687
0.14010201713356138
0.13489481076466425
0.12883074871206865
0.12422615333282976
0.12358975620309284
0.12320629489600665
0.12498137276691398
0.12393052627063561
0.1249889069075959
0.12374905986415341
0.12210593767306155
0.11727355500826409
0.11275795435390504
0.11010374181965013
0.10956772775092068
0.10691860118519314
0.10561993060977996
0.10392487266189794
0.10358745927194116
0.10252036226508845
0.10345776990464126
0.10521678642424723
0.10680090441477348
0.10452640179722603
0.10417442439353515
0.10377486091275792
0.10508455842870315
0.10524975839389775
0.10850665830752185
0.12227105242201024
0.12048194614816692
0.11728950570625529
0.11657318141397024
0.11705088132973755
0.12075041665134452
0.12399125564546218
0.12620180124471844
0.1285543409358222
0.12812476033176973
0.12498240807111538
0.12723069548291774
0.12990286408781007
0.13065499578089268
0.14291245395381888
0.14569410598064986
0.15016933420563347
0.15074742427111315
0.15387289036774512
0.15412645337568334
0.15750154124621715
0.1597472410728266
0.16187382626748473
0.16180752039440222
0.1617088160395694
0.16175388141491792
0.16068215998821642
0.15709620387482512
0.15781614654050247
0.15715565385771538
0.1632081119572095
0.16544294261136194
0.16542086378782564
0.16462855125164055
0.16458366807907057
0.16419889477499836
0.16468507904973068
0.16648191063350257
0.17056236759883656
0.1702226478138666
0.17414626761390845
0.17419781169266532
0.17537712917585632
0.17250790138809974
0.1755102543421237
0.17527098881099148
0.18085455875335293
0.18216915349343743
0.188054578104463
0.1898406017359467
0.19290381171965354
0.19288140397814865
0.1924721058560205
0.19272446327705567
0.19053467953816267
0.18988642514773654
0.19108485998101682
0.19130182012947275
0.1931027733435802
0.19367760839569811
0.19473928225827303
0.1947417949209363
0.19588723147271828
0.1957053339470863
0.196470266316578
0.19928295279653924
0.18224878111087156
0.1667772904830622
0.16527037663313768
0.1721634536265096
0.17310581962926003
0.1746157532170689
0.17853346399470976
0.17931960188173357
0.18189214564383796
0.18211610578288512
0.182001086907242
0.18170373579785246
0.1808270848363272
0.17940916825322722
0.17896898355519125
0.18004828984977955
0.18151049564791866
0.18411561000231993
0.18593845595478842
0.18523430734224938
0.18823705152615677
0.1895490353060993
0.1896317385102514
0.18997639713124784
0.18963415786375346
0.19032568170034636
0.1888226942032261
0.19140841451669524
0.19352745766971607
0.19507608305966004
0.19622249889013096
0.19683261222682719
0.1964139508093664
0.194028801596626
0.18794599961359354
0.18480531959768828
0.17905572541020529
0.175669996859884
0.17155901381628316
0.16804420507745535
0.165347853689549
0.16414584655077216
0.16426100471737165
0.16366314721831868
0.16161824227868052
0.15942138873180647
0.15738706481765063
0.15560505670173685
0.1562803592100219
0.15469545543128616
0.15499279991909365
0.15336694034306098
0.15273190034590672
0.15163579745473985
0.14983297383622196
0.1452846237107102
0.14447037531755938
0.14231431064662312
0.14119665658730712
0.13961369410447375
0.13896712013112897
0.1348710951210244
0.13512677642944887
0.13458992762251099
0.1353960786221057
0.1363849146037107
0.13982831388826028
0.14262630335366377
0.14514892796582607
0.14630909032940648
0.14701918553004428
0.14811451709261086
0.15009466405082383
0.15355906473859576
0.15178146258220362
0.14910810416477321
0.14873965158372807
0.1506183654469151
0.1508987953006377
0.15053025245273985
0.11045996967860008
0.10969963310408434
0.11106900825520641
0.11776572863514026
0.12145305304711909
0.12776577697486602
0.13056130361938084
0.13179956473353055
0.13389552043910896
0.1340470998610867
0.13403050890834653
0.1340899990819424
0.13446981804475716
0.13411823835910514
0.1340415335444196
0.1336029312862514
0.13498117382006372
0.135532359518777
0.13705917597737888
0.13679405101790482
0.13825980751739236
0.13904493783829125
0.13942846674725107
0.13683783140711245
0.13625885943113225
0.13475308782306922
0.13295756497878303
0.1301193885151445
0.12589544931537341
0.12268377083101376
0.11902469350378923
0.11771624048830195
0.11745567437268001
0.11846600822851869
0.12045138677085235
0.12257127057555146
0.12390275818245815
0.12302812134284222
0.12337869778549349
0.12321446579330686
0.12379039251884849
0.12339876068470254
0.12198882021645958
0.12108003953364106
0.1200064096371524
0.11957561553564608
0.11877345051593709
0.11933785172514284
0.1198074777612033
0.12054152906399476
0.1201276995404956
0.10817798911769212
0.10902665505301698
0.11020595747035751
0.11039806647636663
0.11363147841070984
0.11290761230910666
0.11363724258876487
0.11721232303538112
0.12325076945386211
0.1262799417600958
0.13037279351630784
0.12881053746511287
0.12833746859033177
0.12948228004857595
0.12862591661680844
0.1304930221748491
0.13033927827151642
0.12991112396366006
0.12913695300012745
0.12749979697401537
0.12578636294747408
0.1217812312967163
0.11747958216240932
0.11431045053175584
0.11004956690655596
0.11059852952814728
0.1121039469994386
0.11155828900276459
0.1126065877221987
0.11411539847033458
0.11379093510054339
0.11381526504548956
0.11350660921778133
0.11308300798892217
0.11298547570454728
0.11382132151441446
0.11511251204918671
0.11763352172222877
0.11989442722908913
0.11985880709851571
0.11853418459959267
0.11845304973729794
0.11711281300002982
0.11665967194358733
0.11605850772542929
0.11774708772456607
0.1188962673316776
0.1207870794694619
0.12463758986027913
0.12440051619405887
0.12402002494141848
0.11678803529908496
0.11459926007810628
0.11202198749940881
0.10927432078369255
0.10911353096708964
0.1074312215852395
0.10904697108150407
0.11073848826562824
0.11324524627641393
0.11426105275244755
0.11777282518784415
0.1213212366631888
0.1260824879998051
0.12486480140367542
0.12740670838518153
0.1288275581216503
0.13090928818615902
0.13482354940625463
0.13594539885161
0.13594583744916477
0.13937203202777726
0.14036559184539393
0.1447169961361213
0.14686919945784596
0.14788149610845985
0.1503437944791041
0.15039069721408999
0.14990616219794958
0.1318710019816553
0.13197499346115454
0.13381516456124537
0.13578594082096843
0.13622366954293216
0.13381452953897446
0.13112300593211873
0.13084457094541818
0.129260035037349
0.126776487929308
0.1256945079865849
0.12400160939128166
0.1219197457230323
0.12095632582488439
0.11844737685410704
0.11990135504380713
0.11895198022264108
0.11899282487139418
0.11815695731643434
0.1184651865851423
0.12003158485559647
0.12142205568204315
0.12348748312427713
0.12946496455322026
0.13422595450976946
0.14316831536450542
0.14739864667440003
0.15033156576523293
0.1507918376203187
0.14751557333179774
0.14527887534659997
0.14379455151121662
0.14208028806850226
0.1418665220361594
0.14199774108983232
0.14095202682814642
0.14100396441483912
0.14177843544912358
0.1440248708470613
0.14179773838765966
0.13642760940767848
0.13312961746609644
0.13033194311191884
0.12288515924483083
0.11870314715370953
0.11579770664856678
0.11273948581042866
0.1112441736161246
0.1111368299035022
0.11002465578557714
0.11156245128532656
0.11151543179957339
0.11080198732866445
0.10892788358009634
0.10747041765214997
0.10543953586241986
0.10358028295528483
0.10254228259673773
0.1013953747073226
0.10141030071424598
0.09968968930773862
0.10006196065597253
0.09954512526320217
0.10485439527361848
0.10768850431125668
0.10773860531106716
0.1113303159403155
0.11282259702904811
0.11234878937355908
0.11097345033385839
0.11100924300417822
0.11091385941255963
0.11078585815741585
0.1107615195205383
0.11274122755793699
0.11391368429038788
0.11611433170279369
0.11710243195056828
0.1170191007992029
0.11547516564878288
0.11559489702947494
0.11768054124913199
0.1165270159991036
0.11815456857941924
0.12019691514449407
0.12092006248981065
0.12348817212691303
0.1270254380413461
0.1306660381349597
0.13353441056687812
0.1384345711146478
0.14214088790521745
0.14336934527376655
0.14287821516946636
0.14209507715391367
0.14306572784408228
0.146185066035675
0.14745703045752065
0.14811969267073663
0.1486149086925512
0.1466472159582902
0.14484229392712106
0.14180063667965928
0.1391180145106548
0.1384193442587145
0.13615031301264474
0.13525244412081167
0.1314004414012812
0.12783766492938986
0.12516486652474546
0.1229637563931418
0.12103732084779731
0.11954771711611163
0.1187926073670907
0.11500265656116777
0.1121250175606899
0.11030559077544048
0.10951718126317045
0.1089617237723423
0.10834483705695168
0.10738446170326028
0.10441719085192976
0.102885659949737
0.10007369675634123
0.09990786484545457
0.09790119192672384
0.09641468080252148
0.09556263043561938
0.09420406900541393
0.09307064336429315
0.09289233468548094
0.09094562450963434
0.09007938845401726
0.0912371010821677
0.09371382451550017
0.09678440927414235
0.10332211936036191
0.10733002130588887
0.10967106620676584
0.1099834932099623
0.10993516335283167
0.11043822915356478
0.11060202327125805
0.11203962693026166
0.114211341721739
0.11661460805726062
0.11906845215285473
0.12153278015213695
0.12358412586622265
0.12456843946113291
0.12353290339715403
0.11872635162440204
0.11793247217565131
0.11734357804556061
0.119768146377408
0.121700836540618
0.12618229855296553
0.13025545202530858
0.13370426703534538
0.1352092310172152
0.13675864022347844
0.1361627583724542
0.133166723880427
0.13339568742495406
0.13034794711346115
0.1297678503139461
0.1293782609763699
0.1292107319110649
0.1277744276553931
0.12780976891972826
0.12619840490641984
0.1248110434720063
0.12105992637544001
0.11422544025154695
0.1087600540270494
0.1076687256175316
0.10940595363837069
0.11395986161352593
0.11879225967515261
0.120116916575014
0.12291622042436545
0.12575133777430397
0.12722225254825487
0.12658076927732625
0.12570134616819031
0.12610303468483303
0.1262602615567187
0.1276128966723881
0.1292030914041123
0.12913791553961057
0.12993118656061153
0.13102100562679195
0.1298198093963236
0.13038159375159517
0.1301056429563981
0.1306367960326932
0.12968235489345187
0.12793670975466845
0.12524038281475555
0.1238925525509869
0.12403854865663619
0.12354061722807133
0.12193275830873115
0.12046249201037043
0.11880751266329348
0.11808689634379481
0.1186096538069594
0.1202422142227414
0.12415465527555059
0.13127749852968867
0.13346938215032253
0.1348378325549895
0.13181436457274276
0.12641210287587448
0.12491714228375124
0.12466233518476233
0.1244402981163915
0.1258316556324788
0.1271016125104678
0.12946138375783192
0.1321015813686124
0.1341258906560511
0.1340308682696798
0.13046510258214838
0.12634337818862823
0.12502024107672083
0.12716161220764763
0.12633006152216014
0.12660594364284877
0.1270244829700675
0.12740888352331553
0.12733472923035125
0.1294259448463271
0.130649664398472
0.13213237503049088
0.13255448085138127
0.13289203692273133
0.12687343735624457
0.1207125412070997
0.11516770922152517
0.11242370094445611
0.10975262466309992
0.10913859558959962
0.10699034167010071
0.10559415384200843
0.10669140879871974
0.10489646946820574
0.10680725634601038
0.10701904167726033
0.10678474868810173
0.11103614392234473
0.11269369581171149
0.11503734281554064
0.1182844141222629
0.12180510999557073
0.12308534591790996
0.12587388927405
0.12864690348860858
0.12919458748820797
0.13083740072554628
0.1335828790309124
0.13514650961200209
0.13843137314949838
0.13816034702378477
0.14093926093597364
0.14240549687875104
0.14531071701416715
0.14740394598038556
0.15138557739063221
0.15230707024387652
0.1530849863113372
0.15588044837847098
0.15715691106004154
0.15825354202395894
0.15839931110426567
0.15856297133900815
0.15891053403960087
0.1579943037329843
0.1544489984185892
0.1527104402026132
0.14991031481275713
0.14527075398629782
0.14238257093609635
0.13715626387244603
0.13452411584760632
0.133623231168266
0.13320318197745143
0.13454207826850587
0.1341545100638349
0.13088457662276004
0.12850051688259884
0.12450188536047821
0.12398780311899334
0.1251998459373027
0.12755624379344618
0.12969582228932713
0.13354231050461468
0.13850117143676932
0.1389673926099566
0.13940642244792667
0.14210377961249288
0.14448592968150648
0.1430494131001965
0.13946063144476678
0.139557852226094
0.13918467408992435
0.14120148589649326
0.147870377801105
0.15222308409999882
0.14793531076675626
0.14461655854605496
0.1354795551192677
0.1330492311960938
0.13397229566008684
0.1408196189656342
0.14613853990900394
0.1544031507635253
0.1579959405724612
0.16057065637308482
0.16290427568801163
0.16457705614891271
0.16613250608087857
0.16448080154590555
0.16300910758606602
0.16044922084379504
0.15839152465668732
0.15928159306100495
0.16225950578144094
0.16835948213062063
0.16932480028816427
0.17436046987803588
0.17916395744488517
0.1809595366999374
0.18203401401380725
0.1849984888683926
0.1863631828888853
0.1858654800748826
0.18596319338756004
0.18774680738358487
0.18852730593602832
0.18913311784308173
0.19057383669746236
0.19120416796669876
0.1939413597379187
0.19008257803579237
0.18656262327419842
0.17243604837554416
0.16686164675088952
0.15456050930063778
0.1425656789364095
0.15232409931919805
0.15381204597312298
0.14712907602646758
0.14377306814815086
0.14292156319320448
0.14305305600214374
0.145049841015975
0.15325317835786625
0.1605173466121086
0.16230108418506564
0.16464078963903236
0.166032733832317
0.16917368748480938
0.17436768195650088
0.17605769238960514
0.1824523855818281
0.18243348728647332
0.18174479899863188
0.18152090301285193
0.1799603035483409
0.1802860022914759
0.18052790219507533
0.18185686826751019
0.18533132133980826
0.15972267107307175
0.14694866756405778
0.15813611663654606
0.15689661096462354
0.16240115065879704
0.1666414546614387
0.17374323723975676
0.18067354486073392
0.18552593081305482
0.19315822818698622
0.1976122911983592
0.19883019525132792
0.20271984504009838
0.1964392032652805
0.19385763630488953
0.1919544631053642
0.18651336730848286
0.1800638865970659
0.17779083233858675
0.17253225045620027
0.1691754695960377
0.16926553879355385
0.16812454458627799
0.16765255246060504
0.16860618078918552
0.16766954960843733
0.16942451755749036
0.17218527812039824
0.17051767607134066
0.16957169707834382
0.16997825117236753
0.16612685001369262
0.16252414280882685
0.16237556622873267
0.15931764441916282
0.15678976392206276
0.15471968447125498
0.1521822891120569
0.15214675840889708
0.14800856692796455
0.14662951328378365
0.1442607924343147
0.14001156674132295
0.1364247066341328
0.13011549652203883
0.12587594770949467
0.12378157273705426
0.12308295431784692
0.12394264383812612
0.12832369558966922
0.13322317903488956
0.13548504267514166
0.13879523397806956
0.1401026476454326
0.14368234611794406
0.14446003958987802
0.14613779804220264
0.1465188435166283
0.14946008078923778
0.15265500646622773
0.1533115772087979
0.15446023484266305
0.15546875467012286
0.1511252763816682
0.15091823770815876
0.14703942350213486
0.1430550292387422
0.13523552123663823
0.1282255162549171
0.1233422502980066
0.12122652785316841
0.12056454192178082
0.11952415003643006
0.12177388519243695
0.12375101116714027
0.12463296444682548
0.12642097848639441
0.130947389358747
0.13433887187576724
0.1359487299873292
0.13874840871552674
0.14424293096516158
0.14272396398282833
0.14173257797906963
0.1432912379697489
0.142828932121851
0.1442765486875629
0.14223210251719673
0.14369286120654728
0.14353506573916144
0.14194631525699852
0.14131818160804388
0.1412389859358543
0.14193790817285906
0.14029105505035666
0.1411709265897157
0.1443481951158523
0.14344500542902963
0.14235309994133835
0.1425020486952942
0.14320264924581097
0.14341070829780436
0.1418223452020308
0.1392409486992363
0.13895071199522907
0.13890758341118029
0.1416539814858528
0.14404607282286847
0.1467985608870381
0.14777488421340218
0.14597621097839203
0.14473809880322044
0.1450401740465164
0.14579128311794345
0.1464863272995272
0.14480894132071442
0.14381884991693375
0.1406689268855664
0.137953336742933
0.13923034058697786
0.13922210744559493
0.14212748256156355
0.14534558002615133
0.14969622586983813
0.15445615917179992
0.15864060885315875
0.16343339360035752
0.16779209280109209
0.17303600883693743
0.1768816041190065
0.18248156850081013
0.18638806038065803
0.1863447555969042
0.19570432161392767
0.19909985605245617
0.2001556944384693
0.20192139846466645
0.20421109187057446
0.2066285261469008
0.20866360343562818
0.2087102843874864
0.2090702519416187
0.2094541906099671
0.20932608447778184
0.20878505108526793
0.20847179232495935
0.2099144098989723
0.21278716800731753
0.2154482611840332
0.21962837852617093
0.22397997503170597
0.23074362243796162
0.23256078221011872
0.23401960798173455
0.2382573958736695
0.24045340657392625
0.24514741682376084
0.2494010347648729
0.2561859188371474
0.25924408384648756
0.26258760505363155
0.2670792881941544
0.2704718488712881
0.27403102566546417
0.27582008675377934
0.2796051219955979
0.28164645368440844
0.28410854499586136
0.28719539040405373
0.2891348165337266
0.2879166516902169
0.2919610432925123
0.29624007471115155
0.30056258545241854
0.302784202952909
0.3046542408301802
0.3069344882017498
0.3076473748482174
0.3118774600966624
0.3167412082525393
0.31930331522580746
0.3218576240983842
0.3233027657727806
0.3253922803364214
0.3263227124004443
0.327034587218549
0.32729200010167186
0.32721036198120634
0.32824932489314956
0.36847766103341495
0.37805292635552545
0.3809011099153784
0.38812762578653653
0.3753227774204154
0.37153933197309774
0.3709359676859272
0.3709923473452891
0.3748317353915366
0.3737539765926195
0.334970408622938
0.336123476885967
0.3361246502089689
0.34015506510647187
0.34583503924638415
0.38164198197132604
0.3860523976778664
0.3925843867505598
0.404546674763208
0.41766140290980475
0.43438483106363596
0.44894414865274046
0.4604498163703937
0.4723771616809894
0.4063094822915631
0.4186854933082307
0.42964087197058254
0.4433951444541746
0.45631042748091366
0.46796288344238235
0.48178820241417775
0.4993475540525907
0.5191152383287152
0.5402348170353731
0.5614669700625342
0.5834644840061408
0.6035261508484885
0.6209812053381505
0.6436616513994007
0.6572910212609459
0.6704291081115038
0.6839549782719676
0.6980381390306531
0.7134410329346329
0.7286667263411971
0.7442985835066889
0.5661294520846902
0.5811307561042496
0.5840194414075427
0.5488823685184734
0.40707579294896323
0.2942679899712627
0.4047987277040762
0.5924424478560915
0.7897627904135314
0.9887479438546218
1.1911112145148948
1.3701085592232911
1.4885387313988618
1.6072287876958935
1.7225108086987113
1.8412036009563935
1.9575071089178941
2.074208452593697
2.0129786519933264
2.123117039122427
2.2319691157621984
2.340547775580513
2.44935200758086
2.55964229164688
2.668479601400029
2.7797531957181745
2.888763928268081
3.005592481601542
3.125011381509169
3.239645140434061
3.3586904688603263
3.478192129802184
3.5974105360439794
3.709994776110894
3.8219245663158277
3.9701478936013657
4.044183354910077
4.155226446829159
4.274015232409726
4.410752355998337
4.542591671841601
4.680479239930015
4.722650679298948
4.824114281491198
4.960005258317255
5.094507707151735
5.2436622942587885
5.39577657822041
5.54833401565441
5.701504659210842
5.85416819031871
6.007125270139376
6.1558117591878325
6.30374236251526
6.455236696890706
6.604969144743414
6.76084646666205
6.914786819154221
7.068633532661048
7.22258989070252
7.376886650480502
7.530933454025265
7.683816976870872
7.837386452141861
7.9904302602593535
8.141786510633054
8.295607410887282
8.448485182085168
8.601836753157235
8.757672528041747
8.914815570714364
9.073916337784308
9.232204883502149
9.385692167649344
9.541220322954208
9.696680569208818
9.851292364475217
9.973952240207346
10.129619550661435
10.286577279424916
10.442588986410033
10.66071102209382
10.87732963530519
11.093454637001464
11.308244002704836
11.525090675061344
11.740482314362167
11.99825992896536
12.213367222217212
11.82387971627535
11.989152225583073
12.090591877965249
12.226610785583663
12.447042432919519
12.603750379169714
12.759204650442667
13.050751995446026
10.789034429737601
11.814986982003262
11.011679316853883
11.122881067056584
11.231573052841918
11.34201540843056
11.451018573677231
11.560838487641801
11.671282535426421
11.78128115352799
11.891446942148587
12.002157781850588
12.11337298091701
12.224628772609567
12.336590353751854
12.448088427711792
12.55939196750536
12.6683048540794
12.778367857745762
12.890309496104328
13.001867007085206
13.11203672385659
13.222640860827386
13.333135020649195
13.443791637455817
13.558191654697168
13.670375503527605
13.78160575163626
13.889231729597096
13.997948900806648
14.10576690336525
14.213979366304148
14.323551623221093
14.434008193855401
14.543106524215663
14.652042843522988
14.759810677999297
14.867227596528148
14.973222646493781
15.079548907655715
15.18824081850625
15.296673904715075
15.406303457013744
15.515631776982456
15.626346139153238
15.736812830960579
15.847696591844002
15.95864951551078
16.070205584475666
16.181726087235948
16.292906011253116
16.40515352570265
16.51643653189639
16.628964795057932
16.740492106271017
16.850879590028992
16.962391770282906
17.0730146999829
17.18502046856367
17.294472692668016
17.40417493481541
17.513116500156926
17.62216742791056
17.730760393509854
17.838929939536534
17.94573839227101
18.055628927569945
18.163624073602662
18.272232136634447
18.37945760344143
18.48696230574254
18.597028894545147
18.704783224144396
18.81328258437802
18.922836402597106
19.031635826343436
19.1407202287443
19.249594731431653
19.358892277582942
19.468786415336304
19.578295487885946
19.68723624864922
19.79703704300936
19.909108379733684
20.0204905249172
20.131608914124776
