2.27961100642964
2.1046237255278526
1.7013644636583767
1.9970463847956932
1.8679875334622456
1.8952221593769338
2.4470634843030536
2.5632119583136515
4.593487695541571
3.440734501928916
4.228949643952129
3.4212640789193474
11.72543249912633
4.169366677946271
3.9927952326599616
7.872290850047055
2.6383506792137026
9.75930574904853
8.922187027867277
6.836998139704893
5.724678458121619
7.0958557353214555
5.601504182777115
7.15047240389544
6.816003254438397
7.5451674396465
5.042315228863347
6.887385713881244
6.2498797255741305
6.319253918162803
7.760676917417703
6.6328331555334215
10.282469180026528
8.069540484925277
10.614051132301196
5.673229075411331
12.00381294849527
2.8984331786631605
12.561004807006759
5.4482548750114255
13.501446743859802
12.288368058769489
11.767101546230048
11.987086858610992
9.619324738162563
8.122008870219068
6.355226283633455
2.759755045417351
3.0820034951523
2.6398815983967903
3.246964351760705
4.858331822635511
2.711277661393296
5.566340850378536
4.439575449917224
7.437355084972886
7.683804291583788
8.644966277930694
8.181255574239183
13.444432099922366
9.713295226974157
8.127328853955525
6.888514256067211
5.533565946250272
6.069154702147745
7.8998463790648
6.979469280789971
10.18364661628554
12.552209812199763
13.546961196244784
13.43623127740808
13.959015329871864
14.198274037061333
9.75060320516911
9.31479273974315
6.963529737086837
10.558117858144318
3.5417435022203945
3.4097661929415244
4.099854863497439
3.1846300787682096
4.023780840613771
4.871079737623474
3.056215763696671
4.417506125261758
2.4963754944523546
2.0702176639773375
2.208359539461821
2.625013917527945
2.940994719427116
2.9987192235576776
3.219206196620044
3.1243378064055825
3.128334784372737
2.866266391679285
2.823739306233183
2.7080746510235896
2.7787526983918154
2.2788658024931827
2.2172861898299354
2.364506792851256
1.9520049194236595
2.2591509941117014
2.1994094930533357
3.7683642420690773
3.4490266389182027
3.5238876334289366
3.3918399609302603
3.579159507811444
3.6530853258869778
2.597184463731558
2.9765435545542926
2.612441172111139
3.1261787238747676
4.475986349276192
3.3344245978636855
3.7539807992299847
1.2662823999193122
2.476051974755806
3.0035256023990042
3.7275395989716116
4.000830829709146
3.424405806812012
3.2853380558390888
3.037939730917055
5.2896243850795805
4.195921002051879
3.7979989255384874
3.532033904474268
2.0746235279579928
3.805481539873911
4.117045514813897
4.282470969814375
1.807545041697121
4.311861347886719
1.386271151432161
2.8287438697196774
2.3744424774765114
1.662710868285549
2.2946720515036647
2.6574942512326776
1.7962131044817613
3.357750583508777
2.1611994939797023
3.5639845496358817
2.4463892193143044
5.76215451792952
2.6123759087002107
2.3881312356274256
2.6409237776418175
2.190549210646393
3.96034315713906
2.5269428515508974
2.691153561626537
2.7032199284071257
3.0700468412339683
1.7599072972875853
2.9738725099906307
2.3031082048302824
2.230162709159124
2.286701083425133
1.9662568775011653
2.529512444846579
3.0698447014278263
3.1124731353950983
2.47779876919376
2.999775128745532
3.7551223025896547
4.2874141300601165
3.526023585705745
3.603075261541535
2.5556363140970797
2.800602484585581
4.5537125802993845
3.321487975228436
12.652807060397949
4.44009028935484
9.494751401403153
13.550931397677235
13.384148856268743
14.19125716819955
11.689060693386029
12.215533970467353
10.451169967823757
10.622156966416947
10.707035060809481
9.467943082355227
8.471814094808847
13.05169908930634
13.973102602187572
11.26676719465358
12.414461978267116
12.704220849642338
12.905022573851834
8.423382405145315
9.59310861310654
8.41435927070703
5.798720324587847
4.002848303631857
7.430651440119268
7.696328625608286
11.514966569605631
11.165437543062517
11.34242858277958
7.758875800758252
7.830082549397252
8.361518059016712
12.262978218921145
8.598109980731614
13.938769802197395
13.234248028571898
14.264872454278981
9.235794379002627
7.306516683828347
17.248378882475144
13.506647341859287
9.990417711166234
16.91913319124905
13.391960841204725
13.77122447804264
9.624973121326713
14.428478577200684
14.390396669549265
10.90644950653204
11.375939096786984
11.801718476596402
11.376934557396917
9.716062071845817
12.624574027467126
11.79520571500389
11.949835433276695
8.110344514620348
12.524145170532753
7.017809773876925
4.491070336418265
8.817351289517886
7.53310223442751
6.575210594065274
7.795087656396423
9.759876944800698
4.415022714053196
7.073795197245795
4.151915815539422
2.9304067322402156
4.828261231454315
3.6345242109332774
7.705581994290716
8.010532109253333
6.408941928425962
15.310985995679971
14.148724974789678
6.304405316846187
6.86380606545921
4.098416864445951
4.087563354962422
4.008292013875268
3.6479725031332557
5.68969652478299
5.966341277418476
6.662462297091818
5.080827101043026
4.763967540585432
1.4288803548780342
4.210317346016
3.896996150980084
1.9595791769864082
2.4882641069661906
2.0826431203590645
1.5050973126806695
1.7013880052310764
2.0620752909081768
1.8510808725862595
2.088562896686294
1.8012507394752657
3.334377559835277
4.171614373806794
2.239560884061298
2.6341392957428824
3.400409501252328
5.698433615594395
4.651778111323894
9.429808353789943
4.005757376394686
2.2800192297291426
3.621730803087318
2.612880343607084
2.5298611161914355
2.141920854597217
3.223722486890882
2.928807967299053
2.4374671508347516
1.9359538542010069
2.3327982287262086
2.1181277449996783
2.3527748838548583
1.9855275875300489
2.0330228982409855
2.630648142099549
2.4309425468844514
3.428844492418434
3.4683706145598436
4.740171045840073
4.9991698355406795
4.051669981239784
5.336847706567342
3.636360034626346
3.6277084778076016
3.63299959705677
4.283686851320356
8.27221730253751
3.079848008379016
2.7848826675729903
3.0133881710084323
2.4944767081015877
2.180118878883863
3.7564906363470945
2.798549410773443
2.268353724785366
1.8795163597411448
2.648582898519425
2.401019984744493
2.027854358498068
2.3144827080536143
1.9938736453702894
2.1931555618876133
2.4244403159516543
2.365615709273932
4.445320673028972
5.7673097037649335
5.549482444254449
4.617695884938084
3.283537101528998
2.8917630490200787
2.2671831472310173
2.477648244638249
3.4247888660260832
3.061069682128408
2.4771923379608434
3.8679443105659983
3.7592617099597954
2.8159593531013942
2.829640936108557
3.8970047916828827
2.7148850470204304
3.0184159948350713
3.913378044739166
2.955298650850016
2.409547295151262
2.6082274787086135
2.681534551435184
2.5802993199289506
3.0097692181879543
2.9458816329862563
3.402290666844004
2.044916425437307
2.687222520506561
2.3710269210188937
2.177617573448086
2.3890632281087876
2.2138833216058287
2.217125123569205
2.1247678648854076
2.3031426973199496
2.1036170502719136
2.083312223839886
2.5896503520537317
2.417123731692062
2.672144164110447
2.3594680527954495
2.268625951351982
2.2330670467704126
2.75457421111137
2.1145188227195812
2.139479130115145
2.1261455403689884
2.6292723363985067
1.7784934872283185
1.7350791559343754
1.8006848878022645
2.1294899706759507
1.7236983024813983
2.1072615549210325
2.2801233384201947
2.2397135076247148
1.9742344426931748
1.9144870200996809
1.5448686447275146
1.4973043024385695
1.4767521181593106
1.1900405571628785
1.0802900267842175
1.3754419069896382
1.3023617777021859
1.8688594529533173
1.4901187256921335
1.6483444633435276
1.8004900528706387
1.654824517444144
1.0124807279322248
1.0218672147512662
1.6270177923206535
1.742229123506678
1.6631186103227233
1.7744899714596403
1.2577222263239765
1.5541255141725154
1.323169918358391
3.9078633448127853
3.8176591155458426
5.48653432892853
9.63777203441958
6.006725798784089
8.57654646198297
7.334621985310643
3.4581150018680153
3.9533072030467338
3.31762085335142
3.9458322718625
16.65614077358839
7.7131403290464835
4.57786538308035
5.7072096721481165
3.404713741306319
8.062075109836771
10.091329202511208
4.879893052179186
6.86150760640888
7.411648502635556
6.542286610977923
7.497788168002815
4.097816160962773
6.576816076794069
2.5733181802453973
2.7895803007199067
3.971062624591922
2.6706005641411057
4.742068540230265
6.035608519900667
2.3164494024201057
2.251119913922123
3.148816498637017
1.778775662569101
1.5232509649022008
1.3383922914583413
1.9203786419404039
1.9739349792360428
2.0061365056519143
1.2714314455896552
3.949972535656387
2.2919021471415078
2.4361258948133373
4.508840537922657
3.744339534569709
2.876927642802042
5.488510065495285
1.8499632455454247
4.1156818252771785
3.6236053992882775
1.6403955523815064
3.7626999420400127
3.5470766388674213
3.784357435693758
2.6766369691567453
3.292155248384565
3.3367036357924094
3.0377967014152802
2.9451777522189593
7.486934599635392
9.663076267691384
14.038755347050525
10.418425069346137
7.221485472110176
8.193106556177582
7.588711830919489
8.941106333282065
5.804793912048885
0.4062641035379804
1.5585071425368398
0.6971274303077208
0.21503026865822467
2.6362823510574223
8.52018531722327
8.260204283764889
9.112182418587611
8.6527891807855
9.29430978524361
9.189673568191541
3.26164714189616
4.215660113861262
3.693948012946035
3.1826508757084833
4.789592387274188
4.427793058420695
6.940321269371419
3.208614423931151
6.176794269201195
12.440516969999077
13.787135281884868
16.391901808518583
5.892249981240712
10.845199866417246
14.73513946969877
16.334953369096514
13.214292628888606
15.39491302771279
4.199434388737129
11.182500711606231
8.417136207115059
6.039028236674741
6.062582332377775
3.067375826902144
2.988674343607478
4.038249002768611
12.794098584652282
9.125623343792567
9.762278239121356
17.989026414462153
17.116742606758987
16.361682486154425
12.473165051126326
11.337516554504848
12.504164119797618
10.248087617132864
9.435007933211896
7.5153614728490625
9.358196978918276
8.714648111828584
3.6626577265146816
3.9776477437123168
4.9865329445762505
7.016343597643195
5.044953777786333
13.744623316746532
12.65701638486985
3.2040869648332064
4.811454851955777
9.86888873721848
3.45331826135482
3.039879613776831
3.6680799072821664
4.396815829736292
5.7365022501035625
2.647310993764301
3.951873684193263
2.915599765237813
3.2555434355432724
2.7029992093043864
3.149715291951317
3.475885897178845
3.2804493542777307
4.903705820780183
2.22946057144087
10.24759201696885
2.5673184102307305
1.8911957308690206
3.418372896170927
3.3611583247550643
3.3496680428237697
3.8712447782650683
4.574993402800237
6.187779041538397
3.3880637530041575
2.9405248930801
2.518085254324766
2.910395624881321
2.747259394336944
1.580224360414714
1.806599916947388
1.9574992973577008
1.2876896870512882
1.285657515828087
1.08292215195423
1.2950446485614182
1.2348550214454295
1.0902349842455386
1.6330909237264053
1.4059085449017432
1.5094230335427117
1.2465219137793553
1.188321868598149
1.2628967508816933
0.9832202360138254
1.0785869068022227
1.242022067848895
1.1673332992619985
1.2360409560124217
0.920211290223835
1.0623842692906298
0.8959073740958378
0.7864366309633853
1.2947580920820352
1.0664337955902092
2.1460401688181063
1.197716178550365
1.5039230173379583
1.313571389557274
1.592038998088351
1.4743036640008442
1.4451828118605545
1.9267153457760227
1.8610045650611848
3.3145554125869388
3.346809637523711
3.4698460106665094
2.0726273445984953
2.393722174656639
4.532674014112352
2.560253976127055
2.8055001183221715
2.6135431778537863
2.3774953734114286
2.0620469198841134
2.071336951219439
1.9911490033205532
1.9903867075353183
1.619015912525148
2.0078022294417837
1.8950351821647036
1.873951393821826
1.9233063054153512
3.665055140637974
2.414962927994184
2.1719326280097087
2.536990186123626
5.257143417371237
4.361734826404129
4.232934820277027
2.4240467444079985
3.8030991049748017
5.651931309598006
4.074206976147509
2.654353034824702
2.2617970950213357
2.1068325477835854
3.452249593978678
3.0393806255821048
2.3529967327526506
5.830497840509922
1.5652281134608694
3.5781127913520763
3.0334167544945716
2.7645015245878928
2.462655405148191
4.3707749828945355
2.5335239597203967
12.430536702983797
10.339631423256385
6.0573594630596315
9.339351871970589
13.594819530394528
12.388739200948471
9.56644630881292
14.19791022818695
14.522657904140871
17.111702938149612
10.226144424184177
17.806161252976857
8.889208074668236
9.314370970059617
7.760395910683099
8.658963316959799
8.321485074924267
12.098047313531875
7.842215135348103
9.668563201582415
17.554671278849085
14.863302273810692
7.810893486535896
19.380587176953078
14.659287479690187
11.393278522211162
7.106353428894005
19.332330855034844
11.749457871339697
12.523779807907891
20.71619064211661
21.07472410656112
15.44379759920333
11.912640466422072
12.40310256144927
16.69068872791928
9.900712015476874
12.869049758293329
17.020325951072756
15.738056478171206
9.937799717741237
4.882061693151496
4.218113854892076
4.504518056655378
2.3578616544615114
2.8819534044616355
2.6561087968075747
6.285044766476555
5.678628961961756
4.5011273778730665
3.383418923161662
3.297236801338431
4.3318044848160815
3.21366588372463
1.6789172364559437
2.364297229222712
2.151140859419683
1.7872794075651939
1.7611809300834416
1.6054279803774523
1.3715957277596225
1.7372700336839095
1.5507468241708362
1.5855482203624807
1.3316600653262831
1.360969138967396
1.320576639436767
1.3123879316166986
1.1714138619490484
1.3003641716470118
1.3821160511192132
1.53438237405269
1.5415630213033271
1.7150207287559123
1.80431330463639
2.225118674403002
1.6300958442293152
1.6132059954371158
1.4378953343713483
1.0365525151254449
1.7725996088582163
1.2917087750234564
1.8554379871182303
1.8688533282162627
1.8157859621767556
1.6822344505366515
2.1192177502492195
1.5094679306910779
2.113673265016449
2.307933629463754
2.0422523182491155
2.260695770399938
1.991894830395702
1.4690154631597836
1.5889656906576914
2.1838508327693344
1.8182833080616614
1.8732271245476206
1.951967680836093
2.445807045980626
2.8663080711417748
3.6815767198111238
3.4365090851363065
3.174455496446419
2.3259995346134423
3.2162797097678597
2.72173298608418
7.6390260968755666
3.254183032464715
4.027798994740787
2.684836084245336
2.327371064685138
2.367438254934855
2.9336499290180127
4.290665953859193
3.1096066413129213
3.1487972681553824
2.6724630315076556
2.6201178561175356
3.3553797264819787
2.8245814696844755
1.9673355032991862
2.3949196309125296
2.5623756781415437
2.8274509661829517
4.576977685819001
3.5261365809957006
3.4417917025233606
2.5368791051252164
2.805452668904341
2.57194443702915
2.8786144019554776
2.02143309283329
2.1938293566726608
2.0283782570896363
3.601316422416038
2.716236962132066
2.3112806834770665
2.7388583805944386
2.3856315001483774
2.4492609686045084
3.727338544170016
4.175282426250119
3.0633323854191175
5.126097831111238
8.685010769483824
3.9339217020922157
3.6915692673426
4.898460461123715
2.95831816372975
8.744879037259519
5.241533547628125
2.3048202645470695
6.508653616112437
6.232657158693515
18.234724545653396
5.503954873554069
17.49234015800932
20.334374591740435
8.124035376197202
5.894432822920853
5.847612365361675
4.251645033734826
4.809439175824471
4.942571480754778
8.998119142214792
4.140897554019634
3.8676676102841028
2.9943981818314023
2.029659623223449
2.361085708701149
2.3893337172723763
2.488400085804975
1.795770075902404
1.806572742837385
2.4229245240909476
1.729467556778434
1.51951343995052
1.0706686263125436
1.480393651243098
1.8549014638650747
1.6525191718429912
1.5189185774755756
2.387737370414632
1.8309916983038277
2.6689128975979766
2.5624877407063322
3.419111806066475
2.7834388480677457
1.8708326155945791
1.9170687639547492
2.0903542274742106
2.426750458500557
2.373307629255806
2.5540190122178243
3.4514272942497777
4.978070194384864
6.831748956460766
4.741469106664536
6.762719812479178
2.9662204659398133
3.765496467185212
2.8840430327822126
4.509991805508033
4.055835369819385
3.2533549261885093
2.9526803676431905
4.532044271323286
3.9936958917519285
7.313658407107013
4.7895637348988975
5.905771102347324
2.9201529870578904
4.0359719092052755
4.715606970185613
8.972803600277846
9.772524825554957
12.211924253736246
10.424104931088724
7.927211962469682
8.415454940710076
4.531418422455941
2.603096551301754
7.126979061577094
3.9989053519938347
2.8867426077228364
5.525147960593214
8.860115345449142
5.408318850460818
12.606101616519895
7.993159651179214
13.37446190118143
9.93955942739951
10.30584937011105
12.256000774283796
7.517828806060399
10.423952721313723
14.27818097241734
13.29226131627955
5.188366897224144
3.4885751867079904
2.369492196047852
2.916014252619282
1.4739477214845387
1.511459144138972
3.5561723583428995
5.687972515497568
3.014712323963485
9.42779808931488
4.094572291921294
6.157622249641848
3.5665410110885203
9.976027213101943
6.788010168387634
8.699596477692433
6.186735166615046
4.1312496102862655
6.784232318690893
9.035764620750495
13.100155115159788
12.495628057870936
5.3000111483698245
6.141525092265264
4.640610616891495
3.1333463811912523
2.368271168178058
2.9398995554704324
3.164392245069982
4.765445372542018
3.7857527663302024
2.127157178835858
1.915873047972397
1.7311874391411108
2.424283124966679
2.784773172118982
10.45524255620283
6.251433411869813
7.9572220838839005
3.9858875134085827
5.222024940621676
13.295302098998524
13.641716438837587
14.608353019449467
10.080301731804147
9.066765888466875
12.051282826182515
16.696668802515212
17.093790077069695
16.433271264312367
7.234277638392562
6.363239178451542
18.959727286635495
16.642556522868887
13.170868477024849
11.937147703908368
12.522511539608086
11.703403866343155
10.593140247835473
11.856131350961615
16.86204116134484
10.008954130193528
9.45198271048153
15.786855725732618
16.403320525891722
6.102615383071473
7.253384014762124
7.048813392353958
10.77310084164274
14.374805023062404
8.183602860491956
9.385170046514357
6.492587665768132
6.9500102375786685
3.9236329456669017
5.727100906269085
4.702756787898467
3.0165403226054313
3.1911377196148756
3.51504130043174
2.7614547931173727
4.838363723199276
2.37144268758938
3.239874271979269
4.833118156264872
2.590711118996215
3.2960071654203382
2.1033103863381486
2.697620050405166
2.2165752958268454
1.3792084954531978
1.7419249813923905
1.8722917025469923
2.1106688784847867
2.662838480017588
2.1250523990875423
1.5705108651706225
1.6833752032412188
1.5453373073453256
1.7974681565545136
1.382196250805536
1.5297153467483393
2.75593834307386
2.0531225770886157
2.6061691471419457
2.7498298746627685
1.8145279782391786
2.190007143590768
3.4507100550761876
2.227452321389939
1.5514856382225921
1.8328910079419476
2.218421365554033
2.300473438960669
2.0905679884704735
1.903491015975473
1.8356635812749134
1.7244109144716169
2.0358688267791605
2.961197641446185
2.5748806446225547
1.9191412033931077
2.1579070343966196
1.8696587212947187
2.3378456658954256
2.5575483058660784
2.0714547156491117
2.4888038232421446
2.3053962651262783
1.9215176382340082
2.2299437793047927
2.017984175509744
2.1933423221963166
2.7681574957322352
2.640279056629006
1.9272362629543416
1.930290877136541
3.9139195191790437
2.079004145192583
1.8178450803201407
2.8053724476146282
2.338358483902718
2.3815750963335542
3.9528908745599542
5.539306986242968
3.88372157477228
2.529780736867661
2.6105984132960978
1.9389534676906959
1.4482070870104593
1.5012092932811865
1.021113947523618
1.3707240807315624
1.8780521355793536
1.6056067791007478
2.089198137505048
1.7622020589867131
1.5887313358947357
1.8074709481933424
1.3451087935306858
2.1260264289831783
1.7468688702397923
0.7458297397339699
2.2797087973398145
2.0173060682832253
1.3249626299282595
1.4993801492313916
0.9720856177797211
1.4272331544456827
1.4655586192573864
1.4216328027853882
1.639524657223974
2.088220230886209
2.567938236584403
1.3788033177928438
2.149590807441677
3.5631413555659845
0.9368085768571325
1.621856594289865
3.459605790199281
1.503744323174589
2.0562254549260026
1.4846165323116753
1.2584411588553241
2.154128434810249
2.109079592116187
8.761772911856728
4.993763857959228
9.814622209482565
2.840238865173227
1.8310643155299686
1.2622360592897937
1.703803707888565
1.8889988187718445
1.329698857449873
1.4532858083451397
0.8130855303150086
2.9246279169306564
1.4816108999946678
1.8230334186254442
4.188253336596533
3.4803902181539628
2.285399007809722
2.9227423515777557
1.5929612536330997
1.2140827421276175
1.285894735520587
1.0898499884088675
1.3258140733896222
2.775168278716514
2.623418685408427
1.4103917216157842
3.5043773642631164
1.4532773168871944
2.953190856502841
2.207275680513044
6.220963031419016
7.88781097003249
6.06833603992121
5.365651635605102
5.552705798517155
5.743469490695823
7.607169108596317
3.4298838298174745
6.818544955564603
1.0276284486837202
0.9627361935773182
2.7826007918802467
3.7670586293573414
5.384788006646487
5.939158863840381
8.489919168724233
15.683031473540954
12.00270099197601
11.532061073957042
15.32764391227444
11.516492080139471
11.216085449386537
10.999474963534956
12.316556372322069
6.544395873323829
11.811309924570399
6.709493174914701
8.265420670931274
10.528302410380734
14.183450822444993
14.839292822719745
11.18305484030761
16.058805692439684
9.267709093972986
9.360848147080329
7.514647397446618
7.505858246401532
9.948042808374131
6.825799825571496
5.849663693565114
7.3535600920059565
4.784505280840756
8.01903838955252
3.857973039166537
8.726706191621066
3.2334511305158258
10.657339467374138
8.997021155738837
15.347203815364196
16.651516981214684
9.681331156826474
3.4341000677745535
1.6187265179036827
2.549376904999577
7.012359380951807
7.057500829523226
8.313085228470877
9.722156248400982
4.86192512024932
8.997538133292402
3.2292493500050328
1.2037529783322214
4.807040756632508
9.383414524211233
2.5352749447580973
4.806127970351059
2.191532433056479
3.007498014292653
4.832951978187069
1.3997761105317514
1.5255799224565827
12.545791862494093
13.622123719688947
3.9312424290797425
1.960672932790711
4.511097570238911
1.9536451427815618
1.8458928795101142
2.0131468134102946
2.5729107730444545
1.4395732690082947
1.2948426674582652
1.673546138671803
2.317100246514987
1.7011776892855477
3.031797497066093
0.7520069564228904
0.7211727118092817
1.7409791674963517
2.506880317658987
6.858452756058581
7.623639625621773
10.379378713325842
2.729248578903479
14.770969522592889
1.9077425081096933
1.397641039126746
2.5340123031275263
3.2001216096446337
2.9653005265371477
3.714321879497053
1.6755236600837258
2.0852434117805148
6.922371045396699
4.228902077665422
5.123544153693625
3.7318025625794555
2.3104941015383225
1.502996798349454
2.343972875359907
2.0460169406786433
4.23500840642742
8.300839945230686
3.598148660901944
0.7028654891876551
3.124240268979652
3.260472782193072
6.755653189020028
3.171442723191294
4.324144395278053
5.6244985275516335
2.575501448389664
17.085835867986244
2.822056537607496
2.656409084895246
2.154768335676998
7.682491188548404
21.372652282091792
1.9046453549845155
2.5801705989060295
2.3970747179094505
2.8080407053477443
2.7468465050534907
2.827581430430668
4.564706794944812
1.3998877295298295
2.1789614378930287
2.2878610929831646
1.4248343881412069
2.413393582409067
2.4048696852236096
9.939656780772083
9.705103084552528
17.887329777495225
13.896657882674646
10.823057574798828
1.9794171167830492
1.4733713078814552
1.9256944709858552
2.015389448934296
2.5652944946593967
0.8301373501996056
1.7199718292172121
0.7745045341143186
1.126869273574607
2.14866651121811
2.3687804460471606
5.978489424756805
6.946697266010612
9.866780420203025
3.7105422394160827
3.4214890966541915
1.8483769076605885
4.607079790212083
2.5611511042394057
1.695585205140833
3.3505925793248466
1.1012669406877287
2.1130760167944884
0.8363848852867577
2.001347888419376
1.9670739032204032
2.0080545355920947
1.6814047476447065
1.5068595788851862
1.2729488315856565
2.0156540407790833
5.964337787406128
1.8629217491427237
2.1289239949349454
1.5361340945325397
1.6228188657115656
2.647643718015743
6.042667653173998
2.4686880054479303
13.866440864385751
12.92478468556441
3.2295321695779293
3.392778169194208
1.9887337241205976
3.319872437636877
1.4365877912100165
1.3372020105646691
0.8228070814744048
2.193772131294463
3.034429750321053
1.838922133059733
3.110716275164883
3.418546053441039
2.3281489443268617
2.548450858221109
2.8212936445319317
3.7887307924081783
1.7442560282921176
3.3798052377153325
1.0695269629697497
4.134986827901432
2.0411158306152477
13.830979300714901
6.80076745312456
6.8020732817180285
4.063917701095126
4.64833408220393
3.396256435400324
2.859586556545974
1.2843485671060224
2.6308162805397317
1.5945130169731416
1.6592812802759185
2.028389293013672
0.9063816237714777
1.863846212034708
4.255565602223247
1.9672018312100459
4.88494190684751
3.5981653482584823
1.540602383568362
4.536999583417023
7.3627186293359825
5.613970894258572
2.1760078840096138
2.3866042598555266
3.0559232399358622
3.834399502522144
1.4620425796705208
4.956449922866742
3.127849926083938
8.167749304729508
14.384449857558243
10.291488172175704
2.349457678151698
9.653167138289577
12.124685284834715
6.0697866703358345
4.11822184504525
2.3102453352693186
2.0132927363389177
1.4366376570957247
1.3463765384965545
2.530218940482363
16.77922722558473
7.823160974393201
3.0150985382003634
3.6583979846087944
3.1358106351617527
2.5731325893361046
6.6361565575948465
1.6599181569375738
1.5784269692327428
2.9813592108814673
2.2976989641339687
1.784118352853048
2.0179415022731817
2.5970168085204057
3.328862197205853
3.3960166889744334
3.0371229314568713
1.0466729574206348
2.0880015098186173
1.1647517444023987
1.4012230619856498
2.0178554758719387
3.6792165309417384
1.973217358903734
2.6698922861614993
9.083791393601103
3.5696965386733814
17.311711344774025
10.390940335530434
9.483307741056223
2.8130813234400316
4.946595754682541
1.036101022616057
0.8514741046134219
2.0290268796467013
1.819003462428783
4.338476622300366
2.854157159244688
1.8786309888835127
2.2347799040562775
1.868628778605892
2.6015580261707543
4.35062641001545
4.2478165574418485
2.497536326118566
5.255798046866914
2.3095058534300392
0.9204224521384503
4.408388592922033
2.5789891301646564
1.6724238363483945
1.2076793423526397
1.5627187627089278
2.272983239134654
4.978361894743555
4.598984661298113
2.833439603920662
10.92635988477619
2.727789039911776
3.9119753467656695
2.419782427471226
3.9421856625019864
3.5395016774346026
1.4090952309781337
1.4912763986748445
1.494840244020225
2.20348948567593
12.7187143539818
9.416064396823307
5.163302339866304
12.520893897781527
11.895793175471816
5.280722751116807
2.930361325193627
2.4673108428238377
1.3861624574496572
8.59162150575903
1.9274286440062245
2.1274754026332916
4.246078248711806
7.7863406757030535
4.4027673575165
2.9702166223896427
6.265078013796118
4.704551965616922
9.053068248780296
2.124345698465438
2.7316339675112884
2.4866670170699523
3.79027886542778
2.9342925297606994
4.2252655091270395
2.0172190661400387
1.7064706745959264
6.581560174754472
3.546408957747475
6.877410829967722
2.075944889693505
11.300303735321354
1.0378385131311678
1.918596314630154
3.037902043389244
3.200553288266157
3.378232236820864
1.464430697429815
2.604597826519387
2.9413929590389127
2.134636068531541
10.454895408946848
1.6765008744761019
5.622328760866058
9.888770924597925
3.3264206800110214
1.87695055720623
2.418683358884583
2.7897563555098697
3.16618475317654
2.738802701265718
1.901154445236297
1.8086101816846818
2.037748807721085
2.3029640230534767
3.878300253640264
6.545241128311827
6.685914388131654
6.6285532470594175
4.660378386195021
2.358312718988968
2.4385268828734117
2.158496274786972
3.1431053738357115
1.2810064254403832
1.6385224210216802
1.830902399711217
2.728355984458442
2.675793432483398
11.809997473851585
5.003018050691857
15.993677179109962
16.145470014559315
3.189965744994202
2.175993427364874
2.4226338638916878
2.0396721241628026
2.31523897479362
1.1055017664546352
1.4404241173301324
1.3971308618556006
2.510418476983726
3.203672011354372
6.713908010293065
4.430700811420738
2.688150014133042
3.473837071028747
2.0498003199070918
1.7978365324263632
2.2185850893587036
2.4344154830427343
2.5842749887293386
1.6877339895417574
2.111383359579519
3.0016385356443758
9.221378355035267
9.62443770738368
10.535241347470071
3.900816089691535
3.2012110604506234
4.454620113155472
5.679037794393125
2.301979509072073
2.477298739454032
3.873528775413439
2.0616403990360794
1.6592280559330295
14.011155807319955
2.293891925660394
2.738545133495919
8.33931431740151
10.083203119718137
6.835413754605293
2.6404775091483996
4.373158381868968
2.660123198600028
2.433114938656977
8.10401480357033
3.0146250431472774
2.9183806131815166
1.9324448301841937
4.150621978285697
2.7456891884664643
5.368891876035918
3.3502633429533324
4.392755045070386
6.373614029646876
3.270637040184765
2.204893494028442
2.374031617694057
4.979179969158626
2.473340921555195
3.6251215485613875
2.6279871230315117
1.471090435502922
2.1779220751564727
9.142467048369479
2.7971550302130725
2.002744429436385
3.3942052046758215
3.2123924000355606
16.70950819117668
3.2460726318891253
1.9850957134382472
2.435773593209807
1.859751660744395
3.9135864869670796
3.010446068063992
1.994116994035841
4.156447094659571
2.3758257979763506
2.821291966090513
2.0379659804038868
2.0508438813413643
3.100321042088458
2.457806371982905
5.957833465873363
0.9953985300416879
3.8299255234829905
2.598577317124292
2.9597316191786924
1.2245004036521974
1.644182345594028
1.6933308306442256
1.271443025316013
2.147954651943618
1.6928834706447806
2.7400137752825975
1.1766276907880857
1.2449497608679643
4.643849844548475
16.400715858440254
13.10166797428712
2.6518538979040986
6.687932972595331
3.1043101948347767
2.5779303198807657
3.717175428851129
3.280555089126409
3.604505883560075
2.325291675079465
2.191688912158767
2.852814908809914
10.691845187915463
2.9967909220380093
1.4339493090846047
2.8985877031439458
0.9962591710303645
1.9804416221101857
2.193228465000855
2.9100676090534425
3.737150660118129
8.250796821606041
1.6040586181059449
2.6313558880539736
4.415199799592015
1.5002996701773055
3.3367152930365016
2.103861102351575
2.3145852025697415
9.768108816609674
4.6437198733110785
8.795821558510834
2.41222716638126
7.99758549036554
9.006383102468488
8.607090749969185
3.4388489458453284
2.233966007142613
3.223345533208348
2.062018233127246
2.684017732991486
2.9093834003817993
5.340245320029233
3.8667582872604855
1.784830568523794
2.6621286406772797
1.746032176332232
6.401392717378579
1.1762956745685236
2.1863851307041693
1.3352821872780016
0.5274389921578748
0.7307052717370109
2.0377327362730417
1.23546136883436
1.5826689523146433
2.4372584300873084
1.8470978254356765
5.257936717243347
1.0984412095139968
5.125152521420994
4.784130798348788
9.578994387564732
2.857810349390088
2.603099882061253
1.568197699217611
1.9441632975116743
1.2434612938981957
1.847654441019739
1.342875589439485
1.5775023428846418
1.6267012878086313
4.310186427122779
2.417323084940528
8.067700728800698
1.4323305157442248
4.699554210616694
8.91194153375043
6.963725445170176
5.3418806487101
11.736259504027263
3.518214880958974
2.305991548839831
8.948543256824447
1.9532845401953314
2.5043641525573657
2.845794210195652
3.509059495881136
3.399254800141167
2.018334770583132
3.5632789541141476
2.2808760565991357
8.665409755646976
3.2748244655929666
3.623419221078472
2.317909569511459
2.15951878772782
2.602884533728648
2.251910056891225
2.96647388012869
1.1773449720436022
1.9366870998396242
1.46747328007459
1.6827399473054985
1.6429666704251162
1.7573505076616314
1.8619611683773847
1.4751379205727706
2.038285376640554
4.61825645495527
3.191053265182679
2.441424080082463
4.532110221713168
2.654454598273378
2.1724330618379892
2.0318653520204144
6.322704627248505
2.875896684467837
2.372049214180329
2.0061968193599524
1.9838516014811198
1.4933854760504304
3.6048103065707635
2.3052318417647206
2.6325005340094734
2.077775483336059
7.801734665409221
2.0615514413092306
4.5318745999776455
4.928207220136723
2.699420249493947
2.6732179413815027
1.9077982523332426
6.738856424635962
3.7808269547102427
3.3275894363241334
15.061665897457242
3.0899926503433193
4.130436981128751
8.278155666732593
3.6682578116554856
14.364596228207953
11.685076731701704
9.669111585787709
5.1686505240999665
3.4106621628839555
1.6440626694643536
1.209073896032996
1.1347407723508813
3.6932393773013104
11.942618050898183
9.591170885460535
11.447879122400533
8.87419596887251
9.921147850632366
9.999388762046003
8.76903735356826
10.183238036785491
14.887341380741395
5.2445467996593775
5.085259892231465
5.591188022457411
3.9691218696173065
3.407722079163598
4.957713837313392
2.7203516651122657
2.694790800986509
3.0488089300125503
1.8733259793436587
5.5533042874974825
5.857923286410618
4.291679541552772
7.375205570892504
3.5617457922956675
3.3449016067083264
3.908096437643161
3.0042348467564324
3.1732317243896238
2.443108363242639
4.193114614243158
2.88630009021323
2.639793597625115
6.8628025738050935
3.5031962205900755
3.2407203718166215
2.5069854586081304
2.707093267904488
2.342452903320863
2.161638777714201
2.95227719358853
2.1668940015979077
2.116144279310429
1.9910841904914918
1.4658807662951996
1.754680553015751
1.4466586742812813
1.389073287473937
1.2362250625595392
1.7198171060787448
2.333973349090908
2.9838292962257054
2.461174963593635
2.825030047173313
2.8742184201742482
2.12408312722095
2.4293956501779075
1.4858039297889565
1.8082831244021236
1.4706104145704615
1.3397803080878226
2.6202186244103727
5.321823699419707
6.360350331015936
4.901185074481406
8.42939691777943
10.122065989731974
2.6453256234235343
6.333137770611053
4.873597316578317
6.370607595761685
3.219350382211217
3.1066572750208374
5.007005403379503
9.220020069481166
6.037861712345194
5.837214163706305
7.174434430548692
8.961124705067501
14.957898869660335
14.69492096652922
2.6802128904176232
3.363281818959694
13.438448627144098
11.863852410403087
13.385219068872491
12.18660137376712
13.24680334299791
8.550305286421445
16.087181117394355
9.994960584761117
18.122824610771765
26.40856762412792
3.1073949853484497
6.065174727061722
2.807043577209012
9.22253385306011
13.72388037017736
16.080282638462762
14.112021649604907
10.800600849401809
14.930699034964112
9.970865065589008
12.323359255338206
10.604135323178799
10.471272518477605
16.336473720736834
11.862625813216386
7.5238825349954555
8.549160683278965
13.816539356936895
7.966892637951925
8.338370266068498
4.090600277373783
3.9985156599552574
3.2032899686877165
2.778090608392746
2.898687100627174
4.006030173282623
5.035095673715992
3.5796397717131825
9.343996065421178
5.207073006418776
6.167908478526399
7.295267933376818
4.501421837998193
3.8509167081199047
6.02054219436244
10.758229110505921
9.141502170986778
4.736446418991716
3.1784142411466427
1.2083027180617927
2.024835309759532
2.0926827669605563
1.2341377751024418
2.479972281240557
2.6863424853647366
4.7943480147272926
5.439283144379828
3.563135899267644
3.5171216929072076
3.9540190350596722
3.3404482131734623
3.0401029633864445
2.7375775850717945
6.079137827523253
5.11190046867419
3.8241532734284647
2.988866930313064
2.5743146445554155
2.6670272016395935
2.5637662506464736
3.7826964199621615
4.677493060907749
4.020998483590563
3.433555543184382
2.870168182805547
2.9044900305185495
5.866149053761863
7.630131223922712
7.661255492703324
2.1013570741887393
2.563237623063882
2.977131868760703
2.260188719696899
2.474532370863197
2.661985639992394
2.007186922265282
2.044803955386716
1.932375300945385
2.6017589444917864
2.7575543897363253
2.207371335329741
3.313911786894289
3.155918136332266
2.3206005756936134
2.7554874000662433
2.895008441330553
3.711873741427847
2.8192190833572335
2.422590965890942
3.07035883569892
2.298614620385264
2.4006668359305676
2.06256995044244
1.9742279590506737
1.7234528725725304
1.5485034720335347
1.5550276246034085
1.3088660343400769
1.5119934755480802
1.6000473500518784
1.3166855101860455
1.4277287407975519
1.090533768056029
1.2142544068096823
2.072130751762072
1.2630433116132216
1.099475561656117
0.9942173696074244
1.315937257280919
0.8084524122858567
0.98542701116754
1.1967506286919747
0.9967000872491625
0.9938578841060351
0.7344211301636554
1.4241526098210535
0.8265187879822028
0.933620517812191
1.062736504823645
1.1232374470120905
2.421488592849557
2.6853070825552776
2.5003490910809036
4.253570436999511
4.582871151751389
4.6947640056439655
6.524544173391621
4.938488542848077
6.160533837224395
6.22869114413824
4.195209879567018
4.217726630767485
4.371966622807039
5.715698086543801
8.441249858679871
8.4118002214589
11.156787277397303
9.245264798229488
8.55657570237231
6.092346970554361
5.877486403285802
6.055048595002616
5.578806333797311
5.286264448625147
1.3988140392863482
5.956824171897567
2.891291687506319
2.786460726178436
2.617851234579523
4.848879241967144
4.569401852419702
7.920747764203021
5.202132898388371
9.262421366200265
5.5529263728783596
4.00862537388992
5.45602739422589
5.004919945267308
4.832004301072719
6.172114763305026
6.763147604448908
7.416485431293792
4.498580550990402
3.0907939028599287
3.8480092592737476
5.6761085652697165
5.041698149561208
13.264488331923019
7.981475565238071
9.797995993920665
12.981311325558025
8.939551927782908
10.075944141057022
10.80698473595596
6.5434032352754175
6.497135452621708
10.73182540797055
6.052232989926933
8.832570843627789
11.028910619242632
14.971075307528725
18.92009165793927
12.745502293688105
11.50222314342933
14.697256150526162
15.330082561635226
11.207838103923232
8.487927799674688
12.825905941386576
11.239066837802188
16.454508098247672
13.905440108979509
12.104440932499624
5.064400838189757
6.660875925928167
4.977644087290144
6.877272693899651
5.23753997425847
7.333547719233645
8.120219295284905
4.305570641213206
4.623181753833588
4.463148116671945
5.044160059761639
4.660703849793392
4.473003704362909
3.9931851570969448
6.323713228679353
6.8824490471105735
5.096639642788672
3.40916332780487
6.480235970426304
7.974925562667499
4.354627840717555
3.617033697278809
1.390111170620402
1.4808400249794795
4.2684748081836625
1.7870126000778555
4.878283485795085
7.528764124924711
5.216802591178924
4.784344718223867
5.253068535609217
5.751916535741309
3.2423377189435003
2.9971448939975667
2.8390844404845343
3.443699766749691
3.43021027883214
6.277441245977849
3.9587246362947965
4.74125259438486
5.393404892549111
4.9184582906310075
4.615457084449663
4.487044891110625
4.612646208384928
4.382248788865004
4.714110726869693
4.746092996317539
7.584058721410756
5.09282018811558
7.676008847224726
8.150202988579622
4.214614732802811
4.405526435178238
5.90004117471384
3.5178310216445405
4.081871943089288
3.7602795233946518
4.519816506152563
4.8503314031548905
7.246600468272122
5.830169814591604
8.035729017805522
6.9446771129657705
4.617064110916273
7.848901458600532
12.380874513302265
4.322244450915645
2.532227455494192
5.555607042594774
2.1122678591502457
2.2306827855892197
2.3818069069269034
2.5539352099992705
2.5611218258493773
1.823047754238153
2.4602885740805105
6.666325224278627
5.520828254455465
14.61480740882681
11.047120416814646
8.32486773663336
2.627702742465995
2.87932660673729
11.331544223650045
10.156945222566492
13.024527194630355
13.648718106170174
16.671217247612866
5.5583965776001865
2.1943966808399624
2.6410592415209786
4.7233743277845885
3.859587494800831
4.990660036350933
2.689288933583863
4.226510871256504
10.938831295299247
3.5757476189940034
5.56059418888571
10.577435831586401
4.362484844920273
14.330483280548417
3.2747126176731065
2.072605729973298
2.42659330803916
1.7572456307945703
1.7862893117049996
1.9001881494043373
1.4420074651280834
1.6006203492768858
1.2492647339709295
1.0999802217462424
1.3748124469585226
4.5537108632050645
2.400567950075751
0.9038597298158176
2.3680905098968985
1.0026799908952098
1.0885796719165048
1.2043878187058448
1.5539165899117804
1.5088433092538391
1.6237901725677581
1.0147135848927398
0.9761803423122668
2.0010688696198144
2.1780430692075674
2.730541658366232
3.152914182326015
3.6720715668228543
2.4694966896107884
4.094886009675585
1.8075247368365166
2.02174056631904
0.921248643232245
2.484768121006897
1.2550941409150156
1.0344744794428669
1.27171817316373
0.9675036060261053
1.0647402776520971
2.46781656048752
1.3062359431552335
1.181849018966636
2.249886434313372
2.128182223795009
2.6089272801764567
2.608900134616657
2.460251959240999
3.5349394586012224
1.956221130890846
3.973561658265697
2.416904439707612
2.482699769517241
2.0359898561342016
3.5359373526161946
3.3616429697476384
2.1746201183115756
3.3776280805260073
5.820700893098025
4.938208653718606
2.1395110020522776
5.5795946726012255
2.714826386277679
0.7288136541194523
2.445891486756725
2.035384630911902
2.2480520703447096
2.18496983793489
2.262595639078657
2.11560860499078
2.6927748217566623
4.038021326869109
2.191655687052638
2.0462169773720182
3.779010872872173
4.06398786003507
3.2570597736582863
2.8943216116577504
2.7114467805731572
3.075830778397136
2.4782990732900823
3.4683790053633756
3.8585876334714015
3.0113776132626997
5.818943351455031
7.54104484587418
6.8482203049305514
5.8759897342930865
6.299065462910044
7.877469682982904
6.088945603368239
9.307185063125388
0.9238694880268644
3.100728704447264
0.4613374400396461
2.964979973848262
1.0648625381230876
0.8797649964830689
3.49569102932101
2.3387795547020316
1.5120935089125562
1.3947318266609778
0.6606552407586428
0.4647556519951855
0.6321792433375529
2.1517121899052287
1.7579955716590283
3.0999582771496117
2.3372160760710043
2.4377307296919613
3.0019434729906527
4.528063344155366
3.7272591851968335
2.8902256890705997
2.6255438239181665
2.5682086424358723
3.1161570703499946
1.981222158273221
2.450795696924993
0.9259152823122557
1.2638395605131916
1.9092934159523751
1.65971913948825
1.0478703134821563
1.7931215112510681
1.452409926350478
1.7717116296911997
2.5139025871543135
2.723426310417426
5.544613305130069
2.5527885141693343
1.9627421136033933
2.1225575192033213
2.0704073966582013
1.7544050484741214
1.942528225929126
2.0309646753758464
1.3067786474323329
2.2315659251047752
1.831018138886251
2.0469988703958193
1.9667405856203413
1.6309432601667826
2.4814397957380936
0.9975470971038586
1.40784149558514
1.0682880209953138
1.3769335311729187
0.7689399374602036
1.2403266865184823
1.4481325730085834
1.3410047299575378
1.730558501192802
1.7676666558824614
2.2802600908211312
2.7295205188269023
1.8950640999204809
1.5532631228132778
1.7712629333202163
1.5931544130374808
1.850987929497603
1.2502335331606564
1.5605299714716625
4.404741188687814
5.1375832160514125
2.1413112590358225
2.9742298548737063
3.1232150378762875
3.1495273060968314
3.015302650507228
2.0957966355504136
3.2021681045459736
1.9424171636387275
2.1327959385840414
1.81923595017727
1.5797632577598366
4.29872447146772
2.6566168764416576
4.279823059804703
3.8631994124788966
6.5281009047635665
7.3199181638735835
4.125249929463594
1.947230615777793
1.4931827704121579
1.789062954142917
1.390561590892505
1.2716154557617347
1.5244620530735458
1.4283632598737126
2.480281621863548
3.1990029324097664
3.820118324504687
3.004826626798718
1.8935047979135966
1.6356302758989094
3.2320750163627743
1.0156012703757242
0.6212998288346674
0.7462122643263173
2.2408822292176263
1.369036688683067
1.0563918541104915
1.3862436871508728
2.157381523314606
2.5621831270194244
1.9425302434354346
1.9520561642596437
1.4261635852176653
2.125134574087542
1.5807438325753627
2.5276465538601878
1.5430878229528882
2.796079413344137
3.6598154883825615
4.549383691519662
3.021874396436924
3.117904287785865
1.9319192365632916
1.9097231051647021
1.9198944874884998
2.5634393451093898
2.38337744306964
2.5926010918906965
4.71503773568833
2.919357977090423
9.044297638416936
4.961443431841249
6.193632637569197
5.5626365288719235
6.703599576447223
6.437593024455407
5.664664227453482
11.585148612094294
11.92157860778484
10.225076464935885
6.988801068088004
9.496418349254936
12.178261814763957
11.493555333632553
13.102224743012977
7.264504890046817
7.081334142916188
12.66214418037627
8.762462893186063
11.398622345262199
8.022686610787167
3.48294388750436
4.770867730011017
3.5645045073460295
8.556574444207083
3.587804165534725
12.92318943210214
15.612104066521022
9.125153482992172
6.1082209130140805
2.5276329309814622
2.5561468329221824
2.8506363118959857
1.5221566080778266
3.5436455652012158
3.4481205424726427
1.8468800378845895
1.6703947133300026
2.6229093674027597
3.0419075670159703
11.560339804467475
9.352472322566538
5.084840287931586
10.053949991293873
15.252314949365493
16.639686657350577
11.076047459495612
7.792522410794764
5.827053834013696
7.231515607962228
2.28625090273478
11.311972176877564
2.5247385685464407
2.5491777833681537
5.905750225526811
11.228056747587042
4.290524812642043
8.636304139991848
2.7937782304398606
2.6045359829759707
4.337719843871978
4.915611520064364
4.708911541214552
8.10416009190098
3.4650998935774857
2.7173855858288642
3.2385244149823853
3.99666470442262
6.381245266335421
4.007472275891164
4.779623728762489
3.517867969549632
4.666750417646766
5.894710390344222
3.3926533901386393
5.5555611121861554
3.5022880220759696
6.510279756563696
5.83859076424269
3.733326236557314
4.6360412625325695
3.948974909022623
3.628132910249439
6.408274491606413
13.869591852481193
15.293226766381816
9.443900666781145
6.581776204506324
5.331948450218162
8.662606137295416
7.62954871088144
8.394336601952505
7.398215441655094
8.420104581532483
9.675536744235009
11.284146246681699
8.380916897457604
3.257356585373934
6.489821689833616
4.3889177763600475
10.194305440532244
11.604481414755304
12.569374733533756
6.127967135230405
8.364066491687996
9.255208241224262
13.886570785500808
16.15905206374388
8.940402097260305
14.361675703919818
11.075860322372327
13.964084484749336
8.992866636440509
10.074526566239612
13.849369346297156
9.921062832877352
7.519417410686806
5.9442579122259005
8.430680489266322
10.566927226356777
9.458354079922051
10.133579862715829
9.87226568428664
9.182744767941015
9.216181152998391
8.005749308906154
5.20338281774034
13.888981844118595
14.789467699470155
9.71102373392636
8.28038306345054
8.246213451140823
12.784858403840945
14.821427277521398
8.933448474064742
8.3471785789067
6.714027010388618
9.604915800152757
3.691080201016189
7.505637868953461
4.1125056877254975
6.627091774748527
6.22184495086094
3.599809181330636
8.054558731789228
5.613880505252425
3.3177808931752666
7.6251634061136695
5.086671758849206
6.59017271033108
12.176213806783695
8.814499021326458
6.634250399434937
4.001240087575562
9.292935170614603
4.211778380476399
4.534699284614813
9.312532329861513
6.80815116445258
5.627286613526133
8.889262365979139
17.42727213407538
11.513921672965687
11.932046243457256
9.511677918121226
5.669978793573192
4.85356914242042
4.173109088426595
3.3996925026924396
4.908057924290672
4.8051534942594625
4.47881633758854
3.0789697000529674
3.0199822768621543
2.723791154159492
3.3893703567532802
2.6682886517718947
2.976275609157387
3.412058034892685
5.972144677680575
2.898728836518985
3.6186058007647928
6.88857226911613
3.3056061688306064
3.096404273829513
4.288883195706236
3.0337053913810275
2.5398919690575483
2.563124191785074
2.4697868600887594
2.7589189332639403
4.1235674778546905
18.1720201792021
6.692604128704756
6.908940025963195
4.176369164165089
5.549195153327445
3.6465368615671445
4.317163543134354
3.2268760550032054
3.2118046147999637
2.4411170223548355
1.9894938914940732
3.9729020078050246
1.9185007758628394
2.0119702116235754
1.1575062824402123
1.8396657803742191
2.004968640921891
1.7742040819515417
0.7092102559557745
1.0057688054313596
1.3770692470770007
2.114943824158516
1.5406625598993682
2.159006629441608
1.7813891456576294
1.4940072172495993
1.4349631514743435
1.448342367399515
1.718394395657302
2.099321894654261
2.127825943679931
0.7462664292957675
2.864872923235635
1.2169690705612273
3.4453841009008443
2.8056850858773936
2.6781831434512973
1.553267936356542
2.17843933296804
2.1245106836183845
2.424270396448424
1.6723351710342882
1.4044191582449144
1.5290039467750682
1.9149258704091552
2.44868611013731
2.083916827171598
1.1621826460044282
1.5707955386846657
2.077378340619373
1.990951728989728
0.714255110053472
1.6129366113565975
1.5964352085810085
1.809940506470139
1.3702202132520258
2.2797625421539367
1.26396823939802
1.56995904307846
1.3685917480882686
1.3447523255404088
1.8090016294719278
1.5853004800790738
1.649860626035763
0.8689644303283781
2.0075196935162345
4.304897279231646
1.6597206894448953
1.5716083614379728
1.4711683671781826
1.8063147680028198
1.2979780291575507
9.06983936261442
1.7577824101249344
2.634113151542016
2.0934774697452294
4.962130163978921
17.21473464600182
6.498018761814921
8.601227131302071
5.092941239959254
7.2986383534988635
7.187879843170917
5.04997420385863
5.068363720975449
1.811474893669446
1.4198690740324342
2.0465871068565544
3.1576935019892005
4.503407030333316
5.210276969948305
2.518236355360529
2.970961536366746
5.0741887201681
1.3044366898716688
1.9670765726748958
1.4198289505406338
1.6089130365291848
2.0309052334549436
2.061193055360842
4.107142259057
4.063906395863439
3.0749140802936408
19.7113149505292
8.452346214027381
8.046180736189743
4.216611820226693
2.4010524051352578
0.8749956019423528
1.1365816870155632
3.457466798256995
2.2288557648576295
5.738474993952179
5.318543444841334
3.68727615648429
4.52828273360103
3.2893501792123496
7.132361495560117
4.109746092603352
3.56298711369129
2.3159568930656804
7.760645736336619
5.13926857030471
6.043224963554505
6.444275002022195
4.29951075527685
3.4359268330569868
11.071959738985786
7.400297017669144
6.85466388084915
13.795927537883633
16.90025207884352
5.9229339954153515
10.438464273627279
8.87070096159173
6.1337622911622915
6.90796254366266
16.113647862723276
8.39568229626881
11.827509652827917
13.627061408467906
2.9458022304536473
9.541886730449582
8.161797534522714
12.040257273641565
10.216659040811843
9.324326152976642
8.80757137818779
12.228997343956985
6.766846457268008
11.97757297380014
9.998327958223276
5.290155884780955
12.4914553853421
7.268356487686009
4.487739611878853
7.242585203174057
2.6741779676489688
7.405535757385826
6.746369816690089
2.7421917233468713
2.826951717773202
2.590254408947043
2.610840637668616
2.0400880390380385
1.9537262057944482
1.564716765539941
2.5398511998506144
3.591453228256481
1.5329540483426758
1.9940962171079697
2.0030431946028515
6.717488603539907
7.270482569032256
6.8903268275636105
5.193353946328111
6.550910449454551
5.766868415853534
10.1098871440314
11.046369607043356
8.956547739983105
2.646763161908073
5.614888146406538
6.970499863246064
9.022892689202454
5.999180028704794
8.8542998505905
8.828928660256441
8.813531217289105
16.052213684039142
11.344981416223353
3.6035421274740203
8.223518664627735
3.2225900492653894
2.314112093123911
12.829563780036096
5.280781193596555
3.907735181666987
4.364408228180663
10.937486804286308
4.971386232101281
12.075995687479557
2.3962564384746505
1.9644877973241606
1.9170575851196716
2.368265261262989
2.0900500603128545
1.3100779288066298
1.3518084342886465
1.3980565148861022
3.7895266592082804
1.8609884683585498
1.670130610509819
2.4131248131847878
3.6735759999919266
1.8322391915560652
2.4745261576614928
1.6939707967851791
3.5386842222931576
3.04653728665514
2.6214713302235695
2.8415462988399223
2.595060412911269
2.469084115875364
1.840283717524836
1.9973053004264631
0.9903202117780893
0.788551603474275
0.6208160005096353
0.796691753190195
1.9583314475245186
0.946039698598614
1.7837132285268253
1.6534028344580949
1.262015688667587
1.7607042667955555
2.5272434505569388
3.171804417466296
2.509848383035512
1.1543656695003714
1.9309428942118747
1.7271086614596343
2.185821592415335
1.9663963229018537
2.0374451639070044
1.7095165765919191
1.0382518982404636
1.572999412247698
1.331721297879641
0.9847083128416173
0.8462110510376579
0.930548077990602
1.0944650038687165
1.103788149122472
1.2535820380190565
1.7226999143360289
1.1851928287552163
2.6760229099354382
5.47252731889705
1.2657597279765695
1.7577122734095654
2.055036113235762
2.118668047723351
10.037611667007706
2.2418592396903056
1.4153233604247184
2.5564327149014403
1.6231403536976483
1.2008536598943738
1.0593966385072608
2.38072675658798
2.1651819895654643
2.0468877583123506
3.834472042218028
8.5732292971489
4.211744597902613
4.40094347176038
2.003750297248067
2.4652255101600353
2.1021162242422604
1.2776306986850752
0.9481036691713417
0.7607229793382528
0.8226481472888454
0.9459178254963729
1.624703035896004
1.6277760773452186
2.8015000823436558
2.127487241759183
1.708493127315818
3.167161181777751
1.8211371694287586
1.6388114785649404
0.7255463145950752
1.944208166222087
1.9662777954511437
1.5249621218450684
1.6567354778286216
1.3555636610658672
2.3404544472276565
1.4731967603519314
1.9369348252073046
0.9448641737256158
0.9311246805896973
1.0605473571304627
2.077079135260227
3.700920782347459
1.3221953486954274
1.0414087501262066
1.1752806035044745
0.8726332518947011
1.0952262659781948
4.58985530570876
2.2604975081776457
1.1518910777785183
2.8569835708741302
3.4918637958006458
2.2888962351714977
3.1573948169755557
2.270302032877349
1.3973027663912079
2.4444813145358153
10.175508054290875
2.0281919641588106
2.002870253330909
8.13934189349359
3.802957197856575
6.524697544876899
5.537808759311692
3.9312974231087217
12.799689964456936
3.1236140673028983
7.300191272581353
6.578993688066743
3.564989097842993
2.3939823476469706
5.963576253580944
3.051862343847093
1.2095756069833128
2.006175858852679
2.259216905592142
2.1600538209349818
1.558600508609785
3.1777634900361003
3.5729291241126644
1.9040338582418541
2.2517191650204924
1.9351480473689489
1.5291336187594804
1.8946752525927342
2.6574981773972612
2.7381247841752385
9.375589187027717
6.364083005702516
4.131887100475053
7.139723290071133
7.786723644475795
7.609480913616723
6.266723582863628
11.700046718035223
12.125938105032011
6.647981697040002
4.323540673412397
7.3980511512687
2.4996524294773597
12.419531909485581
15.558550130226852
8.08442692418571
12.313139754821488
2.6317833623151765
10.19872719663838
4.372166277648432
11.237411503048182
9.12238353955999
13.958306462463904
14.06576900067059
4.013737657919623
12.644355856915087
4.469922490084254
6.579340494725981
8.491571725216627
5.871642582589534
11.305621704290349
11.703949339301758
8.62186122559213
11.249935963271637
15.15076066753615
5.7305570977570275
3.3823645734980374
1.5140098940950868
1.3851562543445082
3.1399578214864174
2.249665278453841
4.718889840467048
14.637489122892513
6.976261899768761
11.410684502036336
2.6595282588043045
11.262270348795425
11.732777789221315
3.3277530030064284
5.3778539035932535
4.177419744160622
8.444195398289608
7.235982254217108
19.06319777567104
9.461325323866712
4.881358861498862
6.855392601778609
13.352343951647853
14.771917149219396
14.749192585727702
10.4236751905612
9.852858012568873
11.283401052686767
22.36068380248155
4.53643664453311
4.24059922420002
9.051438134521176
9.381857759825017
7.379557695644701
9.29706593749945
9.813432327247074
9.535186310992712
7.30326442304239
8.777078316348929
6.782962206919036
10.982639705626058
14.679253805109088
16.811974469044845
11.710056669141958
13.03297523059312
6.579040206346603
9.121489221129812
13.303365835293572
5.673863594063436
7.656286944021308
4.05081261245451
5.255865384574669
4.404069910666776
5.861974351018917
8.569762382613506
6.599252147284362
3.9419628709960053
2.751711085645298
5.076899293203548
1.9606742419634837
4.1620095323945225
2.9564668563659966
2.195746316524497
2.1651533453490273
3.1891074509867288
2.24757140583876
2.029843834783659
2.460115868193974
2.752396856075993
3.9801991782538684
3.2572638297433976
6.293710339091213
2.4534629103010603
2.321568319122902
3.5247980218040262
2.1256672846347286
2.4110342349749936
1.7934847125066604
1.5040813267935937
2.1850155997937684
1.5956815535989155
2.000756437343309
1.9257150106920968
2.4474026453507802
2.96191954461318
3.2180254728417834
3.2101193819756384
21.21413927826199
7.851357056667581
17.5875255308048
9.881613012230702
13.48084930759587
5.73146065601781
7.089644887267494
5.417916493929349
4.352922448902627
6.9592972053776405
6.285887429770542
3.3239993015030826
4.43220255475832
3.7410752703140893
4.768196105104766
3.625148646259659
2.0540263044935996
2.24314527068191
1.416284277751697
1.4761508277932909
2.2127769008981897
1.6575024164735428
1.3367875073174065
2.043423171456055
1.9317899282974274
1.9715161172070572
2.3005148663154085
3.084134924875846
1.8277002936079003
4.3852265957099075
3.3721630603142563
3.5774303298085237
4.270857982201782
3.1084253892872042
2.994409916110246
2.36519683772073
3.1722369893244813
1.9390943410097325
2.1675676426060173
2.2375092961419845
2.926967975718739
2.9332390030119773
7.818514883286215
5.056440231635955
13.708666183274772
6.9566491509460615
3.9861302824349885
5.934835762144777
3.8213570890292834
4.481105258315674
2.6030055431917325
13.81828690998457
9.616998728109037
10.057214504427836
12.944386041411935
12.08100632031291
12.159486149012725
9.309908468051868
8.138035134378844
7.110388118709865
6.701997107411313
8.457107378690434
10.877255120730608
12.460371832100773
7.00588629884691
7.286213241623845
10.44827445910095
10.267436437092531
6.118364775579492
6.166203179131807
10.14560064263246
14.63737684063013
13.423354468700788
11.692832260796171
9.054624979486661
10.992231931700578
6.352231060774752
8.630563432920436
6.266075683971267
4.9500286237013595
4.536745525002006
7.459415315631064
7.675191196222987
12.685813697764814
9.941218959151179
7.187069478085471
9.85066707864306
7.034820261833343
15.152613499081903
3.6361414989338905
3.2873342902250755
3.862253114887257
4.297431906592221
4.555926687326803
9.410648322685834
10.119357629797555
12.76397276773275
11.309058938176141
10.74509328396961
5.439577947465091
4.542859314671437
3.218166992048696
3.9026672978855204
3.406430238039752
2.1055638401884416
2.8101912967917757
2.3189108382711487
2.808889028655305
2.595480317443764
3.1226768434049625
2.753543607747171
2.688070094737352
3.361496267675315
2.969375874119239
2.5077012322025376
2.1270644760714292
2.339476966349145
2.7042757093681224
2.154807233654954
1.7383701624761407
1.7928618891121357
1.8902326090591575
1.6899539511956962
2.266530994219965
1.8602216635400972
2.2844876607354463
2.338092929422854
2.3170981830796675
2.2993003755632087
1.0826727610980573
0.9373253723375198
2.0233145721132706
1.1327645076414021
1.811033444876171
2.0964554204426573
2.1468637980228125
2.4787958200832505
3.499017175777844
3.656014874909147
3.457547892360909
2.359659140885539
3.769074516659292
2.546299823966888
2.2062364560627765
2.085974235940113
2.0099442203763833
1.679713169571968
2.463464945626754
2.2314514394887497
2.203485873811034
3.486004531519326
2.937614055000115
2.948818959309116
2.6342948065058085
3.8430325339066025
2.703141414513815
3.2490237437822764
2.8663992195877794
3.2893812479793234
2.477941582179821
4.7472824213367755
2.621056960670432
9.193616600678164
6.648864275873615
1.9132068731785643
2.3570742545359487
2.8958583997435747
4.060362979536405
5.215839539798607
7.053462823298988
2.432113359919871
3.2713650300673995
2.5196277528209543
5.896193392169232
3.252871523212293
2.7005069695736763
5.767986473113952
3.567702823674336
3.098239256490707
3.6757954797032766
2.5625133856321534
6.78472413524207
3.0952605647583216
2.2279031983727426
3.2882103167183594
2.422421876633986
2.073237571435711
1.7911380969885617
1.7509387148121518
1.3410095009740939
2.6578232917769373
2.9070672472401013
4.333199525474867
13.461078289477388
6.214502863249056
5.995270532910121
4.839784417213994
4.932082593944214
4.543367136933452
3.4671513727081136
5.103034483826788
2.206641946570304
4.365739652061452
2.6618676712689324
4.9530265645626566
2.80678235941531
10.593015189945529
7.571494823039508
6.3466824534774755
7.9428228976392985
8.35231389160397
6.7078530606246485
2.679730646898406
2.337521900159296
5.787991360088789
4.317732692778462
3.3921208263914124
2.625637994566636
4.031707424368633
2.59853724084161
4.022060982680553
2.818737463389316
4.302906966315267
3.38097765253075
2.406064131599572
3.1876173572363062
2.093939935670037
2.025472155439381
1.8272235059340276
2.2032190431103804
2.071583408229408
2.578546151997105
2.237074321609424
2.4738452365001793
1.8977145601630614
1.7820076815189552
1.7353412456520647
2.5872277134688417
4.909381841893409
2.137760798477543
2.111487644571573
2.022324638807214
2.2411746428945136
1.8290775308476868
9.44014308824313
2.8911457300168473
10.757648798868654
2.7922157462597084
2.503240910316949
2.3436646580130276
2.522749638330702
2.2190046042659706
3.4934339442592894
7.9965752684186295
8.35193641332279
12.874010836839844
2.108831455821786
2.329043655998968
16.03568076869819
3.812618655756784
3.1434968420470533
2.733092008427729
1.9302598178884156
2.3301685596049713
2.3371544364714416
2.112518414069985
6.379720597710133
5.638421467651816
7.749237410435994
8.826623507883248
2.6395537244501406
5.6624659386017155
3.0957500740216726
2.665279516639944
2.832122810684043
2.7074394433612836
3.4297405660308344
4.998055004405542
7.922384895391133
5.79240194018281
9.626530764491088
5.035105696588056
6.136966006054051
5.876202440872261
4.319488755748648
4.4714540897958575
4.152152187924037
4.293904385644582
3.659089044616716
3.7980011743022812
3.729077652058378
4.7405681664469315
6.877848832714173
11.035146650506395
11.252335424583803
7.238430609645387
9.678983064009014
7.910196462251383
7.28544265286219
6.644329820509638
6.852882224873274
4.500527533610706
4.7712529394981065
7.598175932720631
7.567407887905756
7.295557469134687
6.643184504454773
6.816221315298637
7.262931791841245
6.373334376117711
5.047332318375261
4.394546337392359
14.578478379303196
5.146712001237452
6.655171334815816
6.033291080729816
5.768866361967724
7.483139411266009
5.371702591918503
5.621474735582799
7.857126816844421
6.2679421697925966
2.7607331268194666
2.6588160808617607
2.6463892531263804
2.7533105161171254
3.346478090872856
3.8124476882069294
7.373403604070603
7.077353926758714
10.716888649901389
2.8353650752059245
6.319032226466954
6.670026149003034
6.465408259078345
6.638307664057938
8.108633463539576
5.039044060452404
7.190076267069625
12.347098856142654
13.985118555459314
14.500184967950563
13.553172056360964
10.628719422252262
11.397493832192898
12.130989243026841
10.73088011669903
14.14806049933102
13.039447434660662
12.83702750817751
12.079122464531585
16.509391864259545
14.818568389248885
8.07856706154691
9.961829960778484
5.882254170789365
7.37714951648434
8.108153263246185
10.173597802228821
18.221326938773096
15.281226199729677
10.34251351375627
11.643761833942529
12.463460660023998
5.574026558467551
5.205715996010164
13.585389287167697
11.845848942152703
7.098417597558894
13.428823928993115
8.130935091479163
6.880030260129504
14.050956455342774
12.852819858061801
7.201169083323589
12.029124042308394
9.108787468650423
10.150857840146788
9.400785325809647
2.560461318317023
10.984989068514931
12.747723804208613
15.047936221983079
10.927613303041188
11.317912292964937
4.3154004291603005
3.8376073985982138
6.6517343598134175
3.9570068760057517
2.087250893529787
10.367079744229025
9.554340136194325
9.009435284279778
6.715157159248706
3.4469013468515555
4.368330651174035
3.3448242018019605
4.191123172842789
4.431293983366194
3.167444018358202
12.847096865215107
17.285626612730972
10.086371916062214
15.204971705993284
5.734330882143918
8.43772921240316
12.616096428756125
5.5851722106189285
4.052130217785164
4.8120629193289215
8.442925609367482
7.164896832401652
7.65972364581072
3.062404991722132
5.19428875597268
3.624345977770755
2.88143725877265
4.233806880291292
3.229796035901102
3.9714260089147855
2.014657691506536
12.25251505180153
11.579168696355424
6.612463805357178
4.89814399342371
10.31658905767154
2.833016479713615
3.4072364595262727
1.877859565538087
1.6599095991090311
2.910387558755779
1.7060315891489002
2.235750210756989
1.536851004103303
1.6152761621742773
1.4673476313733445
3.057368463204378
1.57600500764404
3.479969212605725
9.143071109584229
1.3965361838957298
3.3666681382173635
3.011054996307305
2.013076927958863
2.4660374435803734
3.1810092905288636
13.114334257037347
4.277176100932774
1.3114464868056128
9.157616191587502
3.231685345960055
10.144619218630277
7.661555174602507
2.7490488068600447
3.4068923202514503
2.000350029212522
7.563518593213028
9.316050465931792
0.9640698227274409
4.1550651747636795
3.0983049699608856
