0.013804376674115687
0.013877761014612416
0.014227837265577897
0.014448284090574123
0.014573479460502548
0.014039942320409999
0.0136170550145746
0.012932530076761858
0.012117949225564867
0.011753809783460351
0.011104133048484389
0.0104927655590376
0.010149949616014606
0.00943636033968828
0.009223951409530948
0.009229405849526234
0.009268373775268995
0.009116524838824951
0.009034282109432442
0.008502515365957959
0.008288432600314515
0.007867272858700858
0.007584469421926095
0.007548727302098539
0.007468817113431188
0.007779330934183738
0.008083014376587466
0.008351436470631796
0.008559427333194702
0.008710049273103995
0.008865877247817117
0.008901568737963297
0.008846805586243501
0.008985883603074753
0.009007103405681375
0.009090981310780703
0.00925579337147279
0.009487828952360389
0.009954023482907389
0.010832241668851262
0.011822641113955614
0.013110879487690888
0.014691113778658876
0.013640953992088006
0.012780085670501661
0.011529487375910715
0.010609602574136998
0.010147549987132503
0.00950616245364512
0.00890817057112359
0.008482073929063208
0.00827163519062856
0.008167284040334427
0.008255715999323147
0.008175017672472154
0.007965892437119046
0.007818395736559423
0.007774156887411546
0.00797612468484615
0.008123206775680162
0.008548319294620021
0.009126389085372204
0.009748093937540775
0.01052170004175621
0.010879726901381247
0.011667602841255708
0.012067363020679869
0.012629661623980529
0.012468219145722065
0.012429497531238922
0.011922650568370259
0.01187288845125382
0.01150149780211929
0.011348250697669173
0.011498583440373732
0.011938881241667879
0.012353298820043875
0.012604014314609413
0.012774435697468159
0.013001245564537318
0.013242240825329035
0.013898187345534597
0.01440156677517756
0.01434666382355993
0.015529973340084949
0.016300087067650546
0.018022344795431834
0.018749556813442952
0.020201772507212633
0.020532668485319854
0.02109899925328671
0.021451309058428094
0.021597642283643144
0.021738893875240563
0.021405643373739385
0.020275114367421916
0.01897459629552492
0.018632183567807596
0.01768949071771769
0.01690479273197403
0.016643233748348484
0.016139324652383706
0.015245870000056616
0.014621494520511957
0.011756092853930944
0.010668740654416347
0.00951204447120763
0.008754716852790119
0.008443076462590477
0.00806395226368901
0.0081777239557427
0.007877349507911385
0.007937176339185345
0.007917564383773586
0.007583917669570001
0.007719705729013334
0.007988307078356783
0.008328829827375393
0.013904287712357955
0.014371348212666859
0.014629029967696824
0.014467535479058644
0.0150675135450767
0.015114262449743168
0.014713118988603082
0.014238277085778735
0.013528353595466655
0.013284592688778624
0.012798699035022485
0.01262424972079618
0.012623591214442901
0.012686134849657504
0.012867400262859999
0.012833622547999825
0.012904883037286954
0.01304685433941779
0.01370075337947782
0.013987402016582893
0.014005545831092179
0.014028462640900968
0.013653410052657166
0.013250125217690941
0.012870839770549442
0.012547734638679184
0.012298706319081167
0.011972724006447246
0.011500229249030958
0.010743578432374949
0.010392201391656803
0.010179644416403705
0.009587242395805395
0.009501404395716263
0.009462725158115423
0.00919824052258909
0.009256901453881944
0.009125586968201344
0.009193930937119874
0.009386926326647945
0.009383925513797674
0.009605645412712974
0.010055377475171202
0.010409147865585649
0.01045850088111351
0.010591600716945808
0.010965245317304787
0.011354367610276
0.011646017987573285
0.012358585291180812
0.013085201735252247
0.013443433301074132
0.013892638676325727
0.01431859254962566
0.014432224684751582
0.01428185729355369
0.01403347836728465
0.014003608974317272
0.013995139595797724
0.013653078361780785
0.013370296072381405
0.013358388910371322
0.013306506271260607
0.013362884918088212
0.013351998516174787
0.01360697667014297
0.014348217762487566
0.01525577540567356
0.015735284333835465
0.016390934180067825
0.017071299280891086
0.017319484545397196
0.014195564531966853
0.01297852253241738
0.012132578533672493
0.011450374402748705
0.011144617095563554
0.01053663109160136
0.010439943719687018
0.010279577322030446
0.010067079209131092
0.009781154491222745
0.00991308161587465
0.009952467226325189
0.010233204253763745
0.01082347589884775
0.011605255704881768
0.012515948369592186
0.013535858294497933
0.01448929022104565
0.015224446685401325
0.016223819602681815
0.017214992955899937
0.013515395600840422
0.014441762475107398
0.013538049954056039
0.014412822281723534
0.014737823283516496
0.014877872696800118
0.014969209433022376
0.015084757013002353
0.01509544131629939
0.014328907949022168
0.013971975026247252
0.012763167725974097
0.011592899917399513
0.010530602164325786
0.010099242748217798
0.0051416861253066335
0.004828404944499091
0.004154447541268402
0.003922453423217139
0.0038552977552873133
0.003764572436172261
0.003912080427644608
0.00418525286807777
0.004375978465514379
0.004341183507751216
0.004505019796500363
0.004438231324373482
0.004343836772197631
0.004433061520069572
0.004524759115209692
0.004643609980125585
0.004846532894348077
0.004938764654608431
0.005150083944788851
0.0051493948741249095
0.0054158926939099706
0.005369415722552988
0.0054549154968250016
0.005542846682355173
0.005735370745156662
0.00581409358733021
0.005983884197661873
0.00598465901694988
0.006118889893104421
0.006220266986901149
0.006208270921141559
0.006264047619957976
0.006422958921010208
0.006482265009442904
0.006952399538020229
0.007305372090834854
0.007432247298489377
0.007698788099976752
0.008204156813155904
0.008505344005041165
0.008660530702562345
0.008910108223374524
0.009210737370411417
0.00997063236186303
0.010139492701663423
0.010789934010403386
0.011570031199403882
0.0118677195013342
0.012582198746375015
0.012657406857132292
0.012013092402395228
0.011633169874277746
0.010699186011243346
0.009976700166788574
0.009662008946839473
0.00922118641308306
0.009144025352849628
0.008755591024869731
0.008568612309204554
0.008171724205462975
0.0078092206047701606
0.007229923617768491
0.00672399888330133
0.006431855551397072
0.006256607210481194
0.0060982716615232396
0.005940504715980493
0.006090033537507533
0.006440374745872104
0.007123465139402496
0.0075012058102211215
0.008527684068464119
0.009838730306087336
0.01084789423352889
0.012881582578318673
0.01516536722475068
0.01472293867657037
0.014053692633593943
0.012654725554197702
0.01253382226460451
0.012015019718062708
0.012241175408657132
0.012554165986562916
0.013129033949552676
0.01374513448705535
0.013925580992113907
0.013721449017837705
0.013781130716447567
0.013437019637879577
0.013703662980800491
0.014187976617944359
0.014344032206614777
0.01512809020095852
0.015765525662331668
0.01662280164884828
0.017062306356188574
0.01793383747132914
0.01822850851297347
0.018445496953841584
0.01814456491582691
0.016903744378256185
0.016305932519008137
0.014805450587021202
0.013457492615561692
0.012429491323595165
0.012025389830276362
0.011330194797929795
0.01105453296757119
0.010976119136446003
0.011179935704501027
0.008856320662647132
0.009231971787874686
0.009836513589348327
0.010118548810983247
0.010898141026792577
0.011158265889668692
0.011558604861301006
0.01157858766867658
0.011192567213559951
0.010925581567728597
0.010287645207870864
0.010201184360659244
0.01003349031877972
0.010110509590234767
0.010297296698531026
0.010468422995816868
0.010986752143241917
0.011114261608643568
0.011509840567017798
0.011929532441777977
0.011955720719057173
0.012143900045632528
0.012233205477193755
0.012003463590031545
0.010739516268893263
0.010049105548335564
0.009760904193284944
0.009408178439982285
0.009349474387851527
0.009107011596046936
0.008939312515906173
0.008863771936719368
0.008826180287278652
0.008746732181621988
0.008630891512026981
0.0085277474848508
0.008205060663283636
0.008116998466351643
0.0080445505908951
0.008160769913524307
0.0083805564456576
0.008829139581001174
0.009030159546352817
0.009774011403108362
0.01028931773477083
0.010609094273798525
0.011471361743385745
0.0118814936245445
0.012617366327481744
0.01285923188549295
0.013533467843351304
0.013880697854121316
0.014320980394253358
0.014502882122746173
0.014871216100542256
0.015170324426616616
0.01558334873034567
0.01618859459919782
0.01697142432707436
0.0176458402166744
0.01853329559551069
0.019256598614123085
0.02025506854070254
0.021150812952514773
0.02205904357217037
0.013362129724053253
0.011544420413863207
0.010954749186273415
0.014118368162964166
0.014108169143965062
0.01334164248291161
0.01262172312668405
0.012434758977301041
0.011286758522893767
0.01061559610446485
0.010156069896392273
0.009063089458518834
0.008156341362083661
0.007344907898211013
0.006951482182360909
0.0067025348897373355
0.00656800632804449
0.0068810960013668794
0.00707903764010732
0.007475091215665345
0.00833945449124933
0.009946590564001984
0.010873054232642673
0.01205905593477798
0.014499123802395732
0.017081310066392946
0.018541344515616384
0.018848196871760148
0.01816040723292116
0.01767608406809096
0.01668030696749699
0.016231252963055966
0.0162539572369216
0.016340581474189587
0.01649281060412837
0.016876073590542044
0.01722714067691524
0.017490699952303367
0.01797114309308307
0.01812054161702396
0.018676418251677936
0.018838501108771513
0.018918331398978395
0.019047371933508462
0.018980351643006373
0.018718117198590206
0.01846547849686763
0.01826391757861979
0.018071495451684856
0.017607042420770467
0.017469338941194575
0.01689617653699685
0.01600654199439925
0.015583645918762257
0.014476488145016387
0.014064611748406685
0.013135629322522708
0.012647956228877622
0.01251779113094519
0.012039501761471422
0.011911854666203519
0.011572866329235229
0.011495774296472864
0.011052899923058097
0.010941575176949079
0.010615813766524233
0.010086459038805652
0.009707268118650905
0.009364412330918911
0.009127096689755617
0.009093097058643888
0.008837460202723071
0.008816671837813497
0.0085908536071676
0.008395440874447643
0.008411870262818266
0.008670030643828671
0.00905739624426625
0.007188795556076442
0.00686278245512455
0.006670566429505312
0.006697876693752261
0.006849553965689941
0.006732771959345107
0.0067951665521878025
0.004685754027274553
0.004395360275780037
0.004258774406019401
0.0040661773224544085
0.004406885093269601
0.006770113046446003
0.00678217828001262
0.008588568192757945
0.012528552456078418
0.01892207737952723
0.0069410015311080694
0.0067001889077620055
0.006728773572777657
0.006671828530590007
0.00666311751489518
0.006858265014970173
0.006783004219383729
0.006942495992690706
0.006905308814488599
0.006595897167861085
0.006597180579577968
0.006410915338110393
0.006366426676569848
0.0062086857181266625
0.006186609026620748
0.006326489247774232
0.006641231455586902
0.006988206613841129
0.007285356342198526
0.007994993592185497
0.008644388987549868
0.009354548541644206
0.010106128418825796
0.01078096638962008
0.011500776709388984
0.01224823752651128
0.013180070191487134
0.01430366129606736
0.015299477917873195
0.01668913775037808
0.018139372660528848
0.01971233323157549
0.02108929209176476
0.022758369005938698
0.013067834770672457
0.013288673788037487
0.013748706881918028
0.014083409486513949
0.01458352741110382
0.015466735409056149
0.016641579062122443
0.017798367070153517
0.01880018283818794
0.01381616820276527
0.013257762215250263
0.012746224895709687
0.012455048362917616
0.011845526013016403
0.01167747472332183
0.01143961619061366
0.01114502998731093
0.011129106439278735
0.010724061238299139
0.01048830076781373
0.010274832342290279
0.009951616202920866
0.0100079632829316
0.009546761339532034
0.008536923823080456
0.008258433554380312
0.007888132564799808
0.007715226222714344
0.007690745964535052
0.007487259879614691
0.007640163003525426
0.007591498664707724
0.007545641377158035
0.007208973527200485
0.006778188685100879
0.006729343551786733
0.006538485002505994
0.006339156853873049
0.00597791570035843
0.005417736037922595
0.004864663768753507
0.0045035208568637766
0.004346582226176264
0.0038008476160951202
0.0035420535316923194
0.0034482201776531414
0.0031790806985827107
0.0028142259995652843
0.0025850427884293297
0.002282394696301977
0.0022826557809075125
0.0023047463869738903
0.0024263770812166527
0.0024780982242159954
0.002723415363759444
0.0028107769915782337
0.003055637690922547
0.0030146749732416255
0.0033346806831150906
0.0037320058865248857
0.004191011402297313
0.005057888681285224
0.00609137806226725
0.006644842701071622
0.007849660583658876
0.009246979139206423
0.010936217394301232
0.01194962215641285
0.01096690620478431
0.010120450635397247
0.008621936735166924
0.00723902961389295
0.0067035405602905275
0.005820646727447632
0.005283515115239805
0.004977103942591829
0.0047732258280622445
0.004963909424641479
0.005134210203954458
0.005434501750505043
0.005813533272725079
0.006059538066162101
0.006477150809193276
0.006738170275037221
0.007069403573560863
0.007432326826097599
0.006959945972033606
0.006853590631655611
0.0067489168824556595
0.006703247784088058
0.006692063419690923
0.006699263236883976
0.006615755621371728
0.006549995603378015
0.0066286417507798135
0.006675129042514693
0.006673351753904172
0.006634615667642452
0.006539796841877228
0.006556284005789327
0.006582048342759189
0.006590868832357965
0.006710431890349246
0.008038745377414964
0.00835057130561735
0.008128613481632876
0.007947105250754625
0.007857333453204385
0.007795977497266189
0.007998082569006634
0.008394865115229338
0.008694319698441939
0.008876324801323767
0.008980017174845003
0.008931572111980843
0.009042912141579713
0.009140876850297639
0.009574050691620751
0.009628015018914023
0.00979735847332763
0.01013884899217474
0.01033124237206778
0.010386662802861999
0.010199576667003737
0.010291504031034869
0.010495565910480351
0.010705700600670073
0.010891155345978261
0.011397156193216284
0.011706857536987253
0.011957702104567255
0.012230903142061962
0.012943613248902325
0.01222869063490942
0.013476307933660846
0.011646431178270236
0.011586762546005568
0.011519642243989051
0.0116278681063245
0.011728058162221446
0.011864994889932362
0.01203877882137716
0.012267380975422989
0.012471609358126403
0.012689063371586212
0.012956157726093657
0.012964643360572518
0.013027250074162163
0.013268234950358296
0.013341079954471414
0.013456219056922842
0.013461712154412973
0.013248263376555677
0.013121224896793501
0.01292027982317486
0.01222693615548504
0.012042493241023543
0.011505147579892176
0.01141633004929708
0.010977892758495398
0.010600662507927166
0.010544901151742283
0.010461723011146718
0.01033961237301447
0.010279802531061033
0.010183507703741759
0.010341402323359478
0.010550757533309878
0.010948705668749727
0.011469292264170724
0.012125206710732342
0.013223514553487779
0.014389355738475069
0.015083374302421255
0.016567939596203195
0.017882833398474563
0.018703774062607058
0.020298811082168192
0.021538168390945453
0.021743987079053194
0.021528468018649143
0.020949711881875114
0.02009273151810634
0.019871216484945387
0.01905805730620638
0.018720888599971362
0.018550409302592295
0.018754430793591747
0.019035465467638752
0.019394049096300724
0.019627487462266564
0.01981209523075491
0.017136748322779068
0.016122740058060133
0.014823087250328455
0.013798987473081739
0.015092026770031824
0.014520668935336056
0.0148234652651535
0.015522989166550838
0.016289121028723486
0.0172445461798881
0.018395727997236624
0.013753003717003906
0.014000278676685494
0.014281668020618424
0.014614334784903496
0.014897403296062142
0.015315714061397489
0.015556902448170911
0.016130325426890087
0.016862438335004712
0.01764061869276528
0.0186236149907705
0.019611673054538262
0.007872111394666325
0.008406253491675477
0.008738072901983345
0.009226201383929926
0.009488737751353083
0.009683601348873012
0.009774919659448246
0.010259297836028714
0.010076196579216379
0.009861915484006029
0.01008536188123816
0.009132739778330201
0.008999061543136292
0.008744734253217326
0.00847680592010297
0.008478827610643346
0.008270834423025739
0.008407690305168632
0.008520333432216408
0.008918801370622608
0.009037888012616553
0.00925048806850476
0.009562182528113973
0.009913186305885991
0.010109003052838399
0.010286344687741955
0.010331743605918797
0.01045671411955756
0.01076621978668768
0.010933515808436944
0.011036902309171183
0.010938774499293511
0.011093439352033174
0.01100911202857274
0.010925732285312472
0.011086250316589299
0.011061747688828966
0.011181289361995769
0.011102180362276884
0.011267250681128486
0.010964273232100849
0.01092398228133604
0.010580978333489276
0.010438890720043083
0.010352528085726877
0.010543810291809341
0.010733771658492723
0.010906101306478455
0.011199716332281551
0.011349064481306516
0.011417245874388353
0.010972055745102748
0.010700427059923618
0.010152243826452509
0.009936869671509484
0.009785589411449571
0.009931547480235966
0.010108255204401752
0.010240619166116554
0.010496941264242315
0.010948348329506887
0.011555957155713172
0.011979781815755902
0.011977616503005262
0.011640986038446623
0.010628526085032664
0.009374267680647605
0.008283485244389837
0.0076509978251652925
0.007391255526929566
0.006898055092849201
0.006851323861733698
0.006672064877442291
0.006688424894956711
0.006728985609496478
0.006718468677002054
0.0068519128748439784
0.006778377756502693
0.0068266003847999735
0.006910625342743085
0.007029548512151063
0.007095988918683104
0.007308921227742968
0.007422285230498338
0.0074450604607992354
0.007715061180498588
0.007887386445232824
0.008067266282150428
0.008280708104190106
0.007934701205967341
0.007702049417457108
0.007598023653057959
0.007651057465089296
0.007679594840160847
0.007847859271694247
0.007928148387262243
0.007945729603217898
0.007917216420045392
0.00783322009702394
0.007762955536297726
0.007834677367334534
0.007972393321300694
0.008372769671546803
0.008540136801692104
0.009129221858963001
0.009835599476254907
0.010148353566395051
0.010430048225308474
0.010172216240159368
0.009981837191030036
0.009452849234592277
0.00948823225741926
0.009557935288747259
0.009698716798825929
0.009751801056793635
0.009463142479157048
0.009233509471212273
0.008993096898384928
0.008683830603566051
0.008218088117008887
0.007871953454955043
0.007845579914137746
0.007671114142528285
0.007948747168635476
0.008075127675325807
0.008275192562112456
0.008520398729310251
0.0088003759463827
0.009247562834132132
0.009893265022793815
0.010295492053933892
0.011047739782739837
0.011828578078003815
0.012375723818696968
0.01353417959119009
0.014413701734052792
0.015596543758495698
0.01682654846167811
0.017653480138447024
0.01924589822988042
0.020461165467377453
0.012906354828198897
0.013371753262702549
0.013912051165108167
0.01398564614960066
0.013998405008860942
0.013735418477870567
0.013503578778657604
0.013311707250161833
0.013278136785604114
0.013253259318023236
0.013465351655703678
0.013821575495058558
0.014367680527559584
0.015043693166028976
0.015624950062270031
0.01625905238237737
0.016509823535913206
0.01709654337007472
0.017449366571882945
0.017688031570869487
0.018211384468087913
0.018536354289313894
0.019010809676022124
0.01992035899262738
0.020473916389386244
0.02167864537491803
0.022252291879204168
0.023433320961154115
0.023749444974990486
0.023772023262619936
0.02324341448071529
0.022973994116863343
0.02221657115763707
0.022340221609907583
0.022149078981866934
0.02191620889173749
0.021479978183959414
0.02167752796123013
0.021807841296252264
0.021898139449525574
0.021486284753935693
0.021507818615762887
0.0214142126604093
0.021377207871779377
0.02121722069659957
0.021393417080660983
0.02130154043490977
0.021222653098139234
0.021227774481731757
0.021044285197502847
0.02123665442225352
0.021113191140060335
0.021352980567004656
0.0206824722247429
0.01984984878885397
0.018418042239560575
0.01777003592830949
0.015671020274293297
0.014353624601904976
0.013554591982036249
0.012414320971785709
0.011368289274060927
0.011733401690329215
0.011438983040522736
0.010602148085925253
0.010449085232692572
0.00995335378929406
0.009775429242246989
0.009048258817306138
0.008941247888328603
0.008964222206170096
0.00915815956273848
0.009350370116451538
0.009393783748930467
0.009672049376266981
0.010111809717525911
0.010375745217252747
0.010922434932836917
0.01201531359516753
0.012660919934994139
0.012577183940741015
0.012174619664646663
0.01203571941552872
0.011801443161573031
0.011431330079404677
0.011065490356389906
0.010323777919925534
0.009894949282974972
0.009840367752111117
0.00962410439532837
0.009767381338248617
0.009909479814059194
0.010851897206476993
0.011417305116640592
0.012483255751198923
0.01325076129455865
0.012791780381683793
0.012176576874539375
0.011497369593497807
0.011142563593472455
0.010025503149438359
0.008879672072178912
0.008644213171929373
0.007822987395457042
0.007625836543225446
0.00730404614224907
0.006721684408884402
0.006250623974202428
0.006203867830264635
0.006165368367328167
0.006117691025326989
0.0060133272155171785
0.005891631906198872
0.005967904866209008
0.005692640104551906
0.005619353770308271
0.005668335494744955
0.005573620492690491
0.005411654348150252
0.005350570683631545
0.005124141573047379
0.005234708844242502
0.0053390139694441474
0.005500756809630308
0.005625118986917846
0.00589077796608255
0.006119378840966071
0.006542063272711797
0.00679771413224998
0.007225987951693058
0.007739079840362664
0.008079580725258544
0.008419791241839026
0.008775337257949385
0.009124716257804512
0.009419346064223719
0.00993300777819164
0.010267988253424386
0.0106682333613401
0.011165513001059654
0.01155302012496124
0.011883950064135066
0.012088314662191766
0.012553148932462215
0.013015811578054148
0.013609481481741792
0.014245392833072612
0.015299413780336543
0.016247825623451305
0.017256493734243112
0.017932323754115125
0.018452647929090203
0.018821182116671137
0.01919263875181803
0.019731048401633297
0.02022580628056061
0.02090162249036331
0.005241298584224308
0.005276156411352493
0.005251904624610233
0.005064039543561303
0.005473079029154632
0.005695957450788409
0.0058120580169654015
0.006041077172423061
0.006029033605300981
0.005686725430945538
0.005260844097519096
0.005078343664320045
0.00468173418726167
0.004465990686887784
0.004308924336982593
0.004277367125820618
0.004236622313727895
0.0042499942953092154
0.004275696360628506
0.0043618116016639645
0.004438393134316642
0.00391755154645078
0.003899325673690381
0.0037539559266047636
0.003675425817411629
0.0037284200334355465
0.003772177872670982
0.0038729198376496006
0.003939848624730685
0.004135186115273831
0.004340570066065753
0.004340623796862576
0.004520473360964522
0.004618847729992025
0.004806567804362875
0.005064253875144068
0.005303217591451699
0.005525877722400684
0.005739768808817659
0.006110688881540371
0.006340187215007643
0.006578788318377856
0.00670880081567893
0.0068888343658031785
0.007285386265876759
0.0073959630672314775
0.007483351984555421
0.007649090141713548
0.007872488297773442
0.008060601543136292
0.006310183241198983
0.008358476357595195
0.008959547449912312
0.007032797712111405
0.007253546279846102
0.007214704765830013
0.007532755721899191
0.007701204273982002
0.00795621507705278
0.008187885992311668
0.009682023680870401
0.003248676970777272
0.003267665049330684
0.0032615030181944284
0.004494767257801224
0.0032539058855611735
0.0032469035866310573
0.0033376481205288334
0.003521676944796607
0.0035470874409030996
0.0037596491281435317
0.003824532546686815
0.003925039068212151
0.003960092359451693
0.0038029832397537813
0.0037189843910897026
0.003606265826615321
0.0034685870730338233
0.003364328120850274
0.0032651947341111333
0.0031346732023541128
0.0031305366395310056
0.0031690263164735714
0.0031017564335617752
0.0031507502316856636
0.003116202975250856
0.003108404729399844
0.003067983504201176
0.0030544723701119453
0.0032033701973348434
0.0035271089795709553
0.004014273641689819
0.004181160294193216
0.004440194230089994
0.0044233266139031445
0.004438779862189754
0.004026257642713948
0.003627894753517093
0.0034003665688828373
0.0029111191749463974
0.0025442146375701863
0.002326637997469359
0.00217674976957257
0.002156129611088623
0.002223584863380009
0.0022020895374625466
0.0023811354940342032
0.0024761959311567017
0.0024537253325103026
0.0023871481978697284
0.0022832807076204834
0.00210812497884852
0.0017617647091701708
0.001349258683207777
0.0011653836096671695
0.0008550907196611515
0.0008343436253444487
0.0008526531915373116
0.0009272874926979015
0.0010010105282838315
0.0010544757136712103
0.0009949261758478798
0.0009212891481677424
0.0008947107228817312
0.0009058453134329365
0.0011045909817502795
0.001320225394472453
0.0013830074246399906
0.0013892125882890342
0.001289914103466911
0.0012392879133258342
0.0012339381980955068
0.001184312489575201
0.0011326794179563483
0.0010110270339764732
0.0007702149688941763
0.000659020660044614
0.00046383004809629646
0.00043802166006393745
0.00045757087774913913
0.0005023353980277748
0.0005532571359699214
0.0005863100458709397
0.0005745993665844558
0.0005424264169333385
0.0005393101826847146
0.0006424603370815023
0.0007970002941044847
0.0008740278413346622
0.0011198249707938944
0.0013387213077398004
0.001401806493200421
0.001549120311530233
0.001725781892602259
0.0018693216417709029
0.0020015803786073154
0.002128085888528131
0.0020785273837626763
0.0021344888046871545
0.0022714247332901944
0.0024923763803509683
0.0026739379204716632
0.002767981514997757
0.00286460659745104
0.0030233229697939445
0.002980603434097098
0.0030518619252980295
0.00304046231947963
0.0030419072663433275
0.0031034743770103324
0.0032778287019360627
0.003196140472383319
0.0031499390272198254
0.0030981779952864775
0.003037985172827975
0.0029652209292600823
0.0030191543817428114
0.0031100675930350852
0.003276858381742527
0.0034946204953153768
0.003851721633684717
0.004068995831042578
0.004510090621683954
0.004925534563665998
0.005105443102594434
0.005160268484363078
0.004872365363760569
0.004690458908663821
0.004232631064414382
0.003810594472735031
0.003746665372939142
0.003554730434521124
0.0034467855069372443
0.0034753011668467795
0.0034879056256709286
0.003512826695551982
0.0038459917256830336
0.004208680562121989
0.004608122789053479
0.004717718101711078
0.004689422993899661
0.004507257146060909
0.004266445814530539
0.003963076991180262
0.00384519214477842
0.003739880636009553
0.0037522374920864014
0.003787446739490974
0.00402619087645867
0.004044791864042475
0.004265257749906997
0.004462213819941373
0.0043614090700687036
0.004349606279570961
0.00426177501046777
0.004256728821805314
0.0040229401239490915
0.003885189021736479
0.0037901272549990496
0.0037216631752590586
0.003810303025944603
0.004047789515358699
0.004202010376469089
0.0044464563980629885
0.004585283039239266
0.004680568172399371
0.004721193228560984
0.0047195346210082345
0.004678453851930985
0.004591590989737295
0.0044893429871772075
0.00420349581032006
0.004117902284533173
0.003983679926544729
0.00394671003199131
0.004034129121634467
0.004120720724991613
0.004171547064590277
0.004314565645699401
0.0043296025091162675
0.00430611714535485
0.004184203137460095
0.004016963004398712
0.003917671885304604
0.0038825629448245606
0.0038907256998850135
0.003939484675208106
0.003997908145864279
0.004108516197932373
0.004245305189866686
0.004231752162059964
0.004305460839874604
0.004349157472644446
0.004296352197155655
0.004207540801889168
0.004154397117019112
0.0042173880853313105
0.004313817873813694
0.004417327044368433
0.004459237960379147
0.004708531490173834
0.004859005334083399
0.00500016604010543
0.00515421269726834
0.0053098008435068815
0.005364077215697592
0.00554230472630904
0.0055063125854178125
0.0052577987126761925
0.00496741073708957
0.0047751040600029285
0.0047367652826396465
0.004710035491227263
0.004739617033893482
0.005026149634459828
0.005268110353650341
0.005361789638640214
0.005542254743307538
0.00535276022107347
0.005063273788027312
0.004207641224838681
0.0033779127817600368
0.002853212037389152
0.0026110115423753468
0.0022522001843489473
0.002005998170596904
0.001819899520939694
0.0017477548275442946
0.0016415753914033235
0.0015689050676667767
0.0015717914404250269
0.0015019905016756762
0.0012806729952075091
0.0010276826178408365
0.00078307819069266
0.0004702329847823974
0.00041070164036393795
0.0003735167210067594
0.00037545784078100357
0.0003807837220008886
0.0003819863870136938
0.0003635960098666611
0.0003903373671936611
0.0004213224621098475
0.0004398515131995318
0.0004375505250434745
0.00033402712351218993
0.00033462600162947263
0.0003661499436674175
0.00038264267975645657
0.00034696827001787597
0.00028640758385379265
0.00022081444605423703
0.00014591385517666447
0.00010823085416526774
9.388872064907501e-05
0.00013516755695688169
0.0002535848753200105
0.0003108163961390296
0.00028853954934297447
0.00027028107625774717
0.0002615491095969257
0.0003025876338137586
0.00032579667113286965
0.00033931971639384543
0.0002751602656765809
0.00020684846961836547
0.0001652714775258652
0.00010116728980265781
8.007758734321107e-05
0.00010548494621040337
0.0001453780385782556
0.00019283267184857134
0.00022850611828601305
0.00028270598873713325
0.00029897594986812495
0.00035279684528258866
0.0004329485876818316
0.0004524032149642544
0.00044281638739800176
0.00038755713783705814
0.00029863485943058376
0.0002576035600103232
0.0002591690096844923
0.0003070557771689352
0.0003290813293511023
0.0003672248906830854
0.0003871280232272254
0.0004022412463154667
0.0004032642120275074
0.00044788351487413226
0.0004652048277104386
0.00042551639645733465
0.0003383664786809048
0.00021785355711158023
0.0001972210300880863
0.00015211929573568953
0.00017589734200664024
0.0001875106972274167
0.00024371364601252315
0.0003219671293539068
0.0003907301506949824
0.0005071415228103448
0.0005234166599074715
0.0005678594013780269
0.000528266228610871
0.00041854704051310997
0.0002963419479806328
0.00024230605576708417
0.00016586879238368455
0.00012582011328344533
0.00013123029297718003
0.0002013287825391729
0.0002804248930316026
0.0003646620813352895
0.00039133845092272714
0.0003772827761015087
0.0003654639969327031
0.0003495045336860501
0.0002364321932446743
0.00015234227989318252
9.825295178589545e-05
0.00010169810280098643
0.00012350004073582703
0.00014967001966844845
0.0001701726759663447
0.0002551888842494623
0.0003511315976364747
0.00046043848882124804
0.0004915951348256623
0.0004685133342611377
0.000416920678334464
0.0003686586853228428
0.0003399428412392305
0.00029865869843120473
0.00029343654426647965
0.00029644047631503497
0.0003759450373686703
0.0004307209965117518
0.000444102498262811
0.0004756272999314375
0.0004916806707704012
0.0004437600741065922
0.000467982189977129
0.0004467247117616459
0.00040806633504025813
0.0003333376028427901
0.0003399654475990879
0.000364007628394803
0.000438985608491995
0.0004772109380697046
0.00044295443103259293
0.0004334656792005467
0.0004036085479769546
0.00038089756000954383
0.0003612535726107146
0.0003183169544030117
0.0003258254704320414
0.0003167081747017808
0.00033130191765305456
0.00035687381843203564
0.00035048414160193203
0.0002724334714111575
0.00026894364884718665
0.00023945142155240286
0.00027341291494710273
0.00029827424648265634
0.00034085192195447813
0.00036722301996976636
0.0003542382092840381
0.00037614362451360354
0.0004323812795376733
0.0004780112986269373
0.0005003685269056063
0.0005160426624725668
0.000448640646447381
0.0003257261334263519
0.0002977089720958172
0.0002916015599206044
0.0003148381630241351
0.0003314489259860124
0.00038972911307030774
0.00045435939211351797
0.0005149087318747137
0.0004706344312746608
0.00040579948763561183
0.00031578455171470815
0.00025061488108423137
0.00020141674493869016
0.00019050098498883447
0.0002049920299099823
0.0003821510837201397
0.0004956081131381331
0.0006928819141345354
0.0008456807728570153
0.0008970623389061155
0.0009679600577372566
0.000986711097040534
0.0009498550967599734
0.0009427107152120328
0.0009174541630903967
0.0009673781104812338
0.0011251064727167426
0.0013989359227241389
0.0016876396307920712
0.0018555834674062774
0.0022247871053406613
0.0025603306846656215
0.002849933818003255
0.0030022570447058826
0.0029638368666312902
0.002914697240417724
0.0028536213089025656
0.0026948850983846495
0.002614697710639954
0.0024824627493122637
0.0025327909109713834
0.0027516888660584593
0.002837484767315086
0.0030053502590777744
0.003178383341117296
0.003260784415501045
0.0031498896580305796
0.0028952302134431624
0.002646601931963453
0.0024303318505913955
0.002055717464664733
0.0017458770585652358
0.0016784615755761575
0.0016162809526625386
0.0016518611592840665
0.0017611034300150322
0.0018445711312529748
0.001956164041375173
0.0020133335616201757
0.002149252399311238
0.0024023553360540454
0.002302470275845794
0.0021987352644206185
0.001995168366927402
0.001909263860321157
0.0015538960188485557
0.0013790215027504348
0.0011322753324697226
0.001004072444153775
0.0010256032904974839
0.0011536707778741226
0.0013000704595736317
0.001514066643580702
0.001592842352458454
0.0016903594783084894
0.0015734658534679446
0.0014880596556735167
0.0015005854039782515
0.001448833985870452
0.0014371162172292333
0.0015558856506580011
0.001667044731088596
0.0017998188654394232
0.002006199065070419
0.0021998047022797427
0.002406557550742666
0.002528877506349351
0.002633090979448818
0.0027033892551917784
0.0027006817884621627
0.0028091097831594966
0.002917550476190112
0.0029924848965021196
0.002914206177176119
0.0028318710139604167
0.0028065387483943082
0.0027793373467468415
0.002946925042032881
0.002963482009737501
0.0028682100283309994
0.0028695551363789123
0.0028318371264480094
0.0026105381771719563
0.0022464999622986105
0.002090117399257247
0.0020085271321079465
0.0018236398999934348
0.0017623215617799562
0.0017606241239565418
0.00182058525456406
0.002008275126698934
0.0021485360863393896
0.002139860331154245
0.00210249880535092
0.0021208715836196898
0.001974955357822813
0.0018401697607871724
0.001698360684809688
0.001558203605355348
0.0015325594472351991
0.0014746987308958295
0.00144278471683501
0.0013676580747274234
0.0013595564760952171
0.0014188342854362086
0.0014914019201600483
0.0015322740082036866
0.0015095263467833759
0.0013487510954069831
0.0012321067720400488
0.0012013365167101457
0.0010278251525238124
0.0009838741977024575
0.0009561240850697742
0.0008806579843292067
0.0008692386538915155
0.0008559169912929447
0.0009215979555973637
0.000980497186135122
0.0010182214738103496
0.0010086575890560106
0.0009427421344943502
0.0008599443029776686
0.0007070862363216185
0.0005908524362294317
0.0005024197421839312
0.0005610524935641533
0.0005701700109880539
0.0006556572430697508
0.0007558883199935246
0.00078990812944678
0.0009712608381881224
0.0011807030927177714
0.0014170602566905732
0.0015065999089188284
0.0016561591658772578
0.0016665984087107504
0.001659865539557479
0.0016622957931529004
0.0016227978463434329
0.0015631905139945341
0.001481577119585931
0.001398326880255638
0.0012841657728366012
0.0012736121173560306
0.0013479543344803873
0.0013718409792823302
0.0016158323328596413
0.0017793857619099439
0.0019095449951024197
0.0020235128090096734
0.002134551383893793
0.002198499657941083
0.002231183664605818
0.0022002303987859093
0.0021701159062422924
0.0020425191436818442
0.0019287488981979788
0.0018406724042272491
0.0018335160475442275
0.00192933844657174
0.0020683706036308384
0.002257486642470017
0.0023224283619422735
0.002548922032294475
0.0025768081664131253
0.0025152952160163488
0.002365118200913776
0.002150092723933559
0.0020178553781385286
0.0018264741107697445
0.0017723773138026955
0.0017626057258537658
0.0017299094063327838
0.0017245494326465782
0.0017817274460158329
0.0020093917753559523
0.0022918510276315703
0.002294980428995871
0.002386020509221031
0.002443410356449881
0.0024775111422476333
0.0025330423698990473
0.002538036437732054
0.0026065678250987196
0.0026486568808840485
0.002689848765304331
0.0027844189098468154
0.0028043014326333826
0.003040388072959915
0.003110179683970873
0.003049853014023296
0.0030802133522931097
0.003021734628272306
0.0030689705355566193
0.003054797269636345
0.0031826476810597358
0.003253647001376853
0.0031704654554240925
0.0030923739156479726
0.0030031823953216032
0.0028802153261509355
0.00285903334501707
0.002708267925317775
0.0026320628963971584
0.0025187448927370317
0.0024265368979239374
0.002444577794408967
0.0026345525953852117
0.0028201257940653835
0.0030002257100094727
0.0033660149029238577
0.00395396906618393
0.004520626110485783
0.004941842320387874
0.005108202644898222
0.005203395611523323
0.005193079148508084
0.005191988575705536
0.005256203122233247
0.0051530132742558955
0.0053304157313238875
0.005388466615754957
0.005681528036736179
0.006044805356746455
0.006617589787394081
0.007212303002157422
0.007800199973227051
0.008266416179710058
0.008636656733140137
0.0090980275288825
0.00968465064494661
0.003278215249751336
0.0032469647774153363
0.003262719415691652
0.0034698511977561907
0.003671315542039624
0.003796472495534041
0.0038857478360475005
0.003916260921968924
0.0036150219056694717
0.0031571048610221225
0.0028518619418567066
0.0027574385314990723
0.0025950017537642663
0.0026032129655449627
0.002745713432442059
0.002974086493757895
0.0032265058828947965
0.003672210518172711
0.004015535962451327
0.004134574748141419
0.004431024871358215
0.004751844952823438
0.004923273933855417
0.005597958317273973
0.0058412223876135785
0.006511190345193809
0.006868761005998414
0.007522904783733983
0.00818732355875813
0.008664631564924932
0.009407554410166816
0.010078046350681038
0.010311869955538898
0.011234020770208237
0.011696741597865934
0.011883125836200452
0.01213668552757446
0.01245180835327643
0.013055574417894933
0.01320016376648673
0.013442243759421307
0.013701233407409552
0.014156122187656786
0.014384695595615745
0.01496087459332586
0.015441352703714047
0.01588440888159417
0.016208857287379298
0.016820881922055313
0.017207964154636556
0.01686683908615557
0.01669175636965848
0.01648242564118239
0.01640894783547183
0.016668701865245193
0.016543576438413542
0.01631021562524703
0.015888683291562233
0.013274890318007538
0.01233334724720871
0.011169468183755507
0.010839524405165646
0.010034495901031611
0.009639075476816883
0.009597123852038198
0.009522357675622794
0.009174976221274436
0.008984129748230523
0.008365329858128373
0.007967481945939357
0.007684918263797591
0.007637706790990922
0.007489930341706236
0.007597276326600016
0.007642079194771753
0.007920028052736347
0.0082650763853571
0.008298313683028066
0.008678980786531367
0.009008598441616476
0.00902756230309032
0.009178359307595871
0.009108451600125111
0.0089492891480541
0.008763145911916992
0.00814035604922558
0.007621124072046614
0.006994467203382862
0.006711630061171735
0.006142338614051621
0.005805748924799662
0.005564538942749037
0.0052756314011645255
0.005112592636057469
0.004947607797676108
0.004988807342338058
0.005066123753122321
0.005229261533940506
0.005332472742662409
0.005408673532050353
0.005409449080703578
0.0055569464573225445
0.005736222809794746
0.005922389814630561
0.006284210118470153
0.006514220530630175
0.006647030120912255
0.00696832640732128
0.0072160947393414806
0.007383153516332917
0.007453533434686979
0.0076518223957976654
0.008035575495219473
0.00826628757225997
0.008690003412036485
0.009168681291793924
0.009467466236584756
0.009725056293761102
0.00995791214637239
0.009917451821950054
0.009386589181962602
0.008951564166048675
0.008625301225664149
0.008366368194526986
0.008545979796753398
0.008767092618695821
0.00893814738196704
0.009020306812374751
0.009172299122055066
0.009356030246826037
0.009395505429980364
0.009821848835458523
0.009732118227517
0.009885822597863868
0.010080976726999105
0.010450528865415002
0.010833068948859829
0.011332327384331802
0.012004837187032349
0.012393879437615876
0.012698783964246924
0.013357674650386092
0.013899862631410798
0.01413490108394259
0.014291432344502152
0.014331581621121922
0.014416713752061331
0.014705940950210569
0.01546326617761087
0.014340634954468977
0.014259065088905745
0.013991541360955123
0.013085201549694064
0.012165370052484855
0.011280586169964083
0.010512992777854275
0.010095121497201227
0.00930935999675686
0.009118444898730217
0.008980257369017903
0.009006630591737492
0.008860460117751358
0.009300523181500108
0.009721360654301915
0.010110535945761525
0.010446558779500476
0.010819914821119474
0.010802479448273969
0.010704238788409088
0.010693237774867742
0.010739658180517633
0.010784164061780364
0.010869599797307406
0.010991729725498002
0.010826027568930714
0.010808042318604475
0.010530219567970577
0.010363062259683597
0.010286340543211021
0.01028252711512539
0.010450577694534427
0.010498878303946708
0.011028255692439738
0.01121689131141654
0.011441779024369974
0.011808497155777593
0.012179572933280945
0.012307467841233353
0.012336843719152866
0.012216436792912351
0.011765142396876104
0.010989066265718633
0.01021105268690996
0.009750549740284473
0.00915213900466364
0.008580652849023268
0.008317331023896554
0.0081213215660735
0.008216515986800533
0.008325873437916315
0.00818970607215358
0.007984868161608323
0.007801503431202954
0.007710526656895542
0.007768706919619674
0.007865393608477059
0.008298317436685784
0.008959522339638664
0.00920550843232867
0.009472902833578547
0.009696518739108723
0.010168834332843454
0.010223323162656364
0.010441835412935219
0.010849775989099048
0.010883468075262203
0.010906666614365996
0.010860396301013457
0.010660177499401114
0.010596070818264736
0.010199212527569806
0.010304344006712925
0.010472695211083311
0.010777540508037005
0.010894197177362428
0.011316407078347192
0.011219559064249963
0.010829934027161422
0.010675255889250631
0.010511041548593138
0.010105065173307455
0.009995372215272223
0.010180479261711416
0.00992992856639462
0.009874288328399356
0.009753802505894296
0.00950201362155938
0.009270255958298456
0.009153605400705835
0.008973756641308173
0.008898371761241142
0.008863939596617444
0.008458779742210118
0.008088033551289599
0.007818019231116791
0.007506439056631474
0.007651337387633713
0.007689972727240213
0.008025616284011949
0.008224423470568848
0.008282266854077593
0.0083992685037374
0.008376628110054827
0.008610522157999335
0.008679286132404042
0.00883781826918266
0.009204127596606715
0.009583612899770517
0.009860559655875225
0.01094821551911789
0.01217261301944372
0.012816961983145279
0.014121922533163045
0.01493162098829387
0.015141049214012723
0.01532506754417674
0.01502904291081289
0.01283247699808614
0.011814350541391728
0.011263648115180172
0.010438404441291634
0.010199658227430847
0.009912217197754059
0.009888339178913902
0.009974087542033383
0.009749646482296204
0.009686568372195557
0.00923811556077864
0.008512193047488566
0.007796685621008198
0.007074512603433998
0.006736203225694804
0.006226643071989726
0.005739780458200858
0.005518908497724068
0.0052784889365432
0.0053224318870732455
0.00501116475929173
0.004844097977414769
0.005053370237644835
0.005205137230422633
0.005197119308138285
0.005255359285337896
0.0052344822441017305
0.005297713809835496
0.005387869794786548
0.005298326139110935
0.005206196841305325
0.005211621076490761
0.005168591609022064
0.0052450686249691115
0.005176390607893035
0.005299876959987875
0.005245693425980717
0.005146464259912487
0.004867183581297003
0.004803863086812564
0.0046198440295227
0.004759407319874965
0.004788800438756894
0.004962210889977751
0.005243836823366929
0.005473300484993658
0.00548767498513625
0.005654242644118239
0.005667439437010627
0.00560724540196626
0.00564903193247175
0.005724164549913825
0.005718634731269184
0.005937562702244156
0.006145173472123752
0.0061990941052251025
0.0063915952681428455
0.006996414353088986
0.007234632463510633
0.007582145435694051
0.008215270497169766
0.008819895051994599
0.009453009444875805
0.009950241534836755
0.010250455943260047
0.010517396509980204
0.010888133788997684
0.01122810983273629
0.011378988275633564
0.011761323192680907
0.012521565544060184
0.012528312608581301
0.012476347893738592
0.01193499917801515
0.011398906809050693
0.011151182091228989
0.010621735318419376
0.01034677228922677
0.009765493518952995
0.009285924973914825
0.009052606856290071
0.008869045422354256
0.008493170388641282
0.00804487412219344
0.007746844346524106
0.007334861014388
0.007037894608836935
0.00680396639570197
0.006620789863981713
0.006282235630314834
0.006030234991905861
0.005722670508307062
0.005471492575589921
0.005428714172266017
0.005314742822266821
0.005357096922798696
0.005442418104422546
0.005480211824740704
0.005401378998005939
0.006134940832379811
0.006408296426554323
0.006442967778711344
0.0061785458522312315
0.0058147975689342235
0.005694805209251074
0.005293437431817046
0.004927571793432757
0.004693101868655791
0.0046223580067608
0.004644375272914514
0.004611139922872423
0.004654714277447557
0.004771551099263053
0.004947002093872422
0.005022632357328369
0.005194252399353834
0.005475714027100492
0.005837164020852342
0.0062175163426874585
0.006569555073854096
0.006946259568641156
0.0037590701650841362
0.003896661292457666
0.004066988629876993
0.004250263325604025
0.00451183196562237
0.004842160944450334
0.004930391847928371
0.005090772127810503
0.005114866629967599
0.0052809011523745324
0.005328871694273025
0.005435504040303315
0.005469266337182271
0.005430427284651272
0.00553396763129047
0.005484120035024615
0.005465335240889263
0.005370808492470245
0.005205781904119762
0.005326735960737218
0.005323829372613297
0.005416544467297136
0.0053329697855286394
0.005367980733612368
0.0053014854200910955
0.005210582116233005
0.0051270924187097255
0.005248684051586358
0.005306120480494128
0.005305233092558943
0.005348458463524848
0.005505985719469071
0.005536539877462107
0.005698588482065945
0.005786992764029443
0.0061155009427549005
0.006245292949489558
0.006409601143229203
0.006460849801111922
0.006356145986631428
0.006185603255784332
0.006031288139753378
0.005762829242404488
0.005556293839753325
0.005423084973923713
0.005377614784314435
0.005610326814285717
0.005787794473790879
0.006248941615029078
0.006942709003583699
0.0076510913976334345
0.008374433524808919
0.009363661409293565
0.009722729897543967
0.010119009307477953
0.010321342263489087
0.010172242059287635
0.00947342102402202
0.009001456348581844
0.008371466081912948
0.008208719506553299
0.007823240099176834
0.00813035046624222
0.008594622695691405
0.008609399438308827
0.00816305912127493
0.007903248634296218
0.007637440924182197
0.007432729334518359
0.0071615205475623845
0.00677838073534172
0.006657312234396943
0.006229731387779389
0.005978570498569003
0.006033700242623673
0.005972991558759099
0.006097897232369412
0.006220086615482609
0.006280201514511002
0.006805036519726663
0.006800302982086151
0.006846686657813952
0.006822215245725696
0.007176153869418743
0.007331470874807661
0.0076683943356384305
0.00812485449186181
0.008642754879421618
0.008838664954073958
0.009028072829527941
0.00910892378713996
0.0093413528723376
0.009405208092699189
0.00949903877864785
0.009755696169316073
0.0100414710760458
0.010365063632922038
0.010760790610916704
0.011073442620759075
0.011529915533376072
0.011885712673553603
0.012484093595999255
0.013047228815059394
0.01204513836139164
0.012241502196248526
0.012366369133671878
0.012486891146529821
0.01280939867182373
0.013012102745672915
0.013328962364249986
0.013497405141015486
0.013460407457732915
0.013523208087164373
0.013601607572964131
0.013673825791272524
0.013908723488988625
0.013971964350938235
0.014109226075141113
0.014069686168469953
0.013967440437929707
0.013881991468259617
0.013901783543054904
0.014005966275463558
0.013985151988867201
0.014128785449657733
0.014086725987955124
0.01409544252158664
0.014073171803948301
0.014295290252263972
0.014463643722908093
0.014690340405800625
0.014779834836689177
0.015041930052453991
0.014978912523457977
0.0067292807199493074
0.011005408990677463
0.006483980250894907
0.0063688550044817185
0.00634725345222089
0.006237941358586928
0.006173577304903361
0.006088697844882027
0.00614339069345817
0.006104162852155736
0.006104806946838996
0.006162069806937919
0.006187891210700863
0.006427908243254394
0.006752325339561334
0.007097335243632949
0.007545854747960721
0.007748456432070383
0.007846908087063615
0.008062821190211171
0.008455569565737274
0.008843069427082986
0.009187911419837849
0.009649731445837095
0.010332621174801455
0.011129570938678768
0.01180372947155842
0.01277631576424521
0.013720861507074083
0.014979491846916899
0.01598191137296044
0.017069225043343766
0.018422647846670043
0.012615610351149822
0.013680137722341081
0.014711299968235794
0.015172835353569347
0.016065420932053764
0.016850411277372586
0.017242885591397358
0.01811662334831684
0.01892681337709688
0.019722918572653098
0.02054928759872134
0.021601377340947237
0.023146935574214333
0.024537086492438905
0.025557048951988466
0.026446205221409575
0.027330573837281595
0.02819468664398957
0.02934530352746781
0.030294026906118293
0.03130795487183504
0.03203543450966031
0.03274927262521256
0.033070816714051744
0.033495727319668336
0.03414680362321958
0.03452621067641946
0.03524541327901405
0.036130169775639855
0.03649734494114667
0.03692382374875972
0.03758158800464233
0.03859760848857087
0.039055339248844086
0.03983437078215797
0.04011735249833116
0.04083309616027471
0.04126914612528858
0.04182459591671097
0.04193348249843451
0.041756125359183154
0.0417132937839306
0.04207079885239648
0.04204578616313438
0.04218075393942225
0.04248591166875158
0.04301825831602908
0.043261264450023325
0.04349067079117875
0.04353283955538222
0.008796846928935054
0.008225123668116008
0.007967100381703753
0.007656881771198007
0.0072566823058883125
0.0069105960390086155
0.006254951191546893
0.00557555447986471
0.005463589872510317
0.005033536054446452
0.004855606013873112
0.004831235810786555
0.00475773359829633
0.004662466791316289
0.004555363863884936
0.004399263277393549
0.004403342244331801
0.004436755305276016
0.0043155326104968314
0.0044070150696622675
0.0043154466802638545
0.004148525506512513
0.003951448583279973
0.003599380023409296
0.0034451697815838524
0.003550536974332419
0.0034779182998508863
0.004562205289172239
0.0046037217815635256
0.004483304867742193
0.004780842236750113
0.005011744744184357
0.005215431552595106
0.005201728194249182
0.0053666769480146485
0.004806860053077795
0.003403034682143888
0.003385724333560265
0.0034666632304229754
0.0034623082875401374
0.003951201086661095
0.004346847793171209
0.004540263248468742
0.00471506588320384
0.004676997798073179
0.004304985947315228
0.003931503933186384
0.0036852148418329623
0.003617629886570734
0.003571266977014482
0.003670713194033026
0.0037931562901623262
0.003840232592565415
0.0040332912788758665
0.004284422425037321
0.004603709329638966
0.0046107736129752394
0.004745365283980498
0.004755338318977355
0.004671173293883877
0.0046268265539705766
0.004549545410149651
0.0044740669670319064
0.0045510069296656065
0.004547887772397792
0.004500472223828158
0.004532691010587403
0.004628588012493411
0.004663445306613297
0.0048344285623781805
0.004980850666128154
0.005243878326421783
0.005442327242507631
0.005838800499946823
0.006432493788570316
0.006787753056821744
0.0072412666475424785
0.007406274945281441
0.007893547246945222
0.008310913043404217
0.008511675772499342
0.008622514532701114
0.00853389748246333
0.008603503499906472
0.008539105208131347
0.008600328929723724
0.008892719184585448
0.00934416863676106
0.010609137203220093
0.0111484959138951
0.012133493155347208
0.012519070828636316
0.013365127728330175
0.013631193600067848
0.01413989794726025
0.014490014114907666
0.014645073338688443
0.014555992722862742
0.014126090012559007
0.014058690263485187
0.014165672988905555
0.014121968980794066
0.014308754656454137
0.014211559652731447
0.015431876202019995
0.016310038530610988
0.01685747584501522
0.017148175395765013
0.018141943735150733
0.018464180585087246
0.018522565969106262
0.01937982869773084
0.01997437445816383
0.020375281755119077
0.020953195053027333
0.02149548438633592
0.02219450159505347
0.02234320102311366
0.022902386882466284
0.02308137661036701
0.023611437384248243
0.02365862184976692
0.023703293359261222
0.023891953701065467
0.023979258478039674
0.024361158459865535
0.024497709094651175
0.02466093907790778
0.025153794050491042
0.02553725024267529
0.025630234197062545
0.025652460917701275
0.025569843239201463
0.02542023550995204
0.025192013232269755
0.02532135999056532
0.024702687509898073
0.024361716607638726
0.024238971129406633
0.023854287880720998
0.018658908864223105
0.01598431400381626
0.015428049842365513
0.0157230850704675
0.015259157805458595
0.015076867392982949
0.014541278212247965
0.014288552554851041
0.013666332251755647
0.013482771293891683
0.01300886077514376
0.012273515637233539
0.011856302143390583
0.011299918220485882
0.011065076437362462
0.01103719564841418
0.011090521489489722
0.011151918372502683
0.011214621267213353
0.010959291814850908
0.011052212025073003
0.011019080452289151
0.010972654424893443
0.010798711246698112
0.010727026286357978
0.01058600875401228
0.01026218393544888
0.010153966450238121
0.010259181037885833
0.010519985478868597
0.010806694013841277
0.011120634783138001
0.011477211261853266
0.011606083319243246
0.011753229510510731
0.01190744054653942
0.012401646822210378
0.012787503672175765
0.013426330803998021
0.013843575543565537
0.01452606888200035
0.014760692346697028
0.015006975139841283
0.015559278987152309
0.01571096841943241
0.01621909173377051
0.01677407132313034
0.01696006466392781
0.017231473811919043
0.017814968553296846
0.01790886245715618
0.018002629726210223
0.017933852169205726
0.01759783267694157
0.01684243728777732
0.015853695124990536
0.015271404396737012
0.014241686731765412
0.013057899317565328
0.012273696184797699
0.01189129136314984
0.011238933278421672
0.011016573722643063
0.010855135595154494
0.010335785328872733
0.01024892525287499
0.009829732662912172
0.009640286479779778
0.009385987426043914
0.008961295738532233
0.008734590147107276
0.008622637691152048
0.008585782047494871
0.008724136581759016
0.008761535119470861
0.00895838373710823
0.00913311373109144
0.009299039479549498
0.009601594206521706
0.0096671954628357
0.006165737237912696
0.005936795028333571
0.005463326464368422
0.005061390821989217
0.004921561952599091
0.004776837555401375
0.004753923495672638
0.004643574609819054
0.004632584678289446
0.004555455715593867
0.004597877136106052
0.004591871025408314
0.0046898046175951735
0.004660383048158948
0.0045962266976882354
0.004512288595810356
0.004618639387476185
0.004524146842496056
0.004608210108193864
0.0045772182372922675
0.004825127806577368
0.005061713365243282
0.005250375793344953
0.005717893073257445
0.0059048145514217654
0.0059250742575546415
0.006113399589106416
0.006086317147236044
0.0061477044038208434
0.006051509635540483
0.005934548809452785
0.005869060226603386
0.0058279183194060846
0.005843608239023355
0.005943713945400414
0.005930837830841522
0.005929381840540733
0.00602654462830643
0.006005855707017722
0.005964930627861133
0.005985242670590224
0.005884424869155415
0.005822567573472382
0.0057389492891874744
0.005689720959498755
0.005633870066928623
0.005566687305011764
0.00556340589831277
0.005541807665781853
0.005587788277738178
0.005610349986755759
0.005915235448964433
0.006023187397014678
0.006152490939891001
0.0065675568256283925
0.006391683290421071
0.006641252256261372
0.006763624557152697
0.007041429697721875
0.007317472237170728
0.007377484695396251
0.007477078686463747
0.007198740699824629
0.006985538165412268
0.006377485170361815
0.006160620958019547
0.005825661311864011
0.005525132486813538
0.005293190228026084
0.005041156591934268
0.004956648592064612
0.00494671256543084
0.005026155660800582
0.005137677373674109
0.005211480563826385
0.005442012250310847
0.0055065803278830485
0.005778386921548305
0.005890509684076931
0.006161927117963709
0.006229475544583191
0.0063722972854480696
0.006451377272006722
0.006481346158320819
0.00643364604603164
0.0061921576678749795
0.006115826075088834
0.0060655340703169875
0.006144543792939347
0.006346523235226882
0.006511165698363144
0.006677011562685434
0.006871393429724702
0.007013815084310747
0.007078410975668308
0.007059614083229447
0.007139984441640266
0.0071684708262009095
0.0073150684038386345
0.0074073069367206704
0.007557245159813056
0.007770081663125347
0.00784967013569216
0.007851462263143351
0.007935455972317287
0.007959444290613365
0.008022179817814928
0.00825876740427642
0.00835209109880388
0.008506130629741706
0.008642315862883127
0.008875110668537987
0.00902931447484293
0.009196149756032414
0.009410319174965475
0.009536287694389472
0.009629383341374797
0.009675587931065877
0.009846363003095415
0.010152031560805692
0.010269581281844528
0.010492499169215156
0.010777539679832589
0.010945966844865122
0.011298050229578863
0.011419253167049273
0.011413486616565011
0.011691902659523256
0.011831043288236165
0.011879879117415238
0.006982784881931911
0.0060979115551607725
0.007181498832852899
0.007317952044923265
0.007452199537969659
0.00750769525439327
0.007542341972072382
0.0075672991061334575
0.0074460397447136395
0.007149369622185572
0.0069962987352087756
0.006733363913429711
0.006580162084693612
0.006348856789466449
0.006046517421347754
0.005583128638577024
0.0053763453880484174
0.005064516495017043
0.004900925500188523
0.004720310968281481
0.0046073967303035
0.004614466119862807
0.004677432640946346
0.004962743401368838
0.005314650318454402
0.006096606591874958
0.0065572932141046095
0.007541966862118779
0.008195949937474304
0.009264409633068687
0.008857626025864259
0.008313752715834722
0.007462894634483808
0.007096773435963344
0.006883940990204572
0.006350572949190525
0.006095588837924336
0.005661761474421838
0.005641880953130079
0.0055491176781855365
0.00552594691235061
0.005614346756042476
0.005614029563887941
0.005787477859275515
0.005834994127415067
0.005916392711359449
0.005841166692137028
0.005762901186143241
0.0055491754705062225
0.00544165691548604
0.00531891773004127
0.005304244553756507
0.005202789951262448
0.004930123594414508
0.004764959549198774
0.004572373062767365
0.004444084689326976
0.004330363720525863
0.00414114226721915
0.004118207065118877
0.004139688126866383
0.004257942566777181
0.004321459477807721
0.004640854919302395
0.0047786792663523925
0.004741699948108112
0.0046926590648065725
0.004436502872776931
0.004106093943208794
0.0038157788052589564
0.003696934457772158
0.0035476050106315027
0.003335979987773447
0.0032462351449062113
0.0033116493966361257
0.00333715447698271
0.0034722613446692167
0.0037100936851947154
0.00390248975757001
0.004117788184107742
0.004354047490751779
0.004984816967343689
0.005086791719254534
0.005522559289679532
0.00591641147616398
0.00610483949473179
0.0063519794019577715
0.006548574452492829
0.006692075623745393
0.006674141734525666
0.006938342463566558
0.007010335885872065
0.007108836539455073
0.007422619735265966
0.007766706992709285
0.00822294681671146
0.008457761539359596
0.008492204304874091
0.008510675671204037
0.00845385077762871
0.008480438073744954
0.008690340618386309
0.008662916247035945
0.008729904094167809
0.008727713000166965
0.008590944080068405
0.00848754817795291
0.00807618168955104
0.007608402313513944
0.007272675937831792
0.006943847596390849
0.0063142091818351505
0.005704951819411435
0.005373778132193566
0.0049123129942024385
0.004547137486572637
0.004242681108862663
0.004025055105463604
0.0039282541311837825
0.003783376325745536
0.0036396247720461147
0.0035836105608915625
0.0035208033623619073
0.003479510588222883
0.0034722814216017425
0.003371612448280425
0.0032699480614255413
0.00316930715722845
0.0029515960717154226
0.002838945994920479
0.0029505326315560033
0.0030356115160682555
0.0032677073639583143
0.003452759541413635
0.003579941273152084
0.0036547102904450567
0.003863720111872794
0.0038200374361828113
0.003842354527340755
0.0037780649018392997
0.0037849945766989094
0.00378185878667198
0.003728110774380696
0.003597961835113403
0.003455619720175322
0.0034996772060328337
0.0035084914855305393
0.003554006270043729
0.0035991496511967374
0.0036180861496650342
0.00366197153018468
0.003653647575825203
0.00388807130388173
0.004036268779446744
0.004502203840465681
0.004766178390179241
0.005276661746530634
0.005534002750660831
0.005581521594696185
0.005555510018918653
0.0054519946918566995
0.005341404119866534
0.005398751597183009
0.005501779973283286
0.005697639363591679
0.005968800985470497
0.006263345738040256
0.006344814515252794
0.006502934364280628
0.006691716694564529
0.0071238574229242554
0.007436476722178909
0.0072057647986548245
0.007615083640742949
0.008005622200707194
0.008185870956464242
0.008396885293438372
0.008885890554436586
0.008790336435627048
0.00859724826794736
0.008454724101800535
0.008293356883849372
0.008547334287924027
0.008237326977987798
0.008187660141069957
0.008563344277426412
0.008576793315887427
0.008757485643037497
0.008553573693973688
0.008540903482635196
0.00846298840863492
0.00829937979389517
0.008196911754380675
0.008198717463026804
0.008411765348155829
0.00855651680981097
0.008500147970890852
0.008492709401686432
0.008211928465955148
0.008388800818544895
0.008713908646427616
0.008760687707395014
0.00858610732048152
0.008545051433677116
0.008316117490780955
0.0081312005739342
0.007865334577091595
0.00787409587387244
0.007908933899437112
0.00824525392343388
0.008427296066991646
0.008586727554901514
0.00863912995487489
0.008321115794983097
0.008225527297516591
0.00813324914836586
0.00813153350870004
0.008306436167392841
0.008287602077441817
0.008419286122358866
0.008658918445795243
0.008839526515285768
0.00916347827008911
0.008948536350044788
0.008584808778113554
0.0084638136798627
0.008504058294231075
0.008059218465565609
0.00813706580409711
0.008153159148158489
0.008174215479775503
0.008118655415952105
0.008361892043047119
0.008465992392677838
0.008227920313348775
0.008029695785794815
0.008173598501342052
0.008266401886771182
0.008181106807382285
0.008077040623906542
0.007745509802267741
0.00719032823713261
0.006305045337508665
0.00595593968327771
0.0052535308209158095
0.00469904302458042
0.004506203620812529
0.004398819709816268
0.00427958972085321
0.003937251909673423
0.003744029610949288
0.0035687085874507147
0.0036715056156976624
0.0037805541812865632
0.003789661328665658
0.003709977693830258
0.0037115820460133274
0.0037651248408268416
0.0037312213503532857
0.0036103063996398843
0.003590394988724377
0.0036078632146853778
0.0035939816344437462
0.003517190808695084
0.0036586495323184727
0.003909640663982773
0.004299445018216842
0.0044861138547106815
0.005029241561462677
0.005607753607267571
0.005923354435492535
0.006532563167815933
0.007238942810913635
0.007954125702181085
0.00833911539587073
0.009132467439039605
0.009912993114660406
0.010701856042482614
0.011363437080762456
0.012092232921412269
0.012728119367326391
0.013421746542997956
0.01386109514742329
0.014747833054261394
0.015330458923264479
0.015779090505522814
0.01583519394046874
0.015330818441411945
0.015083096488774567
0.014235276517546257
0.013861913593039617
0.013016431733488418
0.012243412851358456
0.011544030059444025
0.010841314810505858
0.01019171349918522
0.009795806281670046
0.00931794827462534
0.008982324316234302
0.008841621091287277
0.008779901214875431
0.008898428376608963
0.008946413347087425
0.009211373775561072
0.009412032248283334
0.009822253010201704
0.01038331679896487
0.010890608762026372
0.011424898668571973
0.01216523267965401
0.012552317127923537
0.01319905849384527
0.013161734204237874
0.012941844609294928
0.012751866778780646
0.012377548339045464
0.012042806247971705
0.012150545526467512
0.01242515189317328
0.012384270649949253
0.012456924292431344
0.012609510908553084
0.012368221694099731
0.012295026496607048
0.012055292659369454
0.011789010901884774
0.011658184691377005
0.011565517463758926
0.011566820091787467
0.011615411038496348
0.01160359790119148
0.01161905280346374
0.011711755112562141
0.011624602126500535
0.011691949284543706
0.011367446531831783
0.011174011539576322
0.011200927360114729
0.011199655108612807
0.01103153588644285
0.010898948100074298
0.01100236180001853
0.01102614835222176
0.011219686070565418
0.010651157487604035
0.010514588923150877
0.0101662100308238
0.010346967760469568
0.010529847924641043
0.01101112958129768
0.010118566548932468
0.010335997629150589
0.010932654128492314
0.011393471078814601
0.011901033598969346
0.012670294661445513
0.013244443172914877
0.01403743578850417
0.015190875649282138
0.01648308042522971
0.018045175049788226
0.01974275640168304
0.021721872705596175
0.023363695882227975
0.024216550234010488
0.025436780722481532
0.026277072086081054
0.026820171538077437
0.027439466745945558
0.02780254891138566
0.027894228888932743
0.028023968789281616
0.027572259295612172
0.027989510244176403
0.011694176605404037
0.009171843128627507
0.011562527015832042
0.01129370336840968
0.011131370151612311
0.011312785189023674
0.011372327499954937
0.011295284590145022
0.011343338627366379
0.011610630656312838
0.011513054241173246
0.0115067942430725
0.01125523151513636
0.011465511084389788
0.0115042365083353
0.011806482116900847
0.012001172282857969
0.012090700222908691
0.012225146854760833
0.012506244661195594
0.01314089249576944
0.014043968284905551
0.014950401131812337
0.014737316436475703
0.014532221379925506
0.013883302946270812
0.01344773612266616
0.013474188403199019
0.01315220622808783
0.013286227914815905
0.0132427383821623
0.012987149395664466
0.01267613827699389
0.012595500150360142
0.012317273298335653
0.01251859815959557
0.01252621876113399
0.012700660021038826
0.013102839340407377
0.012786986314001996
0.013148876843842888
0.01354060506321655
0.013784014958973894
0.013950759476439461
0.014138076887442555
0.014023111890559886
0.01387844820742142
0.013989148775124301
0.0139016937403908
0.014045624972637666
0.01384561118502691
0.013850656999564809
0.01290989996397424
0.012649857358239997
0.012485607905465972
0.01250882141099314
0.012428314350351697
0.012441081459515804
0.0123553522633621
0.01224986793078207
0.011952178424580958
0.012200243768705887
0.012356190465446828
0.012453560917038985
0.012502049877910301
0.012361794439475913
0.01215291600159429
0.011885889007727694
0.011731732525698568
0.011694441604966124
0.011699603858805047
0.011723699735597032
0.011617574746856365
0.011499363818458333
0.011411304496775075
0.011134824026409931
0.010983125333262652
0.010732785173056385
0.010288525777354996
0.009761442740723283
0.009441544743815344
0.009204100438454557
0.009250569636452093
0.009347847471723509
0.009437284986791767
0.0096422362929094
0.010040120707451774
0.010207677572975832
0.01025742801911717
0.010372149203422568
0.010373327632424708
0.010456654731245615
0.01029980413961753
0.010406852894444674
0.007986144804033016
0.007395601795975311
0.007191957262659319
0.006912956533906711
0.006621565031598916
0.006422207776933561
0.006537745446132129
0.0066245594849081825
0.00674838916216121
0.006590992964972503
0.00652259325976836
0.006416702795092918
0.006325288216269489
0.006382426035545327
0.006441473875149479
0.006275215575895688
0.00606934266046318
0.006064326343688624
0.0062129710303683045
0.006480702064652155
0.007004090264088289
0.007479320835366621
0.007817127659033536
0.008316435748494059
0.008814464847267733
0.009519078855242029
0.010048644411798367
0.010762435923794512
0.011502526929012349
0.012349845736075742
0.01318248333939399
0.013912533729491116
0.015167318015969303
0.016113153996237528
0.01704916992758528
0.01799120648465711
0.018999298146760383
0.019820735247165967
0.020620440544683104
0.024243465730043694
0.02510514109946178
0.026245166179073846
0.027708526316977837
0.029122733572941394
0.030464983382822757
0.032266992538151094
0.03382135525884931
0.035397294467627134
0.03717459625486663
0.03909387502935076
0.04086145055545557
0.04224124197655826
0.044255679454447916
0.045968595065033376
0.04816807440812631
0.050320802108033434
0.052586746084999955
0.05503986971561954
0.05760158682442592
0.0598201588740729
0.06346916154594784
0.06654807317034771
0.06961023547582998
0.07262535580172193
0.07475132041892311
0.07646158222607682
0.07830701273567672
0.08007966928296685
0.08217340620294353
0.08444388635372385
0.08674132548191286
0.08938027445690232
0.09143612072031769
0.09316766530059659
0.09503194660135388
0.09660524457035645
0.1014466197272231
0.1042793569899679
0.10714936628186648
0.10902472208595233
0.11042258743990825
0.11115947068548282
0.11350801414144882
0.11579877822195692
0.11742574885234267
0.11864795402186731
0.12079374285529736
0.12257297918605889
0.12162595382974498
0.1238867850846898
0.12540044267339628
0.12800803771369693
0.13032988914945437
0.1316470678634693
0.13412415947242284
0.1324813322385392
0.1361142269377908
0.14201223397885226
0.15035975617955116
0.14806960169817107
0.15284319902737278
0.16177265103254695
0.16653332110147673
0.17095609090604702
0.1761402593479352
0.1817666713700441
0.18573317120802163
0.1898711313672202
0.19310207392492765
0.19649269271859954
0.2060210956014763
0.21073641821883743
0.2231758076572928
0.23830936836166033
0.25614842073158334
0.2773164954190258
0.3014487146816732
0.32733621166287363
0.35640516951278756
0.398620503024863
0.4318960493427689
0.4673965796572235
0.5064530004165155
0.5483944055593435
0.592773077315751
0.6404597098724227
0.6913962981151556
0.7442137774503887
0.7991493817841275
0.8584693319589405
0.9189808875014789
0.9808758290237396
1.0442614753767063
1.1100052196273733
1.1779890818621972
1.2477657917233658
1.3206888844164046
1.394791348424465
1.471135030620101
1.5499110925401862
1.6295123561461842
1.1622414641739849
1.1620457576854293
1.0568384577649206
1.0721359775330537
1.243934758617507
1.5468314130489946
1.9948660194283367
2.585397942109059
3.317090580615175
4.191735514334675
5.20939263466969
6.369095442785156
7.669540620963484
9.111629893323059
10.694828184927289
12.419392832702789
14.284691934926906
16.291038455499496
17.832042579873164
20.04937286769421
22.4065427026165
24.898889769521336
27.52863447979933
30.300423707172666
33.20586928167991
36.24457868470573
39.427481764165044
42.742209939815304
46.193393991403155
49.79016766558041
53.5256342627437
57.39783065030288
61.41147850545643
65.55922914123691
69.8469824143547
74.20071616312589
78.87803592158133
83.58220208116491
88.37675999737675
93.36217424674508
98.49996398485112
103.76948564193053
109.1639357422534
114.80400716531673
120.44844186100457
126.21177032958406
132.0907381207739
138.09055845874593
144.20449801084098
150.4360358903059
156.78718679813522
163.261724200704
169.8555149303701
176.56998369715927
183.40133783284915
190.35647643829475
197.4364748499182
204.64344573363422
211.98200321812283
219.45084388125392
227.0527130624796
234.78796899608386
242.6520162405447
250.6505054679723
258.78105437677584
267.0386884137673
275.42948231342245
283.94890803382583
292.59645306884704
301.38056455155845
310.2982265089513
319.34659732630905
328.5277472998522
337.8511368736555
347.3002174272439
356.8874169294285
366.6059184687691
399.4686812514529
409.76230733303527
420.1970945277418
430.7672206223764
442.36122102529816
453.97649604155396
465.7981939474274
477.8523954894091
490.1129304376453
502.59735376091373
515.6479458013492
528.5901378417502
532.170381053535
542.5045201095838
553.74671332377
566.2923688803213
580.8257760912414
593.34533476678
605.9856427823532
620.6681634265773
653.5000813318865
665.189344143564
680.8580669561537
694.7518722571704
708.7924077751065
722.9735204832944
737.2832153066222
751.7336742876295
766.336024553103
781.0784651191243
795.972820669508
811.0233828970106
826.215443565921
841.5300696863112
856.9888334803042
872.5787273922718
888.2734682362776
904.1452918128443
920.1464671399502
936.3001124210099
952.5959799571268
969.0208657356054
985.5993737319943
1002.305906499743
1019.1512293828634
1036.1324611949542
1053.248626266385
1070.490456997147
1087.8830231743368
1105.4020444725702
1123.0419292278268
1140.829215832771
1158.775059772186
1176.8667439070173
1195.101100360634
1213.4738534623127
1231.9772923599162
1250.6392327830529
1269.434852401289
1288.3745235494607
1307.4440879219505
1326.655471248575
1345.9854761369338
1365.4329256153592
1385.0385218909028
1404.807859622992
1424.7293744293318
1444.7596716183875
1464.922848096627
1485.2509400536946
1505.6997726254224
1526.2836207014002
1547.0379075727565
1567.9431228972364
1589.0007378037144
1610.2356683938797
1631.6014469019306
1653.095342618058
1674.7306949299896
1696.5145396709643
1718.424374932311
1740.493652223779
1762.6713945247325
1785.0222000781755
1807.5081325346669
1830.135875795834
1852.9106030017513
1875.8413638293835
1898.9099997407598
1922.1260608811542
1945.4697661453993
1968.9345749269523
1992.5328551360574
2016.274603906007
2040.1688661077799
2064.1947392184393
2088.3527694620097
2112.650602061528
2137.097801131077
2161.673833121403
2186.391689529518
2211.269835089806
2236.252874416305
2261.37490959119
2286.6392221412575
2312.0419765781835
