0.2653199262107226
0.33338485300609966
0.3925523390518596
0.37320990244152036
0.3724889061962671
0.3143016297596791
0.26311139207590617
0.25570334247414966
0.16508433675705964
0.13546323777866737
0.08137647024889855
0.015087130568301617
0.011519327964449906
0.02825395719462737
0.1326911901148731
0.09220965627700589
0.09433315194502427
0.05767443399932957
0.06609225279668264
0.19180240472107388
0.2591467731525212
0.3253084286678871
0.25749874090316077
0.2120454097613849
0.25417728442791826
0.2517782256496916
0.153763517022857
0.19325338782539137
0.15879030223580573
0.1955715200010498
0.23945740110735567
0.24255128064338324
0.14615918592615224
0.13093142520149856
0.11519539215210718
0.10174189422719887
0.027687614378475573
0.041822623781820424
0.004727397539991688
0.06986802405784658
0.03606480009464677
0.12044029719711617
0.23435719746985245
0.21823137870640988
0.2589639255383282
0.11400775070086126
0.17625308412642188
0.3197843050025865
0.2774252805861254
0.2622616847029126
0.21619726880148057
0.2564701077698097
0.2788268836446524
0.2641066987844882
0.31094141516956403
0.3035113497688268
0.34984429535128303
0.3359758172765792
0.2573129669612145
0.30922166721626393
0.2780142111931098
0.19880389861083989
0.1513907717146726
0.17696318975498113
0.13660491266925212
0.22005603181999364
0.16929734040803
0.23554181966670937
0.2269715975434524
0.25416986294358557
0.28128148398168695
0.26115414129937603
0.19153328020262525
0.1288970037124259
0.07176204623009536
0.040323825167708716
0.07562470201168717
0.040048642117107715
0.12118578129312871
0.09676386216185995
0.2896814952192798
0.2083627068880066
0.19718657527523134
0.168045378305199
0.1382147558290423
0.21349342116423314
0.24216450196360984
0.24987701520780328
0.26979027869051636
0.23020535530096028
0.1592733141052803
0.18240211566865813
0.13016185307045144
0.1683718235151739
0.2111847252982059
0.1835340644011971
0.2736114933413865
0.25556803205014283
0.273663219516774
0.24292717549351373
0.2990917453350397
0.3364902855763359
0.2344562954122803
0.19323400775417904
0.18364576606060926
0.2943785288734393
0.30743428261965294
0.30545788632212345
0.3014766729782095
0.2879507614157613
0.45355583702821084
0.35401681012159175
0.426012811847289
0.24141781881751298
0.24402945618111374
0.25413906321692054
0.20809330356746736
0.5161042935604631
0.29407666224392914
0.2941616358207313
0.2692925811668972
0.17661569392548626
0.1290364629114053
0.10507598098416428
0.08034590305533823
0.14165891419510446
0.11387565162445218
0.20228572769890033
0.25505729290147877
0.23943046830214829
0.2455957208299804
0.23853357555769503
0.3105158764715802
0.3851236897585433
0.3092360909234848
0.5008722130554245
0.5987600233909863
0.5016693863544602
0.5526381604159918
0.5033599279969779
0.5428415633708765
0.4173844599961634
0.23528700462087326
0.308272163401955
0.2715147024128503
0.3031206984361872
0.23674308325637186
0.27883284066083114
0.307083957694302
0.34099129606181594
0.37825467780223965
0.30346973108112474
0.4372949561066258
0.3318834254145258
0.3833654493716247
0.29560504378101066
0.3898586708537763
0.3094548281116252
0.28229581398287623
0.24250370424723866
0.30780845158443226
0.2833156979311329
0.13552987895897575
0.17389465964819015
0.13874073229594247
0.1595399203636025
0.18532949410430677
0.2445490256999872
0.14770555307995234
0.25924566176074154
0.21803715448749095
0.21295324157181209
0.1805260389422594
0.16972180287191008
0.08888185425457854
0.056432669841395174
0.008130650929895053
0.16397159592005153
0.1935506311280509
0.11956825476987942
0.2285371157363334
0.234203983376899
0.17151803630567716
0.2271105049130894
0.2635780902896488
0.2567281020489771
0.3092636380999862
0.3105279256064499
0.2387408894318689
0.2215630223995283
0.26791688562865534
0.3695524634536653
0.343293952247276
0.3230986179931057
0.32330885310427676
0.2983835716978998
0.2884883715523515
0.2621279470765386
0.1628120257524332
0.2626655864055562
0.29730505988956984
0.3246314300736937
0.23560828108891296
0.27915497968317043
0.34339808072488537
0.360507280494335
0.3303404344940807
0.3284885342457672
0.3430759575829922
0.39225359953265687
0.6260213768352036
0.5906043139068733
0.5819190884360056
0.43703533845672293
0.5729490392219204
0.5434798246496386
0.5652733382526474
0.5648344860505031
0.6263531371101678
0.6450607797978499
0.5957668742445954
0.6383511740061664
0.6178605593921581
0.6098683613325877
0.5243168722676621
0.36776455950391135
0.36905683398302497
0.39570261537762363
0.3059855681185798
0.30947582661181444
0.37028918495192625
0.391199646719017
0.42422047849763334
0.43353568352162253
0.28616540966634135
0.37314125537813325
0.1924917483868735
0.21432326156963388
0.23159102977853
0.30953991253421737
0.2956214374969719
0.2090285353728663
0.31562095688847125
0.32732914215876835
0.2459685743493349
0.31486254545060394
0.299711614589343
0.28847921461947945
0.36683919886148325
0.3298176059728199
0.33094576227812084
0.37724923526334125
0.3594523047538796
0.4644628026570147
0.46271848529035065
0.502001594268172
0.3902293097994554
0.27314298804125775
0.30150834341777777
0.23424911342838922
0.23619550798271013
0.2613790729780046
0.39486185340659413
0.386545248603064
0.4612418223446772
0.44558936063849514
0.5565908839709708
0.519625683092662
0.6147945550739929
0.6275449794208933
0.5341111200701121
0.6505368698158653
0.5131872042246852
0.5829386043462179
0.4634985784851189
0.5287317472696469
0.4196042660297504
0.2840294966541508
0.24444324484123964
0.12718185375164873
0.05618761422000694
0.10750974236252556
0.11476445246780527
0.14761843098039656
0.1309827680335534
0.1561178902671857
0.19734713626573858
0.33496879964136705
0.3319620606207608
0.3002528356382652
0.33038996132116494
0.38306970542614405
0.3445780905763696
0.4073793105570122
0.33679686209241055
0.2740104423035442
0.28938661476233435
0.23122720589368884
0.13858318824536645
0.21241868007890102
0.15367374263801648
0.21116928962876402
0.25016510961929883
0.10904426306592384
0.28415965391171255
0.2383464020669873
0.23672227079733507
0.26265893577554894
0.2753525455302772
0.155762962347411
0.2518023374225433
0.1455451207807845
0.25096290643234936
0.372220573176364
0.38926910490109873
0.3779300811962818
0.5124241236271567
0.44871025002905407
0.5657326181174954
0.3892077822863483
0.4528794180536119
0.48268279334331804
0.6097452187803298
0.5631701158265036
0.5790150391336826
0.4958133479180521
0.49183039969962383
0.29274940845508074
0.22603008512680295
0.19121416621985748
0.235923357276289
0.19059802460058503
0.26214985069306357
0.33601243674096837
0.30895233036431763
0.24379556228583057
0.29805733234035614
0.20501398671519874
0.03442630248896027
0.17291158499633222
0.17546321572970883
0.21792431313529884
0.10277306696455497
0.09506766091776439
0.09142394273189847
0.10712493397039995
0.13449297578875546
0.183219139105899
0.15354842760172083
0.17216444084807248
0.2253222323915298
0.21100412286416265
0.18642353939954986
0.1151857832159831
0.2034334136052149
0.30863957770950917
0.3255204173897497
0.24215103701281027
0.2848696890093692
0.23020197903044726
0.27961020061162223
0.26341840300116237
0.27005242107235056
0.33238272175227473
0.28618979018249635
0.24730007760368222
0.28165563526199794
0.23599841672330396
0.21348977500426072
0.2635060123131002
0.2905781139236881
0.24119412461192422
0.2938883941254185
0.2919455262485092
0.30767127306529746
0.15953428772571548
0.3766353478746552
0.3931427306716318
0.3507257786301348
0.29175255644282155
0.37458600203648
0.30810552341348824
0.32467715840498157
0.33827104172830746
0.3393607171126948
0.3598205564189621
0.4253996788334767
0.4562569390491676
0.4370930841981479
0.5371888676587787
0.5786402514437299
0.5050901989594541
0.498611691205324
0.42482600081126365
0.4800523104453104
0.44652274821428817
0.33943036944833943
0.40705893079513455
0.5767580056287669
0.5796799432520591
0.41269592299457003
0.40033736257807717
0.4433296168177755
0.45197636571271066
0.4958289503204542
0.3803124369467847
0.431503120170075
0.1947845461872717
0.2613903323567733
0.2437602864115018
0.1593698801932206
0.2436254580397412
0.15816636916952603
0.13099467974488824
0.11461605544238472
0.023605227099267666
0.0847957844763601
0.2362196679236153
0.18498205998224493
0.16768755545003952
0.14221598397584045
0.13049095870603086
0.21530337823876894
0.08145614685053744
0.12386553167952619
0.17410974839459356
0.301476600041985
0.1687136598773189
0.10622414704206644
0.043273772598417436
0.11908700634140623
0.17177460169536735
0.2599576226289181
0.12932769060171456
0.10406209353674449
0.20003548761584597
0.13290286009952304
0.16598203617680565
0.23918179566089687
0.198265352107307
0.2464077244856816
0.3359734405420372
0.4228049486051488
0.47666291647624104
0.32142564066833706
0.38963810253572767
0.4131466582336541
0.5336852417356945
0.41397307843487036
0.5264339699735203
0.5737340695146239
0.5576068399761729
0.33419484446736003
0.4711090623955855
0.2944959409563552
0.4712922019925802
0.3389839613016195
0.3004279612458036
0.3661162505958684
0.3305402072867028
0.36760315799833737
0.35227047861775146
0.35527394910931975
0.3715513750152471
0.3722557878788296
0.4189080949774384
0.5295365248328142
0.5404098541504602
0.3437602727262146
0.4474164646953962
0.33042161254974645
0.501492643002871
0.48212898770612606
0.5427846325762824
0.6556538137703956
0.6851483548085171
0.8147834573068062
0.7159450972396624
0.7195033825077145
0.8964677536694196
0.776206953839292
0.657816306816622
0.30009660787530135
0.6597653754138935
0.5957456447766923
0.22921085278368994
0.23854277665977014
0.4000125640051985
0.2589579124925068
0.35839953534973396
0.07286783876749368
0.12246530712605619
0.0349342335745062
0.16563129077685917
0.16101907676621824
0.25936157725914205
0.2606124919425386
0.18040117400951095
0.1517569956170153
0.18249374089641063
0.1837114003767845
0.18595415159408393
0.19875894726253152
0.12780488488661626
0.2488623067393629
0.05939537185142408
0.12862069044279112
0.2393731116168371
0.20128816104919303
0.20353849042348923
0.21969416426055724
0.2803944786900694
0.20889420512780907
0.29732029867754267
0.3505792202671231
0.4292309806026477
0.44837756316903354
0.3875362492402971
0.38357819456619696
0.33554018901316507
0.22929543873691108
0.2816248699669723
0.31062986965590494
0.33259617830219584
0.34152735752303076
0.14218359772377762
0.16963613933374974
0.07568932598178747
0.06003648844301065
0.13483738860973607
0.14723062922008437
0.08233530005068164
0.08591664889087525
0.04472807036021647
0.04333925481140105
0.05904624838408664
0.15902307548189049
0.27429590934660286
0.2365472857668821
0.18682787857548064
0.16812222235042693
0.050654406478212406
0.04230645147116495
0.149298029856719
0.12277491236104543
0.1095545496481972
0.1117986197307781
0.13270483177849277
0.0967996105308505
0.0429177577310867
0.12236284459406456
0.16557619301701218
0.010204342477433419
0.2896841643662474
0.3160857617448137
0.25623310260289056
0.20769614984951956
0.17321320488660732
0.17366993037303757
0.11308613777251744
0.1453106219905599
0.11142990459562532
0.09140315828100341
0.2629427544747762
0.17712572270961677
0.19304250162372244
0.3947024291136453
0.3511271965640129
0.2942042177662995
0.44793151773278
0.47197739765141755
0.5418853141241791
0.4731336490773771
0.49571674108633446
0.5498431409023763
0.36955607260717516
0.41121435116192373
0.39343516322350075
0.47767619275440176
0.49704881963951547
0.4979019533108367
0.577884646765645
0.5663763988019643
0.5188588895644112
0.5464166292216516
0.5140716263471292
0.6137977422471879
0.573513386328886
0.6368236256680635
0.6709554351843899
0.5295677839184662
0.5641746861544116
0.4772479355356892
0.5443696933411498
0.4774267475316841
0.5270495039157848
0.44610575693552007
0.5079660331879309
0.4769573264438737
0.3364323118464186
0.44736667640646316
0.5341980407249878
0.43831072704394625
0.4147219048682614
0.423292656139122
0.3560836239011831
0.30303766508923624
0.26725403482000293
0.2394501123912866
0.22279444610283541
0.26866923352645933
0.3197848335254413
0.2579875115604337
0.30446817235249496
0.29457464394364596
0.38632634306378416
0.30797936081844046
0.30882769874998056
0.31196952831550634
0.32346975778750664
0.21392007677159816
0.19108664223399377
0.2337028383606719
0.2890941050123324
0.07578288180925566
0.22098639408390974
0.2578130924116954
0.19577479991366759
0.25215851607915296
0.08703604566049575
0.1660074462578887
0.0894201683694587
0.28788256799777523
0.2369097529890836
0.11244112070144502
0.19267539814837154
0.31701877333740536
0.23384250647033386
0.36393687591139035
0.35682125423217015
0.3729765122440262
0.37563542997940297
0.3051427397815545
0.2759142173962024
0.38757799009920735
0.27181995256229696
0.19536987871195693
0.31113308182265514
0.24262099475502186
0.2119663986347292
0.24291879517721332
0.2454220043188477
0.30969513048984
0.2772456808081106
0.2013805849639561
0.25505289607577913
0.17703975035015318
0.13982576797142657
0.1948369687267729
0.23569015873692173
0.32671883454979
0.1513787771500369
0.407792362169623
0.15982243593676115
0.4081364253522648
0.38256580652425776
0.38874661732820714
0.41469262528242806
0.4216274495148711
0.34711974298815057
0.32290769059357355
0.29535706449990745
0.2900860159853408
0.23868323196740662
0.3029194138408293
0.4516637922691062
0.5014367258336101
0.39329622667329717
0.3830805260246263
0.30470044423147724
0.3459870256720645
0.363014729050346
0.20999663840123778
0.2802729455167311
0.26286808588231253
0.18415056036780603
0.23925710320318844
0.2512174530997191
0.2835009232187684
0.4109453073660701
0.404130729072503
0.46725618551165166
0.4290808184270121
0.44740196880767685
0.3262927430748759
0.260613870835685
0.21056500145371712
0.29670259918171155
0.262435185499108
0.38327940093596896
0.3138179514964227
0.36283270560842057
0.4308557163641258
0.4059705817387225
0.4918114402890514
0.5556624372221796
0.530886267845335
0.5809382736349938
0.5741489160780666
0.6192862395733325
0.6238857704600311
0.611076109539646
0.5810193064691865
0.5813252071949782
0.5457166900873572
0.4821902046612128
0.45110438691738264
0.45414462498265085
0.42826065410488606
0.42939184145319825
0.3410498985385739
0.489656013020624
0.5165263835484397
0.5326582937842825
0.5686601738121547
0.38185080393212345
0.4822234541713385
0.3583422825551236
0.4377770592870429
0.4383052847843419
0.46540575414669766
0.36685739483441526
0.5034930422755036
0.443623608329142
0.36642243476406866
0.38799977055924423
0.3870716396877066
0.4243765424145013
0.4769602881805274
0.43756138207695333
0.4356786873288526
0.5093620317936961
0.49049979144962935
0.43235833262039003
0.2772564558390682
0.2385495871757527
0.17556985029345418
0.1639800828106502
0.17167068274511502
0.26463091589825083
0.09462376316475585
0.21876260690046367
0.22841695302506765
0.2617714160910601
0.4058954077243126
0.2039644459867584
0.2209445569393674
0.26186841126800986
0.17424778987414039
0.015566188447067133
0.1565535612665411
0.02496351169625249
0.16573854510146743
0.2801891363833927
0.18315782682245527
0.3337596018803857
0.3399363464068607
0.27000065695905234
0.3084923880481046
0.2843694656876202
0.22794690217208263
0.1673256799544806
0.2316532217188686
0.21303057410322845
0.15281767124408294
0.24471128541926213
0.2642047784658458
0.33336161072772075
0.314511455171705
0.28713682744015695
0.18228043604488817
0.2285378005818629
0.23871292951019915
0.14880563193360272
0.26710818801310054
0.1962789887961538
0.0911393437953242
0.12139029209240564
0.1534248604838201
0.23277844456982985
0.12774077247664153
0.24052929867150655
0.17275531409733055
0.008735336195089885
0.05013775003771196
0.18202295751080358
0.137933884285433
0.1653530612799481
0.1225415487582369
0.22179082573391112
0.2888607530281337
0.24139650548248845
0.2547997171316734
0.371186890733944
0.3360371512102351
0.45465374581471923
0.29157360197059884
0.287870857919584
0.14561133740972773
0.07953273728162917
0.14334999643383642
0.11697976718834098
0.17587448586157264
0.14192172105229658
0.24340481890666127
0.1624377810004162
0.14853087230534814
0.15872518018332657
0.2799440302498005
0.27531846962458967
0.15740308867485153
0.31257689287405965
0.37438482295085207
0.5410649171229658
0.3760549954014805
0.3755118491402825
0.3699727546366431
0.4118154944573863
0.20781288734225428
0.3456573028147656
0.28032878270277006
0.30550924665719015
0.24530082735908113
0.2742298374947641
0.27049686862110944
0.2517904271726589
0.27202279232907933
0.10537881949238159
0.08740844947200024
0.06896132773256755
0.14092152894087331
0.20788623758012206
0.23688234387585994
0.19996714511303915
0.22207294507184405
0.2967473125535917
0.30638516371547025
0.1887622627356161
0.13040671515498126
0.1217893509714272
0.1696079952216843
0.14362174759390872
0.2329854605855419
0.16651836791490432
0.11382346630334146
0.21670349027012092
0.1289472774000809
0.0645641387942574
0.1810882217060866
0.2992861282706677
0.22840770495880167
0.17062793075661678
0.1403239788902768
0.1750721044389378
0.3128520768654039
0.2384020609760208
0.18890446114098428
0.37496257376310016
0.17010289684296817
0.2856269175072576
0.5354622754986197
0.6473781107711617
0.49928244611801437
0.5159658855141784
0.18610274327313253
0.34989825118941215
0.5269270517069081
0.25330788846988644
0.52250695718966
0.2872064894780035
0.23781594259373717
0.0693090866084905
0.35394331708713306
0.5252924594118162
0.28512150744748715
0.42787422128454594
0.47155893104704494
0.358620888897889
0.40385437315999917
0.40153172407474086
0.2417532770922384
0.19265982753600858
0.24824333637721918
0.19247907904425823
0.24549836558985633
0.13091263165969252
0.09536201350799886
0.10686694138185948
0.42803319748090124
0.18174123952084742
0.26125323162220676
0.28213355306673127
0.24833060706326812
0.2439427607266538
0.05435387762147279
0.2654127646183859
0.15499077342722353
0.24786511273881692
0.2733412269321927
0.39247898290456273
0.34948663769342436
0.3537963930941755
0.32727414239663455
0.2665234604567311
0.2856362936046797
0.3471804303251399
0.3481252664765113
0.4287115973148954
0.548494923653464
0.6576852827910206
0.4355581433229113
0.3025692093167207
0.062077852823535715
0.18356516179589574
0.1021137010382337
0.14423445199874121
0.2954947926373432
0.26160399209544893
0.4348428860682983
0.31756443102456705
0.35637579003046643
0.39244855942776014
0.3502212588437878
0.3190803316714735
0.25992917537773536
0.23733715173838515
0.1582560810319516
0.2130503067088355
0.2981305914321271
0.2587253041492376
0.30575508597443285
0.200990192558894
0.19512423026959255
0.2609238136873906
0.19719093743669397
0.1393624460224709
0.13524008791097109
0.30125716453356377
0.27646683497434094
0.40103488225521644
0.46804292094581906
0.4465954058698858
0.3860934501803528
0.4240940815650756
0.47200673538434207
0.39271641290528664
0.41591598044774464
0.410320371605238
0.32144608293876986
0.2734508100540658
0.3257946360149156
0.33842208792025413
0.2946298806091964
0.2613628098845651
0.3927002613231565
0.2684756089558415
0.4163069100423147
0.5110628753330445
0.4807480844589394
0.4864641277337245
0.4173160057388531
0.42304304162936734
0.39402199030490714
0.3617393767547614
0.5071067143715307
0.3545284345091431
0.3131513443357435
0.26668150189156836
0.2317844081593702
0.26594756714142087
0.4220658163245977
0.35400823219222805
0.3709741219951643
0.33702245351708204
0.4535410556894219
0.3733400697422368
0.27336255562080464
0.3424591627932152
0.2825571843451011
0.4204624786091496
0.41229217056197526
0.3052263949137623
0.1526814852991091
0.39232039312731837
0.425657102005529
0.38754741746409627
0.3025341164368132
0.2773691985535704
0.4292129142304897
0.30299823308606555
0.3395168624932537
0.3404219478727388
0.26632973873077914
0.15701830216638774
0.17007894807306492
0.4019228122340895
0.3093008583425185
0.35935624814125566
0.3052880850789738
0.1742820195680371
0.27431638343525966
0.2021028989549779
0.20644035399475905
0.33606927467488384
0.2541354785047362
0.3188782497285408
0.30367353410959674
0.28035752318441703
0.27291912843543864
0.2953212929894846
0.2950281483030722
0.19982378493646802
0.3806452080662353
0.40403529070909844
0.18186141749262508
0.32355408041434075
0.35460294259410163
0.2078514362946335
0.21873716176010663
0.3091824967044854
0.2582290051455909
0.37279581843316895
0.35333602075259707
0.4769597102185874
0.4896289526974842
0.62450962026752
0.6075455008169336
0.46695928089657024
0.4692868144983514
0.39556219298459144
0.434102661142326
0.4672766336564757
0.3847142999524187
0.5117475222678148
0.2934405388611582
0.43771507387721853
0.6792910450427012
0.5272379890206215
0.3606947423422984
0.5571565116524057
0.5441968119684999
0.623253204251915
0.5333929606760596
0.45278325051433155
0.497610165834923
0.441281900580419
0.3386893324027553
0.31262998886433546
0.53860872595941
0.4391146294660813
0.2473114238488992
0.635842755748453
0.47426286943687634
0.3890161063166003
0.4870562380581257
0.44867576209259463
0.5958107027981382
0.6591191653334595
0.47945305533621857
0.49238991627492423
0.2750645762253088
0.15445788898307836
0.3417639621162744
0.321236597174294
0.2837122484133347
0.5004279487971838
0.49620322769448955
0.5120601346711716
0.5429597549535824
0.40316330741292405
0.6422761105042917
0.36487153826328816
0.4220037367633583
0.30891249673842663
0.18547898645313882
0.22287904692068328
0.36671493940372746
0.4347759853981744
0.36371939400721914
0.5675149324888363
0.510831571714501
0.5523025121452162
0.5384888282666399
0.4003669235252544
0.16187362154280466
0.5101201176651512
0.3635990297034232
0.5065653956018
0.313615931005172
0.3937163368625417
0.2837386302328002
0.2205184915964693
0.46438535020642846
0.3344261360834741
0.18706218094425767
0.4006420728697917
0.30606553048273605
0.4166274046322401
0.2677837452615108
0.6191375217884596
0.6432824869342223
0.5137025148700343
0.3498705012107294
0.3074338783413236
0.2963048165892253
0.39913374761834813
0.594064537843929
0.4236696351725941
0.4870068858426413
0.375344279641699
0.1085046457935804
0.25321717097935836
0.5284808699623991
0.6751256987163612
0.5208375952103678
0.26486182160418914
0.3355624422032738
0.5250617732912395
0.26436657664297614
0.2473897517474596
0.10792704394997982
0.22585209195935343
0.2451305157055953
0.18921778601898379
0.21655114563626549
0.20313262177376046
0.5103536071831148
0.3513528620477504
0.4771108253806941
0.3733835825952405
0.46032296525429117
0.520370369857708
0.5654672555942887
0.3372524448070804
0.3732799984331075
0.0700739377159606
0.08002508587100339
0.12356174648701156
0.1673064425182197
0.21283656465675974
0.13442402257729277
0.142541670283273
0.45283388309574246
0.17728115383136692
0.09815095733776996
0.14043607035364813
0.18103671280372313
0.20060235759257908
0.16422151003892288
0.3298907855882515
0.266326337996221
0.5083120760379003
0.19085613775989577
0.1367538759230135
0.1732986506541066
0.2865235023370993
0.35411465877142745
0.1540014739999648
0.11376705082248666
0.46432567288443
0.46328392960575043
0.2812109301937382
0.20204198295151352
0.4411955736843001
0.5266402849009304
0.3650500398729299
0.39098040810684537
0.2552178110680626
0.3767750191939573
0.2564277217184217
0.42221058948135587
0.44963863163246837
0.368580711125005
0.26205847457540743
0.3459769128431025
0.25093807205703567
0.6631966657505106
0.681324799236335
0.46621182795276245
0.31491625592139133
0.33093144223046866
0.34612719751744675
0.17414261610307416
0.2136113794842728
0.029141920586502192
0.2902781834559017
0.4720254119154758
0.33400972041387633
0.2740936976993252
0.1526374471183578
0.17885759478140933
0.35583249672713946
0.22957471142908753
0.34294990286681837
0.297081428034874
0.2738579984975576
0.421084697592108
0.2895578470082618
0.5533211962921957
0.21818551430199928
0.32990753629578273
0.2194967381737854
0.3123730981307903
0.2422777749644736
0.7169743838693324
0.6796840802591425
0.477263581181826
0.35893874658735264
0.10869354163824388
0.12201339490092412
0.2634255824144011
0.2761324512859903
0.03940766126848051
0.23063312975721684
0.1619381892523368
0.19270320261229107
0.08072377167883459
0.29430078296865686
0.2792593708223874
0.2961362034257578
0.21292260951718917
0.07750644891219417
0.1031017562100148
0.08397597892181091
0.1297353157371275
0.48099890442998794
0.2479858846251487
0.1984390966176128
0.4414710353418152
0.21191943558613063
0.1171300408584969
0.16030799402703297
0.13125059019935212
0.2197152117368358
0.3607618287501407
0.226726189765003
0.2825859478761542
0.42556898179462865
0.38651783979497245
0.4236773403652778
0.2715131637632864
0.6452977867460977
0.3974141167344847
0.6699249135958598
0.5343307275610065
0.4335939313483
0.16196155982894825
0.2888048293211624
0.16902361009269937
0.38168753337562805
0.08599619363573278
0.1420118911713697
0.3681458984980908
0.03674831096523994
0.23463601217875413
0.40660229870975817
0.2831313826143265
0.612484700358829
0.5197678618442535
0.6668081215050202
0.2319459588713394
0.45184110092066987
0.41253943716768665
0.4208517177626783
0.5043843359981072
0.5894033335672637
0.24421582319720775
0.07690497771059905
0.2968101416446999
0.25592553610809415
0.40245507622697396
0.3977437829185556
0.24478071582266633
0.09578094557287417
0.27895765804535816
0.11062938126392116
0.172858150888448
0.28767886065197723
0.20852267266497754
0.5416156720370857
0.44175726340376775
0.5379755410714886
0.5447742019187766
0.6410783809661633
0.3926733518622485
0.3320413819560043
0.3286465071890933
0.2593190944399845
0.102406386273382
0.29115123317940284
0.25791972478745445
0.17828764168915404
0.19775224185273182
0.3613404446736619
0.19016011179455822
0.6175367731379747
0.26055512754639887
0.49429036176637614
0.1952361219360157
0.15007048311274554
0.22950469456470568
0.11543810266764191
0.3246693869061225
0.29570176082382427
0.33774549557466527
0.6275890412317315
0.3496541799403126
0.4291303078137379
0.4123078281275915
0.33285645879311343
0.5932133090458989
0.34010140858781496
0.15068884677265615
0.30719702463401993
0.22175218885795875
0.3303719660687462
0.4846468811361257
0.40873787924981947
0.27264761474627913
0.2622744848723443
0.21225223788921763
0.20690720048632008
0.1999929557790327
0.24456972652362002
0.49258205470021216
0.17609647721225027
0.12942783700597452
0.06423831922863243
0.18770290562573985
0.2842245409833214
0.2880704880788584
0.2406425103846893
0.11655959245246678
0.09263334776716362
0.09093821549658562
0.3230061811165374
0.31043138711850793
0.4283711539256918
0.476540438286767
0.22242558054533887
0.2087589106228281
0.2504712380100782
0.46788764336549005
0.43189494547201246
0.34663045852473306
0.5697227007719863
0.3019195234012726
0.427531163130006
0.4602861416658625
0.09600286842893743
0.3978574307540173
0.39356079432438396
0.38210564940438113
0.19661536474915442
0.22799177353595976
0.19965944856642476
0.07013288506001565
0.5486950016819641
0.5393713232854984
0.6136440872144175
0.4571423823205886
0.3956008888928211
0.22560733936235386
0.31830207750149014
0.2155883483522776
0.08912794020217742
0.020289058657942716
0.21673409044497444
0.12761082363912526
0.08337862950812412
0.1525053619023962
0.1303815240807654
0.5571355310873659
0.6199165172196812
0.4284101285932953
0.2824161945174942
0.12118562213240719
0.31777312865921925
0.43395335288590375
0.424162563794712
0.36115561962525605
0.10209118117028483
0.22656062533465648
0.08084055153000576
0.15491908530120907
0.23277101686485374
0.42049957440826174
0.7071454999900686
0.32941017228208264
0.36351497672412103
0.43398839168809805
0.538424470827773
0.43253188520562535
0.20182039375199534
0.09377675273965429
0.10139742701342967
0.050233634714687364
0.27898009448907096
0.3154538647235577
0.398335016755548
0.19963125396423
0.012439076519650193
0.10387442377023377
0.41278458133976614
0.41459079694185974
0.4541471043743282
0.26833737108230804
0.1879411813949272
0.21916028004446592
0.10393832626772723
0.06066748792884768
0.2669780565675415
0.30103045683918417
0.19769983718972567
0.44326108007686826
0.4518207338836208
0.16818423555847545
0.3157981208169612
0.30817204591532626
0.27577957166765055
0.14965338952017385
0.19010340282230903
0.11525045431839231
0.16720971167929938
0.12871119931962402
0.2195107381637741
0.3085630056533324
0.17821813045543167
0.24738180482356636
0.19430631894769518
0.27160902355912003
0.21732690297186635
0.2898076827221633
0.3848281769316309
0.18453125375899207
0.2129063111456096
0.27257684924813363
0.21340633353060176
0.4095339808934602
0.5666756652402805
0.33013363333443385
0.2085811731425212
0.1894410545689152
0.28934279744468866
0.4535507343003172
0.4633480467224442
0.4080182062692372
0.26319112718563853
0.13459372201773268
0.34264926640450183
0.03454254879162881
0.08111274932992578
0.15420306167462
0.37885464917977835
0.22026043741621187
0.10739950044325218
0.002525975824847657
0.07196505827960256
0.4531159310367916
0.42801303152534775
0.4505331251884546
0.27702724194287315
0.023066993206712103
0.06845629069623763
0.017349133704226576
0.28455986973890385
0.042184782522721655
0.18405167852213652
0.28284450650445825
0.26329136987326696
0.13305360581599343
0.4911482133296901
0.4326189426640561
0.38136616055052525
0.25335723020473355
0.12251672959335674
0.2121185604644167
0.09000537810266386
0.6565137403250445
0.6154619257100015
0.5090675360621943
0.2763313774269492
0.09770914327068173
0.2843589961126237
0.2506868356114316
0.5976012774653245
0.5788311973900131
0.4658529152167914
0.26937824882405703
0.20826775084204077
0.3324348247094285
0.1809269155187623
0.2331053361580168
0.09298068867471036
0.24492438495372096
0.3669208821794735
0.22509861689519237
0.4021534499845578
0.3914478032485135
0.3676642587353257
0.2575119671885997
0.11915823063073798
0.3582913040131491
0.1978314597590176
0.18058339172615656
0.0574216547778498
0.19534748081641737
0.334459085925248
0.19163810053835972
0.21065444311225165
0.3197387893705163
0.18854582956796984
0.28054919804839623
0.31241854927313123
0.2617538935416195
0.21952075662216067
0.1924794123681321
0.11409071488076877
0.11976932094536814
0.24900515290086342
0.2348206849840259
0.3525692984149883
0.06973037913362763
0.20042354876976778
0.07538259388670114
0.21548106385568358
0.1815883265058039
0.2594713801857453
0.15106117322779025
0.06763061003521464
0.12394187590240659
0.10771411095034186
0.2832795586968379
0.12217872621040286
0.20445231540245873
0.2297743597347637
0.19939669729181322
0.1467796960837111
0.14734429215207634
0.09532028723104104
0.20733220493785715
0.5656854249492375
0.41478822983439323
0.13889020590735845
0.09814034799801662
0.29613782721977433
0.09111629446467018
0.10550706418484662
0.08587816576266462
0.26070636528538205
0.39330104361112916
0.15026982341263065
0.5035039585309452
0.06946808532957835
0.4170667758905756
0.30725755368905006
0.09666217829525171
0.23780456580449263
0.21565662688257267
0.29752311212444943
0.30929076679078593
0.16370787685541305
0.5185254653333206
0.562393378975619
0.5773062216419285
0.10163462554880895
0.28116542951158296
0.15452660790567616
0.5525691976348917
0.44008399714904317
0.44991746923522824
0.515153193129239
0.343374136694155
0.5657622494949343
0.237225135851487
0.5455440234669726
0.569346950833856
0.12306435962867311
0.1801496811536469
0.1533399518259709
0.3621108692840596
0.15499341063587013
0.10640315122776722
0.24369637178617384
0.2634455682757384
0.3249866922155626
0.42223341090427535
0.3764358048629912
0.5886663727453674
0.2837548905749348
0.31099000731470894
0.366683228498677
0.4290752518790513
0.2656397735837848
0.6247461352797679
0.5011337281234783
0.33047340120837676
0.33615275675173745
0.2730750541738146
0.3243580025543116
0.5132421967333788
0.24406229432046553
0.26044432269519585
0.5246283416468843
0.15047569912851033
0.3676522581822259
0.18709656264857888
0.25889359319444993
0.13000453147663424
0.3195103512305379
0.3595023915857172
0.4961732467761145
0.28280733862709745
0.19999999999999862
0.17252047995592337
0.3781555567710595
0.40235189521906767
0.34744202651221284
0.17768035168881197
0.3354448906106068
0.15354567668996652
0.12215030077355532
0.3293761347284634
0.06819587394993629
0.5304474526132672
0.1647814609246558
0.5189728330287906
0.38334007957952704
0.5437421817305359
0.7626746566859443
0.6673286030560751
0.5039528484002835
0.5199183263503567
0.41776273198829117
0.2367629474150358
0.3249245993875728
0.1757240919542354
0.569548709089078
0.059173665973420955
0.11617635027553123
0.038580616141685176
0.15446551050146207
0.543224227842957
0.41979573089344663
0.4455488780462394
0.5325901330762512
0.3633404942728618
0.46188010725643963
0.5545671031551277
0.44674989628056017
0.37935505611903014
0.193845889606523
0.1998011286594439
0.42077926384803616
0.30518050181913525
0.3661295094914322
0.4415152806965412
0.11931932984814729
0.11219950960316918
0.0403854227446411
0.2738432055317247
0.02415776433875032
0.3534514870282914
0.2869509198463347
0.3023604138919969
0.031711787996028064
0.35447746055121104
0.3537337002200258
0.2856588297951264
0.4075318346401079
0.22949994005910423
0.4329803177865548
0.20493762390359663
0.5523327545845308
0.5356743796153439
0.6758879314042993
0.5035793398316658
0.13899890580640317
0.506906265016624
0.48934552876923204
0.499985184991645
0.4325155551822794
0.47063316027622093
0.5934143007361169
0.49277177508943143
0.4135775856177311
0.4975012293876327
0.15911456487195522
0.43281735901101054
0.3422205789938722
0.25250255393345694
0.2634336700683277
0.3266044563461864
0.3803543257559241
0.10265376533241963
0.1264233310320606
0.2765818915401835
0.3163915693675628
0.39785407787518307
0.42603722608652994
0.040805253046619354
0.19583505969488946
0.11453348305036945
0.26469349347112553
0.41888429825240264
0.341125970785796
0.29005813090561766
0.13258278480953462
0.23598871964006785
0.2538437617270986
0.37959103461351085
0.24629815268186317
0.28317391692550425
0.2165559511570479
0.16904438173003672
0.03214546027105199
0.18369310259616317
0.037748286869482645
0.1370196316044104
0.260680381562992
0.39920049964644916
0.052506693816150425
0.417166905033889
0.5374208168862642
0.3330566181250939
0.4733401378636405
0.6163999083832109
0.2556926979137641
0.4783293784019972
0.449398828600889
0.43111842559720304
0.29579022490234563
0.2747000147235218
0.33925695288750635
0.14415546324589026
0.32534971327643314
0.2672405479518782
0.3068959585581173
0.4376457665410084
0.3735754345999713
0.2617104326812901
0.4389039098059699
0.19783877232398814
0.46837781980934673
0.41174702059135365
0.4960577572672944
0.37183487499998785
0.18495705215159639
0.15254795004620955
0.0644910025191638
0.12085937506273832
0.12067924120244071
0.14085817627416353
0.13421621120341132
0.20418245060354004
0.24004424677181044
0.22473430057823413
0.08027866974864942
0.13178432198199666
0.187792083513463
0.041829736827450295
0.09705397489089797
0.14678339346740796
0.2193407534658104
0.14207205801405812
0.1997239921910604
0.2463649970615739
0.2630602302768423
0.2880423051647497
0.2806850033716273
0.2709430354292792
0.4144081377615749
0.3699265896831392
0.45907741093918053
0.4696314012823162
0.5094030244675994
0.3481878448309133
0.19441738584639426
0.11467736445017271
0.15400246986982652
0.10560346813188723
0.1898445600049395
0.2118876078060191
0.2155929487461046
0.42259369190298984
0.4136865682819751
0.42716360418652094
0.5215763916475571
0.2869281770785203
0.2203119170411987
0.20453748606255304
0.14828718230933713
0.27266047333749416
0.16880482387003135
0.10789577782034195
0.149443682372776
0.1696450923215774
0.22526353351727194
0.1886699371421098
0.2203534740305401
0.3102409434621311
0.22335549187186873
0.3337970344200837
0.33033680328744
0.29080516305228027
0.25049324843534737
0.15398070741141148
0.11333719068368385
0.15008190169558752
0.1184212362543538
0.09811463891484157
0.2774672076699874
0.2788848591979421
0.3524235033812829
0.3596930202393633
0.2788688561510691
0.38682555427402143
0.3964337256573243
0.44165605776987554
0.48007628673425784
0.46222967960523703
0.5034335595099384
0.5420040867417862
0.5147718905883037
0.38171002287164796
0.4406529531120709
0.4989815402499448
0.37247532404351125
0.22938460142078024
0.30786716209132914
0.1743329498475822
0.060792745788323735
0.11870806731577781
0.4207761442040195
0.35214292116987644
0.4245191138786601
0.21058165552742672
0.20462080834955887
0.07381324257287837
0.07603538161280067
0.17203325278534742
0.2632685698940379
0.39381623197184656
0.398167686024237
0.29092804494325214
0.2423791126239823
0.3366028228388213
0.2620348103128542
0.28525271715657724
0.3203556162928475
0.2849276232968597
0.3034109963046142
0.32645116288855464
0.22491642064116066
0.12683600130926015
0.03751394477670793
0.16835135804342355
0.1572009370056105
0.4894301299456638
0.6223145421195632
0.5530875995130023
0.5508926057138416
0.6473093956274648
0.5627018321345693
0.5735614171428417
0.3867696419788538
0.3964509552786608
0.5642785894807087
0.47180792087682594
0.23433865512859003
0.32294839415492466
0.36782181882380943
0.285977365782441
0.3510791888539341
0.21797528926924004
0.41060501561028284
0.3809339934790882
0.3578828392494198
0.35836101444308593
0.3349057171316748
0.3497064963856398
0.39108352102799915
0.2659067268218809
0.33943439897560895
0.3641685721079241
0.27321524341464354
0.03736938441137678
0.05386536938833144
0.022559296698555095
0.32480181922271967
0.24925808345972256
0.30193010785083024
0.36621763796700585
0.33612358490094074
0.2327731516035146
0.27901459574984105
0.4576790130219829
0.455877418426224
0.2764025715790434
0.30634580477042783
0.3942000675205172
0.11771181101429713
0.15468457859363555
0.2534473707382241
0.10615258038233162
0.14485491073086676
0.0693905096794358
0.21125661472797594
0.19763322117622376
0.058650266268696225
0.17895176219648712
0.13382025272091347
0.231269232785274
0.25857648642625325
0.372242859657417
0.4253522578906492
0.4112221393039924
0.4813709359874028
0.46056317899116844
0.46499939024754783
0.501908476847028
0.5032500834333413
0.6201628904562005
0.6005839406608
0.5480583503710321
0.5633074736730506
0.5671622006138357
0.5819992422773841
0.47644545850144404
0.6478741401056018
0.5775182550760686
0.4956343988164388
0.5782345677596278
0.5775691515297792
0.6733885466698051
0.5088120817484855
0.6354764122004061
0.6018654734421641
0.5973784114857017
0.5830494347808446
0.4446005150639184
0.43336161668979895
0.4452609512437683
0.33099122499123595
0.3816857159071815
0.3042349775305465
0.214152450858336
0.1431895766980138
0.3317945710362015
0.35238254534804747
0.34948355144159615
0.35098420628730037
0.27623263581657115
0.2649334232423408
0.2398149696046636
0.10692275446871245
0.18876504123057578
0.15506182161350962
0.3366813496070786
0.3971348002466315
0.44618730808235996
0.4725618972611892
0.44420946353101365
0.3883704427404716
0.46566540029628756
0.35652871312271084
0.33924245544575676
0.2869270586341133
0.41537007963481365
0.32539406011800187
0.37590973800481053
0.26981130334747716
0.40208526731517236
0.27643492907233264
0.3697297120510313
0.21046841619866388
0.2533840465513059
0.2319052078492862
0.2907960159514649
0.3140901667981526
0.29131931080348006
0.27509771693507246
0.3000086330295851
0.3114536229490137
0.4787238543721289
0.3545948728436538
0.32829608275616595
0.27175463711713715
0.3516369619267281
0.40203883947783203
0.3564858627659425
0.41725177887048087
0.42785685480681496
0.46438388972950617
0.3871941366103985
0.4139955830167898
0.34075674783838494
0.24287413907392877
0.39456994838485515
0.24069116834622262
0.3869953487508362
0.35277333036911357
0.43773997153367245
0.6057403331791799
0.4154698636062423
0.34729249376385835
0.2580033860805838
0.3032406343226774
0.3740833123763908
0.42388799347027045
0.19500507024159117
0.08304289182505767
0.4552636708868107
0.37329355802923964
0.49309422110077655
0.4020497806019086
0.4494473170131729
0.3629393180603962
0.46884733376781335
0.39380961566393735
0.3577875658704077
0.5634471958667111
0.46315941787957227
0.510312188617758
0.4030184908809101
0.3883377598633025
0.4311639582667009
0.30500393138352133
0.3937402988458141
0.32340995086479124
0.2977736588529789
0.28147810234362386
0.40304766543518855
0.26060180683987627
0.3737554488467925
0.4595921781669498
0.5087851731265677
0.3962760541052269
0.4553084710247429
0.35136277866806864
0.26291626127383544
0.30216727777475644
0.2554361429426211
0.2594278791623959
0.3175854505177478
0.34010345258755936
0.3664029891825996
0.35315071315157925
0.24937342348758496
0.27856489445570615
0.13037731400732164
0.23111391938999315
0.27085668645605326
0.2951845530600237
0.3509244182200106
0.29453117240506943
0.5173794670256187
0.43557143402319237
0.46074700743803454
0.5382178381386401
0.5269654345649438
0.42241994646395076
0.5399598790263143
0.4423204163540162
0.38086609857722664
0.35525681119121655
0.38331745770674086
0.37662728432579834
0.32409351108976847
0.4292857376663555
0.3754955059142166
0.40554383167500035
0.349225204883847
0.32912731167795417
0.11269664060672281
0.20871493053934984
0.19749791864562408
0.34543878950082985
0.16126437047219136
0.06382708245108977
0.11720436180527725
0.1522725246751531
0.16304694187108973
0.4372402862727065
0.2723412028687631
0.1989409070714041
0.3041458318867685
0.304446663273879
0.4864890164457909
0.3770491438029834
0.27164742780558193
0.06477608089699892
0.10445299711699013
0.10863538171149364
0.11427678413357234
0.2217606237907049
0.2057387153324857
0.2279876454004416
0.3372087833322173
0.30247207452458585
0.22968530631175083
0.1638345897960698
0.2998555141702112
0.18880859948090103
0.25310837882748694
0.27791320995773827
0.28797356164501753
0.17524322314291008
0.14853060184051828
0.05406867282642455
0.07837662165524509
0.14109015047825887
0.24887520691470197
0.13164014751261927
0.3290560959315468
0.06358576865467394
0.06434956147471795
0.3014426057758668
0.18835379730908655
0.39772407336905596
0.3641412934413748
0.3606852675225411
0.40966540182195305
0.3974067813267701
0.49250899503164525
0.5713818180976592
0.5262195702420979
0.3941493195628679
0.4343579030708872
0.6152049343158015
0.3376202521801517
0.608359049897427
0.6189700440759388
0.5743045880828415
0.45492262362716246
0.4553196238603821
0.4175996504145804
0.6109475016937367
0.5892159120573959
0.5762854652229332
0.4838560693967185
0.35226156425006705
0.30548642683714017
0.34821995448448817
0.3371621542128243
0.29719439960370364
0.4970774329029354
0.5221229927319403
0.600710346827073
0.463989866913861
0.4838775554060837
0.5640439893316146
0.5219815557259171
0.6007909388123915
0.5697060102424344
0.5007129782398136
0.4875256764517666
0.5290170291498889
0.359347602394063
0.30262112059440227
0.18286726104895606
0.25562019973410294
0.17097677638128306
0.19256445023292448
0.4490754704685602
0.254337614744326
0.2675890274074063
0.42249754429557623
0.4413138697712373
0.2603787510287806
0.25766889174131885
0.3109421994601763
0.41918726377755466
0.25403850922940335
0.3690083077104861
0.5666368197469406
0.41429745637812704
0.5938403863231178
0.680252146005906
0.4367934399591375
0.458627101667744
0.5574839241129538
0.5087437152210359
0.48278852192136396
0.4321890650094384
0.38500528505098075
0.3968013181084872
0.29600489375401756
0.27474952467756475
0.31660273141956136
0.23656643940656583
0.20932874479249566
0.18440050283718232
0.07458671431880169
0.17082077051867542
0.08763250835495467
0.09281741052762497
0.11219503543303348
0.09471892219299434
0.22276844205683077
0.23209821896397614
0.22133439778862768
0.2058614733876982
0.30024898866519645
0.31040578397951435
0.44077284197387956
0.36650042177776604
0.6279117849503459
0.831602485521752
0.7891882692494828
0.6970347195586911
0.590391422502076
0.6080904292084722
0.44252784843722676
0.3208820482326876
0.45058355330068256
0.6023044908179078
0.7084422967404673
0.7871209129690168
0.7340504563958097
0.5547133443292073
0.5498050324952379
0.27431543877838743
0.4164511801448978
0.28899389838236833
0.23916355962429378
0.41608843806262
0.3424725413164353
0.06978032060271844
0.37860667319203667
0.4049980811038361
0.4056238602963859
0.5857078226412441
0.707857898902678
0.618999190805601
0.5163252117205333
0.40423160862176255
0.4659373550003677
0.5796737568654929
0.3463611266484544
0.4236846197599789
0.4248666111183588
0.13145521421750098
0.12013199576215527
0.1382335756424475
0.22176914027056965
0.4139735682521247
0.29287261515973206
0.3432164369399974
0.3107459192239349
0.3140406544622953
0.428034699454135
0.5293807923462693
0.46978202406764813
0.38578804673664235
0.31297853637330486
0.33745160994865875
0.42143198751303895
0.2700852906067849
0.5966782589816257
0.40753709582279296
0.5420601632475166
0.42178615098111405
0.6571373399088027
0.4790311392441572
0.4323886150647596
0.47798833407284935
0.34972600632042244
0.34085573298188915
0.2530928744022916
0.18197169097490914
0.32068719366680387
0.415466057093629
0.33000684646844325
0.40060984324039073
0.2826395806450042
0.4650037183482386
0.35716925592303794
0.3439169876936742
0.3020533533080522
0.1956306208831866
0.18982983699172185
0.2170546426306785
0.1772303632462199
0.23972352262106733
0.3681454978723375
0.23447265733726233
0.38860641111160404
0.3592846905069348
0.39948183177401386
0.43202809912648366
0.41919070893992827
0.41656014065872865
0.31136963773729615
0.110966318028003
0.0688581616330625
0.3194291746069912
0.19866885425520064
0.35878361995786084
0.48909963645967086
0.3848043063570561
0.49577650462446243
0.5271716469836155
0.40473914099819286
0.4504428720187302
0.43107598303307054
0.37661277908824936
0.24617113165749818
0.44259066150374615
0.44926821687342866
0.4440790331590695
0.4605648443661988
0.6201370456090618
0.72140953262248
0.6796491232097924
0.33221308582565284
0.4339441706549346
0.5760730009093664
0.4609650634373663
0.3864660728246683
0.2897976784024826
0.3577097691607173
0.292321724732784
0.4440023909835071
0.31983549331680633
0.3830970156497323
0.20120541160001917
0.37105764668729496
0.27404723350359894
0.08963381401187075
0.173058319360213
0.21292800563076794
0.21038991828206344
0.2849503217465471
0.30310090356409464
0.2839228922956178
0.23420470035821744
0.2641173054312535
0.15857976267000543
0.16160494582245327
0.16366517603241892
0.14422844997771186
0.20310942271443955
0.25096894510019174
0.2843073955442167
0.16557749135176933
0.39893646525019205
0.18611963646814933
0.1445640053536493
0.14968707365726205
0.09259277478908441
0.2229485295240645
0.19576731272832462
0.030116747411631114
0.14464407620241285
0.2935602415048061
0.3671794339523849
0.3311486290847759
0.17676172906198595
0.2912833541863191
0.26673392278266594
0.4150646517027897
0.5888514649815105
0.47709466630085323
0.29142515263140695
0.3744546135210116
0.12542705752482408
0.15798845039850995
0.16542142433961485
0.372935516229499
0.19033041528776065
0.2809947759961585
0.38246186402771853
0.2718119851177389
0.4031865006546065
0.22975920280361042
0.2988547110831959
0.3325105201156436
0.41543009777263784
0.3010082725173822
0.26182612035901043
0.13708290842625964
0.14605795666418386
0.10574532062191294
0.06753669090667323
0.10694048175124517
0.19607641479652516
0.23509660571310317
0.1921963969395096
0.23142893837972492
0.27187798190252965
0.21700398628284948
0.056008415677222874
0.33258234586489954
0.15836118033477628
0.26550116118378236
0.327171348529732
0.24074511307068347
0.11728402475624226
0.30884769886171387
0.22726511232951987
0.17550578586531276
0.4254870164298316
0.0950594091212551
0.14024456971954138
0.30015475004994013
0.2512058231348973
0.1861984291983561
0.20931569777292242
0.16220041530257193
0.350947551872282
0.31472231723012695
0.17896559321677313
0.08124519346738564
0.11606791839333791
0.2023554897369603
0.19742231800053103
0.3371359951479341
0.47902424977547264
0.3946452888175543
0.31996561300269305
0.18796360412806648
0.46908408256301215
0.36297139893333613
0.3608775267142825
0.24889878467159104
0.21982844678104088
0.4034921064699963
0.45247269986804756
0.6035916861471836
0.48561636652632717
0.3652846878510564
0.4293618145471871
0.3367107404439029
0.3151199867607928
0.22572702328876626
0.2433885535595115
0.12196666170297299
0.03660816908346827
0.08985697654236816
0.19480047221665564
0.22144464168201905
0.06307450838158539
0.32496231652151675
0.13746941166472618
0.22786811918004557
0.23068542771528516
0.161349540515543
0.17480201231541412
0.2921164230660974
0.31809572101863853
0.302240281255594
0.32507578243783464
0.1685842906180669
0.12650944831986066
0.19977766491026291
0.21796298313720763
0.10182146455837147
0.2701013819942926
0.25264453271007475
0.34317961047824186
0.3588513545247717
0.330062866570725
0.33857159414832266
0.33690666093169425
0.15749628130382495
0.4303403648837287
0.44186690733759465
0.23988587212092938
0.3723973459131124
0.4759235136208238
0.41104432360485316
0.3892819812770393
0.6116342801004078
0.3519178379884568
0.4754122223905357
0.5061393493515934
0.20042890805366956
0.29266935036778213
0.04306227042164736
0.14660839438912165
0.08818299693230729
0.20819634650409302
0.23443386188715384
0.03491364033306573
0.22158501131485833
0.05274357026821363
0.3533474107762124
0.34304294430990806
0.23743658155388353
0.2569391479207639
0.1936884123856214
0.4765784075281987
0.24010689841609317
0.15698867874458172
0.2946100820517156
0.3192756629709904
0.5479198943687552
0.38840301477843864
0.42050732038895045
0.5434724366999781
0.27588663205928743
0.383438079868829
0.29980693269038095
0.37418703629646016
0.3040423082536643
0.2260108359872834
0.3502732268984423
0.33510412715160126
0.32554800288753294
0.39706859727770877
0.25396671478118527
0.1525482897682747
0.277690049060495
0.16322109821926897
0.18696655975870144
0.12086173037267416
0.21764014298091008
0.32243530965199685
0.28297971723341453
0.1035754128553684
0.19181682250421994
0.10955726963256134
0.15644966024975193
0.10608181494155045
0.14921803658269947
0.14237365920595874
0.31926371160691347
0.45781484733010547
0.34272685268322906
0.4444758370235441
0.30854509277618747
0.10397806128837787
0.1379728501215098
0.18462407758228164
0.22870333630194428
0.12948775655403194
0.31748683887757057
0.2151890598524516
0.2702170877052719
0.26539014027627617
0.24561561164086676
0.34097047675057235
0.47480652119995664
0.21801480025077277
0.34526027537409054
0.4068582257596647
0.5143381237555578
0.3502097194526925
0.3182861390089933
0.3892033715709124
0.713264368002186
0.6153309806038835
0.4843005218740143
0.40726657906189256
0.4656371011463966
0.42696377994615975
0.4467037384637373
0.5462976961613694
0.5476182162397815
0.5363605396209189
0.3645553461810825
0.40395243150374865
0.39879300451645355
0.7237989908576788
0.17987900605491308
0.5073005850544894
0.19405923425248123
0.16246756643904023
0.28431478620939954
0.5540894337698463
0.31502086919342037
0.4635883713157193
0.3900790953673704
0.4944788516990642
0.5315900923447997
0.482730455349265
0.5114394204525219
0.3675723251968879
0.2645855756180958
0.6271881028411074
0.39905164783790187
0.2843034214375771
0.37426405499216464
0.7020399707520676
0.3882904459452603
0.4269674816240878
0.3383800166011737
0.5648610163930965
0.38090591701647414
0.5137696263615781
0.4449996118245501
0.47819269445756124
0.4845476604633333
0.49903653567190726
0.5750836730278677
0.5183991820380967
0.638123289400911
0.4143379359762558
0.4175585655590935
0.44240656751721896
0.4742938693968593
0.4441350629339866
0.3820844351280323
0.5072828112784729
0.056174986183562425
0.4221448064331789
0.30681025293383607
0.2617986116939227
0.1792751917780092
0.11849303662306736
0.21799280235418367
0.3039065072684853
0.24047108801489425
0.24676551387394036
0.2576996926089016
0.35994809983683945
0.1972033400248591
0.40376389434713345
0.4975504562894421
0.3126951497850979
0.22731596591466383
0.14017565464246542
0.04841295226206202
0.07330279471021145
0.20807448870745954
0.10155213805771027
0.49941070377030117
0.42709849791365034
0.49682281229933384
0.43058284051032913
0.3180697447341148
0.3223461830400315
0.24045352876692572
0.09032034683744336
0.13578721815105899
0.12394576821993099
0.16927771471296243
0.25719864456721825
0.3718912674927402
0.35102259887687864
0.6450047430894671
0.5682894493051727
0.5038182793931852
0.5990445756987144
0.5020627625116993
0.3333868810723882
0.386866968666075
0.23802174974964665
0.32932201223536206
0.45716037858645375
0.23281384786987658
0.3381822311514187
0.5416571689880665
0.3811629172488638
0.6246548074729208
0.5240810803924657
0.49660662786019033
0.47611459277066637
0.3714383993100032
0.23159103582018356
0.49920896993687647
0.41853481718043023
0.41724880843527684
0.2500478523074338
0.6365485541426706
0.28268897102013707
0.40082919705892794
0.5126532941331516
0.17638681877960705
0.10532893655760266
0.13606517796184464
0.20172184813242167
0.0710025849068075
0.055709251245026396
0.18166032579796695
0.22302914254857212
0.2355151408794835
0.28627284991821894
0.4987804313820419
0.37833097098489815
0.4282607699108563
0.465419020211342
0.44623935118699815
0.30083152344149744
0.4127261194372721
0.26063739516083767
0.29318509515720137
0.184819313100978
0.3138712486222158
0.07018355893193423
0.1928145904210897
0.1583085056939752
0.08441406692397337
0.20265726880483265
0.1708206306196208
0.23431822788138906
0.3362039379618453
0.28774759074648487
0.4263873864683062
0.3676894668429618
0.4859741318987963
0.5273447058416277
0.39193764877731835
0.48922560801156517
0.2997476190486253
0.5779755414193567
0.29858779934196106
0.3447085078458936
0.21874141069753245
0.3306443041957806
0.10351950436809752
0.09359631106639439
0.07351547671017344
0.11260851998802238
0.15327370515498828
0.13739411162454787
0.20066888418100295
0.2560172203689853
0.2111963816157298
0.21532176810709983
0.19902422178959853
0.1562461402624854
0.07318695327722788
0.32569144438145914
0.2589845165498711
0.21548690798021608
0.31315400591850356
0.1769175253329423
0.2023942280737252
0.17946911921688502
0.1555557846834965
0.14240548559912203
0.2106505190679145
0.17886444697342765
0.17310391216379334
0.3217288753937927
0.34046816704853416
0.32046704437127976
0.3722781782329748
0.47392696609102497
0.5112726010644517
0.4470647597670909
0.33131199512535126
0.3991484687326335
0.41392310649167036
0.2159740751878533
0.32812299137705636
0.2972089530342768
0.17694543158529077
0.39923638638670234
0.2520709269519019
0.16282409323057212
0.24262225375395935
0.20068666941019248
0.19841299415853583
0.2700966020391701
0.38659427227392684
0.3069653009414941
0.5897656628725769
0.6673193040170535
0.7268951493186334
0.6626381683110737
0.3657760618417527
0.6040893888444676
0.5446304331223284
0.4740670399913378
0.6637889053994817
0.44993426584674007
0.26910894631493665
0.1804812816427735
0.38955733791194624
0.5426186021925878
0.4942367286549318
0.4855486265388614
0.39080265657707697
0.437355537704739
0.31370421246565644
0.41725556069718034
0.5804432925195958
0.4439821325339725
0.443970961278903
0.5921482486015399
0.6242098763097762
0.6058572990604163
0.553940995479402
0.5309498300620924
0.4578087730333738
0.3615772404891251
0.5055953522518402
0.32863612422382066
0.1889800678239564
0.5423879429678243
0.34502413004044474
0.35390303833513925
0.22653850842704032
0.39664239409709323
0.34042786433543015
0.4662269289650103
0.44049286907579804
0.36682729037894846
0.5365746778882468
0.6057132129074606
0.2287672636806673
0.23739469863596857
0.2694610829242642
0.16323209832180752
0.1915616730779321
0.11477014986998674
0.2435726315643307
0.2866503086169111
0.2450343321720523
0.33995859980197024
0.5303185965056135
0.6096377447725703
0.6539261937438849
0.6427472469629313
0.5876202989227789
0.3972715829588335
0.391178365327578
0.18202137752055964
0.35434553229092014
0.4508997049916892
0.2925220686947162
0.392290680905668
0.4519939943679996
0.6950720681384227
0.43844703742462965
0.5194878902413843
0.5602686124413082
0.528101168275158
0.5021056491742392
0.337339350810885
0.4650024104277619
0.4050392745657554
0.5996811271522198
0.6608258300820169
0.5822184231314425
0.42524242493633596
0.13892808481612717
0.46739344390106186
0.5514128485345986
0.5373101924713448
0.6119708702873207
0.5349532732355965
0.33768899458272633
0.4474876169300285
0.5501789275599753
0.04023250248156682
0.07500632556033468
0.2773860751048237
0.28913910326437964
0.3121068752286104
0.5132636368927289
0.36590765449980495
0.08053189360482055
0.26129883735200077
0.41306638665987977
0.04673442764877863
0.09762563719682577
0.2813033893242808
0.21404249628528618
0.19183163789959515
0.16445308214916932
0.16448124370499573
0.1739072180664236
0.15854661908108925
0.24560692405338116
0.39688035752048023
0.18718525166578345
0.21539872640370508
0.5339542786615058
0.2874842381702948
0.3045547536877132
0.3778353473629068
0.3940289284379331
0.16578530352051918
0.13093270830908876
0.3536105722424881
0.24314607514271716
0.32188671103497196
0.4515053768886703
0.5161906452988366
0.12450733152927432
0.22786187034996502
0.3239651210396749
0.20953981567429023
0.03239504402667247
0.29874545644527195
0.19104017557771197
0.31611490751609006
0.1637364117638925
0.14420047582866968
0.10328543934478321
0.1885815892511984
0.30086239173439405
0.12351150386218773
0.15489357097585554
0.31570684220820416
0.451307288335204
0.32693937540727414
0.07043603279973366
0.24292767005587945
0.561462173116665
0.3253654751832178
0.36001286379693404
0.3291131240248228
0.4426661684962959
0.236078757886584
0.18835346372714584
0.24222934444385333
0.06932036450371311
0.10896211603030069
0.23011706752518316
0.30549341296426524
0.13325845833176503
0.3089319226498028
0.13883365640892353
0.19119396798742216
0.3524086615300256
0.10550442512930544
0.16029026645516098
0.4150772013095304
0.4813157517636643
0.15993357523407395
0.32603900937380603
0.16508432702845213
0.23705207381326004
0.15717824277973785
0.4057104623980737
0.12068476949566506
0.289719860351549
0.3756657494956676
0.08447231168641625
0.1570033508234647
0.19634181071096612
0.06454271847973514
0.32310998399727014
0.22745756920849652
0.24350772489900224
0.1214539319939
0.30216754366022247
0.29218651010066704
0.31667523103123907
0.47480299051375213
0.5393873600267584
0.4401483980846835
0.4147975992544122
0.6794614129139902
0.4477071858243866
0.628607494369911
0.7080650820832747
0.31976291158324865
0.28561397343322836
0.3762563164923163
0.40016885778429667
0.46358348980896535
0.39946836020477244
0.6906714607102252
0.5707825078322625
0.5194507286869064
0.530591469090993
0.5185760787746762
0.27331501055713636
0.278374103658446
0.3434125402865428
0.23204505279517276
0.1188112511109679
0.3235360340954776
0.387479040190852
0.4316263533070361
0.3371429575325999
0.4011461119174286
0.3148982731201201
0.1403319170100282
0.31638000227910595
0.3345519730889113
0.45159177491476354
0.44964384837535604
0.2582875826404559
0.2518837074160161
0.2988106982856822
0.3818714567347087
0.34363079564655213
0.3738145291301838
0.2982237621815009
0.3608446067540822
0.21561183826090055
0.3449543617562703
0.11584787383846093
0.1039011460960723
0.13088781557971577
0.3322002163231551
0.30458381965355086
0.20354867563449908
0.31547550408389363
0.25527481334873725
0.25547580479049475
0.37836227817170326
0.21066749322029868
0.3632962936717898
0.2658272590701987
0.30476886169519907
0.20144735686147985
0.1626680433439064
0.08544863113313386
0.05887116063554536
0.21410324386847754
0.36542654907218375
0.29998368422542576
0.25577599114709965
0.1914357386675618
0.14439488036692974
0.17626587982314967
0.10524171011055043
0.15141258520437853
0.20929425477739916
0.34802866962526946
0.3389501757995927
0.2879209258047647
0.36834352611794124
0.18469154308691235
0.1590340083499118
0.31621170863233056
0.24643500732025547
0.4640201366560342
0.4414225381268827
0.23809882228692214
0.35460189380769913
0.4559766885814342
0.2719307806816126
0.29386177533152585
0.2595224225728592
0.3096004218390949
0.1618197255227234
0.33128295525201673
0.20171976978705555
0.24547069373942923
0.1932560230384912
0.20730868072264066
0.22881536262782592
0.24432356749081605
0.27334373000479567
0.21470434728536103
0.303022339732622
0.2572495554702838
0.29330503430802
0.16298333985053154
0.19367476096524966
0.15965077705574798
0.11692640741543338
0.0644680283615406
0.09576756142042571
0.13379698052574887
0.13666495278950355
0.0645403670266142
0.1520354428279583
0.12353398590922743
0.04691972012679984
0.09383141723437306
0.16872567910253394
0.12964354042865567
0.3029330748766038
0.20225468742434338
0.21940853940801097
0.17008260297318709
0.19468924428261505
0.2421066912369901
0.28497711045338714
0.2524901819200008
0.2581893563121917
0.3423853325412655
0.3665616016000905
0.29139317181137236
0.28927270421913365
0.27209939453764065
0.22491129317767072
0.10458159181099334
0.17424247040553859
0.22275857513834443
0.11331329223436964
0.13022853412235577
0.12306546494630484
0.1820068426573347
0.21098641451120065
0.2425929705202298
0.34351447757002657
0.3298270437992656
0.22912284339379493
0.20464434004520232
0.19597049940437555
0.06525265399166903
0.20026522483829334
0.10713505679098054
0.018458851642119276
0.06024372600884783
0.09024935907971805
0.17389499043743786
0.1167622270760037
0.032201226158364155
0.11641934780378334
0.14162971720807638
0.03678429328775367
0.11971056163971784
0.10860377385049946
0.053834851040336015
0.19407571153931502
0.18094273834503558
0.05993989694984904
0.1326621358574796
0.09935058139846029
0.2744531829099804
0.14310952534025975
0.16330467157710968
0.21855935237278645
0.13530182260543486
0.20030734122571506
0.17627383474969996
0.18437610225144554
0.23912365148554934
0.22355974507743026
0.2868778867070998
0.32941894758951634
0.2770714914639342
0.3010478924128095
0.28267383454648354
0.3956735294584826
0.44081229617059664
0.443109902177129
0.4422440496960221
0.4387092551507003
0.4573714220617007
0.4413099437872651
0.4330959957834261
0.5203886207206073
0.5115275650433527
0.5897718951200697
0.6248358321628394
0.5812846930832292
0.5520629534747659
0.5631645344161973
0.5156634705255797
0.34287461894809856
0.4315393170494759
0.3133950155818886
0.24168779932842913
0.41684454727562337
0.4221771759203907
0.3284461796884992
0.4356301402172011
0.5391566397480453
0.5116795789313168
0.589903398517287
0.6256964014818416
0.4337671562714409
0.39305870597164116
0.3757218827910335
0.3309924092162272
0.26358863799921906
0.31273722977418017
0.314611982398356
0.357865319402905
0.3501812799583172
0.4648349309799129
0.34575244644970593
0.3063703073584936
0.3954033609822357
0.24211749263847557
0.2894223897788052
0.08251938675242504
0.18176260626155447
0.37549990015705464
0.24202699718545112
0.2167988809717794
0.18773424723946674
0.23789320767170535
0.1170283411006022
0.4371747999031383
0.07926901388811129
0.16443208182718608
0.0835191691966125
0.09496504972795732
0.1700349151451641
0.15870102504294173
0.24271676148091093
0.16578922855713737
0.10336270847614215
0.08401625416372303
0.20422784568431887
0.15363041294318813
0.3100301529129714
0.09851608487135702
0.23173707802461882
0.35349290356708646
0.3499705864813618
0.36157978532605267
0.44801288312502796
0.18789466421802206
0.0655117769172158
0.034651115671177166
0.05711620591684575
0.08973057251891182
0.08798090338806899
0.10726014593330702
0.1543379508898273
0.12310960847019504
0.16009864910027713
0.1475525836379785
0.19519512232872072
0.10344117019849218
0.18558095523790927
0.06682601993402643
0.2543791384416973
0.05942171633490666
0.13942796901500498
0.07111352993676005
0.06873087518802382
0.013338377039417001
0.11297965880598197
0.1347930953828216
0.23697429880579643
0.13316256061771875
0.22452182061970344
0.21240872468179112
0.15918225042714604
0.26088097083117623
0.1388291490727822
0.13968150278991265
0.0959850680345297
0.06815416001923552
0.10818985721201303
0.21297497451094755
0.1327024839554416
0.332612775524903
0.324261525267507
0.30144358455159426
0.1958973189601419
0.28489590264107056
0.21669841926585837
0.24988062685922857
0.22011774580174676
0.3010198061050517
0.41030848960569716
0.3571703150381904
0.1636162603084903
0.18074822934165063
0.2947621948570372
0.29121750421030224
0.30169199298212207
0.3782979004431111
0.33128268449124937
0.14609591375930178
0.15919982117064133
0.09598442059761139
0.19639684257454407
0.3424402156163457
0.25503258023096353
0.27156827960005425
0.3435182659534106
0.1304208802500396
0.048459553569603304
0.17895988400150034
0.1804949861461675
0.39844138164311144
0.3245247677533009
0.027219288942931318
0.17525055444031662
0.15926901967076426
0.24098501951807194
0.3766352651396249
0.2712173917941435
0.27411891053475035
0.33589252332487
0.3504207502849737
0.3342042873195121
0.24743141339664868
0.38668155504493684
0.25193116535028953
0.1996711363232449
0.13978302494611008
0.2972143389139797
0.24999175596258552
0.13714239857029167
0.2585040446025366
0.26223794782985266
0.46485042013291533
0.594941402664719
0.5281138804735582
0.24282103045093234
0.3007014930759241
0.27881794894684014
0.23693095438238393
0.32906465264473056
0.32600033143433466
0.29850865491350365
0.25425766203029604
0.21170550404114155
0.14298488447377328
0.2061620748413998
0.09641211839792707
0.23398137707867359
0.29965700310996374
0.5217699961115222
0.2280520555772028
0.2326164615904892
0.2597003153294573
0.3413900142346698
0.2969991688298567
0.44795556076961834
0.465735109007612
0.2219721751900578
0.3981238944373584
0.453096433634953
0.40735374313494516
0.3398517004825311
0.3401982856818569
0.3065616944180877
0.3600513772868439
0.2141518244053262
0.26131405330824753
0.35260451890350963
0.508067710953283
0.5002203414752566
0.48541623747565954
0.3141982798455747
0.4205634880950415
0.34057844922153047
0.31425398040011676
0.47065242298814103
0.3506451772278812
0.4154105768060789
0.2727673504037326
0.37181593188221246
0.27657073176680474
0.28472446123758516
0.24144338117409403
0.2876440575248852
0.2953774481341311
0.5555673603319458
0.5611412009717274
0.5544301560149336
0.42888643343390787
0.407876995270993
0.3846564777639834
0.28846845083512973
0.15966775333708866
0.3143911588942412
0.1702529949566511
0.14002662501478208
0.2932419158169684
0.39927083051158807
0.45955707581879635
0.4226986877022025
0.5568618805826047
0.5633025119711141
0.5271920066859377
0.6144395354010511
0.6403641500492406
0.6573643379438825
0.5377159285334692
0.5617232580720147
0.35079538438624236
0.3605573990378944
0.21810147775630429
0.26935671526430965
0.3398593407159282
0.3350677517578043
0.34040364529341843
0.07365458863879194
0.35510167112085594
0.15277368887843232
0.1041639043705133
0.04029475016066775
0.18541102956333042
0.26927719746313966
0.2533188555258165
0.22352575920091433
0.11320336990411425
0.3619821299201624
0.0905307134647154
0.09857088097537428
0.4183643317109546
0.26412122097015467
0.4256586307067131
0.2879986262515242
0.13745862052141952
0.15733458927790195
0.06142906448330149
0.1791865795035387
0.11418007725293389
0.31123365779130907
0.19727810473778412
0.03137019977399975
0.11674289203351132
0.06120240019059204
0.2817181667614321
0.3207193694823239
0.11398977184004204
0.16588166336130386
0.07604771454663828
0.19727512515632525
0.16966556355783907
0.25889968582299216
0.42312899210982274
0.47397049729912444
0.14351649439628214
0.2878765594743512
0.15088834664306963
0.24520249914407252
0.17241065638425931
0.1316519111678337
0.47238784411628093
0.337988579585392
0.13316857715780683
0.19687438249942935
0.5001629105805477
0.2665039248268704
0.2573250022191729
0.16281144316355645
0.19788448986675514
0.17984658932815392
0.09895651670500018
0.10730345281616957
0.3303945948620873
0.22414729231997602
0.5929446033192292
0.17448230943241463
0.3990484325295035
0.20919244804964127
0.2249296588043168
0.04489931995740904
0.24346772240540776
0.4523055456791938
0.252259215026018
0.14488871892431487
0.3991707827184438
0.45028114425229215
0.14093495867515599
0.4321008038529766
0.20166468168751284
0.48956745280172714
0.42007025830751804
0.4960269173527391
0.20717420274308332
0.4713093998451918
0.2500431203724902
0.07739705226082774
0.48111482574854825
0.225116094176249
0.21566485949841077
0.41971049848790243
0.3101896740795003
0.13697761860047356
0.2567647146310353
0.07811545348912152
0.6184240991919947
0.23306006262202708
0.23948422064950026
0.19583613368089547
0.19463015316487364
0.3055162145364568
0.23160646250744502
0.511257255921606
0.3169041731046734
0.2873098201181576
0.5809636482024114
0.22194150937665177
0.2123089335974053
