0.44789062500000004	0.5927083333333333	
0.4490625	0.5951041666666667	
0.4507031250000001	0.5974999999999999	
0.45267436594202903	0.6001177536231884	
0.4568966403466474	0.6040184304531226	
0.46075361458578756	0.6093535413410931	
0.4647580654690252	0.6140900982371476	
0.458798118672359	0.6068804922320598	
0.46078125000000003	0.6059374999999999	
0.4621093750000001	0.6065625	
0.46273437500000003	0.6070833333333333	
0.463359375	0.6078124999999999	
0.46375	0.6092708333333332	
0.46382812500000004	0.6107291666666667	
0.46420470110358664	0.6121739478399191	
0.46472890000529044	0.6142707805055674	
0.4661117896354969	0.6174114254426166	
0.4671821249923145	0.6194064072262108	
0.4690757672508232	0.6216675140219321	
0.4702104631523077	0.6244275652865795	
0.4723738031680316	0.6273804427624066	
0.4731177245983244	0.6286203277435279	
0.4744640360197566	0.6302313139337979	
0.4748541094825892	0.634293051295884	
0.4758593749999999	0.6319791666666665	
0.476171875	0.6322916666666665	
0.47604979003210823	0.634247991966509	
0.4759707612364551	0.6345235054535749	
0.4765920759364848	0.6339728257161753	
0.47744754501989384	0.6350893789672989	
0.4787281592676626	0.6356856713945017	
0.4803629401402169	0.6353776169653791	
0.4824615112414047	0.6343579234678428	
0.48352559696762654	0.6333057829200673	
0.4844591720453055	0.6320265516254797	
0.4853927471229296	0.6292889869977	
0.4865606972005493	0.627905589036598	
0.4878848972781686	0.6270430244088302	
0.4883497223557879	0.625659626447729	
0.4902989224334072	0.6256303951532947	
0.49201374751102656	0.6252886638588604	
0.4938848225886458	0.6250510992310925	
0.49567777266626506	0.6239802012699915	
0.49740906104726185	0.6227809116931143	
0.4990740136097102	0.6213520086447685	
0.5011992773408523	0.6192677313895252	
0.5029091304458153	0.6162893288511623	
0.5051112730543617	0.6135215447978194	
0.506591723131981	0.6120339801700517	
0.5079940482096003	0.610546415542284	
0.5099432482872196	0.6105171842478495	
0.5110330733648388	0.6097587862867485	
0.5122010234424583	0.6092087216589807	
0.5129002235200776	0.6087628236978796	
0.5136775485976969	0.6079002590701119	
0.5074219063648325	0.6378111582622142	
0.5051545003281552	0.6503360396630036	
0.5031781387853821	0.6467374823644092	
0.50053064306898	0.6569887314141678	
0.4973331095535493	0.6671466415082677	
0.5090625	0.6322916666666666	
0.5096875	0.6320833333333332	
0.51015625	0.6331249999999999	
0.5118041380190778	0.6308579761641684	
0.5136194020738044	0.6283944451641605	
0.514635709008054	0.625668924399365	
0.5102343749999999	0.6357291666666666	
0.508875190200669	0.6389602904893478	
0.5056441732271261	0.641455449719328	
0.5038667998641524	0.6446576901608461	
0.49944561194696285	0.6433237544900362	
0.4960138312213503	0.6454570715239095	
0.4928164107872911	0.6480070972057551	
0.48922836418662285	0.6501404595507057	
0.48532781749342435	0.6511279888264255	
0.4813491457928868	0.6520113514564262	
0.4780735990917672	0.6524780474214219	
0.4744855523906014	0.6533614100532157	
0.4712308188400617	0.6537338587704582	
0.4689251732638945	0.6550415487805621	
0.4666120372870924	0.6565323312819641	
0.4652027572760062	0.6595171018471551	
0.4624828188847528	0.6632990565455746	
0.459988522183583	0.6676199191773798	
0.45718172548241326	0.671315781809185	
0.45562492878124344	0.675844977774324	
0.4535993820800736	0.6811033404061291	
0.4804687499999999	0.5879166666666668	
0.4811718750000001	0.5861458333333333	
0.48015624999999995	0.5853125	
0.48347867174152237	0.5693629094126422	
0.48667944387980366	0.5553249363859395	
0.4890459416032754	0.5431382992333872	
0.47765625	0.5789583333333332	
0.4746877899441528	0.5886394365739431	
0.479140625	0.5795833333333333	
0.48	0.5782291666666666	
0.4803906249999999	0.5763541666666666	
0.48101562499999995	0.5756249999999999	
0.48171875000000003	0.5747916666666667	
0.48140625000000004	0.5740624999999999	
0.48140625000000004	0.5736458333333332	
0.4800000000000001	0.5716666666666667	
0.47907293062232564	0.5689834464201811	
0.47843750000000007	0.5663541666666666	
0.4781920933443843	0.5642457994531859	
0.47640625000000003	0.5621874999999998	
0.47585937500000003	0.5613541666666666	
0.47570312500000006	0.5624999999999999	
0.474609375	0.5617708333333333	
0.4746093749999999	0.560625	
0.47476562499999997	0.5581250000000001	
0.474921875	0.5556249999999999	
0.4755468749999999	0.5517708333333332	
0.47515625000000006	0.5461458333333333	
0.47562499999999996	0.5449999999999999	
0.47554687500000004	0.5395833333333334	
0.47620252285910797	0.5375562477388169	
0.475666851516773	0.5356153664600212	
0.47393957998056735	0.5359976820823082	
0.47250918772170475	0.535216675374962	
0.47164970605704015	0.5334583062320231	
0.4697675974151152	0.529447298886731	
0.46991545467787155	0.5267928921194346	
0.4691406250000001	0.5229166666666667	
0.4694531250000001	0.5173958333333334	
0.46984375000000006	0.51375	
0.4691434656240737	0.5120715494568193	
0.46968750000000004	0.5105208333333333	
0.46898437500000006	0.5104166666666667	
0.469128909687304	0.5107950848986847	
0.46917054145188414	0.5117513730949654	
0.46958690919173085	0.5114054026298982	
0.46900395860379074	0.5091562956586186	
0.4696635651769389	0.5059802794077971	
0.46882812500000004	0.5034375	
0.46851562499999994	0.5001041666666666	
0.46881067178273633	0.4987435443574129	
0.4679902510053612	0.49795665923614435	
0.46664062500000003	0.49697916666666675	
0.46656249999999994	0.4963541666666666	
0.4639288754566975	0.49531542743589674	
0.461140571235669	0.4925130461478921	
0.4579617665656583	0.4899195685734356	
0.45431422177448344	0.4888886362390152	
0.4517804931912526	0.4874136165165436	
0.4493788837598792	0.48750545970377257	
0.450703125	0.48406249999999995	
0.4499218749999999	0.4826041666666666	
0.44859374999999996	0.4809374999999999	
0.44765625	0.4802083333333333	
0.4459375	0.4803125	
0.44546875	0.47947916666666657	
0.4446420949327067	0.47741697340489264	
0.44326087015472126	0.47615784336968076	
0.4421915350663158	0.4759379791101435	
0.4408877765707869	0.4768637577558847	
0.439765625	0.47833333333333333	
0.4390346031228124	0.47876438149546113	
0.43695312500000005	0.4803125	
0.435078125	0.4819791666666666	
0.43335937500000005	0.4848958333333333	
0.4325	0.48739583333333325	
0.43171875000000004	0.4887499999999999	
0.43023437499999995	0.49177083333333327	
0.42921875	0.49281250000000004	
0.427109375	0.49385416666666665	
0.425	0.49697916666666675	
0.421875	0.4997916666666667	
0.418860455311727	0.5038737366409405	
0.4171373540737432	0.5053478118395545	
0.41298946841746964	0.5111965834094938	
0.41134135199900496	0.5118369975636161	
0.40828125000000004	0.515625	
0.40484374999999995	0.5193749999999999	
0.401484375	0.5221875	
0.39968750000000003	0.5233333333333332	
0.39493446440983365	0.5271186278339688	
0.39210937500000004	0.529375	
0.38882812499999997	0.5313541666666667	
0.38601562500000003	0.5332291666666666	
0.3846303946056751	0.5351632744743877	
0.38421874999999994	0.5363541666666667	
0.38273437499999996	0.5384375	
0.38257812500000005	0.5409375	
0.38125	0.5427083333333332	
0.380703125	0.5452083333333333	
0.37937499999999996	0.5484375	
0.37765624999999997	0.5502083333333332	
0.37703125	0.5521874999999998	
0.376484375	0.5547916666666666	
0.37500000000000006	0.5574999999999999	
0.3742968750000001	0.5598958333333334	
0.37351562499999996	0.5617708333333333	
0.37328125	0.5617708333333333	
0.373125	0.563125	
0.37296874999999996	0.5658333333333333	
0.37343750000000003	0.5702083333333333	
0.37328125000000006	0.5735416666666666	
0.37359375	0.5779166666666666	
0.37226562499999993	0.5821875	
0.370859375	0.5883333333333333	
0.37046875	0.5909375	
0.36875	0.5963541666666666	
0.3665625	0.6011458333333333	
0.36398437499999997	0.6052083333333333	
0.36273437499999994	0.61	
0.361640625	0.6131249999999999	
0.36156249999999995	0.6177083333333333	
0.36062500000000003	0.6216666666666666	
0.36078125000000005	0.6254166666666666	
0.359765625	0.628125	
0.35906249999999995	0.6327083333333333	
0.35914062500000005	0.63625	
0.3581250000000001	0.6398958333333333	
0.3581250000000001	0.6444791666666666	
0.35875	0.6478124999999999	
0.35945312500000004	0.6515624999999999	
0.3603125	0.6548958333333332	
0.360234375	0.6577083333333333	
0.36140625000000004	0.6604166666666667	
0.36210937500000007	0.6636458333333334	
0.363984375	0.6653125	
0.365703125	0.6663541666666666	
0.36765625	0.6685416666666667	
0.37	0.6712499999999999	
0.37328125	0.6746874999999999	
0.37492187499999996	0.6775	
0.37671875	0.6819791666666667	
0.37734375	0.6833333333333332	
0.37898437499999993	0.6867708333333333	
0.380546875	0.6897916666666667	
0.38125	0.6927083333333334	
0.38351562499999997	0.6946875	
0.38625000000000004	0.6951041666666666	
0.38937499999999997	0.6954166666666665	
0.39257812499999994	0.6956249999999999	
0.3949999999999999	0.6972916666666666	
0.398359375	0.7001041666666665	
0.39984374999999994	0.7015625000000001	
0.403125	0.7033333333333334	
0.40531249999999996	0.7060416666666667	
0.40671875	0.7064583333333333	
0.4089062500000001	0.7083333333333333	
0.4107913909289057	0.7088222627043587	
0.4119509397988931	0.7092294265899876	
0.41390625	0.7086458333333333	
0.415703125	0.7079166666666665	
0.4173579191371751	0.7078222972990388	
0.41853698727085176	0.7066833204599755	
0.418359375	0.7066666666666664	
0.41898437499999996	0.7085416666666666	
0.41921875000000003	0.7086458333333333	
0.4202056515493012	0.7092718077550694	
0.420078125	0.7091666666666666	
0.42000000000000004	0.7103125	
0.419296875	0.710625	
0.419609375	0.7099999999999999	
0.4189843750000001	0.7101041666666666	
0.41953125	0.7098958333333333	
0.4199218750000001	0.7103125	
0.4225	0.7112499999999998	
0.423828125	0.7126041666666666	
0.4248437500000001	0.713125	
0.42640625000000004	0.715625	
0.42765624999999996	0.7164583333333333	
0.428125	0.7185416666666665	
0.42921875	0.7190624999999999	
0.4303769256494485	0.7208755243789271	
0.43237268470839707	0.7231190199503954	
0.43319484035476596	0.7251552771024686	
0.43546875000000007	0.7246875	
0.438125	0.7247916666666666	
0.44007812500000004	0.7255208333333332	
0.44453125	0.7263541666666666	
0.44757812500000005	0.7265624999999999	
0.45046875000000003	0.7258333333333333	
0.4535937499999999	0.7279166666666667	
0.4550781250000001	0.7277083333333334	
0.4578231487917849	0.7272398537449247	
0.4609375	0.725625	
0.46320312500000005	0.7245833333333332	
0.46625000000000005	0.7235416666666666	
0.46886564521477264	0.7218292190980065	
0.4696873619951522	0.7218632696961689	
0.4713686874840838	0.7207495568032187	
0.472659406509744	0.7188023574853568	
0.473984375	0.7145833333333333	
0.47515624999999995	0.7106250000000001	
0.476171875	0.7084374999999999	
0.4780468750000001	0.7022916666666668	
0.478515625	0.6986458333333334	
0.479140625	0.6970833333333332	
0.4800781250000001	0.6944791666666668	
0.480625	0.6928124999999998	
0.4814843750000001	0.6902083333333333	
0.4818937035442138	0.6873167394270878	
0.481953125	0.685	
0.48179687499999996	0.681875	
0.4800781249999999	0.6782291666666665	
0.48014388170979966	0.6774599539965129	
0.47976562500000003	0.6732291666666667	
0.4800000000000001	0.6705208333333333	
0.48054687499999993	0.66875	
0.48117187499999997	0.6637500000000001	
0.48101562499999995	0.6628125	
0.481640625	0.6604166666666667	
0.48200976296317355	0.6577527329581493	
0.4809037083443789	0.6557984381075792	
0.48138315722517017	0.6531353452141766	
0.4814142497021807	0.6501221328056477	
0.4819855259349028	0.64892963818873	
0.481796875	0.6483333333333332	
0.4800000000000001	0.645625	
0.4800781249999999	0.6419791666666665	
0.4803125	0.6384375	
0.48023437499999994	0.6334375	
0.4795312500000001	0.6294791666666666	
0.4796875	0.6273958333333335	
0.47915157217940135	0.6252633627216448	
0.4779499593127497	0.6222319082334042	
0.47667977182126864	0.6202719190395423	
0.4764075852961633	0.6196121236797676	
0.47546875	0.6184375	
0.4739062499999999	0.6169791666666666	
0.474609375	0.6141666666666666	
0.473984375	0.611875	
0.4728125	0.6107291666666667	
0.47128201466488073	0.6094209319605774	
0.469609375	0.6073958333333335	
0.46851562500000005	0.6047916666666667	
0.46671874999999996	0.6014583333333332	
0.464809123580851	0.5977223159792968	
0.46220313122892787	0.5940804269095197	
0.4616478715408328	0.5917738561402941	
0.4585881593911981	0.589515156998617	
0.4556831042920608	0.5869463329395362	
0.45203125	0.5842708333333333	
0.4516332180281781	0.5829044529571463	
0.45023437499999996	0.5821875	
0.448359375	0.580625	
0.446875	0.5798958333333333	
0.445	0.578125	
0.44279096956639596	0.5769159237961605	
0.439778048991878	0.5761052385046417	
0.43781250000000005	0.5758333333333333	
0.43624999999999997	0.5765625	
0.4334162280670945	0.5776223275223842	
0.4297890618927987	0.5784928605070823	
0.42609375	0.5802083333333334	
0.42265625	0.5818749999999999	
0.41968750000000005	0.5847916666666666	
0.41789062500000007	0.5884375000000001	
0.416796875	0.5893750000000001	
0.4147512810036746	0.5907722057289478	
0.4125	0.5927083333333333	
0.409375	0.593125	
0.4074999999999999	0.5948958333333334	
0.40523437500000004	0.5958333333333334	
0.404140625	0.5964583333333333	
0.40210937500000005	0.5989583333333333	
0.40028707040833567	0.601398537350122	
0.3996481290233257	0.6026637671203234	
0.3986975988320581	0.6047600188955019	
0.39625	0.6085416666666668	
0.394765625	0.6103124999999998	
0.392578125	0.613125	
0.38953125000000005	0.6156249999999999	
0.388046875	0.6166666666666666	
0.38531250000000006	0.6185416666666667	
0.3836201094902739	0.6197733231609729	
0.3821875	0.6207291666666667	
0.38093750000000004	0.6211458333333334	
0.3793980661943347	0.6215093326974176	
0.3790625	0.6221875	
0.37874244710561544	0.6235631416040516	
0.37937499999999996	0.6238541666666666	
0.380078125	0.62625	
0.380234375	0.6277083333333333	
0.380546875	0.630625	
0.38101562499999997	0.6326041666666666	
0.38040452782257006	0.6352317041625422	
0.3802586477857314	0.6361805848511954	
0.37929687500000003	0.63875	
0.378515625	0.6409375	
0.37679687500000003	0.6431250000000001	
0.375078125	0.6444791666666666	
0.37351562499999996	0.6455208333333332	
0.37359375000000006	0.6464583333333334	
0.37335937500000005	0.6457291666666667	
0.371640625	0.6460416666666668	
0.370703125	0.6467708333333333	
0.36898437500000003	0.6472916666666666	
0.36726562500000004	0.648125	
0.365703125	0.6501041666666666	
0.36539062499999997	0.6513541666666667	
0.36421875	0.6542708333333332	
0.36352816790207515	0.657377924230226	
0.36390625	0.6592708333333333	
0.36390625	0.661875	
0.36359375000000005	0.6629166666666666	
0.36331128282348585	0.6641982112461301	
0.364296875	0.6661458333333332	
0.363828125	0.6668749999999999	
0.3646875	0.6678124999999998	
0.36507812500000003	0.6700000000000002	
0.36539648569256233	0.6722613780371014	
0.365703125	0.6733333333333335	
0.36617187500000004	0.6741666666666666	
0.3665706330054354	0.6752411997901454	
0.3671875	0.6777083333333334	
0.368203125	0.6780208333333333	
0.367578125	0.6791666666666667	
0.3675	0.6801041666666666	
0.3669531250000001	0.6796874999999998	
0.36648437500000003	0.6788541666666668	
0.36625	0.6776041666666667	
0.36640625	0.675625	
0.36710937499999996	0.6741666666666666	
0.36796875	0.6719791666666667	
0.368203125	0.6696875	
0.368671875	0.6690625	
0.369765625	0.6685416666666667	
0.370625	0.6686458333333333	
0.37085937500000005	0.6681250000000001	
0.37178249876115466	0.6673340551743798	
0.37156249999999996	0.6664583333333333	
0.37203125	0.6639583333333334	
0.37187499999999996	0.6608333333333333	
0.372109375	0.6576041666666667	
0.37214988256340453	0.6532460514791192	
0.37320312499999997	0.6480208333333334	
0.37414062500000006	0.6431250000000001	
0.37554687500000006	0.6387499999999999	
0.37796874999999996	0.6351041666666667	
0.37906249999999997	0.6340625	
0.3824884609788945	0.630260097448646	
0.38425864366574614	0.6279203736253305	
0.385949499460492	0.6255809944595041	
0.387109375	0.6232291666666666	
0.38875000000000004	0.6195833333333333	
0.389765625	0.6164583333333333	
0.39140625000000007	0.6135416666666667	
0.39265625000000004	0.6118750000000001	
0.3934375	0.6114583333333333	
0.3938281249999999	0.6103124999999999	
0.395859375	0.6074999999999999	
0.39781249999999996	0.60625	
0.39984375	0.6040625	
0.400859375	0.6039583333333333	
0.403515625	0.6022916666666667	
0.40601562500000005	0.5997916666666666	
0.40914062500000004	0.5973958333333333	
0.411640625	0.5938541666666668	
0.41414062500000004	0.5897916666666666	
0.41515625000000006	0.5886458333333333	
0.41859375000000004	0.5845833333333332	
0.42132812499999994	0.5807291666666667	
0.42515625	0.5769791666666666	
0.42687500000000006	0.5757291666666666	
0.4334375	0.5714583333333333	
0.4351562499999999	0.5690625	
0.44015624999999997	0.5647916666666667	
0.443828125	0.5589583333333332	
0.4482812500000001	0.5539583333333333	
0.4503125	0.5521874999999999	
0.45421875	0.5475	
0.45796875000000004	0.5433333333333332	
0.46171875000000007	0.5414583333333333	
0.4664062500000001	0.5393749999999999	
0.47093749999999995	0.5361458333333333	
0.475390625	0.5317708333333332	
0.479375	0.5287499999999998	
0.483984375	0.5242708333333332	
0.4895312499999999	0.5200000000000001	
0.494140625	0.5154166666666666	
0.498359375	0.5121875	
0.500390625	0.5114583333333333	
0.5027343750000001	0.5096875000000001	
0.5049867341135841	0.5086603240537115	
0.506640625	0.5042708333333332	
0.5071875000000001	0.501875	
0.508984375	0.49854166666666655	
0.510625	0.49479166666666663	
0.5132031250000001	0.49020833333333336	
0.5148437499999999	0.4882291666666666	
0.517109375	0.48604166666666665	
0.520078125	0.4836458333333334	
0.5234375	0.4815625	
0.5275448510375913	0.48138792310877604	
0.5321093749999999	0.47916666666666663	
0.534375	0.47770833333333335	
0.5389062499999999	0.47562499999999996	
0.543203125	0.4721875	
0.5465625000000001	0.46781249999999996	
0.5492187500000001	0.46395833333333336	
0.55171875	0.45854166666666674	
0.5528906250000001	0.45625	
0.55515625	0.45166666666666666	
0.557734375	0.44802083333333337	
0.5609375	0.4455208333333333	
0.5636718749999999	0.44437499999999996	
0.56671875	0.44364583333333335	
0.5696093750000001	0.4442708333333333	
0.57109375	0.44375	
0.57171875	0.4432291666666667	
0.571640625	0.4408333333333333	
0.5704687500000001	0.4386458333333333	
0.5687500000000001	0.43583333333333324	
0.567578125	0.43249999999999994	
0.565546875	0.4291666666666666	
0.564296875	0.42822916666666655	
0.5620312500000001	0.4235416666666666	
0.560078125	0.4214583333333334	
0.5593509339558722	0.4205264830579945	
0.55640625	0.41520833333333335	
0.5538281250000001	0.41156250000000005	
0.549609375	0.41135416666666663	
0.547578125	0.4112499999999999	
0.54390625	0.4114583333333333	
0.5392187500000001	0.41187500000000005	
0.537109375	0.41260416666666666	
0.5322656250000001	0.41031249999999997	
0.5291406249999999	0.4078124999999999	
0.52765625	0.40708333333333335	
0.52390625	0.4055208333333333	
0.519609375	0.40354166666666674	
0.515625	0.4029166666666667	
0.5115624999999999	0.40364583333333337	
0.507734375	0.4041666666666667	
0.5029687500000001	0.40489583333333334	
0.497890625	0.4052083333333333	
0.4946093749999999	0.40510416666666665	
0.491015625	0.40541666666666665	
0.48921875000000004	0.40479166666666666	
0.48609375000000005	0.4058333333333334	
0.4828906249999999	0.4055208333333333	
0.4809374999999999	0.4046875	
0.47828125000000005	0.4041666666666666	
0.47679687499999995	0.4039583333333333	
0.47476562499999997	0.4052083333333333	
0.469921875	0.40750000000000003	
0.4653125	0.409375	
0.45968749999999997	0.4111458333333333	
0.45484375000000005	0.4144791666666666	
0.4500781250000001	0.41604166666666653	
0.44750000000000006	0.41572916666666665	
0.442890625	0.41604166666666675	
0.43929687500000003	0.41604166666666664	
0.434765625	0.414375	
0.43078125000000006	0.41364583333333327	
0.42709909812490976	0.4141296567806075	
0.42328125000000005	0.4149999999999999	
0.419296875	0.41604166666666664	
0.41460937500000006	0.41739583333333324	
0.41078125	0.4182291666666667	
0.40679687500000006	0.41968750000000005	
0.40234375	0.42062499999999997	
0.39914062499999997	0.4209375000000001	
0.39546875000000004	0.42062499999999997	
0.39242187500000003	0.4213541666666667	
0.39109375	0.4211458333333334	
0.38875	0.4210416666666667	
0.38515625	0.42020833333333335	
0.383203125	0.4214583333333334	
0.38140625	0.4225	
0.379921875	0.42364583333333333	
0.3778283857365171	0.4237019303450672	
0.37671875000000005	0.42468749999999994	
0.374609375	0.42416666666666664	
0.37171875	0.425	
0.36890625000000005	0.4267708333333333	
0.36765625	0.4276041666666667	
0.36546875	0.4302083333333333	
0.36374999999999996	0.4333333333333333	
0.361953125	0.43604166666666677	
0.36039062499999996	0.43833333333333335	
0.357421875	0.4421875	
0.35453125	0.44312500000000005	
0.35320312499999995	0.4441666666666667	
0.35156250000000006	0.44406249999999997	
0.35085937500000003	0.4451041666666666	
0.348515625	0.4460416666666666	
0.346484375	0.4489583333333333	
0.344453125	0.45177083333333334	
0.342578125	0.45614583333333325	
0.34109375	0.45947916666666666	
0.34	0.4614583333333333	
0.33804687499999997	0.4646875	
0.33578125000000003	0.4682291666666667	
0.33406250000000004	0.47093750000000006	
0.332578125	0.4739583333333333	
0.332421875	0.47541666666666665	
0.332578125	0.47802083333333334	
0.33382812500000003	0.4810416666666666	
0.33414062499999997	0.4836458333333333	
0.335	0.48635416666666664	
0.33515625	0.4882291666666666	
0.3354687500000001	0.4915625	
0.335625	0.49364583333333323	
0.335390625	0.4963541666666666	
0.33352789950515704	0.49982210206020455	
0.3325	0.5029166666666666	
0.3324657761961496	0.5046795461300027	
0.330546875	0.5064583333333333	
0.32999999999999996	0.5089583333333333	
0.32875	0.5105208333333333	
0.32820312500000004	0.5116666666666666	
0.32757812500000005	0.5122916666666666	
0.32687499999999997	0.5143750000000001	
0.32703125	0.514375	
0.32742187500000003	0.5158333333333334	
0.32718749999999996	0.5172916666666666	
0.32578125	0.5177083333333334	
0.325	0.5194791666666665	
0.32429687500000004	0.5207291666666667	
0.323828125	0.5222916666666666	
0.32375000000000004	0.5236458333333333	
0.324453125	0.5253124999999998	
0.3249704155752684	0.5272348413076449	
0.32539062499999993	0.5295833333333333	
0.325234375	0.5320833333333332	
0.32578124999999997	0.5325	
0.32593750000000005	0.535	
0.326484375	0.5372916666666666	
0.32617187499999994	0.5380208333333333	
0.32585937499999995	0.5396875000000001	
0.3254687500000001	0.5409374999999998	
0.3253125	0.5413541666666667	
0.325	0.5427083333333333	
0.325546875	0.545	
0.32757812499999994	0.5469791666666667	
0.32828125	0.5505208333333333	
0.32992187500000003	0.5543750000000001	
0.33132812500000003	0.5585416666666667	
0.33203125000000006	0.5638541666666665	
0.33203125000000006	0.5663541666666665	
0.333359375	0.5711458333333332	
0.3350691281069416	0.5755182559241766	
0.33671875	0.579375	
0.33851562500000004	0.5832291666666667	
0.34062499999999996	0.5873958333333333	
0.341875	0.5904166666666665	
0.3428125000000001	0.5920833333333334	
0.34359375000000003	0.5946874999999999	
0.344609375	0.5979166666666667	
0.345859375	0.5996875	
0.34664062500000004	0.6019791666666667	
0.348671875	0.6047916666666666	
0.35031249999999997	0.6060416666666667	
0.3521875	0.6083333333333333	
0.354609375	0.6102083333333332	
0.3565625	0.6115624999999999	
0.358046875	0.6131249999999999	
0.3603125	0.6144791666666667	
0.363515625	0.6167708333333332	
0.36578125	0.6168750000000001	
0.3696875	0.6192708333333334	
0.3728125	0.6215624999999999	
0.376015625	0.6243749999999999	
0.37867187499999994	0.6272916666666666	
0.3803906250000001	0.6301041666666667	
0.382578125	0.6323958333333334	
0.384453125	0.63375	
0.38695312499999995	0.6366666666666667	
0.389375	0.6391666666666667	
0.39187500000000003	0.6397916666666668	
0.39453125	0.6414583333333332	
0.39843750000000006	0.641875	
0.40015624999999994	0.6411458333333333	
0.4033593750000001	0.6409375	
0.4069531250000001	0.6414583333333334	
0.41000000000000003	0.6410416666666666	
0.41328125	0.6415624999999998	
0.41765624999999995	0.6413541666666667	
0.42109375	0.64125	
0.425	0.6398958333333333	
0.42648437499999997	0.6395833333333333	
0.43101562499999996	0.6398958333333333	
0.43578124999999995	0.6405208333333333	
0.43937500000000007	0.6413541666666668	
0.4437499999999999	0.6427083333333334	
0.4476562500000001	0.6439583333333334	
0.44906250000000003	0.6442708333333333	
0.45249999999999996	0.6445833333333333	
0.455703125	0.6444791666666667	
0.458515625	0.6432291666666667	
0.461328125	0.6423958333333333	
0.464453125	0.6422916666666666	
0.466328125	0.6429166666666666	
0.47062500000000007	0.6428125	
0.47478215050913	0.641361260487409	
0.4792187500000001	0.6391666666666667	
0.48125	0.6379166666666667	
0.48695312500000004	0.6352083333333334	
0.4906249999999999	0.6344791666666667	
0.49375	0.6332291666666666	
0.49781250000000005	0.6321875	
0.4996093749999999	0.63125	
0.5032809253594568	0.6290901390562162	
0.506875	0.6266666666666667	
0.5105575001713688	0.6248530837778785	
0.5140625	0.6226041666666666	
0.51671875	0.6213541666666667	
0.52140625	0.6196875	
0.5239843750000001	0.6179166666666667	
0.5285193230339152	0.6144416244351693	
0.5317010548324176	0.6118806586376557	
0.5362870465050993	0.6066095016531492	
0.5386432915809366	0.6039625872384631	
0.5413457728181027	0.6016069458622492	
0.5431695219465869	0.598191397660372	
0.5461928421797094	0.5948992472975699	
0.5489036624065854	0.5930654302622693	
0.5524738576329656	0.5894607798931728	
0.5561221778593066	0.5854394628573731	
0.5593017480856446	0.5794389791549037	
0.5627156933119822	0.575625995452434	
0.5648193485868426	0.5716865808800604	
0.5664967087646573	0.5674791947141613	
0.5672484939570863	0.5619790904118657	
0.5675433492173325	0.5576657273092221	
0.56705104444367	0.5526027436067523	
0.5669493646700077	0.5476439265709495	
0.5679414348963453	0.5416434428684799	
0.5693513075473795	0.5384282884087394	
0.5708784560788065	0.5331808322961994	
0.5730270205753579	0.5273919917610708	
0.5761284658016956	0.5214956747252678	
0.5793080360280333	0.5173701910227984	
0.5816282312543709	0.5132447073203286	
0.5840265514807085	0.5094317236178589	
0.585877996707046	0.5070770732487226	
0.5876513169333836	0.504201589546253	
0.5896590121597212	0.5008052725104499	
0.5913542073860587	0.496783955474647	
0.5930494026123964	0.49265847177217736	
0.594900847838734	0.4875954880697077	
0.5958147930650715	0.48201167103390474	
0.5970412382914092	0.4762195206647684	
0.5979551835177468	0.47355237029563213	
0.5991035037440843	0.46796855325982917	
0.598298698970422	0.46134306955735954	
0.5975720191967595	0.4560717525215566	
0.5974703394230969	0.4510087688190868	
0.5972124096494348	0.44594578511661725	
0.5973451048757723	0.44265363474748093	
0.5969309251021099	0.4373823177116779	
0.5962042453284474	0.4310693340092083	
0.596336940554785	0.42475635030673864	
0.5968602607811226	0.41948503327093567	
0.5977742060074601	0.41410954956846596	
0.5979069012337977	0.4093590658659963	
0.5981177214601353	0.4057544154968601	
0.5982504166864728	0.40225393179439034	
0.5976018619128105	0.4000034480919207	
0.5964064321391482	0.3960862977227844	
0.5957578773654857	0.39352331402031476	
0.5955780725918234	0.3914811636511784	
0.594304517818161	0.38787651328204215	
0.5925622130444984	0.3833343629129059	
0.590976158270836	0.3783755458771028	
0.5900932284971736	0.3744583955079665	
0.5892884237235112	0.3709579118054969	
0.5882492439498488	0.36922826143636056	
0.5866631891761862	0.36874861106722423	
0.584842759402524	0.36806062736475453	
0.5835692046288615	0.36685181032895164	
0.5818268998551992	0.36616382662648195	
0.5812564700815367	0.3647466762573457	
0.5796704153078742	0.3622878592215426	
0.5786312355342119	0.36076654218573967	
0.5776701807605494	0.3589327251499368	
0.577256000986887	0.357932241447467	
0.5756699462132246	0.3564109244116641	
0.5732245164395622	0.35395210737586114	
0.5709353366658998	0.3524307903400581	
0.5689586568922375	0.35090947330425515	
0.5661226021185749	0.35032565626845213	
0.5643802973449127	0.3490126725659825	
0.5620129925712501	0.34738718886351283	
0.5607394377975876	0.3462825384943765	
0.5587627580239254	0.3451778881252402	
0.557489203250263	0.3436565710894372	
0.5548093984766005	0.34182275405363427	
0.5527545937029381	0.3401972703511646	
0.5518716639292757	0.33940511998202827	
0.5489574841556132	0.3390296362795586	
0.5455745543819508	0.3390708192437557	
0.5421134996082885	0.33994533554128603	
0.540605569834626	0.3406115185054831	
0.5398788900609637	0.3416943681363468	
0.5385272102873012	0.3418397177672104	
0.5369411555136387	0.3422975673980741	
0.5362736143524335	0.3425073144774954	
0.5327534209663141	0.3441507666598015	
0.5315579911926516	0.3453377829573318	
0.5295813114189891	0.3477747992548622	
0.5272921316453267	0.34927431555239263	
0.5258623268716642	0.34931549851658955	
0.5243543970980019	0.35008584814745325	
0.5223777173243395	0.3496061977783169	
0.521494787550677	0.3494390474091806	
0.5201431077770147	0.34875106370671094	
0.5184789280033522	0.34983391333757463	
0.51767412322969	0.35102092963510495	
0.5158536934560274	0.352624612599302	
0.513877013682365	0.355478295563499	
0.5124472089087027	0.3584361451943627	
0.5112517791350403	0.3597273281585597	
0.5110719743613777	0.36039351112275675	
0.5095640445877155	0.3606430274202871	
0.508446739814053	0.35933004371781746	
0.5074856850403905	0.35895456001534776	
0.5053527552667281	0.35941240964621146	
0.5050948254930658	0.36007859261040853	
0.5031181457194034	0.36334894224127223	
0.501532090945741	0.36599429187213584	
0.4997897861720785	0.3690563081696662	
0.49898498139841607	0.37170165780052994	
0.4980239266247537	0.37476367409806033	
0.4970802964709608	0.37750685176409793	
0.4966952036124086	0.38035600531849656	
0.4961547857555357	0.3822678023723582	
0.497617207530104	0.38326173928818164	
0.4982967777564415	0.3860112555857121	
0.49733572298277917	0.386677438549909	
0.4969996682091168	0.38942695484743944	
0.4956479884354543	0.3930098044783031	
0.493593183661792	0.3963843207758334	
0.4924758788881295	0.3998630037400304	
0.4920616991144672	0.4011541867042275	
0.4901516714597792	0.4062399630885868	
0.4893583395671423	0.4075907192992882	
0.48910040979347985	0.4103402355968185	
0.48892060501981743	0.41361058522768224	
0.48874080024615507	0.4186517681918792	
0.4896547454724927	0.4204637844894096	
0.48970931569883025	0.42185913412027326	
0.4899201359251678	0.42481698375113697	
0.48942783115150534	0.42819150004866724	
0.4892480263778429	0.43187851634619767	
0.4884432216041805	0.43473219931039464	
0.4874821668305181	0.4380025489412584	
0.4873023620568556	0.4416895652387887	
0.4872006822831933	0.44350158153631913	
0.4874896275095309	0.44635526450051605	
0.4880129477358685	0.4488964474647131	
0.4898643929622061	0.4509167970955767	
0.49116896318854364	0.45408298005977377	
0.4923954084148813	0.45651999635730417	
0.4936999786412188	0.4598945126548345	
0.4944479751026852	0.4632820047418654	
0.49525090110563647	0.46650268888344615	
0.4966761893202317	0.4703305615474256	
0.49735575954656924	0.4733925778449559	
0.4990509547729068	0.47635042747581957	
0.5009023999992444	0.47837077710668324	
0.5024413452255819	0.47987029340421355	
0.5049177904519195	0.4824114763684107	
0.5066911106782571	0.4837026593326077	
0.5087769309045946	0.4850980089634714	
0.5092221261309324	0.4869100252610018	
0.423984375	0.5319791666666667	
0.42304687499999993	0.5334374999999999	
0.42101562500000006	0.5357291666666667	
0.41820312499999995	0.538125	
0.41507812499999996	0.5405208333333333	
0.41234375000000006	0.5439583333333332	
0.40966727753171484	0.5485146182416273	
0.409296875	0.549375	
0.40828125000000004	0.5526041666666667	
0.4086718749999999	0.5544791666666666	
0.40796875000000005	0.5566666666666668	
0.4065587285422728	0.5572973713762983	
0.40687500000000004	0.5577083333333333	
0.40679687499999995	0.5581250000000001	
0.40695312499999997	0.5588541666666667	
0.406875	0.5597916666666667	
0.40679687500000006	0.5598958333333333	
0.407578125	0.5594791666666666	
0.408828125	0.559375	
0.4105468750000001	0.5601041666666666	
0.41203124999999996	0.5615624999999999	
0.41351562499999994	0.5622916666666666	
0.4142846090857114	0.5629629060703423	
0.41460937500000006	0.5628124999999999	
0.41507812499999996	0.5627083333333334	
0.41429687499999995	0.5619791666666667	
0.414921875	0.5617708333333333	
0.4140625	0.5615625	
0.4134375	0.5609375	
0.41429687499999995	0.5599999999999999	
0.41593750000000007	0.5591666666666667	
0.41828125	0.5564583333333333	
0.419453125	0.5546874999999999	
0.42007812500000014	0.5545833333333334	
0.42046875000000006	0.5544791666666666	
0.4215625	0.5526041666666667	
0.42195312500000004	0.549375	
0.4225	0.5475	
0.423203125	0.5453125	
0.42398437499999997	0.5429166666666667	
0.4247656249999999	0.5417708333333333	
0.42640625	0.5401041666666667	
0.428046875	0.5379166666666666	
0.42976562500000004	0.5360416666666665	
0.4323437500000001	0.5325	
0.43515625	0.5291666666666666	
0.43648437500000004	0.5279166666666667	
0.4384374999999999	0.525625	
0.440625	0.5235416666666668	
0.44109375	0.5213541666666666	
0.44164062499999995	0.5184374999999999	
0.4414062500000001	0.5169791666666667	
0.4424218750000001	0.5151041666666666	
0.44296875	0.5129166666666667	
0.44406249999999997	0.5110416666666666	
0.44664062499999996	0.5073958333333334	
0.44867187500000005	0.5037499999999999	
0.4503125	0.5009375	
0.45171875000000006	0.49864583333333334	
0.45328124999999997	0.4965625	
0.4546875000000001	0.49541666666666667	
0.455390625	0.49458333333333326	
0.45625	0.4925	
0.45726562499999995	0.49135416666666665	
0.45875000000000005	0.49052083333333335	
0.459765625	0.4888541666666666	
0.4609375	0.4880208333333333	
0.4613649136564031	0.4871467608251224	
0.46109375	0.48604166666666676	
0.46085937499999996	0.4852083333333333	
0.46070312500000005	0.48302083333333334	
0.460078125	0.4798958333333333	
0.459765625	0.476875	
0.45929687500000005	0.47458333333333325	
0.45906250000000004	0.47302083333333333	
0.4596875000000001	0.47072916666666664	
0.46125	0.4697916666666667	
0.46234374999999994	0.46968750000000004	
0.465703125	0.46833333333333327	
0.4675781249999999	0.46760416666666665	
0.46953125	0.4658333333333333	
0.470078125	0.46520833333333333	
0.47132812500000004	0.46281249999999996	
0.471796875	0.4604166666666667	
0.472265625	0.45895833333333336	
0.47242187499999994	0.4571875	
0.47210937500000005	0.45739583333333333	
0.4718750000000001	0.45770833333333344	
0.47195312500000003	0.45791666666666664	
0.47375000000000006	0.45791666666666664	
0.4736718750000001	0.4569791666666666	
0.4733593750000001	0.45541666666666664	
0.47406250000000005	0.4535416666666666	
0.47359375000000004	0.45218749999999996	
0.47468750000000004	0.4494791666666666	
0.475078125	0.446875	
0.474921875	0.44406249999999997	
0.4756250000000001	0.44281249999999994	
0.47671875	0.4417708333333333	
0.4778125000000001	0.44072916666666667	
0.47898437500000013	0.4397916666666667	
0.48117187499999997	0.4382291666666666	
0.4814843750000001	0.4371875	
0.482578125	0.43531250000000005	
0.48273437500000005	0.433125	
0.48351562500000006	0.4294791666666667	
0.48389523866910567	0.4269791155202092	
0.4851438680379216	0.42332294278635835	
0.48615888706440025	0.4210201207003646	
0.4885802167401426	0.41798806722470133	
0.49195312500000005	0.4173958333333333	
0.4938281250000001	0.41635416666666664	
0.49546875	0.41416666666666657	
0.49734375000000003	0.41260416666666666	
0.49750000000000005	0.4104166666666666	
0.49898437500000004	0.40874999999999995	
0.4987500000000001	0.40843749999999995	
0.4984375000000001	0.4073958333333333	
0.49671875	0.4079166666666666	
0.495	0.40864583333333326	
0.49484374999999997	0.4105208333333333	
0.494453125	0.41270833333333334	
0.494609375	0.4136458333333334	
0.4941549875679335	0.4149955226650156	
0.49359374999999994	0.41312499999999996	
0.49359375000000005	0.4125	
0.494296875	0.41000000000000003	
0.49445312500000005	0.4065625	
0.4937500000000001	0.4034375	
0.493359375	0.40104166666666663	
0.494296875	0.39875000000000005	
0.49515624999999996	0.3975000000000001	
0.49632812500000006	0.3959375	
0.49765625	0.39520833333333333	
0.500234375	0.394375	
0.50265625	0.3940625	
0.5048437499999999	0.3934375	
0.506484375	0.39187500000000003	
0.506640625	0.3915624999999999	
0.506640625	0.3892708333333333	
0.5059375000000002	0.3876041666666666	
0.505859375	0.3857291666666666	
0.5044531250000001	0.38468749999999996	
0.5037499999999999	0.3838541666666666	
0.502734375	0.38375	
0.5020417821845307	0.3834175098739649	
0.5022656249999999	0.38468749999999996	
0.5009375	0.385625	
0.500703125	0.38531250000000006	
0.499375	0.3845833333333334	
0.49828124999999995	0.3834375	
0.49665592645409384	0.38240259766057527	
0.49539062500000003	0.38187499999999996	
0.4951562500000001	0.38249999999999995	
0.495625	0.38260416666666663	
0.49554687500000005	0.3828125	
0.49585937500000005	0.38406250000000003	
0.495625	0.3839583333333333	
0.49602077353122687	0.3841201692873509	
0.4962672855126706	0.38487055092392375	
0.49617187500000004	0.3867708333333334	
0.4970921255469697	0.3889708002572004	
0.4951562500000001	0.3888541666666666	
0.49390624999999994	0.38916666666666666	
0.4928906250000001	0.38927083333333334	
0.49203125000000014	0.3898958333333334	
0.49234374999999997	0.38947916666666665	
0.49234375	0.3896875	
0.49273437500000006	0.38916666666666666	
0.49234374999999997	0.3889583333333333	
0.49148437500000003	0.38895833333333335	
0.4909374999999999	0.3885416666666667	
0.48859375000000005	0.38843749999999994	
0.486796875	0.38781249999999995	
0.48515625	0.38739583333333333	
0.4809374999999999	0.3872916666666667	
0.47976562500000003	0.38656250000000003	
0.478984375	0.38635416666666667	
0.47765625000000006	0.38687499999999997	
0.4754687500000001	0.3871875	
0.47390625000000003	0.38802083333333337	
0.471015625	0.3878125	
0.468359375	0.3864583333333334	
0.46609375000000003	0.3854166666666667	
0.46320312500000005	0.3827083333333333	
0.46109375	0.37968750000000007	
0.4599218749999999	0.37687499999999996	
0.45906250000000004	0.375625	
0.459140625	0.37468749999999995	
0.45773437499999997	0.37385416666666665	
0.457421875	0.3752083333333333	
0.45721455144898443	0.3764618121681821	
0.45599000802158035	0.3769240425517948	
0.45328125	0.3765625	
0.45125000000000004	0.3770833333333333	
0.4490625	0.37625	
0.44632812499999996	0.37854166666666667	
0.4440625000000001	0.38	
0.4424218750000001	0.38114583333333335	
0.44117187500000005	0.380625	
0.44039062500000004	0.37968750000000007	
0.43929687500000003	0.37937499999999996	
0.436875	0.37854166666666667	
0.43382812499999995	0.37802083333333336	
0.43015625	0.3776041666666667	
0.42796874999999995	0.3783333333333333	
0.42593750000000014	0.37781250000000005	
0.4235156250000001	0.37822916666666667	
0.42195312500000004	0.37854166666666667	
0.4210937500000001	0.37750000000000006	
0.42046874999999995	0.3772916666666667	
0.41976562500000003	0.3779166666666666	
0.41851562500000006	0.379375	
0.41640625	0.38093750000000004	
0.415546875	0.3827083333333333	
0.413671875	0.385	
0.411796875	0.3861458333333333	
0.41023437500000004	0.3875	
0.40734375	0.38770833333333327	
0.405859375	0.386875	
0.4051120615224038	0.3867502955229774	
0.40359375000000003	0.388125	
0.4027343750000001	0.3889583333333334	
0.40164062500000003	0.39135416666666667	
0.39992187500000004	0.3934375	
0.398125	0.3952083333333333	
0.39695312499999996	0.3963541666666667	
0.396875	0.396875	
0.39648437499999994	0.3979166666666666	
0.395859375	0.3994791666666667	
0.3935937500000001	0.4036458333333333	
0.39187500000000003	0.4061458333333333	
0.39031249999999995	0.40708333333333335	
0.38820312500000004	0.40864583333333326	
0.38671875	0.41	
0.38632812499999997	0.4111458333333333	
0.38500000000000006	0.41437500000000005	
0.38484374999999993	0.4206250000000001	
0.38445312499999995	0.42322916666666666	
0.383515625	0.426875	
0.38304687500000006	0.4290625	
0.38140625000000006	0.4317708333333333	
0.380625	0.43427083333333333	
0.379921875	0.4354166666666667	
0.37843750000000004	0.43739583333333326	
0.377734375	0.4382291666666666	
0.3774218750000001	0.4408333333333333	
0.37734375	0.4418749999999999	
0.37695312500000006	0.4457291666666666	
0.37609375	0.449375	
0.3753125	0.45281249999999995	
0.375	0.45562500000000006	
0.3753125	0.4580208333333333	
0.374765625	0.4622916666666666	
0.37484375000000003	0.46447916666666667	
0.3757031249999999	0.46781249999999996	
0.37640625	0.47114583333333326	
0.376640625	0.47489583333333335	
0.37671875	0.47875000000000006	
0.376796875	0.4814583333333332	
0.37679687500000003	0.4854166666666666	
0.37679687500000003	0.48864583333333333	
0.37625	0.489375	
0.3759375	0.49052083333333335	
0.37609375	0.4922916666666667	
0.3762500000000001	0.49354166666666666	
0.37851562499999997	0.4961458333333333	
0.3803125	0.5014583333333332	
0.38140625000000006	0.5033333333333333	
0.38304687499999995	0.5075000000000001	
0.385546875	0.5102083333333333	
0.388828125	0.5122916666666666	
0.3901562499999999	0.5131249999999999	
0.39249999999999996	0.5133333333333334	
0.39484375	0.5137499999999999	
0.396015625	0.5141666666666665	
0.39609375	0.5142708333333335	
0.39703125	0.5145833333333333	
0.39726562500000007	0.5160416666666665	
0.397578125	0.5180208333333333	
0.39992187500000004	0.5205208333333333	
0.401484375	0.5225	
0.40374999999999994	0.5258333333333333	
0.4059375	0.5279166666666667	
0.40671875	0.529375	
0.4109374999999999	0.5327083333333333	
0.41335937500000003	0.5334375	
0.41476562499999997	0.5328124999999999	
0.416328125	0.5323958333333333	
0.41773437500000005	0.53125	
0.41773437500000005	0.5301041666666666	
0.419296875	0.5304166666666666	
0.4214843750000001	0.5311458333333332	
0.4246875	0.531875	
0.42749999999999994	0.5319791666666667	
0.43046875	0.5315624999999999	
0.43296875	0.5319791666666667	
0.43414062499999995	0.5315624999999999	
0.4364062500000001	0.530625	
0.43828125	0.53125	
0.439921875	0.5323958333333333	
0.44210937499999997	0.5316666666666666	
0.44312500000000005	0.5310416666666666	
0.44546875	0.53125	
0.44781250000000006	0.530625	
0.44953125	0.5305208333333333	
0.44953125	0.5284374999999999	
0.44921875	0.52625	
0.44945312499999995	0.5252083333333333	
0.4495371593377728	0.5248305755986451	
0.44921875	0.52375	
0.4496093749999999	0.5225	
0.44992187499999997	0.52125	
0.45093750000000005	0.52125	
0.45296875000000003	0.519375	
0.454765625	0.5179166666666667	
0.4565625000000001	0.516875	
0.45890625000000007	0.5154166666666666	
0.45992187500000004	0.5120833333333333	
0.45992187500000004	0.5104166666666667	
0.45875000000000005	0.5065625	
0.4579687499999999	0.503125	
0.45765625	0.500625	
0.45875000000000005	0.49864583333333334	
0.4602343749999999	0.4967708333333333	
0.46171875000000007	0.49531249999999993	
0.4632031249999999	0.4916666666666667	
0.46453125	0.4889583333333333	
0.46484375	0.4864583333333333	
0.465234375	0.4814583333333333	
0.46515625	0.4773958333333333	
0.46539062500000006	0.47437500000000005	
0.46468750000000003	0.4729166666666667	
0.463671875	0.4703125	
0.46234375000000016	0.4685416666666666	
0.46296875000000004	0.4658333333333333	
0.462421875	0.4646875	
0.46257812499999995	0.46239583333333334	
0.46304687500000014	0.4607291666666666	
0.46312499999999995	0.45916666666666667	
0.461796875	0.45739583333333333	
0.46046875	0.45531249999999995	
0.4593750000000001	0.4520833333333333	
0.45859375	0.45000000000000007	
0.45859375	0.4486458333333333	
0.458515625	0.44833333333333336	
0.45695312499999996	0.44781250000000006	
0.4564814966264198	0.44777508559363355	
0.45499999999999996	0.4452083333333333	
0.45499999999999996	0.44375	
0.45499999999999996	0.4421875	
0.45515625000000004	0.44125	
0.4550781249999999	0.43968749999999995	
0.454609375	0.4378125	
0.45171874999999995	0.436875	
0.44914062499999996	0.43468750000000006	
0.44734375000000004	0.4345833333333333	
0.44625000000000004	0.4334375	
0.4455658239694399	0.4329144911619308	
0.44507812500000005	0.43302083333333324	
0.443515625	0.4330208333333333	
0.44343750000000004	0.43197916666666664	
0.441875	0.43187500000000006	
0.4409375000000001	0.43218750000000006	
0.43953125000000004	0.4317708333333333	
0.43804687500000006	0.43239583333333326	
0.43695312500000005	0.43239583333333326	
0.435859375	0.43156249999999996	
0.43429687499999997	0.4328125	
0.4328125	0.433125	
0.43148437500000003	0.4342708333333333	
0.43023437500000006	0.43552083333333336	
0.42890625	0.43562500000000004	
0.42718750000000005	0.4359375	
0.425625	0.43572916666666667	
0.4233593750000001	0.4369791666666667	
0.420234375	0.4377083333333333	
0.41773437500000005	0.43895833333333323	
0.416796875	0.43875000000000003	
0.41500000000000004	0.4382291666666667	
0.41312499999999996	0.4378124999999999	
0.41218750000000004	0.4385416666666667	
0.41140625000000003	0.43885416666666666	
0.41125	0.4391666666666666	
0.411484375	0.4403125	
0.41171875	0.44031249999999994	
0.40960937499999994	0.4421875	
0.40765625000000005	0.44364583333333335	
0.40421874999999996	0.4447916666666667	
0.399765625	0.4441666666666667	
0.397578125	0.4460416666666667	
0.39578125	0.4464583333333333	
0.39375	0.4491666666666667	
0.39082477923904646	0.45170838242551703	
0.3884375	0.4520833333333333	
0.38664062499999996	0.4523958333333334	
0.385625	0.45270833333333327	
0.38398437500000004	0.4544791666666666	
0.38187499999999996	0.45583333333333326	
0.38148437500000004	0.4576041666666666	
0.378828125	0.4598958333333334	
0.37671875000000005	0.460625	
0.37445312499999994	0.4622916666666666	
0.371484375	0.4633333333333334	
0.369140625	0.4652083333333333	
0.36765624999999996	0.4663541666666666	
0.3659375000000001	0.46593750000000006	
0.3651660057674927	0.4651685456657038	
0.3648016943672306	0.4641040637437676	
0.36375	0.4613541666666666	
0.3642968750000001	0.4626041666666666	
0.3646875	0.46270833333333333	
0.363984375	0.4635416666666667	
0.364140625	0.4648958333333334	
0.36281250000000004	0.46697916666666667	
0.36140625000000004	0.46937500000000004	
0.359765625	0.47135416666666663	
0.35968750000000005	0.47197916666666667	
0.35953124999999997	0.4727083333333333	
0.359375	0.47375	
0.36	0.47281249999999997	
0.361015625	0.47239583333333324	
0.36117187500000003	0.47145833333333326	
0.3622656249999999	0.4720833333333334	
0.362421875	0.47541666666666665	
0.36140625000000004	0.47843749999999996	
0.36046875	0.48083333333333333	
0.360859375	0.4828125	
0.3609375	0.4847916666666666	
0.36093749999999997	0.4853124999999999	
0.36148437499999997	0.48968749999999994	
0.3608593749999999	0.49187499999999995	
0.35984375	0.49520833333333336	
0.35976562500000003	0.49864583333333334	
0.36046875	0.5007291666666667	
0.36109375000000005	0.5041666666666667	
0.36117187500000003	0.5084374999999999	
0.36109375	0.5120833333333333	
0.360859375	0.5165624999999999	
0.36117187500000003	0.5202083333333333	
0.361953125	0.5241666666666667	
0.36265625	0.5263541666666666	
0.363515625	0.5295833333333333	
0.36554687500000005	0.5314583333333334	
0.367265625	0.5354166666666667	
0.36859375	0.5399999999999999	
0.37	0.5434375	
0.3721875	0.5467708333333333	
0.37359374999999995	0.5509375	
0.37640625000000005	0.5533333333333333	
0.37976562500000005	0.55625	
0.383203125	0.556875	
0.386328125	0.55875	
0.38953125	0.5591666666666667	
0.39078124999999997	0.5601041666666667	
0.393203125	0.5609375	
0.394375	0.5627083333333334	
0.39671875	0.5656249999999999	
0.3978125	0.5661458333333333	
0.3990625	0.5660416666666667	
0.39984375000000005	0.5657291666666666	
0.40078125	0.5645833333333333	
0.4030468750000001	0.5634374999999999	
0.404609375	0.5613541666666666	
0.407578125	0.5597916666666667	
0.41000000000000003	0.5582291666666666	
0.41218750000000004	0.5563541666666667	
0.4134375	0.55625	
0.414921875	0.5549999999999999	
0.415390625	0.5547916666666666	
0.4150586228653094	0.5534872181647242	
0.41695312500000004	0.5528124999999999	
0.41851562500000006	0.5501041666666666	
0.420234375	0.5471874999999999	
0.42109375	0.5444791666666666	
0.42195312500000004	0.5430208333333334	
0.42328124999999994	0.5399999999999999	
0.42492187500000006	0.5385416666666667	
0.427109375	0.5358333333333334	
0.429296875	0.5345833333333333	
0.42945312500000005	0.5323958333333334	
0.42953125	0.5316666666666667	
0.429375	0.5309375	
0.42890625	0.5287499999999999	
0.427578125	0.5240625	
0.42609375	0.5186458333333333	
0.42531249999999987	0.5153125	
0.42578125	0.5118750000000001	
0.42625	0.5110416666666667	
0.42781249999999993	0.5078124999999999	
0.42921875	0.5051041666666667	
0.42984375	0.5035416666666668	
0.42859375	0.5016666666666667	
0.4265625	0.4989583333333333	
0.42531220303449946	0.49657405943990723	
0.42252833494670095	0.4931451139408198	
0.419765625	0.4909374999999999	
0.41843750000000013	0.4877083333333333	
0.41703124999999996	0.4839583333333334	
0.41570312499999995	0.48187499999999994	
0.41546874999999994	0.4796875	
0.41398437500000007	0.4772916666666667	
0.41335937500000003	0.47718750000000004	
0.41226562499999997	0.4758333333333333	
0.40960937499999994	0.47531249999999997	
0.40625	0.4736458333333333	
0.4032841925748233	0.4730837538072383	
0.3996875154291867	0.47245363233996124	
0.3982264967949909	0.47257131280414766	
0.39502250683928863	0.4720836642973654	
0.393984375	0.4688541666666667	
0.39265625000000004	0.46729166666666666	
0.391171875	0.4658333333333332	
0.388671875	0.465625	
0.3865625	0.46583333333333343	
0.3834375	0.4646875	
0.3825	0.46468750000000003	
0.381328125	0.4640625	
0.378515625	0.4638541666666667	
0.375859375	0.46468750000000003	
0.37429687500000003	0.46406249999999993	
0.37171875000000004	0.46260416666666665	
0.36921875	0.4608333333333333	
0.3667455415580756	0.45902083332203586	
0.36335937500000004	0.4604166666666666	
0.36062500000000003	0.4611458333333333	
0.35828125000000005	0.4621875000000001	
0.355546875	0.46447916666666667	
0.354609375	0.464375	
0.35328125	0.4646875	
0.35125000000000006	0.4648958333333333	
0.34921875	0.4647916666666666	
0.34796875	0.46447916666666655	
0.3447656250000001	0.4645833333333333	
0.3434375	0.4656249999999999	
0.34203125	0.46677083333333325	
0.34156250000000005	0.4696874999999999	
0.339609375	0.471875	
0.337265625	0.47593749999999996	
0.33640625	0.47833333333333333	
0.33328125000000003	0.4809375	
0.33210937500000004	0.4828125	
0.33203125	0.4833333333333333	
0.330390625	0.4851041666666666	
0.32937500000000003	0.48791666666666655	
0.32882812499999997	0.4890625	
0.326171875	0.4929166666666667	
0.32421874999999994	0.49572916666666667	
0.3221875	0.49916666666666665	
0.32078124999999996	0.5026041666666667	
0.3196093750000001	0.5080208333333334	
0.318984375	0.5128125	
0.318359375	0.5140624999999999	
0.31773437499999996	0.5167708333333333	
0.3165625	0.5178125000000001	
0.315625	0.5220833333333332	
0.31460937499999997	0.525625	
0.31429687500000003	0.5267708333333333	
0.31414062499999995	0.5307291666666667	
0.31515625	0.5338541666666666	
0.31585937499999994	0.5357291666666667	
0.316484375	0.5383333333333333	
0.31671875	0.5418749999999999	
0.316171875	0.545625	
0.31523437499999996	0.5464583333333335	
0.3153125	0.5475	
0.31546875	0.5490625	
0.31703125000000004	0.5519791666666667	
0.31742187499999996	0.5540625	
0.318359375	0.556875	
0.3178125	0.559375	
0.31812500000000005	0.5617708333333332	
0.31828125	0.5653125	
0.31843750000000004	0.5686458333333333	
0.31984375	0.5719791666666666	
0.321484375	0.5741666666666666	
0.32210937500000003	0.5770833333333333	
0.323984375	0.5790624999999999	
0.3240625	0.5802083333333333	
0.325390625	0.5808333333333333	
0.32656250000000003	0.5813541666666666	
0.327109375	0.5843750000000001	
0.32695312500000007	0.5862499999999999	
0.32671875	0.5896874999999999	
0.32648437500000005	0.5913541666666665	
0.3271093750000001	0.594375	
0.32882812499999997	0.5959374999999999	
0.33070312500000004	0.5969791666666666	
0.3346875	0.5973958333333333	
0.33578125	0.5973958333333332	
0.33781250000000007	0.5985416666666665	
0.33890624999999996	0.5985416666666666	
0.34015624999999994	0.5979166666666667	
0.34101562499999993	0.5973958333333333	
0.34203125000000006	0.5984375	
0.3428125	0.6010416666666667	
0.3430468750000001	0.6023958333333332	
0.345078125	0.6036458333333333	
0.346796875	0.6031249999999999	
0.34789062500000006	0.6020833333333333	
0.350234375	0.6008333333333333	
0.3515625	0.5989583333333333	
0.35265625	0.5986458333333332	
0.353203125	0.5981249999999999	
0.353828125	0.5981249999999999	
0.354375	0.5981249999999999	
0.35460937499999995	0.598125	
0.35570312499999995	0.5989583333333334	
0.3565625	0.5990625	
0.35812499999999997	0.5986458333333333	
0.35875	0.5965625	
0.35984375	0.5956249999999998	
0.36125000000000007	0.594375	
0.3621875	0.5927083333333334	
0.3623437500000001	0.5913541666666667	
0.363515625	0.5916666666666667	
0.36484374999999997	0.5905208333333333	
0.365234375	0.5903124999999999	
0.36601562500000007	0.5879166666666666	
0.365859375	0.5862499999999999	
0.36593749999999997	0.5841666666666667	
0.367578125	0.5816666666666668	
0.368828125	0.5807291666666667	
0.36906249999999996	0.5778125000000001	
0.3698437500000001	0.5766666666666665	
0.36984374999999997	0.5747916666666666	
0.3709567131639257	0.5731033828832688	
0.371796875	0.57125	
0.37179687499999997	0.56875	
0.371796875	0.5669791666666667	
0.371875	0.5652083333333333	
0.372265625	0.5617708333333333	
0.37242187499999996	0.5612499999999999	
0.37148437500000003	0.5570833333333332	
0.37140625000000005	0.5542708333333334	
0.37078125	0.5525	
0.370703125	0.5496875	
0.37093750000000003	0.5475000000000001	
0.37078125	0.5464583333333333	
0.371796875	0.5427083333333333	
0.37187499999999996	0.5401041666666668	
0.371015625	0.5363541666666667	
0.36984375	0.535625	
0.368046875	0.5339583333333333	
0.36765625	0.5320833333333334	
0.366796875	0.5308333333333334	
0.3665625	0.5286458333333333	
0.365625	0.5264583333333333	
0.36531250000000004	0.5223958333333333	
0.36453125000000003	0.5211458333333333	
0.3641984611800073	0.5197884771776129	
0.36195312500000004	0.5205208333333334	
0.35947018957798715	0.5202627812923107	
0.35750000000000004	0.5190624999999999	
0.35640625000000004	0.5175	
0.3559375	0.5160416666666667	
0.35492187499999994	0.5158333333333334	
0.35265625	0.5146875	
0.351796875	0.5123958333333334	
0.351796875	0.51	
0.351484375	0.50875	
0.35161336618771316	0.5089298874549844	
0.35015625	0.5086458333333332	
0.3485937499999999	0.5089583333333333	
0.3464443481935572	0.5093443325211686	
0.34468750000000004	0.5069791666666666	
0.34203124999999995	0.5049999999999999	
0.339296875	0.5035416666666668	
0.336875	0.5021875	
0.3353125	0.50125	
0.332421875	0.5003124999999999	
0.330390625	0.4997916666666667	
0.32937500000000003	0.4996875	
0.32859374999999996	0.5001041666666666	
0.32710937500000004	0.501875	
0.3264062499999999	0.5033333333333333	
0.3253125	0.5041666666666667	
0.323984375	0.5052083333333334	
0.32148437499999993	0.5058333333333334	
0.31828124999999996	0.5054166666666666	
0.31640625000000006	0.5060416666666667	
0.3149218750000001	0.5063541666666665	
0.315	0.5065625	
0.31414062499999995	0.5088541666666667	
0.3134375	0.5097916666666666	
0.312890625	0.5106250000000001	
0.31234375000000003	0.5113541666666667	
0.31273437500000006	0.51125	
0.3121875	0.5121874999999999	
0.311328125	0.513125	
0.3096875	0.5141666666666667	
0.30828124999999995	0.5147916666666668	
0.306953125	0.5155208333333332	
0.306015625	0.516875	
0.30515624999999996	0.5175	
0.305625	0.5191666666666667	
0.306015625	0.5196875000000001	
0.30593750000000003	0.5198958333333332	
0.305546875	0.5196875000000001	
0.306015625	0.5202083333333334	
0.30445312500000005	0.5209375	
0.303203125	0.5226041666666668	
0.3025	0.5236458333333333	
0.30093749999999997	0.5268750000000001	
0.29867187500000003	0.5297916666666668	
0.29882812499999994	0.5333333333333334	
0.29812500000000003	0.5365624999999999	
0.29859375	0.53875	
0.29796875	0.5390625	
0.298203125	0.5391666666666666	
0.29781250000000004	0.538125	
0.29679687499999996	0.5392708333333334	
0.29562499999999997	0.5418749999999999	
0.295703125	0.5440624999999999	
0.29578125000000005	0.5466666666666666	
0.2946875	0.5480208333333333	
0.29390625000000004	0.5505208333333333	
0.29390625000000004	0.5528124999999999	
0.293125	0.5546874999999999	
0.29343749999999996	0.5567708333333334	
0.2940625	0.5580208333333333	
0.294609375	0.5580208333333333	
0.29500000000000004	0.5586458333333334	
0.296328125	0.5578124999999999	
0.29765625000000007	0.56	
0.29898437499999997	0.5615625	
0.300390625	0.5638541666666667	
0.30085937500000004	0.5663541666666666	
0.30101562500000006	0.5684375	
0.30156249999999996	0.5713541666666666	
0.301875	0.5715625	
0.30257812500000003	0.5720833333333333	
0.30359375	0.5723958333333334	
0.304296875	0.5715625	
0.30640624999999994	0.5740624999999999	
0.30765625	0.5753125000000001	
0.308203125	0.5769791666666666	
0.3096875	0.5789583333333334	
0.31015625	0.5809375	
0.31140625	0.5819791666666666	
0.3115312094234369	0.5833586945298647	
0.31359375	0.58375	
0.31375	0.5855208333333333	
0.313828125	0.5847916666666666	
0.31515624999999997	0.5845833333333333	
0.316640625	0.5844791666666667	
0.31843750000000004	0.5854166666666667	
0.31953125000000004	0.5870833333333333	
0.319453125	0.588125	
0.32031250000000006	0.5883333333333333	
0.32156250000000003	0.5895833333333333	
0.322578125	0.589375	
0.3234375	0.5889583333333334	
0.32500000000000007	0.5885416666666667	
0.325703125	0.5875	
0.32671875	0.5852083333333333	
0.326015625	0.5856250000000001	
0.32703125	0.5851041666666666	
0.328359375	0.5857291666666667	
0.328984375	0.5854166666666667	
0.331171875	0.5878125	
0.33257812500000006	0.5884375	
0.33273437499999997	0.5889583333333333	
0.33257812500000006	0.59	
0.33246375105545223	0.5903815674351389	
0.333109444715747	0.5895744852472362	
0.33211896053212664	0.5882608177821509	
0.333359375	0.5852083333333333	
0.333359375	0.5843749999999999	
0.33421875	0.5835416666666666	
0.33453125	0.5823958333333333	
0.3353125	0.5817708333333333	
0.335390625	0.5811458333333334	
0.33562500000000006	0.5810416666666666	
0.33625	0.5806250000000001	
0.3365625	0.5807291666666667	
0.33640624999999996	0.5783333333333334	
0.3369009971746023	0.577873841060876	
0.3375266858609049	0.5765638860905412	
0.3365625	0.5750000000000001	
0.3361341612713963	0.5715830155128095	
0.33578125000000003	0.5693750000000001	
0.33609374999999997	0.5702083333333332	
0.33648437500000006	0.5708333333333334	
0.3365625	0.5707291666666666	
0.33789062499999994	0.569375	
0.338515625	0.5686458333333333	
0.339453125	0.568125	
0.33999999999999997	0.5677083333333334	
0.33934999875452876	0.5675123179832801	
0.337218149957388	0.5670756438407226	
0.3355095563667028	0.5648929124330068	
0.33468749999999997	0.5616666666666666	
0.33421875	0.5614583333333334	
0.33382812500000003	0.559375	
0.33320312500000004	0.559375	
0.33195312499999996	0.5584374999999999	
0.33218749999999997	0.5582291666666667	
0.33187500000000003	0.5567708333333333	
0.33132812500000003	0.5561458333333332	
0.33109374999999996	0.5557291666666666	
0.32984375	0.5556249999999999	
0.3286196766958093	0.5564864742559221	
0.3266997524326182	0.5572583798147269	
0.3254054051141876	0.5574064432199128	
0.325078125	0.5560416666666667	
0.32359374999999996	0.5553125	
0.32242187499999997	0.555625	
0.321171875	0.5560416666666667	
0.321171875	0.5555208333333332	
0.32	0.5554166666666667	
0.31984375000000004	0.5560416666666665	
0.3197202543210749	0.556241228352907	
0.319140625	0.556875	
0.319375	0.5567708333333333	
0.31921875	0.559375	
0.318125	0.5611458333333333	
0.3186333363967381	0.5631138382830447	
0.3183532231295124	0.5649162890382049	
0.3174475388167834	0.5670346328454517	
0.31625	0.5665625000000001	
0.316171875	0.5665625	
0.315390625	0.5673958333333332	
0.31484375	0.5688541666666667	
0.31625000000000003	0.5695833333333333	
0.31593750000000004	0.5721875	
0.31609375	0.5732291666666667	
0.315390625	0.5748958333333334	
0.314140625	0.576875	
0.31242187499999996	0.5781250000000001	
0.31206546522296347	0.5803235185769491	
0.31145935368881394	0.581949101526352	
0.3114843750000001	0.5826041666666666	
0.31179687500000003	0.5828125	
0.31203125	0.5838541666666667	
0.311953125	0.5835416666666665	
0.31132812499999996	0.5838541666666666	
0.3109375	0.5829166666666666	
0.31062500000000004	0.5815625	
0.31015625	0.5813541666666666	
0.31078124999999995	0.5834374999999999	
0.31072373135055253	0.5849426649060796	
0.31140625	0.5858333333333333	
0.31179687500000003	0.590625	
0.31265624999999997	0.5929166666666668	
0.31390624999999994	0.5931249999999999	
0.31500000000000006	0.5941666666666667	
0.31546874999999996	0.5948958333333332	
0.31539062500000004	0.5954166666666667	
0.31546875	0.5947916666666666	
0.314921875	0.5938541666666667	
0.31453125	0.5952083333333332	
0.313828125	0.596875	
0.31304687500000006	0.59875	
0.3125	0.6009375	
0.3128125	0.6014583333333333	
0.31375000000000003	0.6010416666666668	
0.314921875	0.6004166666666666	
0.31578125	0.5998958333333333	
0.31656249999999997	0.5983333333333333	
0.316796875	0.5991666666666667	
0.31632812499999996	0.6002083333333332	
0.3159375000000001	0.6002083333333332	
0.314375	0.6016666666666668	
0.315078125	0.6023958333333332	
0.3153125	0.6026041666666667	
0.31687499999999996	0.60375	
0.3171875	0.6043749999999999	
0.318984375	0.6046874999999999	
0.318828125	0.6051041666666668	
0.31921874999999994	0.6052083333333333	
0.32039062500000004	0.6090625000000001	
0.31984375000000004	0.6088541666666667	
0.31960937500000003	0.6131249999999999	
0.31820312500000003	0.6144791666666667	
0.318125	0.6158333333333333	
0.317890625	0.6151041666666667	
0.31875	0.6129166666666667	
0.31953125000000004	0.6138541666666666	
0.31960937500000003	0.6136458333333334	
0.320703125	0.6126041666666666	
0.32171875	0.6106250000000001	
0.32218749999999996	0.6108333333333333	
0.3228906250000001	0.6111458333333333	
0.323671875	0.6129166666666667	
0.32406250000000003	0.6128124999999999	
0.32367187500000005	0.6123958333333333	
0.32351562500000003	0.6113541666666666	
0.32273437499999996	0.6101041666666667	
0.321796875	0.6090625	
0.321796875	0.6072916666666666	
0.321484375	0.6069791666666665	
0.32265625	0.6064583333333333	
0.323046875	0.6063541666666667	
0.324140625	0.6063541666666665	
0.3248437500000001	0.6065625000000001	
0.324609375	0.6061458333333334	
0.32484375	0.6060416666666667	
0.32468749999999996	0.6045833333333334	
0.324765625	0.6036458333333334	
0.32421875	0.6041666666666665	
0.32398437499999994	0.60375	
0.324375	0.6023958333333332	
0.3260391082119106	0.6009899285091842	
0.325703125	0.6014583333333333	
0.32640625000000006	0.6013541666666667	
0.3275525578789772	0.602022028322361	
0.32859374999999996	0.6022916666666667	
0.329140625	0.6021875000000001	
0.33156250000000004	0.6	
0.33171875	0.6005208333333332	
0.33335937499999996	0.6003125	
0.3334375	0.6007291666666665	
0.33359375	0.6004166666666668	
0.33406250000000004	0.5987500000000001	
0.33406250000000004	0.5974999999999999	
0.3340835786757647	0.597645999343632	
0.3340625	0.5957291666666665	
0.3345035250281529	0.5960602906794046	
0.33414062499999997	0.5944791666666667	
0.33296875000000004	0.5932291666666666	
0.33242187500000003	0.5925	
0.33328125	0.5921875	
0.3335156249999999	0.5913541666666666	
0.33421874999999995	0.5900000000000001	
0.33421875	0.5888541666666667	
0.332890625	0.5877083333333333	
0.33226562499999995	0.5869791666666668	
0.330859375	0.5872916666666667	
0.329453125	0.5876041666666667	
0.32859374999999996	0.5882291666666667	
0.327265625	0.5870833333333334	
0.32578125	0.5857291666666666	
0.325078125	0.5832291666666666	
0.32375	0.5820833333333334	
0.32390625	0.5798958333333333	
0.32437499999999997	0.5794791666666667	
0.324296875	0.5788541666666667	
0.32429687500000004	0.5787499999999999	
0.323984375	0.5784375	
0.323828125	0.5777083333333333	
0.32171874999999994	0.5771875000000001	
0.3207330785221899	0.5775274526004974	
0.3184381450659356	0.5792787448417396	
0.31562477756046964	0.5787820836696022	
0.31460937499999997	0.5748958333333334	
0.31351562499999996	0.5734374999999999	
0.31273437499999995	0.5719791666666666	
0.31171875	0.5691666666666667	
0.3115625	0.569375	
0.31148437500000004	0.5685416666666667	
0.310859375	0.5685416666666666	
0.31072279195875374	0.5677142078531817	
0.309765625	0.5677083333333333	
0.308203125	0.5667708333333333	
0.30630763455391835	0.56744806646281	
0.304655840805664	0.5689571553254921	
0.30317357502901776	0.5693315661093041	
0.30390625	0.5683333333333332	
0.303828125	0.5677083333333334	
0.30320312499999996	0.566875	
0.302734375	0.5655208333333333	
0.302734375	0.5653124999999999	
0.3021875	0.5652083333333333	
0.30234375	0.5662499999999999	
0.30179687499999996	0.5673958333333333	
0.30234375	0.5683333333333334	
0.30132812500000006	0.5710416666666667	
0.30149581451722957	0.5709595823473419	
0.300546875	0.5702083333333332	
0.30064085312391475	0.5689840540849364	
0.29937500000000006	0.5672916666666666	
0.298515625	0.5659374999999999	
0.29851562499999995	0.5678124999999999	
0.29781250000000004	0.5671875	
0.297734375	0.5680208333333333	
0.29679687500000007	0.568125	
0.296015625	0.5685416666666666	
0.295703125	0.5689583333333335	
0.29445312500000004	0.5708333333333334	
0.2934375	0.5719791666666667	
0.293125	0.5725	
0.291796875	0.5721874999999998	
0.29164264877057555	0.5729678656753627	
0.289921875	0.5744791666666667	
0.28953124999999996	0.5763541666666667	
0.28937500000000005	0.5769791666666666	
0.287890625	0.5764583333333333	
0.28765625	0.5766666666666665	
0.28757812499999996	0.5774999999999999	
0.286875	0.5772916666666666	
0.28609375	0.5789583333333332	
0.28546874999999994	0.58	
0.28484375	0.5804166666666666	
0.2840625	0.5818749999999999	
0.28296875000000005	0.5823958333333333	
0.282109375	0.584375	
0.281015625	0.5863541666666665	
0.27999999999999997	0.5879166666666665	
0.279609375	0.588125	
0.27992187500000004	0.58875	
0.28015625000000005	0.5896874999999999	
0.28015625	0.5909374999999999	
0.28015625	0.5919791666666667	
0.27984375	0.5926041666666666	
0.280078125	0.5929166666666668	
0.280078125	0.595	
0.28046875000000004	0.5970833333333333	
0.28015625	0.5993750000000001	
0.27984375	0.6019791666666666	
0.27976562499999996	0.6017708333333334	
0.27874999999999994	0.6014583333333333	
0.2784375	0.6	
0.27796875	0.5994791666666667	
0.27804687499999997	0.59875	
0.278359375	0.6001041666666668	
0.27859375	0.6006249999999999	
0.2788281249999999	0.6023958333333332	
0.27859375	0.6026041666666666	
0.278515625	0.6054166666666666	
0.27898437499999995	0.6076041666666666	
0.279375	0.6086458333333333	
0.27945312499999997	0.6111458333333333	
0.27945312499999997	0.6119791666666667	
0.27859375000000003	0.6136458333333332	
0.28015625	0.615	
0.280546875	0.6151041666666667	
0.281484375	0.6167708333333334	
0.28187499999999993	0.6182291666666667	
0.282734375	0.6194791666666666	
0.28296875	0.6208333333333333	
0.28367187499999996	0.6222916666666667	
0.283671875	0.6233333333333333	
0.283984375	0.625	
0.28343750000000006	0.6264583333333332	
0.283828125	0.6272916666666667	
0.284453125	0.6268750000000001	
0.285234375	0.6264583333333332	
0.28687500000000005	0.6263541666666665	
0.287734375	0.6259374999999998	
0.287421875	0.625625	
0.2875	0.6257291666666667	
0.287421875	0.6253124999999999	
0.28726562499999997	0.6258333333333334	
0.286875	0.6270833333333333	
0.28673264990946123	0.6290035576745197	
0.28769062116361327	0.6296384732522846	
0.28796875	0.6290625000000001	
0.2897656250000001	0.6285416666666667	
0.290390625	0.6271875	
0.291484375	0.6242708333333333	
0.29257812499999997	0.625	
0.2928125	0.6260416666666667	
0.29265625	0.6260416666666666	
0.29312499999999997	0.6273958333333333	
0.293671875	0.6283333333333333	
0.29398437499999996	0.628125	
0.29401914683870817	0.6285967363825727	
0.29391617618276783	0.6294238048121581	
0.2947001390456868	0.6285402717161145	
0.29578125	0.6253124999999999	
0.295703125	0.6233333333333333	
0.295625	0.6219791666666666	
0.295546875	0.6207291666666666	
0.294453125	0.6216666666666666	
0.29359375000000004	0.6242708333333333	
0.29367187499999997	0.6252083333333333	
0.29390625	0.6258333333333334	
0.29404030595279607	0.6267176252721771	
0.29433760458265384	0.6262441767814826	
0.29369795784072933	0.6255621115023897	
0.291417730089462	0.6229008570742278	
0.28929687499999995	0.6208333333333333	
0.2873571669389961	0.620775648813993	
0.28546875	0.6191666666666666	
0.28453125	0.6195833333333333	
0.28445312500000003	0.6202083333333334	
0.28375000000000006	0.6210416666666666	
0.28414062500000004	0.6220833333333332	
0.2836718749999999	0.6220833333333333	
0.28375000000000006	0.6219791666666666	
0.28335937499999997	0.6224999999999999	
0.2817207319044076	0.6231661621873568	
0.28061592541784225	0.6229459125587944	
0.27990070978377046	0.6228256196464133	
0.280078125	0.6223958333333333	
0.27945312499999997	0.6238541666666666	
0.279921875	0.6242708333333333	
0.28046874999999993	0.6253124999999999	
0.281875	0.626875	
0.28273437500000004	0.6282291666666666	
0.28375000000000006	0.62875	
0.28448201629247105	0.6289412751478826	
0.28515625	0.6305208333333333	
0.285546875	0.6312499999999999	
0.2860190696839723	0.6330166935286046	
0.28625757901389287	0.6346008206225141	
0.285647623855497	0.636241623752436	
0.28609375000000004	0.6338541666666667	
0.28664062500000004	0.6339583333333334	
0.287578125	0.6358333333333333	
0.287421875	0.6365625	
0.28882812499999994	0.6376041666666666	
0.28906250000000006	0.6389583333333334	
0.290546875	0.6395833333333333	
0.29179687499999996	0.6401041666666667	
0.29367187499999997	0.6402083333333333	
0.294375	0.6403125	
0.2962024398194275	0.6418162627044189	
0.29789839796915746	0.6418389816174083	
0.3000802251882603	0.6426085511852568	
0.30015625	0.6429166666666666	
0.3025	0.6436458333333331	
0.3040625	0.6446875	
0.306640625	0.6444791666666667	
0.30890625	0.6443749999999999	
0.30945280860309843	0.6437095260126384	
0.3103125	0.6425	
0.31171875	0.6394791666666666	
0.3121875	0.6372916666666667	
0.312890625	0.6372916666666667	
0.313515625	0.6370833333333332	
0.31414062499999995	0.6366666666666665	
0.313671875	0.635	
0.313125	0.6338541666666667	
0.312734375	0.6321875	
0.31257812500000004	0.6317708333333333	
0.31304687500000006	0.6297916666666666	
0.31265624999999997	0.6287499999999999	
0.313125	0.6289583333333333	
0.31328124999999996	0.6284375	
0.31140625	0.6279166666666666	
0.310234375	0.6282291666666666	
0.30867187500000004	0.6288541666666667	
0.308125	0.6289583333333334	
0.307578125	0.6289583333333333	
0.30765625	0.6278124999999999	
0.30804687499999994	0.6266666666666667	
0.308203125	0.6269791666666666	
0.309375	0.6260416666666668	
0.309453125	0.6252083333333334	
0.3090625	0.6242708333333333	
0.309375	0.6231249999999998	
0.309296875	0.6236458333333333	
0.30882812499999995	0.62375	
0.307734375	0.6235416666666667	
0.30703125	0.6236458333333335	
0.30765624999999996	0.6240625	
0.30703125000000003	0.6230208333333332	
0.30703125	0.620625	
0.30695312500000005	0.6177083333333333	
0.30648437500000003	0.6165624999999999	
0.3065625	0.6155208333333333	
0.30640625	0.6139583333333334	
0.307265625	0.6136458333333333	
0.30703125	0.6126041666666666	
0.306640625	0.6135416666666667	
0.306171875	0.6138541666666667	
0.305078125	0.6159375	
0.305078125	0.6179166666666667	
0.304453125	0.6178125	
0.303359375	0.616875	
0.30203125000000003	0.6141666666666665	
0.29999999999999993	0.6127083333333333	
0.298671875	0.6108333333333332	
0.29828125	0.6097916666666666	
0.29765625000000007	0.6079166666666667	
0.297890625	0.6071875	
0.29703124999999997	0.6067708333333334	
0.2971875	0.6066666666666667	
0.296875	0.6072916666666667	
0.296328125	0.6084375	
0.295703125	0.608125	
0.29507812499999997	0.6079166666666668	
0.2934769758742895	0.6079994432887165	
