0.6068255724283309
0.7626414352310182
0.6937986698942007
0.7788219557008396
0.9592595173325552
0.7828529098504751
0.9365705405611318
-0.11427916948346735
0.13806158055243584
0.2485657079326058
0.9322285272380448
1.8682413312230026
0.5616794667684617
0.7843983262007974
1.989097339997702
1.357877515333212
0.5280133363615938
0.4713073072651401
0.529423134106437
0.47431191266016864
0.25954593851205554
0.30955998681208713
1.4296014808448971
-0.0728488901033128
0.14464054256915698
0.9807075510042287
0.676802073972202
0.15004142788604077
0.49147342355564233
-0.060867275072109435
-0.20276458586853882
-0.6217391147041031
-0.0753618236968025
-0.14690112478044093
-1.0607277666023032
0.11231659510052028
0.1178504295100476
-0.46766933498594065
-0.23719155895676344
0.5337212531994783
0.12935748915017925
-0.21261708746999575
0.07964162331066313
0.10736549891868225
-0.05560059933218651
-0.6027937764037853
-0.5488442819496144
-0.0695256969007992
-0.17607604614909844
0.2623671793984791
-0.06529185437681312
-0.22450378495700546
0.24363262148196702
-0.19726548875129957
0.33135373768198395
0.39744217103355023
-1.495920470159731
0.06184553567709913
-0.31843849175616235
-1.251573939855091
-1.545427026040096
0.43408660297459967
1.4536678332392061
0.36372533651397687
-3.1403957433959935
-2.204119800442471
-2.621279515336625
-2.707640962062812
-2.5305449753034877
-2.4699726095740995
-2.66936457736469
-2.4602559102084034
-2.548381474437364
-2.2506923871757314
-2.189340105757494
-1.9290848681590496
-2.0060346336517454
-2.161901446646988
-1.996180320947797
-2.441193006446591
2.8977501797820326
2.5334993531357255
2.5794325328030507
2.7378324794891586
2.3431689598986987
2.1635366039196327
-1.6031392574090013
-1.7677308405340013
-2.0630785462753694
-1.1526454022765267
-1.384263770265084
-1.9167617687214316
1.6144280976568088
1.7880551638906728
-0.5113808060184818
-1.005658859221053
-0.6123467747103596
0.038942325617466675
-1.2256241095453406
-2.8141367756157347
-2.0679103411404243
-1.7763153383081414
-2.048081395492526
-1.3884738994305372
-2.259160400485199
-2.0703798495006565
-1.3798261306272266
-0.6836202296053214
-2.796963519742373
-0.9647621138339744
-1.0085782387232565
-0.8403479653877831
-0.6188308257753442
-1.4442953468271789
-1.0077369311440505
-1.512437581523045
-1.5759643870032898
-2.2769008548078893
2.982668912271444
-2.851189685137787
-2.045302114550172
-2.050696163758747
-1.470393008778176
-1.8555570436648405
-1.8730147574050646
-1.7013418716127435
-2.114568616306994
-0.25408925086559325
-0.3659157877694112
0.41659208813639076
0.9164955198785261
0.2197423836253576
-1.0508194457553524
-0.8577222383937632
-2.463837460290163
-0.9640767864800204
-0.9532046366419616
2.8131781776106233
-1.8692682731522918
-3.1209079155249952
-2.6532335761628363
-2.4378829471936094
-2.773111410057119
-2.7889927952426237
-2.745269730135683
-3.012107151818329
-2.1368104746615924
-1.9736110093017096
-3.036727672698038
1.6414320133681972
2.27336867190937
2.3895382640319527
-2.7603353858627684
-2.3131693062015013
1.5372376717172322
2.378806571782174
1.2309691411053505
1.3515453564256115
2.392717177659793
1.5532881094358122
1.8453243641025385
1.595949352612046
2.1117137235068175
1.707161091445804
1.9116961286978906
2.3590610008104504
1.9160198626736171
2.506614929514623
2.080564519355575
2.0551614060719356
1.8853121918812872
2.1627799332003588
1.7949451041180238
2.179816547262938
2.1802915252228945
2.257410250820021
2.2088204470161776
2.3995343776566216
2.4645705154478503
1.9406608903742135
1.6712802788404535
1.6243259472891542
1.8604566660589315
1.7128307018148365
1.4766767370199334
1.4737321300622614
1.6654710725414619
2.135698368925233
1.5169440176737616
1.6064326873482764
1.7412626123513235
1.597457090622357
1.3775653793980496
-0.054936853044472995
1.1496046126090949
1.1946494747463356
1.2478378577541958
1.6135934045216824
1.6103847544403067
1.8967014995227318
1.7208109328248409
1.876864195901441
1.8228649097527496
1.976155383994227
1.920287667253604
1.7263291806741425
1.7909591320309404
1.383866360578616
1.6029161744186058
1.574396943905227
1.804584547405874
1.6034713631373494
1.0815238633764488
1.347387400989044
1.2201517020050945
1.1113416556125362
1.2493210427722976
1.1676538712431106
1.4243965623558588
0.9164584161098028
1.0136788397711904
0.33650276516889877
0.3111181504416012
0.7010526154368935
0.6537176883539305
0.6413018685555113
0.7991205828308585
1.059604117264375
0.7412380493333692
1.0724338647106977
1.0073707273911447
0.8078293299749182
0.44666635392111187
-0.03417739744108982
-0.004565537384344157
0.17982905016946668
0.42299960026006006
0.7106288020257698
0.8983102809725092
0.6086762698254025
0.8637766481019926
0.571829911350199
0.8108302114713613
0.2661646166130869
0.2016024542418659
-0.026432899289244104
-0.3597475149360986
-0.01995564121969899
-0.6011414002169372
1.852036108788323
1.0102515914610257
2.128951782689427
1.1920608337422354
1.0278669523761983
1.3082309418107505
1.8180796946401352
-0.15137680800844153
1.1468317048594003
0.9252959473898035
0.8346530516155624
0.275814066002675
-0.5142571156177992
0.29312320538881725
0.18508031413788884
0.1444277137295853
0.19525794132590557
-0.006548847646564666
0.8277390251690138
0.403800730844033
0.5953303282793041
0.04712515111625204
0.35733307419979277
0.35980993544323847
0.15863163368759767
-0.1273934745545981
-0.2105042868105562
0.5081182850841125
0.0585080934876012
0.26461702625698563
-0.037583798945711136
0.07650434918995555
-0.12911323509471212
-0.25195305652173006
-0.046036100038599585
0.07006364507622526
-0.5470343393375136
-0.6414454645420383
-0.33282943012397237
-0.44092494289736867
-0.5672480942394021
-0.9601167799432472
-0.9014448268160988
-0.8543189351623657
-0.9111253490144139
-0.6897206943742415
-0.8223367423458837
-1.2182719982892054
-1.3466407305498083
-1.4082201158528027
-1.2721118997875989
-1.2786087674062876
-1.5734775879697074
-1.010186451015809
-1.3472790640654275
-1.34408139481443
-1.2183690062613703
-0.8898722012379695
-1.1549592012784495
-0.7287461748592362
-1.3975701330960622
-0.8738843294733865
-2.99961063728403
-1.5577910832619404
-1.208865892754368
-1.3450943609229404
-1.4127376643235046
-1.426639202936474
-1.3841665579166686
-1.1197203347193923
-1.5020933058374297
-1.402275297227452
-1.3657406166241668
-1.3088825713401917
-1.6936112428894956
-1.159932944034361
-1.5473181166683903
-1.5042610671147494
-1.503422802805272
-1.9171889614220976
-1.608501822167678
-2.003043809740794
-1.9571778215526212
-2.1817449883883446
-1.9737568298995245
-2.31249605355033
-2.271588842547552
-2.20421453839948
-1.706270432462093
-2.182561462907112
-1.4515862254744176
-2.876557358648911
-1.7928088186092885
-2.14132821290809
-2.6781097902972
-2.674934850704355
3.0620976458307667
-3.0556329867474927
2.979243594391495
2.9549310362955876
2.9282940586376807
2.8436771445549733
2.4318314266426566
2.763881978411968
2.6401745518788715
2.779659049629187
-3.1312613645133274
2.856646459933553
2.9832065238257406
0.4322384792513922
2.4102650743270537
2.828131712890605
2.9435695947499245
2.295842812953529
2.3309820196186593
2.50140719334929
2.315579759440139
2.807283438588141
2.5796067629658
2.5389074319590867
2.3543530565650914
2.5907997668231566
3.007912680820797
2.028299699467495
1.3333310166800139
1.239126908206564
0.17779884647344052
1.061487608721787
1.4977895804357775
1.2506066128754036
0.9062761057319019
2.0443699519905034
1.121938595283318
1.455951408631784
1.8267383931496115
2.375762560379106
2.335212057109268
3.0789495464824443
1.1459089587774673
0.09408488999084692
2.2824104271161434
2.157367973216451
-2.9977837815889306
3.0682449280454382
1.998600343963024
1.527602465938311
2.063255208369363
1.8791738855462894
2.8118140383211556
2.225998099127862
2.641924146155786
1.973240967268866
0.6724828704471039
2.4605331750250783
2.766201819036949
1.9986748155255667
2.49205819594106
2.2886292587438417
2.255991175080503
2.7127095364535667
2.098315494532821
1.9508417165538443
2.9154863089094794
3.012143839352343
-2.88592435144026
-2.661779080791761
-2.204381937523175
-1.5193654347239878
-0.9982037621114441
-1.508917037916013
-1.1844892768224529
-0.6511258573928582
-0.7630239030551986
-0.36349830713266124
-0.26543003045664526
-0.44078996638833606
-0.011592969279105806
-0.6624029928296429
-1.3506458732703128
-1.5632372356277517
-1.4938742797580622
-1.5350064950684252
-1.3310078546951771
-0.7400087944750408
-0.7625772010721502
-0.5616895607622718
-0.825770772464523
-0.4783125038952115
-0.9958573906706303
-1.4122222395741648
-1.2006327675976636
-1.4854703927166057
-1.1993300960382343
-1.224529618725167
-0.6887618156101344
-1.0836980769850717
-0.8143621724732386
-0.5060493056211375
-0.6131087014743181
-0.07251453259431269
-0.5784014252268102
-0.638337872288282
-0.36370710953038315
-0.7516963134920065
-0.970010434454014
-0.8074599691742778
-1.1735534157712753
-0.9745320862686994
-1.1333388642607645
-1.0825666718827522
-0.8539602677876516
-0.9428286856205144
-0.8801698676158459
-1.2142821185535375
-0.7377230703101294
-0.4585647598163563
-0.9046488271441339
-0.9409276274039073
-0.6134316776568304
-0.561617126078912
-0.5815509970433169
-0.9071741169053513
-0.6965693692941308
-0.5907952499896193
-0.5084870442059536
-1.1680213365896075
-0.6349089973525412
-0.8629574204348215
-1.029408226664942
-1.1193513132215234
-1.4266488467515719
-1.2174676403368976
-1.2169894766796914
-1.3567716651944475
-1.1426085431569966
-0.8371915568684556
-0.9050677986468476
-0.819362558867569
-0.725603436468736
-0.17090456741255583
-0.5166149075505954
-0.6692153113795164
-0.4208509566502371
-0.6982771710804654
-0.938046921774543
-0.8743093530271882
-1.049613526120422
-0.8724925528575906
-0.8754628764981588
-0.8220588122510468
-0.49358158231933097
0.07673747437305367
0.1218276762517902
0.20604729176408085
0.40209441935670925
0.1859196506972092
-0.7258985988088904
-0.6068677355702842
-1.708239922921097
-1.5385225671920941
-1.5420955309093631
-1.3096683414717074
-1.6660659595806795
-1.5654638361524595
-1.137959415127828
-1.7402408619035379
-2.0360642547925516
-3.1007661212366053
-2.5569866306555227
2.936017533547547
2.6627073808232953
3.011154076498539
-2.9256682191250465
-2.680049577726966
3.0335190739209468
-2.6722243884708416
-2.6373947785840053
-2.7859684774300653
3.0817332138107867
-2.8623110938645477
-2.8078925050672363
3.1146381716183944
2.529879450581756
2.536047989984824
2.4671854770596733
2.2355035874238154
2.9923172305602557
-3.014151663169972
-2.8550884944468082
-2.988441600359382
2.1567036324188957
2.583857439250014
3.045317406132219
2.9530543082213194
2.679523575114839
2.561822731950874
-2.6987631748484193
2.663595241124736
2.67489626578777
2.920748836677006
-2.9370420698310626
2.3079829342766343
2.6362848467339255
3.0431409747822937
2.405584054598574
2.1945030395796743
2.3808107751846874
2.5850780245942255
2.8560210589152346
2.165126500156526
-2.9598835039231464
-3.001943012836779
-3.057079947411176
2.605950772019504
2.360664300960626
2.3107884809099204
2.1559218570272907
2.4288627943809304
2.3069648258723188
2.526716072627226
2.4984502811850553
2.1322651354633853
2.142039985260662
2.0497360059262233
1.918328408156973
1.9641856718666406
1.9078551882899912
1.988776805908435
2.369536383295342
1.976924744356062
1.935700611990864
1.359219896035113
2.63792777092134
2.0261115432349612
1.6939683972395883
1.5953780991073314
1.8786189850527553
2.2176643347174894
2.1163322233325084
2.3665381248533284
2.107309488297806
2.2838507781717037
1.083583221053758
1.5789823339180744
1.0694140085700663
1.0613149888065088
0.9345293318837499
1.1480663506495752
1.1781393874109212
1.2107661645777357
1.0968938118851663
2.335257748552869
2.132042171109482
1.5688219775654673
1.8317418663288323
1.568422362423783
2.1821227504539746
0.9282620957040596
1.6370334232234682
1.3159047337961511
-0.5535743588970379
0.330400150066677
1.2817489810243616
0.5915405932481369
1.2045661922806343
1.3904254365888629
1.8155097864036671
1.8543936378989485
0.4535074187773866
0.7326858780213977
0.9829842836385049
1.285550735438052
0.5519712738358021
1.0651169042356612
0.7899846334187146
1.1955370490527406
1.4847473795954633
1.5199454105217252
1.577729873097829
1.3398608703293624
1.1625550308906245
0.8147404025646101
0.9915075725792674
1.2151943955920839
0.6302817912287081
1.0071006901181039
1.6370583380947412
0.9389794224388173
1.0311914967201492
0.8984151850617006
1.0738987160655562
1.0123153843156616
0.8142162064805877
0.9776234271920686
1.1763310880403117
0.7951595813622208
0.39489807815488953
0.5208923160572573
0.7001813652541575
0.8129500743190874
0.6018808637326668
0.2969751330974389
0.29912978134972157
0.42975465461255896
0.3174623956036025
0.27186500618929427
-0.10003354144048143
0.48978278333904024
0.4603859318714882
0.6201725993926557
0.6099118652761675
0.6300905951719245
0.29559957345980825
0.3562261045869725
0.4852639704221906
0.1441438878648284
-0.17565913054818502
0.3316212326866347
-0.281090028092159
-0.1562950226294319
-0.14674282118397913
0.19667682670761416
-0.1068813311440063
-0.21177112891080363
-0.28473933224226317
-0.18002806371238736
-0.48008292515512213
-0.2545155917405765
0.17139911854158305
0.092918740920234
-0.130065588607853
-0.14287101111217085
0.23143088253383698
-0.15909942494601081
0.006448282256965607
-0.15373240770780613
-0.3719683960280707
-0.017587015442386392
0.06390036555458614
0.1297116902202011
-0.002502734766324137
-0.354709993295816
-0.4472632531524888
-0.26289983336526596
-0.5488297691625491
-0.4103118834705616
-0.8966931578564591
-0.6384639216891008
-0.4342712775535475
-0.5134219466288499
-0.34294641282657695
-0.28209004779176183
-0.35098251682753445
-0.21125721189316485
-0.09348669778363775
-0.39203244663014514
-0.43374842332696373
-0.4297462726420993
-0.5451031078912449
-0.8111712958975528
-0.6380308190048992
-0.662811350424708
-0.561783304426979
-0.5012608540764806
-0.5483535478422751
-0.7737520120596887
-1.0093379980344068
-0.7668366842034465
-1.187021605172258
-1.2446173593131291
-1.3939738610417907
-1.2806682332966957
-1.5613449067390863
-1.5916455395230236
-1.4561555803052277
-1.1350584107059576
-1.0840714057542824
-1.2682946029301299
-0.7858666036028178
-0.7240254719985433
-0.914367748714464
-0.8107719293712454
-0.9448364094910428
-0.9313190637328042
-0.6242071132057682
-0.7079439224804669
-0.7666118649574748
-0.9411611103241472
-1.245205082545549
-1.0200203006638362
-1.02852800153553
-1.0917613622154254
-1.4892066950052891
-1.6275296578523863
-1.5241467826910895
-1.3901247781674257
-1.297018488268774
-1.0149023818225844
-1.2592720418403902
-1.1463609742142877
-1.2267745879693175
-1.1910052776593545
-1.3408784473474884
-1.4155159037500038
-1.388400497129797
-2.2337462154617187
-1.7320600646721054
-1.6447396619423904
-1.356187604410664
-1.9691593912182461
-1.4330220858223255
-1.6368973080757592
-1.6802134879725887
-1.7567162310141906
-2.1230294455318477
-2.680395914485287
2.9719696052246225
-3.0577798334726523
2.515035529329435
-1.5096048502705752
2.960838410392605
-1.9848819831893412
-1.6087894409313284
-1.273667161331253
-2.3303990072392646
-1.9720258553702563
-2.126825342120654
-2.579250186563568
-2.4923606740906443
-3.102175505236239
-2.404648853891439
-2.633478669871568
-2.290850195435389
-1.9811802864191328
-2.4563018260814014
-2.419103192629727
-2.6421981458742705
-2.7618132067646153
2.6914925721082334
3.065449549381496
2.9395276007692543
2.8142567696445595
2.973188487715277
2.495092746819329
2.315154453078948
2.5130821699022396
2.5631707208972974
2.506232838170857
-3.090233897619595
-2.4682921934982653
-2.4501318354634463
-2.8222433232516018
2.725823963286932
-3.0681036021320565
2.5923418920919596
1.9606733083552856
1.9643062245825103
2.7589835576739703
1.9245093436494187
2.558737962227823
2.477166610167701
2.6552315563235664
-2.193545315934151
-2.3557495575258085
-2.7943436403055792
-3.1103132199992385
2.269629722883812
2.0200610574403832
2.1556294153433275
1.8446968233195626
1.5445932602361256
1.494435444309583
1.4163184494576797
1.3398518310036989
1.0334791473347587
0.8408857384286407
-2.709220491211742
0.7758024177159711
1.733144259433397
2.7145906573567826
2.395672166088697
2.312901574376493
2.067969030340717
2.154150500996942
1.6039856590751222
1.3801035051369805
1.2386197021579979
1.3155873998359895
1.5354582771384775
1.3065152112027185
1.812834686539068
1.4710605161739603
1.84944711385758
1.72115652515816
1.660720249331049
1.2383954529246284
1.0056843270680784
1.0300388549053632
0.7675638057679364
0.8788723229108829
0.24439595642480202
1.0875888523919837
1.0796953906006563
1.187169253928305
1.0503792588968357
1.029411313369132
0.6670105825290845
0.8900710112882674
0.9116815307695304
0.8847368573234714
0.7237384571737363
0.8753465984808314
1.1295862374255874
1.8035004387385793
1.874637191297717
2.3892028118904056
2.3928339568061845
2.8572013458138374
2.0440123646312287
2.4406449762921762
1.6968852927209424
2.2129200374250964
1.2223954521114375
2.175334674240538
1.5960382262845614
-0.07448315529620483
-0.2480349280492465
0.38285963270236356
2.537526304175188
-2.5205118639107957
-0.800234377778401
-1.4836763156779613
-1.4293132173356162
2.2763132020218735
-1.719368670332225
-0.802335006028337
-1.6087755243133854
-1.9804823925010744
-2.9048283242284643
-1.7501816619302242
-2.915825742160098
-1.8953164393619726
-1.8179324906802792
-0.6878511244132235
-0.9745349481345144
-0.9228592512770512
-1.2510303405706586
-0.4630402968284075
-1.7566162233507805
-1.797094286153667
-1.7963555921424736
-1.4051774010373868
-1.497081335123273
-0.878206423714066
-1.2481247603810297
-1.109880940750986
-1.0739314481868072
-0.6885738581956521
-0.9632226078683382
-0.8671662182987413
-0.8487669704306613
-0.8202189940892901
-1.4337874102228623
-1.345514058431452
-1.2353068423037596
-1.158774702869723
-1.591163072518302
-0.8658282372117394
-0.9560728653974104
-1.383187378322082
-0.9425580231608253
-1.090623757975677
-1.0244236985725268
-0.8911968857063854
-0.4977182025586017
-1.4667858227950292
-1.0017871930333233
-0.9437672842644333
-1.03992042013602
-1.1023752238942648
-0.9348371020163903
-1.3033825887231234
-1.428607474835038
-1.7433099861048036
-1.879291550944579
-1.6358313295357498
-1.4950682422848767
-2.0007884960666624
-1.3014719634416063
-1.0652898058185116
-0.9569335345326286
-0.5413230862952303
-0.9959092692598314
-0.6812391204627372
-1.0938239319804128
-1.258457385221137
-1.3874885048420316
-1.35050809006085
-1.6128566263271964
-1.4603828137645745
-2.862571580462849
-0.24059165545578176
-0.6024116096093021
-1.760393865676121
-2.031766462433444
-2.2831031776066575
-1.213918417608684
-1.0978563154775218
-1.8194333397190408
-1.7623150610168499
-0.8615706297230283
-0.8944431912114532
-1.534857152122147
-1.5030487720482462
-1.2944711626389895
-0.5471712272194078
-0.7655190212678686
-1.2506676154233045
-1.286937257484944
-1.943075836669698
-1.1711960107770607
-1.445511918038977
-0.6809339843231079
-0.04144941197806932
0.13852559230168973
-0.6427477313204498
-1.131471815751099
-1.8806653810735516
-1.3725908429862288
-0.04616862801393767
-2.0078466685924687
-3.0868772360099546
2.872756002713266
1.9312441287624862
1.8914587123458597
1.1853610696099255
1.7557720544570778
-1.6862614097600523
-2.0248048560791974
-1.6380027925644505
-1.641863357103546
-1.6606544624874875
-2.036047971126014
-1.428964451393039
-1.342504482424471
-0.5678167459775498
-0.6215393002070064
-1.12174851792719
-1.8033653022679572
-0.7842413086620583
-0.964933194844086
-0.1255378426666949
-1.433695393546752
-1.3982774303159724
-0.92445393085617
-2.607858379077176
-2.554063278190162
-2.9017884422236104
-0.311830438611736
0.23102570498167105
2.759926642844309
0.08340107369891367
-2.236748389905197
-2.1175191298975773
-0.34709339760621916
-3.1080488451654373
1.5645662233674185
-0.31040704291274146
-0.2204489571483131
-1.9593315991368578
-0.6712076920944872
-0.3626102281862789
0.09001947462315585
2.272977350577913
0.9208075745949074
0.9670999774593615
1.638318527076972
0.013461513781040711
1.7654640795552652
-0.2960093433529787
0.36994699417230603
0.17767145925583855
-0.9545918524825174
-0.5509739546350719
-0.949263131609473
3.057958000518378
-2.557381024240518
-2.9626487197039
3.082745374329992
-2.395013863733952
2.8219816658356613
2.5660514802830536
2.742924299626313
2.420750013817569
-2.879453161800077
-2.3667338946452667
-2.4365250667912797
-2.4594355075256265
-2.2159928260711457
-2.2856574359109474
-1.8679699114526358
-1.4929998892076664
-2.5224810507659154
1.4436036873586633
2.1832824752119504
2.458685542100957
2.4420314052328385
2.4697868437004513
2.852683734077507
2.2700299560075208
2.381189121457859
2.5738583203025494
3.0168011249677362
-2.8550453366602158
-3.139363574994091
2.826675126062933
2.9781360973514186
2.641991206594407
2.8339162055205422
2.594125822698225
2.2488225993761475
1.9502666935825648
1.7989253001741465
1.77456454178687
2.1066011817059516
2.0050091068230556
2.1074068392890575
1.7728891147895085
2.4776504941570074
2.5626542927669433
2.445814131500492
2.4263940059437243
2.838153740651172
-2.727918078672361
1.9077235637066718
2.6177619313084683
2.354103177517136
2.1377807456467126
2.3286985198631873
1.8910976630977816
1.8092937659962476
1.4957328609148521
1.4600025684152744
2.021457335348232
1.9546375357160677
2.3090931646981185
2.7596707978958004
2.0478321473391605
2.3349041903460175
1.925043413799886
1.8961568523903294
1.6068351284328426
1.786169266081362
1.6519649129377523
1.915604353620888
1.2083490707130873
1.3416797231114672
1.6189219385860771
1.9696344032542814
1.9037753078565254
2.0607620439333303
1.8651744535186592
1.7834733927732773
1.6430383773710397
1.245784753556974
1.1082921404858037
1.3694477589791925
1.545120381328186
0.9757695387300444
1.1461276849124526
1.4015959769560613
1.4558996288939134
1.4678443560152694
1.2260819138240007
1.0705218647043444
1.6356092517290082
1.5155819604573073
1.5598254336832853
0.9299322304779511
0.3811593222976127
1.0133352334000392
0.8303975409463178
1.2590205629612656
0.937072697764496
0.9113001695964706
0.657324700924034
0.3524532728819165
0.31139149207444144
-0.3350266864030089
-0.5072918054105534
-0.4665047440092659
-0.28238865715994754
1.3622454868398186
1.0680913838919652
0.932020127551395
0.7397884993809566
0.8439489781899203
0.6175608419226936
0.35701754304161337
-0.2236676050726821
-0.12396899757730076
-0.5726964007722481
-0.27420865024146385
-0.34474594289151395
-0.11530273376276781
0.1973669820101537
0.32086813399566994
0.2764431786478471
0.13671660813338002
0.18085775873363888
0.13970837513509676
-0.4575255355182543
-0.19896821480561397
0.019604479144457256
-0.3297929596442296
-0.5063666120112795
-0.14192230290951496
-0.313009112336921
-0.034418591101899355
-0.6728769493146489
-0.9827877490608726
-1.1394436935077845
-1.0242092829296099
-1.717355884405989
-1.4262797374223162
-1.0033875537926646
-0.2988995563245029
-0.6404037866192592
-0.6322285125718408
-0.38475588297581004
-0.8314838516494161
-1.1356600270465331
-1.3133078235194435
-1.553114219250311
-1.4840275104896128
-1.8767518382233555
-1.1701194839641633
-0.5333051344845346
-0.8818892443185807
-1.1021886444767395
-1.1459017569557783
-1.2535547718897384
-1.5784806572142303
-1.768813620450367
-1.7217296642686495
-1.8665130280005477
-2.0137544611089533
-2.1337347851885244
-1.5047025866006858
-2.3094703620004893
-1.8166930028964994
-1.1843624658531962
-1.9868419730601512
-2.249703422674477
-2.3001930271464777
-2.1078859454935968
-2.2459652023246455
-2.397134480208468
-2.273913098326743
-2.561439939340062
-1.9402075813603525
-1.9881633244855061
-1.8774505484700332
-2.1984951378120803
-1.7420811466118482
-2.0763509707508625
-2.172987632587244
-2.8384669438464707
-2.527337036650105
-2.5375416596233715
-2.6085617561171777
-2.8347713096687395
-2.9603368800590353
2.9534073552127857
-2.1593416383311683
-2.948887870836403
-2.681567561949312
-2.6157806311591223
2.5107738615487576
3.107294380150967
-2.7162239933035823
2.8864228353776302
2.9306453109655535
2.695587456143593
2.704627872517024
2.9781919512836152
2.818802154977736
3.0981034034725305
3.0228469536341662
-3.110294719637575
2.923213988578666
-2.6284948716293606
-3.1241670979518874
-2.7512268035811926
2.378553665408727
2.32871315454865
0.890134736739696
1.2296061553783773
1.0723476212089447
2.922353293730758
2.696681729631463
2.7869923989455705
2.873154518099759
2.307212975222268
2.546962786845481
2.334974677807108
2.245225405862651
2.0887824461447013
1.9143779214279333
1.3437467605071411
2.3133623584393996
2.304800019791679
1.8120049169627095
2.558498925237564
2.6773396023428635
2.70471669564332
2.586045509530997
2.7548683664448688
-2.3470320732719685
-2.546710482435025
-2.5351493196643475
-1.4069450856487138
-0.581713469543081
-0.4367604606125527
0.5619190395575131
1.340632836556631
1.3663680831216887
1.8104030157916482
1.7205896007290669
3.0454069511899227
-1.9909749281986981
1.4179936223798233
-0.01895094576239003
-0.6017342941985212
-0.37260165650750204
-0.41009954187999165
-0.2670768070007807
0.9785617673001996
1.1046561930278254
2.4167080025808247
0.5199052363472632
1.2316401520011995
1.3356701616604114
1.0209550747391793
1.197078297607012
1.3115309442257892
1.221850785675942
1.328269503934151
1.3998088480847404
1.484206072387285
1.321856942156769
1.3544968959738293
0.9304091076196767
0.763511151619022
0.8681455714560122
0.8709162723947902
0.22238442082673307
0.9728134904033209
1.0626545643045981
1.3506981764124735
1.043700383753116
1.157153077741971
0.33335065287746074
0.406770180840751
0.00334404166149436
0.1125554778683528
0.07654672167921776
0.9398535587624917
-0.051711687371934864
1.1397080528628447
0.676498601013446
-0.05402016007387686
0.05982957488454451
-0.1345986378540529
-0.6869884387198002
-0.4681207185026474
-0.5974728299437556
-0.38842295642950975
-0.6253325943066724
-0.36892485756915094
-0.7949030538250783
-0.5575494742172411
-0.41361976785832005
-2.014378115764398
-0.532864419628238
-0.939189523316846
-1.1764600298685268
-1.1774541284040434
-0.9710578693853079
-1.1276808834422887
-1.1044119369617205
-0.9790267834802733
-1.0375586705973545
-1.7010117419733533
-1.7296741023373026
-1.7756353458099614
-1.9394386333267895
-1.9849141953493354
-1.8087465821532793
-1.8267296100616026
-1.4664746120165477
-1.073045285213891
-1.223904169805031
-0.522912090589982
-1.101722849984183
-2.2253303168772898
-2.57523517942686
-2.2525875279664267
-2.4413198655640844
-2.796879066863663
-1.862777332019267
-2.0086267128205995
-1.8586606663399474
-1.5631513706920244
-2.6056107701351205
-1.9768617541586413
-3.1015455691532483
2.9696264077656287
-2.8135757334668203
3.0980423945395645
-2.958470281557329
-3.1028364444318806
-2.813088069752861
-1.7927325105410368
-3.0231482199832507
-2.964901451198962
-3.074933633489412
2.933355232439952
-3.081750686475818
2.7472508612235083
2.9388539316238154
3.1184318118815337
2.774554521478593
-2.9025644982616496
3.070442346344761
2.8429097324339727
-2.950858926880487
2.7483560854648172
2.655008672689991
2.297496889631775
2.229270901347359
2.2981321187774153
2.2926961549722886
2.748479946188266
2.886451163005807
2.512753689992724
2.783689630610455
2.3880361066666387
2.7533096367405614
1.8998375497852154
2.1738106590437756
1.9859263147837638
1.8175292597266617
2.1588589346901306
1.9209430301081323
1.8594965277268873
2.0708993285602237
1.9542504369787856
1.9733336158709316
2.0696417805834537
1.9130052957517927
1.9049285502234623
1.7399701479547969
1.6638056270738775
1.5374129896537212
1.5267114658436662
1.641225132938539
1.8746590764299191
1.5715165029422837
1.746904549239394
1.3374137867482265
1.5211256087251532
1.3879278843701304
1.3078618867370329
1.418355706541963
1.4514540361220412
1.5786926308229168
1.3981168823452736
0.8711862440000855
1.1327602700956894
1.1179254314669775
1.054341202677552
1.0348208617911188
1.3809624458652223
1.1390181356969191
1.4988318959687694
1.4311457332731101
1.169531548077119
0.6333611223729633
1.138697198855704
0.5970582442514077
1.0665398730386915
0.290221623431905
0.2549599643433602
1.1824152685665796
1.2044548744819161
1.544179958268813
1.4184550643184701
1.0363373489635208
0.9355011960434327
0.5642179513458033
0.324144931203929
0.3075046562792238
0.2108726422999968
0.2450297266992112
0.09359867055446111
-0.6004192188187947
0.6331073469711564
0.9609131686244967
1.1574584170626365
0.412303044727876
0.11608073495182968
-0.36163602742398365
-0.4451151183420192
-0.5718808398495863
-0.20735653117805755
-0.13675401999462192
-0.8094768355512189
0.7746943800871878
0.00822021997734815
0.36675627164239305
-0.18752020783211837
-0.6885922582953657
-1.1941596393255058
-1.0429224549352598
-0.614449953273274
-0.6085522034131492
-0.7248316346715243
-0.08404967115109326
-0.5373347696139457
-0.504791372849861
-0.9253071582421478
-1.3438827435989738
-1.0472199875577897
-1.0392160628561138
-0.9357250550528787
-1.2438125724754114
-0.8342806008511889
-1.1134693499888464
-0.8941761852409598
-1.4040580123222148
-1.2962848088772572
-1.2662911104036614
-1.3981602815470262
-1.27509089395296
-1.8191234914183676
-1.93957730423277
-1.4337595554311893
-2.022737242228134
-1.54360954718455
-1.819328628979877
-1.8857921892721463
-1.5635511607517387
-1.5840100379193296
-1.8591921930110333
-2.634319076906653
-2.451504317895987
-1.9896909147126212
-1.9746105940112502
-1.556516437502926
-1.7472937076560249
-1.6827011406025907
-2.2929513516353106
-2.185901944742335
2.8265274554821422
3.1404180343462396
-2.751069763429988
-2.1643630009411474
-2.3834688672933657
-2.278359670927925
-2.703826708685761
-2.0521087769252775
-2.0594518178384176
-2.698232791120864
-1.4393575134535335
-1.7146910632846308
-2.656140484474729
-2.652680659831007
-2.62092465308846
-3.021283672843007
-2.623543146643799
-2.7792573641956095
-2.5033128878221853
-2.8362269642470834
-3.016593472754227
2.433775583864947
2.0850709999641546
1.8321180800660635
1.6103161020659982
2.0930746953622474
2.225501203195413
2.3799533551169683
3.000737071839961
2.3389285187559152
2.208117541950569
1.6241044088750844
1.6226312051418967
1.440377990333647
1.4802242214403696
1.2988752011870761
1.1577847920799447
1.2731487736848763
1.203157039151832
2.3775905946670566
2.273813682639291
2.0390464211591817
1.711342688633761
1.6364350243750083
1.0943451711936023
0.9429279811906442
0.9694604223425889
1.2691557625070515
0.23618630051433476
2.333724385810258
2.230455011985465
2.2057545703781107
2.01895125117487
1.8445174557829143
1.340696307850894
1.2721511846858682
1.097842412994998
1.0796810777110164
1.0154124831318139
0.6497703688458686
1.036087448261714
1.5811017334794946
1.2825592412737878
1.3953940430893688
1.5860360736143977
1.2979383808977563
1.2121104661091742
1.4029617888352843
1.4185975660355696
0.9404042680341921
0.30271402595099395
0.3809673766329811
-0.09039836680052973
0.5556038791298828
0.8442740522798012
0.9715028451340296
0.9744178497436692
0.6179491682632536
0.59227162031084
0.5755360082600587
0.030997982782201006
0.3306155961086569
-0.0717815811787288
0.3829983106157104
0.13406655715418078
0.8968848078422796
1.1795375941663473
1.2649075750342442
0.43060572909080014
0.32152742212271945
-0.2790450856631065
0.35692776535193677
-0.40599879475753825
0.5289421354335181
-0.08207263916477263
0.3818381580036453
0.258143782794283
0.09720040236618054
0.05449756892329533
0.4013431379426528
-0.11297480234083788
-0.3882516092647173
-0.8037111810409235
-0.7890713253356627
-0.7786245652300084
-1.7091568319130344
-0.09375523797080339
-0.11225691587879878
-0.34531625009664496
0.12630130029970976
0.46762692397358435
1.1654297199554626
1.451256721804726
-0.5358659128749398
-1.1292333130813805
-2.050970698149206
-1.1805139280542392
-1.5214302719595498
-0.9728929893998571
-1.4538128315350571
-0.91023330420192
-1.7653020643098631
-2.229930552170849
2.4207115317244168
-1.6654663164547308
-1.7117298501993017
-1.3620147908496298
-1.5599230526738277
-2.179603529817611
-1.6703756855786074
-1.7706259130782263
-2.4205594919252453
-0.7538077347349618
-0.9486406731494368
0.2035087806037618
0.5523361076880412
-0.4283768475758187
-2.2128166885780933
-2.3558378133552322
-2.9707568859491946
-2.371579895392968
-1.891226424431375
-2.6829551776746494
-2.010434434749747
-2.5261920888447382
-2.273751239408296
-2.185236531699315
-2.558855137640033
-2.911500399582108
2.7668982629454164
2.8722146146167233
2.689495508169206
2.740275478703718
2.7562032552775597
-2.275329661761475
3.0584289077047013
2.9856850740329737
2.9000010559048097
2.6731876578609715
2.506819991964929
2.128125938223351
1.935611958036873
2.0165190505755093
1.4308134793909018
1.7364784652202663
2.2965810167927487
1.6717538854142824
2.296913895924269
2.1373802338690546
-2.8718104018200568
1.8178242227263637
1.7161852186582984
1.483478345870445
1.438307840593598
1.6472201685083427
1.514072344228067
1.7343906152166435
1.8651930733122957
2.2130736547432526
1.74700846596924
1.7532908635526363
1.6543359610798882
1.3202694145096332
1.3244800338583835
0.7986320052080846
1.7552259987678056
-0.648316707555846
-2.711304069636165
2.2783009188400625
1.6243094809041687
1.6485804811700842
0.8234981219097322
1.18093724536958
0.9565185417945544
0.5787290411734372
1.0666121468183865
0.9620814011948253
1.2213272768714891
0.49155272927042143
0.9308548853053372
1.7789978823201122
1.7996905303575146
1.8521264211655697
1.1463085875120105
0.7586151825271017
0.36644251065656575
0.17702974675961913
0.6198358836528612
0.41039891675928947
0.7114094966330222
1.9183766989391784
1.19802628674083
1.589548120569236
0.5715854434913078
1.010165167055022
0.619754773660896
0.5490500805524833
0.2011372802426042
-0.18797874614337848
0.2320114574683541
1.1226520943512557
-0.3977495076009626
1.0986658355568517
1.2360351004024257
0.6828611619397852
-0.1490713068945952
-0.47042951648275627
0.4432440994033145
-0.11426369359905393
-0.42319198307132944
-0.5386059589051708
0.42650688545023485
0.21281355789658138
-0.012352705712518793
-0.5242659273480342
-0.6996813615799742
-1.0418356140461045
-1.3585433852924855
-1.4767623620800778
-1.223124485154306
-0.7051773652307892
-0.4658705890844319
-0.10750130241297282
-0.5143515091314825
-1.0010879127943926
-1.1981291851540508
-1.417347124693985
-1.0832591886299754
-1.041732824721092
-1.083590665806103
-1.0166059007185304
-1.0383721457463413
-0.688463797448868
-1.1402279145098173
-1.1782047411202712
-1.0755222525143744
-0.7178617326938973
-0.7671343147622547
-1.022323372376548
0.041248112521546934
-0.8969127811851566
-1.2381217164207783
-1.5236264086807814
-1.6929877027982874
-2.217762200922314
-3.029581412843634
-1.4123966276166475
-0.5048264077886471
-1.573895431099648
-2.088323979640104
-1.1264875607151592
-0.08260446098581653
-0.507674372683676
-0.7426989100393054
-2.077068357887673
-3.1119548895216678
2.7796962458755634
3.1273729975794997
2.357550928018757
3.09989710975235
-2.8278566724938177
-2.497754714002444
-1.8026378642471275
-2.5313189319509735
-2.2479068265740603
-1.9334733055179942
-2.3027018268762767
0.6790539596377829
1.9244280353774947
-1.983371427072873
3.032562517388202
-3.0026086409586363
2.4240480165965477
3.09706556917393
-1.9662348813288681
3.1144172499581764
-2.5330299074457856
-2.2836142636273813
2.7789998635086217
2.6786850611306976
2.2869770489430405
2.7007959369561587
2.747049515511741
2.9443502958492513
2.3048328227223998
2.5042518930392577
2.6777651637290654
-1.1239959827009163
1.9685872291471118
1.8543280987203938
-1.715832625226821
1.0527558837026965
2.5746566784554403
1.652233625456487
1.6931792249334014
1.08715211859142
1.9066577133395617
0.709923051525293
-3.0146134700729914
0.5818940553623919
-2.5826108575918063
-0.9412948689727801
1.5609311606069862
2.482948798835263
1.3405931680653809
1.1604634820103354
1.012103358228267
0.9344122522025959
1.326472859949287
2.198480198513683
1.38993253480982
2.0202821334504564
1.0051338864137076
1.6208217586956715
1.5395995947174594
1.1561220493277222
1.3622520038768489
0.6752983172958419
0.481963011230285
2.0661191843178552
1.1484788433503978
1.3142158530132504
1.6403507014378207
1.516995944357693
1.5321798914424383
1.2812318484359215
1.5553600874926787
1.3965885925726804
2.3607752880733512
0.7984425725268289
0.6805355472484355
0.08204093776540548
0.3478749301524465
0.6176288245169883
0.16705796084277147
1.1986365743403313
1.2525712734152006
1.026847172812637
0.850851072435055
0.6028234132894298
0.789918056159406
-0.5878347648562918
-0.4644242310483958
-0.8939590326793705
0.9548688041846961
1.1025927120594192
0.8815598369654712
0.5032335015594298
0.9401075233672416
0.6046457400059264
0.4841073182735511
1.036969989006294
0.9183399239606593
0.9859964058423064
0.08294286459692102
-0.676598895340118
0.4765339467771793
0.6304047740139551
0.05185470224077263
0.431836134936368
0.7686718912935557
-1.0178256938273462
1.5023313962020084
1.8038166023549675
0.018745598803878487
-0.840628626072282
-0.5844362940337636
-0.32846719053782364
-0.656695393121135
-1.5547225315238862
-1.3607947850157096
-1.9063954542376034
-2.632787715038504
1.774555599757616
2.3339148373407754
0.3053352302418714
1.1167191272525778
-0.38225523715114756
-1.137028323079035
-1.2755008451503427
-1.4278177200483861
-2.981886341621923
-2.3289927984084575
1.3318799385237552
0.007507450095182367
1.3701311273149075
1.1344595905443613
-1.735754874322893
-1.2324423913432203
-1.1217008696441257
-1.8183617338159883
-1.7433851089771333
-2.3502488602746974
2.717202518872238
2.4257876935579814
1.2147956182732829
1.5972796650208623
1.6713108176831264
1.8478012778588324
-2.350381716393598
-2.2162384611186496
-2.4047563531263267
-3.0584479102143773
-2.9660255423459714
-3.1004280239532815
-2.7150715356657735
1.8306524906903916
1.3264882172554169
1.4977491578241777
2.3864738644499663
-0.44364302071375017
2.685618850914134
2.715027165235368
2.547921480275294
-2.449717979353316
2.116858895109714
1.2009954275951367
1.1597236260073858
1.143774575186091
1.0095769741533551
1.4466821831098184
1.6241060538091516
1.4983478181120489
1.5978402123198554
1.754105195240655
1.7211946500982356
2.1362886505594445
-0.9725190796762114
1.4429654155935192
1.7003937941232277
1.361033079637977
1.2485297596477876
1.6289483082204013
1.1314222341527262
1.2851479088534747
1.1164638154232298
1.229774335710555
1.0010421083379382
0.8684389829773294
0.8877871830767302
1.08444078789429
0.7890944112763951
0.4329109100449266
0.1562666523501282
0.24420342513896673
1.0306548372850841
0.8075381240688515
-0.035285365096727174
0.7180685640339213
0.7535167890104296
0.4822338435903679
0.5729820819377845
2.19754660165047
-1.2171306479144701
0.8245581481346771
0.6053179513496886
0.028967944774541378
0.5205625120902102
0.6163447810669276
0.11078741705759444
2.2086837315335788
1.3808531311391123
2.0330764091511724
1.636295136770137
1.1841195923129382
-0.1438312692387941
-0.13553203530392458
0.6204450112880869
0.19715523892072992
0.3127541541635232
-0.32920176339323576
0.4431011270387036
1.026545544427549
2.6884108011005767
0.8722838617256491
0.8330630945935807
0.2148845444737213
-1.120289768647912
-0.6030218917767209
-0.914336473511078
-0.6160691345751612
-0.7064040469988896
-0.4113906114071192
0.09881681788310476
-1.7899486692716113
0.9445942750629438
-0.001905933721921777
1.3736700232890704
0.8783220597615767
0.6834746840159812
-1.7520503993197212
-1.6165121948273384
-1.6608811490040043
-2.1430403566673193
-0.9652523261799147
-0.4809383935452901
-0.7776549183760252
-2.3864919773389266
0.4010169741940762
0.10180763967997938
1.2380827600014719
0.715927812883897
-2.698247889157429
2.3873431933815366
-1.6469970911255882
