1.4310357056562673
1.503821076811111
0.6777266889479703
1.4572609825854115
1.3616743967390892
1.1997704200158632
3.22964370373439
1.4876461426000336
0.8219711626661873
1.0891752116399105
2.2279519341931597
2.9067644120827056
1.8282419893010577
2.3090905701894853
2.065746864083516
1.385026900264364
1.030483778105571
1.6896669488431357
1.7578248533187106
1.7931280404327197
2.5360677946897363
0.8290606811697494
2.6526577517351067
2.1382050856805788
1.083380110256816
2.472119431609736
2.3562249906389012
1.8071305307083851
1.352371481461719
1.0634693208997523
2.012607176379059
1.0803017653751434
1.3142471527214759
2.1842183396046986
3.5654147603098094
2.130803477437328
2.4250519061562272
2.6626644793246745
1.9690763021297264
1.0089255823195125
0.5178724533630673
2.9466865106571425
2.462790102023672
1.398469214389656
2.232317849249641
1.8964948287025145
0.7521913048227065
1.6205712619326575
0.895725375387431
1.3051549053121978
2.2404475299517004
3.3515402272141275
2.1297003931046583
2.6859771408203574
2.980634862397932
2.4744842432235266
5.0224123553501006
2.6320240316787897
1.1939012685721773
3.4323763407915444
7.683290460332799
1.1130982939530636
1.990682339474451
1.8114712126884676
19.22910813749056
9.413094043674857
11.429531464937547
10.786414704093861
9.25538575623646
10.82756113899335
11.989847488878098
8.88076647110519
9.283059400376839
5.40744171837633
4.575414677935717
4.325097793715625
4.907815581206565
7.9995878481190505
7.902422916586505
9.169262681275892
9.778764802512626
5.555366250349365
5.563789318745557
6.082332808037931
4.717307423729844
4.396992560289628
6.217784283269473
4.619788599409023
9.445905969749477
3.567182779659958
4.520569247461485
6.2918047370509225
5.196403537366605
5.647784711849882
2.6346430858905316
2.997721993501466
2.530893713116274
2.8581737539619647
3.428371254789668
12.486795051542938
8.210114257372584
5.113993369054432
5.9410633201106515
3.8620219253812578
7.107894788518064
4.709458620249288
3.2216881279490677
2.4259824658622824
9.174420231255406
2.889182245742439
2.4348348372170228
2.3552685510891815
1.6638469535976832
2.82979509749464
2.7878377981619544
3.2785038052011437
3.729083041654975
8.301198507801175
15.126266193606535
7.2489337036267285
3.2905108387682005
3.337204302417432
4.904819495189772
6.6651540883360925
6.907797006857825
9.009763861346267
10.87784051064089
2.09213866846683
2.7745470538136408
3.2417463598639094
3.577943995296299
2.605193881061907
3.28114406431279
2.918902136229347
11.853692630903666
3.4770418282538644
3.237733711819973
9.678605447561138
7.848343129154503
13.73435443512378
12.488125978704502
4.750918932685289
12.124175732940895
12.576400498473458
12.758355709653658
13.542894808349939
8.450369644755432
8.255577999299287
18.13789120924111
6.547509923297596
8.026961778939793
9.676677694340203
10.840703412588251
10.865777517993799
4.707813979207507
5.745986429530578
2.343433864713556
2.9552943480515084
6.333189354950622
3.7844970786581618
4.102340154090788
4.046607366175955
2.7023545122223194
4.1533705643654315
4.8076301109688915
6.212930920002835
4.821946642085271
7.280279914875129
2.829635784664494
2.226272583638513
2.3072259864451437
2.8162351626690745
3.021945235984489
3.8796487314222903
4.488390541797489
4.29393627126241
3.9189338098920232
5.319445869324907
5.592924788108422
6.279792391756864
5.02128550293809
3.1601245452047175
3.974788367996511
3.480684884883318
3.4754576030062596
2.84716450781002
3.600978928049959
4.861782539910161
2.705407425075339
3.0066898905131665
5.31812005921968
2.7212272735037826
3.3211139513279084
3.822770245184477
2.233894938569765
4.321819269064771
2.2467966879848933
4.28697450839889
1.0605698973295428
3.2186974235574666
0.9059962000425843
1.0526090583881809
3.150062077382226
3.030480438341373
5.605663678763358
2.579685916495161
5.063310685703028
2.797878554552846
3.1161679839366276
4.533814480184052
4.882420369764564
1.3309291686728852
1.1700639534846053
1.177770935745329
1.2483040275363644
1.4283377289669492
1.620165227520766
1.6239365361515041
3.157209956057096
1.6743396729488453
1.5126660683746127
1.966863498670523
1.9508077636325105
1.6844146974004013
1.3917001269064135
1.5605037495242404
1.3387550469351
1.1812557280274016
1.2999714086696004
1.462469453196343
1.5330635379856197
1.9391499128319638
1.8769366697254626
2.4069303088206304
2.0906918857956267
1.649976999023756
1.3546665751945552
1.1290575442682016
1.8687350302477743
1.436866892281731
1.5815125803859575
1.596699411794773
1.665878347488682
2.038302810240371
2.371801853869327
2.1313125608736385
3.1569438061437958
2.5172905505634176
3.3255604928574387
3.6813976167911084
2.250849520025548
4.198223804714812
3.0103216976819374
2.943270553108796
3.890135054969948
6.0647053313970725
2.623660201667167
4.638220678459679
3.0837970484912294
2.855921157393116
1.5202574130768667
2.9469813021669466
2.1591039388532587
2.234371650415409
2.2793228688267773
2.33648565350837
2.29342643426129
2.105914692288279
1.2974839117878612
1.4830674764941425
1.4714984159320779
2.0723426127729025
1.227262981482203
1.1402482254938235
1.029752026176415
1.4766688654217834
1.646945814475273
1.0927580775131103
1.3831300188697635
1.0118609997165622
2.082679880885396
1.1277161643105846
2.3445447248006133
2.5683044317874026
1.5947066214937502
1.564542536643029
1.9905116248741392
1.453215707875125
1.3832246870299385
1.4588412400688955
2.551879545085802
1.6763346794197047
1.566372968089711
2.236570394659601
2.9344815187269075
3.0697301758818107
2.921682274905602
1.862820641678388
5.056235180392337
4.196743679612727
3.7742055516267086
6.542131862554541
2.482363921873662
2.262012638660502
2.2331020213708195
2.2103451138701704
1.7973427964249815
3.584547515711231
2.599461821159835
3.9531560188077806
3.722375030678003
14.551638856294971
5.061108104050356
4.399419897213932
6.262023949154964
2.8380574875484896
4.754055616822497
4.257921908399013
3.8386317871137114
4.409687586718757
3.6770726199922406
3.8438397966971998
5.509743070035837
6.629610803087187
4.73926095607471
5.599634927080638
5.533844778791092
6.968077267378057
8.882262151880479
7.660727630119449
6.991829824711533
6.794610919416978
7.2248809657925275
6.998388346227607
9.856191221765693
8.949255921161646
7.935647387776162
6.049222339400826
8.401657524163637
5.578826025594202
9.871287623451234
5.118242921082636
8.543894494182412
11.383624100333398
14.4256100787548
8.643482509100412
15.78003358087928
9.572813539572072
13.023992984592192
8.770067529981416
12.408755798642485
6.545637095221816
10.550781106889312
9.133781615596304
9.939565666894826
14.16935404039645
11.002251406932695
12.616631934868407
2.7975886827572145
7.989443515123047
8.806240039482905
8.777946765490432
4.489679250443842
6.566986391897783
4.789315744495182
3.6401461274155578
12.83516998199012
6.171196846613807
8.579235351998356
10.411432633493314
9.029016019720059
10.759437857306377
6.152369793314761
3.647864368147567
3.0928653429928437
2.319134299364792
2.7736968976221372
3.829665159908673
2.609976631511949
2.83866725016171
5.579635084996994
2.1073285181449597
2.8753181139699677
3.484850716176736
5.538075137201749
7.789594600537901
11.21039434028249
2.6192108893668093
2.6998798356724767
5.9723530888466225
7.627403309536708
16.811956119171686
11.874874770747391
6.818036284227143
4.980099900125538
3.9563189079455996
4.24822341921982
10.097390570873994
6.357691388086257
7.587277260238909
3.257170366006612
1.9143252500439298
6.4435090141689075
7.4791010523511945
4.8337290502674595
10.537586184635972
3.671992548201967
3.915245684883395
5.049366392748489
3.307866440020338
5.1811969159084885
9.261739030430713
13.619742328959964
15.395720458248107
13.344293546525341
9.704065808997239
6.872884609020437
4.191166080686017
5.545648460968944
4.0474039924752185
2.6254505337010356
3.229998821167001
3.0021084422508393
2.9605500881507636
2.888808318786791
2.8316931631438464
2.7394282831572134
3.491169927000095
3.426804234755857
5.30379824029788
5.782587693466356
2.936972156305513
2.2823801431149917
2.3433284688641023
2.1787271839011764
2.9616611184229473
2.2112151571890215
3.4422556451858703
4.77226024722916
1.73426923015611
2.1608585768954596
1.74422138910549
3.779687595901494
2.63863775571556
2.997862472396368
2.2854928817067157
1.715203212408556
1.9100517698741215
1.583601351045062
2.340920315426542
2.430262025644841
2.4639658430830687
3.148499758206912
1.5509414210482706
1.480354021305175
2.822535703825691
2.7220972449709255
3.923720988708234
3.614556426644678
2.997161281612026
2.280749855219751
1.5630925610190982
1.873137704429928
1.9765951843349243
1.0512641802799325
2.7111312953397007
2.575537427303241
2.1687444730090166
3.2060029722324415
3.255968707046024
4.180808181164712
2.93222537292837
1.813936906428737
1.4016784005039136
4.7938950961979625
3.6892134059327533
4.168489532942681
2.906456911421757
2.986983163087257
3.578893775854316
2.5912288525703175
3.2382771052203325
1.7436954229945036
3.005868721481606
2.600645165286566
2.4451764540066168
2.722003138505946
2.818961262891987
2.815909055632368
1.260426652798191
0.8623908529419626
1.1069158990398733
1.1043653246884284
0.9404054812734668
1.2217092010653494
1.0448680009297935
2.3645106987091005
2.6277689678108844
2.549484041051691
2.2743741144117515
1.8066445387412071
1.7129416086520284
1.617000837775543
1.9674726436030976
2.6328534412585762
2.6951753323036725
2.5698220988816045
5.840251338631199
3.879661156961292
3.948936016668598
3.5227646146175617
4.153096694174491
4.599262898478463
3.6509436559125406
6.7424026396516314
7.7105305043318015
16.27067556911068
15.518882990661055
7.35674939905078
7.900238114579254
9.55461280677777
13.0051284311281
11.260268901585613
12.802143333546823
13.011291678391562
9.714523952451495
8.881420345782367
13.43447964709197
13.490449689144029
16.333638153080184
7.808995682893536
7.566317272726964
4.805945998653985
6.99171439320254
4.486233682567591
11.667243954553847
11.630251369025137
12.305788284076131
10.736127116833465
6.70103601749229
6.509720987542896
10.533295535364815
8.786261485656201
11.715566959459013
6.728185276050563
9.304794155719382
9.861492633884676
9.543915004692959
9.724659189766161
10.417465480562377
5.069514192256702
8.479943328980049
12.673571933977048
8.508389284875225
7.736566298154375
8.541788694294048
7.049694727273655
8.103297252893713
5.920020298320814
13.846835722447537
11.497762119031965
14.816117709915977
6.391224430803655
6.166084324683714
5.471964948943453
5.202345824844365
9.054215236136496
9.168181161961542
11.174188770722477
10.478160315086717
5.929025286486009
3.7686986274809833
3.7394731490469995
3.35602404665035
3.247908792071865
2.2866447724082506
4.756462987565522
6.378202019163007
4.979504225342393
5.788820427125957
4.059720289601542
6.101430187013067
3.886743798604879
3.603717801333463
2.8587315943672333
3.949536847225989
5.515870534228041
6.750264752183287
8.04879409378439
6.638473747792079
4.885438856940949
2.371112898192725
2.600926899693719
3.0074349676061916
2.5375166761281567
2.8332126520540277
2.2628230843825996
3.2215262808971596
3.623012585149703
3.0038638006762413
8.472060130850611
9.49306286592437
3.0898455579533235
6.609214251419326
1.8623960658037408
4.968503583999252
1.982817846245507
4.549447374141286
2.8304046524820206
4.80426919468551
2.5201135514829303
3.4324760493156523
2.511892612857542
3.9299445145305425
3.8541560200144636
4.293492656546947
4.236864630222408
1.6716405694463705
2.2467404158838398
1.4906642207193501
3.3189054484000273
1.6378907227704063
2.8088051889652985
2.412910921059
3.166749892808279
3.5905720306463813
3.2960271702314436
3.8430566768870946
4.369690102004548
2.9258946197991493
2.4207733458961203
2.28113690979016
1.3697787921886695
1.7277956123620561
1.7534326893448864
1.4578664570865327
1.4772786147972543
1.4266940187553374
2.2378266111719105
2.919121786746687
2.238997360943594
2.020640571917835
2.558974940425144
2.139835264146496
2.108012492004745
2.4438583933511993
2.6805634635483075
2.2781164724033016
2.69576586554467
2.828916470605331
2.1584525549386964
1.8854622683073425
1.8169044037435036
1.6832704588420342
1.5298229032797834
1.4364142788074914
1.8059644543906717
1.5436519879031048
1.4404271888515967
2.5027797264113962
1.819312008854293
2.0066881953453373
0.9545526351350275
1.7549163481757168
2.364826209294301
2.557656221032208
2.30767312457294
1.4763571932362247
2.1471807589639793
1.706058946721432
1.876509623162041
1.5967718738035113
1.4026191836668462
2.0351698400495457
2.10396806296648
2.3705720977223304
0.9096514316997654
1.700065080924648
1.7805876204304123
2.310316544724687
1.547400468035593
1.4629749763303566
2.0333301605545264
1.43152910153955
1.8940448850317164
2.315338483830045
1.785713935379573
1.709580655520114
1.736099866452567
1.5708102883683681
2.4250275115322206
1.8854763372856993
1.2168170662096878
2.4524224499038842
2.1107931035848004
2.7207705433408935
2.4033439685433717
1.4855122613707
1.4641709539659753
1.6646875698199566
1.3692242578409355
1.5948301078982334
2.043772142910908
1.1152599857898475
1.9153268753168267
1.7141838627188288
2.1332716402618557
1.6195531084286678
2.4000917511187803
2.3424409009343434
1.9463081626437546
1.835764618091337
1.6293242869266753
1.69983054130453
2.1976436039810623
2.1884181505386264
1.3754951364960748
1.9591893906676254
1.7787380777837285
2.72738944417728
1.9710169649321738
2.900598601176907
3.099300851207542
2.979052405603441
1.4043867364342504
2.6009716922637924
0.9072858291560207
0.7622174116423593
0.8813851255843532
1.4847203392940997
1.552536181069693
2.6661588449533946
3.085921091309202
2.5492109400588574
2.160935866722717
1.5610327752089923
1.7977707700088827
2.7995050144296547
1.513855893414247
1.5156672079475748
1.46557473351406
1.9733399674058378
2.260475368943634
2.0769377970401024
3.4934368976566574
3.085968837124155
2.27198707552507
2.733044914680795
3.2909943625882683
1.7885439450737977
1.3382501248731133
1.4158020156002862
1.5503176680990405
1.6053356727334087
8.88750986158036
5.5585392163445535
4.854748552865395
3.954665610971439
6.138481872105981
2.3229317406555827
3.628052921656959
3.9894910831550647
2.085503009179275
8.13052970104037
12.907940091626577
8.483164815508536
14.309014997681464
6.259465580322424
3.9045374719930925
14.313764035492515
5.460766906821298
4.784033442912624
3.91778616039757
8.287895427430502
8.859993346009464
8.430559613585858
11.85654501928256
12.012973787382936
15.428169513777263
10.128261874108176
15.011858843642164
9.85396872781919
6.304070234495005
11.760358467297296
12.167042616047906
12.860572899003392
12.612459525549905
9.209846169064736
12.369369531634545
10.449579348031644
7.726392305616689
11.245028377650653
8.143099140374252
8.019598391572202
7.920921759135043
7.894442237590684
8.149231741732056
15.139619712081707
9.793502172132431
12.684352506624109
15.694860974284186
5.630247300942325
19.800454242344692
4.987260809085858
3.5343803822101187
5.55640063974346
11.243463216411614
5.377659441948027
10.68141941696027
9.857764859712976
7.7499853520511595
10.264591453407157
9.959707360866805
13.556797157443777
14.843581203766908
6.7848175660664225
6.664946267652633
4.268606485653317
3.474183508285749
2.799033281148234
2.7545067976497557
2.755685362603667
2.7518575548048783
3.393482363941878
2.3317115848314205
10.741114653746132
3.4111771184162825
3.8651516391340337
8.040622727080425
8.07591427070491
4.822252381215739
5.685381824863909
5.7546239191535635
4.547318675843826
3.73096535337105
2.3242391123829096
2.8701644130286477
2.2823861103176726
3.420812729329222
6.121142943290565
3.3173368505592493
4.3588329603215366
4.363992706017627
4.184545270495851
3.3907222777490356
2.826626582344795
3.3082124861515823
2.9762378993327983
2.3087596187990838
2.491071102289761
2.6819957988549215
1.6096758694356375
1.6784244665521022
1.55630811354395
1.7683102396521597
1.5949681708043724
1.9194336199291269
2.025021952921215
2.1616299042108027
1.9800902580234099
3.392240891769332
4.373491787221045
6.103624134117172
5.718586515465754
8.742865270055445
8.424270562498014
11.557811032098389
6.512814792141252
4.305113554751168
3.8491017848586835
7.579272658369805
3.8804219867116116
5.435305258150079
5.409708593452281
2.8366822947871846
2.7463678485582217
2.9584634231442317
9.715047796855105
10.902509871654914
3.2917165363298055
4.598608654634537
6.720954497825462
8.114402751964112
5.28412542165705
2.1370195100590585
5.4966006776942296
7.568864863815248
15.370687471835513
7.249490159838571
12.70680310591212
6.4195598490070624
6.777246240746815
2.6346599266087423
2.650685906424551
2.4698034863602847
5.095703481552242
2.6710841953340863
6.104152296833517
4.9230407793472635
5.732785542673139
2.3608212665243413
2.526776573799638
4.051328244745544
2.0081277028961897
3.189978320723871
2.2663241831232206
2.406021249089692
2.9567662982921634
3.080337534563076
2.311703773058283
2.2762558425489257
2.8378778111201823
2.857372182806992
2.949034496320094
4.77252347500944
5.470646016693993
1.6084843812524507
1.8088133278007306
3.1976259968981315
1.6525559814669202
1.8767618256975733
2.0673848441186
3.452066533730066
1.9527323354085113
7.356872647792811
5.215148624975292
5.712702544057487
3.341086234047606
1.6805729987106304
2.305514141158218
5.361427950808827
3.1347865565820916
3.545902523009773
4.394958877786753
3.3006372757028073
2.7027821912859
7.06333794470446
2.553373209116207
2.4845292629853573
3.3061486932436486
2.2287202945097295
2.820114336455803
2.1566067470614385
1.8534432747100937
3.5848041899884286
4.395734721007777
4.233801513931756
3.2732647021594756
3.911472194608968
14.453384921721906
2.7314349474890864
2.370924933027749
5.4322071972705075
9.476275122212213
12.620780973496142
5.016489007189859
1.7605498449232493
4.81520078219538
2.1769549350807527
4.348280158474211
3.0345543989488033
6.961570571705896
4.9826852760502645
4.111962093537862
2.246541372415437
2.418253627270876
1.3869477699092188
0.9269579432512038
6.619244694193666
1.4528683634760564
5.568021150033329
1.6881797409593595
1.7358901741298787
2.6751189896342007
2.965025773912518
4.70508648023983
7.164411278788593
4.776792141966999
2.7902411897288957
7.055887526541977
16.903596743308167
9.676308050771288
5.521391752851083
3.674212942009691
3.5560646022673383
3.9203459283114723
7.704978919615338
6.383143975733617
3.178832990270487
2.6554135144427145
2.136625935360533
6.7718829059250565
3.0095927664738826
4.334639163599041
3.3627026349600704
2.89681231990969
4.388701028695932
9.272290430288853
2.9444125792622056
1.227512987730782
2.0815331120080547
3.6679605844477075
4.494263687840421
2.33014038937607
17.35981816940382
16.53091620355236
15.673061160219811
3.2240594267030103
2.4195570424536554
6.02797263407955
2.5388347490042715
9.552274579987936
8.963797104119058
2.3466493056854403
15.484612914874669
3.4513857376216124
2.3204883558893417
2.7645117917814956
5.226362033083777
3.4865569195666253
2.642987044502017
2.877710271634481
3.732486747297684
2.194651841545033
3.529148270010881
2.6912061835582306
1.7881539296773017
4.86401948414415
1.1186701711665676
2.452324877320717
2.784797329933509
4.7377295042124725
3.8577955627814893
3.1064520898726515
14.048011699017952
6.356374852632417
15.606941645964024
13.320582724325721
9.045266626344707
11.152226444270566
10.487811397957973
10.976871535808854
6.220487522246887
15.895020984779572
8.889233274416984
6.97929139906325
10.00127667113219
4.792387047308602
7.576755971262171
5.641449397878108
4.856891539257807
8.264669878824986
4.649234825297851
6.865308656029503
8.160303277397572
9.196833407666714
9.10365602055806
7.86570116627046
6.893086377895959
6.095158335034073
10.537846935623941
9.374327394768073
8.325770705107072
16.807656143411315
9.723982286694186
14.421321551548829
11.919199878111822
8.283238586450802
8.286025745960696
7.1884415432821624
6.061497559624563
6.028927083798045
6.229310916200186
4.9132701520408535
4.642672003844497
4.376244698145075
4.047908951512642
6.413277504466973
10.406643815567936
7.260822756901833
7.565903565144414
16.15198909301239
10.0618504922437
5.482960249884097
8.220899035794847
7.117918868279996
4.209363864701192
7.2190150630213115
3.877191482824762
3.5054339404693393
3.141127264559398
2.9061202590734982
4.589270153323675
4.502973425080145
8.690887614525012
8.16356047719025
5.977499045041119
6.39063322226046
2.9455578435737655
4.719381985264538
2.0429307869533684
4.328132076807206
4.241014127914347
5.5823688337834865
3.282596688364458
3.9238314849325855
4.8716812037872215
5.357240274615432
5.805883354970075
6.539223042636259
5.740112311485918
3.6220002116798726
3.359541945290909
2.9053450864165944
2.843173121533378
1.8016165741151156
1.8874640843055406
2.4370103517020407
2.7887635968620965
3.4583163622426625
3.44928573480407
5.464194043941098
4.492627513555174
3.312631168008582
4.834961684506425
4.552043669677057
4.767807363804778
3.3156683469632093
2.1683289345874983
3.6400350673585713
2.1812016659173628
2.6437290656113124
1.9355528207141266
2.1654880194284676
2.253264963695
2.254030448617922
2.3643034367680302
3.1707185882524986
2.6306173644283555
2.5817893218180874
2.9424510761606673
5.836444149068338
3.6576239426403303
3.3023993926100594
2.5742488371659578
2.5362711247651086
2.4319891581539093
2.070563278345423
2.696375239498413
2.6299665742309895
2.71224601258941
2.508122918445421
2.644452354605554
2.6413276256643146
2.587246110295667
2.6634791452104123
2.6496192904905875
2.3932829039028745
2.0488531545084228
1.9517391801609734
2.5071063324006304
2.2313619042568535
2.1799195013169546
2.2857815688890595
2.710902065331525
2.31196225321703
2.5465221530865545
2.5129963936817297
2.9443087269702333
3.71649337956598
3.7221422259391277
3.417516143898191
4.758801233551926
3.5583911045457564
2.733889653577054
3.082427480196622
3.367684722909215
3.0422854061980362
2.680026397638988
3.495855955208225
4.047717733591915
4.864140894719561
5.542277426983146
3.0844651514180574
6.2959548715003395
5.620331478449989
3.580329237134363
4.312199885798789
2.9542846430553724
3.018609838231229
2.6555518324652723
3.9834679135250006
4.609329795932883
4.4077600534817885
4.566698792370672
5.45351831315856
7.573374057130185
4.930118416129029
8.807505203656952
6.113806558166141
3.7092999089160883
8.869157436494607
10.208351224116171
7.697980326661738
6.023330850015903
7.646771884536932
7.563076654810191
9.70514583629965
7.737768930423701
4.842493433945926
4.610017801245889
6.718800177499814
8.194309348781283
5.828697282061274
10.006256866242458
10.33377935379784
14.897272221243535
12.319032301243451
9.192052458992062
5.971973227224508
9.90017613870889
10.0988296301296
11.491870885966176
9.661557969407204
16.918315576598967
11.052061724860845
10.216987954034668
7.852454122533485
10.479238990516176
10.668899061418752
12.593278061073383
9.675143273888319
7.925363999480515
11.59019912624318
10.066813656057011
10.283092762104241
11.832948324156405
12.284535275287706
13.936492235222506
16.25896550596875
7.345912248469868
13.40234705763451
11.172164526706588
9.642896049631348
6.53511338895206
3.0702332621642716
3.0815070532661415
3.2851625776216893
10.62060848901605
10.103023413176391
7.253746987637226
7.670286510003057
5.366433315935654
6.388590929758578
7.604824610783737
7.968059561153491
6.697344377006862
6.054351581471579
4.727679840765224
5.852856466378288
6.171837135894127
4.474080542260046
8.202191276400335
11.826492768529459
12.264748947997857
11.025111519935667
11.840475592975181
8.741099401836973
9.306373316561912
8.531541921312833
4.397958066697081
2.6128575763344744
2.5380257053117607
2.8464086822956824
4.107285612196541
3.166135167393091
5.7473150319840824
5.543893766896493
11.758355759092652
6.981206291909622
5.092596286583129
2.9756758633860527
3.01214248668641
2.8751412391853357
3.060136905824068
2.980196109986696
3.0095491461662376
3.25008278142017
7.578004566903468
3.0658482812789223
3.1285035930460676
3.9140794373263645
4.1960899566358965
5.028098857423083
5.089256005731484
3.7829955819534247
2.338841467431156
4.273665653765178
2.6978174403651307
2.7994772273070008
3.0379699319970133
3.63387494264828
3.446181357738682
2.256618003008022
3.672913095579652
2.817159623921687
2.9678246595964795
2.8061990219676023
3.5497040187721374
3.2143188893078958
3.6660773532938284
2.565687371965919
2.5843695363571504
2.2840722041956605
2.0753196588200877
2.3371683720745264
3.122187608730253
2.496239802963584
2.501990507166355
3.1718365061860347
2.9219350998830733
2.6584586582203316
2.8515900953265576
2.4475107301598547
2.331357988395614
2.3987791530013003
2.069421448078989
2.5128205792310134
2.8589469199748416
3.8850572299260895
3.040335061508872
3.1525506062147386
7.042017308578214
2.996604656585086
3.1976923374293844
3.584767679845144
3.4895571174442495
2.7668645933191325
3.032691794607813
2.928228563373115
2.70859673373916
3.1387457635681617
6.781040910083135
6.2399438087538055
6.456885166729384
7.0098902546633495
7.060186015381373
3.6968560302156055
3.5943357196186945
4.927221769990833
3.2995452896152555
4.1964771138049475
2.6193346563024633
4.864815025597148
6.608360199653672
8.20319702685151
5.940445177195928
6.997709860490448
11.435143195259398
4.467631219606166
7.204601522150826
6.215970751277245
4.973058558196667
9.583517046641067
5.779042058629216
15.714267028246923
10.828488526826032
13.95845570335401
12.775742390008451
14.038676111575361
14.458898641994333
9.080051089840126
3.9349584440495646
16.304089624210732
12.341977954725227
13.150211639169195
12.578311619075421
12.381498171325564
9.512298999036497
13.529227493170785
15.726925945043803
9.813747420445292
12.694026423687477
11.711267530093732
10.490691660397351
13.60415107244404
11.383047963874242
10.827418255071851
4.178893728433254
4.201919877194536
4.316932128805474
4.139724879721472
8.707242003575738
9.31762129743719
7.31743624068415
8.998348954937136
7.639916339733117
9.771524624734859
4.233925290884224
5.5192308032960735
4.884225547147064
4.03426006629185
5.330889734646442
4.4496150814592434
4.646256205421642
5.121384590587102
5.254258640032147
5.268642156261161
6.103245461801039
5.549258512702038
5.96788682032816
5.178062531357378
3.3156468377290644
3.3113761572453497
3.1091180379880567
5.157698178360047
6.326683817113067
5.0203675281327165
5.96852973802184
4.54576471578647
5.408638091766775
3.8387745782309666
3.4005194935993495
3.813823988812895
3.73093785743893
4.162996138963037
3.812344751011031
2.928007274577018
3.1794722737709358
3.3486546259150978
3.2951502808557
2.3219390510242217
2.83238579712999
2.144622398947466
3.1884623157127723
3.2231215765382517
2.9180973031077015
2.9692881765638144
3.350003886098924
3.0916290632518564
4.021177298471443
2.773968884914045
2.9876239780456144
3.4508797772012336
3.6813041564499036
4.658210660071243
4.325564066844557
3.3125213599716288
2.2935839297053926
2.143616950730988
2.1434257606300484
2.120871479854654
2.4902390276087223
2.512689836837402
2.817456179391022
4.270235654909242
3.474949990389958
3.071752250123005
3.4910996147570295
2.4635815525648113
2.2817675610127424
2.44420937261037
2.4367866915216583
2.854237274355639
2.430817380331994
2.597268050834466
3.6385597496625373
3.3344259752372976
2.5287722182064014
2.8820730303902122
2.403908061970505
2.4089920668856633
3.344704501139428
4.005400882810882
3.154713336790453
3.1711878661775255
3.3665155274664373
2.689752452441069
3.155630667793651
3.0787485212738512
3.5127620538913242
4.335942108661268
3.2939252711815525
3.071135169073154
2.8946268064170364
3.5995105158649374
3.9694438339430804
4.865847148574032
3.91200278802422
5.661454969157054
5.33455551339202
3.292541400745442
3.3562350102584135
4.280860526517346
5.581724802552839
6.091848060155054
4.115781622923832
6.825144272707814
4.8867761320689835
5.813261851488122
8.070466188874306
5.066785820958523
6.227694331194537
7.064410400064942
10.204846147089889
9.288633151032371
6.881646939524413
4.7592576700857325
3.60162991542363
4.2309695345497715
6.1218763180463105
8.379675082165226
7.300682210074451
11.529921097057278
12.657002084885793
11.778469244397693
8.163275653295297
9.7330801943498
9.627392574084995
12.178888886984149
5.730664783981989
7.92596090167896
10.291941311820064
5.446188745384249
5.239193701039153
9.405606242490533
8.551477502411737
11.670103221534529
14.127266400908479
11.546388590306888
12.828154723577445
11.566578706697674
12.469838857462435
13.057672463350693
7.011935613558206
3.631726315838359
4.80355822238648
4.396764324150126
6.528576566182851
6.905109309436318
7.130840398077329
10.416077432880908
7.535493961424917
7.700218029251874
3.4396383988562773
3.5413045115965467
3.1950413773932906
3.0615909882495176
2.8510878614220028
2.580518037765986
3.022864827942084
4.313906293537893
9.858264396979184
9.140961045201351
5.847514240060875
4.716923485437718
4.787080681883389
3.5139524812786704
3.12773004306759
3.3085204196506672
3.8332516886682475
2.841409847251298
8.308021325529078
8.120035814385243
8.162120184470664
5.107780602387935
4.697642754401053
3.2848981424206096
3.315455562785921
3.210328311916714
3.3088688410206673
3.3197135360187993
2.807794129113423
3.551052780920638
4.66538686265439
3.637993984895721
4.335607201070668
5.1618320524832795
3.0997152824970926
2.5925134776377083
5.015986194076413
3.4379043486298633
3.981553083597943
2.635947622523941
2.494152469482161
2.3394500383452956
2.9755470868970155
3.817176617665023
3.1608309322772534
3.3217956051018405
2.906595185675112
3.01152815325134
3.109340400133355
2.6439758226775574
2.767061019033407
2.5901007846794073
2.502471704963228
2.977831738254774
2.9458105498905294
2.287126735775181
3.587916905265896
2.8385270229663817
2.833534976711276
2.6852039824259917
2.835757770503736
3.0653064892719195
2.318218049413149
2.691648098552831
2.5944121287463724
2.6407102642633964
2.934992466107218
2.772912268036233
2.8116624292231243
2.4895866421935087
2.577021762898516
2.7961177234452856
3.8080054634546365
3.6114373973337117
5.867031900316031
2.2531089035075182
2.2823833119375907
2.566195300057021
2.4548507845587033
2.643399549687389
3.1480589405703547
3.552256225802631
2.9759895738939486
5.057410984202813
5.573233872524571
3.0934782923221578
4.268245445219268
3.0019824765073784
4.46993560306691
4.3727032055180555
7.21960727825612
8.436988466239965
8.43854513445157
5.963214038583796
5.522966368892126
4.718166485643328
4.998417759062021
7.205582609709912
5.520998621099148
5.962699968627084
7.368604872095679
2.9540714912116828
4.490341783519581
2.66719021617386
3.0848887135668157
3.3738024313732233
8.9257762328989
9.447667614098744
13.157849867624964
6.616897429498389
3.522852358952414
10.352877274763022
4.328313970249404
8.957169158328771
7.213566577658968
6.281281372154936
7.9958766883646835
9.908186492342491
6.54578440343216
10.50575304898635
10.01746324271746
11.033945035439237
10.676923613351597
8.186119002183734
13.135748302840915
17.450434817779154
9.696897098194597
8.520947344288057
7.817915269449264
9.055585185203693
7.7918297295666035
8.162705411830661
3.2136807410563164
5.716343675041128
8.525971817200885
3.9314863917312635
8.34058086066327
5.388185258762629
14.032494992283493
4.381665085792936
4.365334993743515
3.818304854227015
4.133097766032569
3.0616110638505734
2.7653581889166547
3.226247632873418
3.6977523414793674
4.7417913594376095
3.6956597881374926
3.9287957901180923
4.447544432748019
4.536676428632456
5.077286049016205
3.6711129420043975
6.2664199839991745
3.176801304531787
10.553814968770357
6.568806098323589
4.057299816175123
4.3303072902251225
2.5300882030117826
3.55092818957709
3.35904460964768
2.5116383385739125
2.3060331382013257
3.439366024878462
4.322580852426685
3.0475425080161544
3.692181717583297
6.184698991070751
6.53027572248466
7.150827253164769
4.460320662804315
2.8892592106163373
2.322500188702899
2.331805472578469
2.601755667647452
2.4163055115825665
2.94232627155428
5.860076630844496
4.1766661436064805
5.21975517929258
3.1524370340298886
3.794980552019601
3.2116483017255755
3.0250524500360196
2.5592882426406343
2.539847838108643
2.7755097764137977
3.804551858671238
3.5584566135063844
3.4940631695696363
4.27476271940138
3.034321488381333
2.8913716789884094
2.82794420428242
2.9478034721339075
3.2572234418502837
2.7792082871659156
3.504694008556836
2.626794373972732
2.4131592322532427
2.761309456760485
3.4995495184352867
3.76120599602595
2.71935765289348
5.291407220245039
5.330954528860869
4.711496307986435
4.304641370079852
3.508158162247425
2.8397829597261333
3.3986007500497215
4.5907822429360285
3.6905823088462677
4.216102279776519
3.260613331205019
3.290120349396498
4.846442854956516
4.027667033216284
3.43861404116835
2.767539819823747
3.3808720991049803
3.322640277342414
3.060359774192361
2.889779226004614
4.4922489665657235
3.6736818492949155
2.616390066637736
4.4216454132335965
3.6613498943553773
3.738965972028528
4.39697462717267
8.697489728397496
17.267940516457813
4.576367599478182
2.9554591016657663
5.137822838090534
7.1891075581439
4.048405434411917
2.7733280541460763
3.042047993500987
3.259155525114223
6.378797180863086
15.182374612027738
10.052735041532921
12.803157699402012
8.259417084025161
12.441749598618534
11.948943636367233
6.963157008457506
6.336498298922448
6.925511341294692
8.408500779683461
7.054400098095721
7.4696562785676885
3.4989955352510287
8.136181869156974
5.677643987071754
11.501631804524852
13.610416439496174
8.520324371321369
13.122709566165554
7.396304659222617
12.81039179262287
10.56201598197755
6.169238709144016
8.593310581699688
8.095501327166955
6.6796265162922355
8.624375866198449
13.032222557197823
14.103097896705624
8.361939765760814
6.611771303779737
9.774144401433896
4.695925650659747
6.696269305659433
6.3453910408560885
6.200088804561778
3.2313265523929955
7.915004272305417
4.945691508759562
2.996782806579236
2.4426053564767565
3.6165979606451115
3.3719942692118545
14.432955427657385
3.0294971469038594
10.27609793294154
3.795936645618916
5.235367429315833
7.226919138850768
3.1827407796428386
3.089748460879407
2.6954604795750177
2.912683949656419
3.7421430384670336
6.809893895417872
4.141697874173447
6.407265744076239
2.5259250109657594
5.092362111899247
3.2488741174255686
4.131614271465179
4.832125192787763
3.2426610569254946
3.027998444398703
7.480980467235556
4.66615680324393
3.562530766801801
4.5775556332277505
4.103124681783469
4.535644197713245
4.14970516930261
4.982467669234401
4.724600072299894
7.822672535390977
3.463751255894953
3.357567274252952
2.913394972856434
3.175110964432738
3.635577472277528
2.7510846914489506
5.064695681085145
3.2906287486334285
3.1693756213841766
2.897145703068958
2.68417537682142
3.1073210835606644
3.0384457768802777
3.07114184949445
3.801170252313431
3.832734568104422
3.028541420559432
2.993034067660434
2.759875527308068
2.890941154500761
2.929154108008768
2.9856189468340317
3.464909302475573
4.732171472279537
3.5602763874551044
2.9277959367529656
3.7037759451690997
2.61316614456175
2.883654151640218
2.2741737573033367
2.750118932137361
3.917360624581214
4.070177294465435
4.74448338682632
5.673365151172794
2.9761560520177155
4.204030668213117
3.526568600401588
3.004000046194073
2.3775394293101852
5.807884282842961
3.4675902181944247
6.659839839264528
12.685193847896112
4.789472048595444
6.382804857361316
2.920698318808232
2.8829040641823758
2.844724957804639
3.4969272575136943
3.5834522358392085
3.6147176316346887
16.766307276318354
9.040034611682241
4.672212209349591
2.474179772153387
5.010389147448132
4.393547808745914
5.726531864894683
4.410707325433082
3.505723394804671
5.8339864516277204
4.572841944908105
6.826307111163932
10.629121268681967
8.911197605125457
4.410052332275253
5.3584120720055886
5.492307594406451
6.104910287040178
6.429167261320434
5.972934978622264
6.092265735551121
11.810818321306012
10.36907143956018
14.325290751831421
11.856275473330717
5.680695219932398
4.26283056831428
5.094242203219025
8.680314567553292
4.186530280170533
13.994097721274821
11.35178666946398
10.156728492240997
7.390553171763878
7.170349413767328
3.857728619127014
3.7048677275075343
3.2716647291055154
3.20278031875324
4.288324557396482
2.901183356096817
2.350437041320488
3.223395924296862
3.7887945746901197
3.8465882870320245
5.3718346406056625
3.7984009187795316
2.756850166661823
2.5758631298258483
2.3160390985873587
2.4251351815095923
2.405918006303461
2.357410416500737
2.252125898257026
2.044207200154548
2.2179247153184503
2.939664499402317
2.160170466184346
1.6339559873017186
3.069682346581401
2.181933003217337
2.4196068946561957
2.007463123334092
1.6823331602592309
3.8274862481111107
2.663151707495697
2.6462898025683392
2.5110869919972765
2.350623487545318
2.225799568900024
2.8135661510318855
7.210774444458794
3.630285154600196
3.546746746108495
3.2905251166185976
2.7471259354982323
2.7954438094662954
2.2911719676416675
2.0371143008838977
5.994771423931502
3.715376051870468
5.299484632983371
4.796561205388741
3.8075113481335485
2.216358321463662
2.2589678193152833
2.189488793148098
1.873079493345978
2.2868333707150983
2.6621071048147984
2.927897808034337
3.9591796302015405
10.595689388473073
3.0342244868451718
3.1208298734131077
2.6355210734040053
3.247839843391385
2.2343033395399865
2.2326633898112176
2.130852376247054
2.4415323782939615
2.4033715572672736
2.602004049513349
7.145584602745873
3.4828634016969966
3.000280154996426
3.2896824956576936
2.5496814681490663
2.985546035705573
7.5667561319025385
3.2945293321301996
6.1306725245045595
8.714643681344885
3.7292944580710112
3.6430508631840994
4.303358068140996
10.14384874922344
2.7489743767572827
1.908328731241236
3.5948088472273083
3.253320222119857
14.621158118733643
8.815817629927178
4.10857520810933
