0.020848779813546173
0.020558186772771433
0.020601179918752936
0.020718466851917253
0.021393487649206715
0.021922695246337155
0.022634893669530778
0.020390313589611152
0.02008516992883503
0.019986998552384262
0.02003138323115963
0.02004828271567901
0.01974334652940633
0.019407611102201745
0.019149107329029566
0.018950247248830744
0.01832146907848558
0.0180012926646377
0.017689499584104536
0.017362740920144146
0.016861742641765258
0.01667433245398035
0.016215155634392978
0.01580570526617616
0.01501689188387026
0.014834328455658805
0.014137604820401597
0.013803118044900725
0.01370539986732867
0.013395240199051495
0.013174711931293659
0.013120433943785023
0.013209397684084714
0.013231877975314877
0.013099014182958797
0.012985234039934406
0.012879087070275089
0.012943876361978371
0.012925370932208543
0.01288604287109912
0.012830844379697804
0.012739173000434964
0.0125943963559428
0.012748753518545469
0.012915743759596504
0.013122594204287968
0.01309725291297982
0.013280425006253505
0.013471350554250453
0.013639133731100057
0.013683964563023482
0.013777968439653976
0.01394100845112059
0.01407772634761586
0.014382219014000188
0.014893228123912689
0.016054257631870655
0.0161415455827009
0.01767884781337308
0.020236274989512307
0.015505145095317103
0.015379996153244008
0.015493447909141997
0.015385036003911445
0.015397153168286562
0.015627715877915775
0.016081824341070444
0.01670872598213663
0.017578408645700188
0.017957578141732343
0.017986237624708783
0.018411332966734615
0.018671244144976312
0.01914352735279152
0.019657802219526895
0.020544792220514953
0.021617838932489412
0.02319653966554474
0.025376761522601404
0.027706103595189463
0.029978883928614242
0.03197571287067448
0.03441681399493972
0.03672435378261376
0.039597751626564516
0.04233675102258777
0.04514854044562344
0.012976642855457226
0.013269239246277658
0.013398081566364831
0.014402628981717017
0.016685757675922477
0.019831259577611532
0.01247649909385218
0.011549829076365318
0.011967980234660962
0.011648826640097565
0.01150116215218647
0.011472515947747702
0.01134084827320583
0.011326432034531705
0.011124804692194287
0.011257182660752771
0.011579090868436188
0.011636474449774652
0.011677882058104074
0.011591092112102365
0.011586248273124633
0.011775190044274807
0.012283743696766204
0.012568472744906198
0.012629537984814254
0.012880932070480678
0.013171175924311268
0.013334202885355056
0.013638484650467565
0.014122285554844202
0.01437641609505308
0.01473630341383834
0.015625292747778977
0.016207872193338496
0.01655290122151839
0.017361533785688422
0.01771950180730418
0.01830888465049171
0.019345501145928336
0.020035074538716703
0.02054990923527448
0.020768857635825845
0.020782202959472085
0.021022815033469314
0.020690866347060452
0.020459679797149393
0.0192903673666813
0.018650395656265667
0.018260398939210262
0.017847734059534402
0.017112541153280612
0.01634802372857372
0.01595642295296011
0.015664918707765235
0.015758944422688704
0.0163087812259765
0.016777221249914723
0.01759213713575955
0.018256333111439677
0.018753454543201622
0.01948975861855747
0.019851293477642685
0.019933168317954896
0.02012593688187985
0.0202772901597476
0.020071877209769738
0.02004386524105744
0.019884055491247176
0.019924843221566485
0.019611665563112533
0.019352883105773218
0.018956149630249573
0.018475084240173398
0.01785750996120227
0.017314321853068526
0.016526181896719207
0.016014032196760643
0.015491665081041444
0.015255544248423663
0.014865747703832288
0.014540333298315508
0.014365408576315386
0.014255667322987109
0.01433785513446444
0.01458168732488098
0.014479440671059402
0.014473118428325441
0.01477227171046433
0.01529048240360122
0.015417074996356922
0.016166028856619566
0.016499912914472708
0.016803967173874366
0.017485383439990305
0.018171893738752658
0.018366511217518235
0.019303032103822927
0.01975457268441389
0.02051709036007748
0.02117110379006771
0.021475680893740683
0.02143749192172446
0.021198957508444968
0.02106891187970652
0.02092209022008911
0.021065037732441203
0.02106354147567354
0.021173177643234703
0.022011127307250352
0.022427993066949335
0.022937875956403973
0.02258572758811169
0.02230586100270509
0.02187947911711523
0.02131135420460436
0.02120853218942487
0.021015874816507164
0.02106655226254532
0.020803932036319507
0.020774017193622107
0.020623022154301514
0.019822020473450542
0.01905234006981398
0.01837771663106978
0.018040997352710895
0.017721128991814765
0.017342034632177795
0.017091852106792
0.01665239724307251
0.01638648268153719
0.01593667960534192
0.015555301667054591
0.015130708055227208
0.01467390338151879
0.014357258970448308
0.013677877529910645
0.013036053155198776
0.012444062934339247
0.011869671653875502
0.011256626469044323
0.010604677496983577
0.010174945610049155
0.01006209790976184
0.00965663939635256
0.009285778472049444
0.009144328142718771
0.008871153776746117
0.008574936131801363
0.00816556396080235
0.007731795593531666
0.007368326948206055
0.007034545519479947
0.006831226708338689
0.006647370052524529
0.0065064207565048715
0.006532300307730675
0.006617323158001269
0.006819893124027214
0.006917279979172286
0.006803951272174686
0.006885916395418426
0.006986325341929564
0.007031889505616137
0.0069587506066847065
0.006806471304232567
0.006832844379279411
0.006582463508501786
0.00634765870694475
0.005904209751375337
0.005763503058262105
0.005696212916233235
0.0055805120069621576
0.005636184190100742
0.005668294023003953
0.005770405386830986
0.005957100044539421
0.005929415136173098
0.005982799088838833
0.005987052507794226
0.006171882482769448
0.0064340764497630345
0.006583636245337372
0.006666159497522227
0.006648090501106513
0.006314684954172299
0.006016350481628854
0.005822163175414372
0.005608692259860409
0.005625139281094583
0.005596808874842452
0.005696736500054142
0.005788024798244111
0.005846940083819765
0.006139754248203999
0.006361104628157259
0.006549610712229446
0.006862528093659332
0.007008235477861684
0.007268294682716253
0.00736432692626326
0.0073294604481201325
0.007306638915466431
0.0072169178968403
0.007274998124884469
0.00716420972377084
0.007177615577167447
0.007061313063434195
0.006979993960220129
0.006975942815389029
0.006852691750107956
0.006552015681318371
0.006315552090599519
0.005837780632965898
0.005746786706636678
0.00518782879898773
0.005047600742407808
0.005112376330440372
0.0053605128917119
0.005556908527801373
0.0058680194381795885
0.006290541429828815
0.006728912517218431
0.00698149049656342
0.007053231400789945
0.007394698092976696
0.007456837754531686
0.007530312471088927
0.007595715856692234
0.007438684965122464
0.007578612436608003
0.007507175903406787
0.007534190156431975
0.0074161532944439015
0.007442030551490812
0.0071879176571698
0.007172593181576878
0.007117839824629134
0.007076783665010647
0.007024136997917324
0.007029644835290325
0.007021910822241141
0.006916987521834355
0.0068059478736827664
0.006711490961972889
0.00666039107424266
0.006539526037400159
0.00640364776673764
0.006318276293723654
0.006228601349084414
0.006285148237715097
0.006366647235139503
0.00641743745973387
0.006544232036869937
0.006437551393095787
0.006502832147509008
0.0063110492631222636
0.006166073264873355
0.0059702936708147195
0.005783505634900682
0.005670904439980036
0.005439074630470534
0.005265022788598471
0.0050777754220135115
0.004974127755938113
0.004836670705483721
0.004868691435497294
0.004842186029862967
0.0047364497340255446
0.0046599904966513625
0.004535734501867131
0.004422940345353567
0.004245173396485167
0.004169951781977146
0.004225493978816391
0.004271901816245786
0.0044149809153501435
0.0045009733358154684
0.004773417227994053
0.004860236694696205
0.005019246852434114
0.0050139956088895606
0.005000100746611261
0.005037672285282752
0.0052379247308177185
0.005451925398308714
0.0056316339142770755
0.00597781166102764
0.006296632563335435
0.006715273020669712
0.006802751655812188
0.007232274945507865
0.007313818862358835
0.007494402536432095
0.00769633793720941
0.0076695092959187154
0.007610489940264152
0.007751291057224377
0.00782900768482228
0.007694822308152443
0.007778068196981111
0.007812297988706635
0.007802040845779195
0.0077766114872188695
0.0077411374559656545
0.00783017901049736
0.007782525333410435
0.00786419017244906
0.007848426110665222
0.007880637692987484
0.007760861754096314
0.007670189400323077
0.0075481605914819614
0.007293704885987161
0.007126356662222248
0.006972358286381318
0.006850193879796229
0.006795075780534938
0.006710733178565953
0.006572812953512967
0.0062386057512051575
0.005930401688209736
0.005639891544745208
0.005261634012008508
0.0048988529648622495
0.004609602037436314
0.00427896737260287
0.004179299941688922
0.004111061939264797
0.004114624786318623
0.004028342901121524
0.003969553880774055
0.003826629871425806
0.0035549281526083367
0.003350706289493866
0.0032146200474347034
0.003192459496819489
0.0030507173113362195
0.0029986247418704
0.0030300754351449736
0.0030261282372664607
0.003168928904743005
0.0032528175875206843
0.003364136110270937
0.00347737158167091
0.003597756462712441
0.003767609807740248
0.004043514063647321
0.004258325643505776
0.004348766785510832
0.004491903284123707
0.004685056774054286
0.004694281873466853
0.004823795129149985
0.004905730029439014
0.005012122236042154
0.005097565126677696
0.00512775501185406
0.005225185862409464
0.005440693175341612
0.005773980000954032
0.006053691590517445
0.006412855277344152
0.006622298498133912
0.006809077500418721
0.006960039278891425
0.006985213197796965
0.006991678813291928
0.006938880187900063
0.006911093705781628
0.006687119876644762
0.0065722301677110535
0.006270662720477481
0.006133402103852319
0.005952060038415667
0.005856091840306501
0.00565314156542856
0.0055332223679389145
0.005442854863904561
0.005484776491029292
0.005438145034434947
0.005488561894473101
0.0053871388386749755
0.005134221406915046
0.005051830449918581
0.004880015643379587
0.004776873208183758
0.004684951157455979
0.004700643486532421
0.004709717959768137
0.004588272581409822
0.004522441981478715
0.00428814232662087
0.0041502235711905165
0.00400341701643477
0.003935360101701475
0.003872805667126515
0.0038859909336281195
0.004088172136432753
0.004237159661187675
0.004588197882763352
0.004820835618971769
0.004974699365569968
0.004932961208879173
0.005061038362657317
0.0051086966564576584
0.005088221695374646
0.0052320602506400835
0.005417449369502499
0.005731080023608677
0.006022402041947533
0.006106670156843226
0.006511863313261949
0.006761610765235178
0.006986406792543918
0.006974379349063239
0.006988622169164345
0.0069844057119577505
0.007040806130531527
0.0071564534620921095
0.007260078194993925
0.007473010181113531
0.007730227271317762
0.0081058364785128
0.008530660342126883
0.008670661989680998
0.008853951785588697
0.008968899565469507
0.009130642920855856
0.00956064302456088
0.009915136314292531
0.010397755024152293
0.01063311873254565
0.011331578626372003
0.011837396611383062
0.012096890874190008
0.012912057278104641
0.01321020309674641
0.013402144089082602
0.013690065172199842
0.013676111101308086
0.013732366089390208
0.013781651270848242
0.013869722550409632
0.013871953893966718
0.013870632743690024
0.013678957741568526
0.013415820403972545
0.013203930534933472
0.012602597813169136
0.011974585487371119
0.01133186219023557
0.010741478027152479
0.010691995336077037
0.010460463164399402
0.010303684512330564
0.01021876655222401
0.010171878464843609
0.01008877600784297
0.01014935422991225
0.010060394255568192
0.010128670913968291
0.010145768482464837
0.01019412743077278
0.01024959206656199
0.010347044007622633
0.010144328825021934
0.010188465412646123
0.010085804530217348
0.009977931308867982
0.009912729998684398
0.009848935617099703
0.00975435850443571
0.009798216518771032
0.009791806249585245
0.009782496955473681
0.00973787104450377
0.009878069681850309
0.010000606482230723
0.010128616056403446
0.010227967266800777
0.010371176139067583
0.010352536368456785
0.010467327762992574
0.010517189573903851
0.010646187772074728
0.010759389338413656
0.010966628792933511
0.011188220733601111
0.011450866664310212
0.011469585646526712
0.011394897712817695
0.011088590064624886
0.010804325715230165
0.010607082149651987
0.010468914948376313
0.010348215363802258
0.010286276897822421
0.009992800223242174
0.009724082871648814
0.009615999190864354
0.009651356196904269
0.009652289572602325
0.00978798591237028
0.009954984930903906
0.010204244725328509
0.01013718205990463
0.010117667131470687
0.009967703605459944
0.009648321167059846
0.00943241626378992
0.00909598716336307
0.008732375244670179
0.00851551143831762
0.00850315228115767
0.008562717984742731
0.008580612030997303
0.008651580062299075
0.008647565568850692
0.008514830990873513
0.0082249439107103
0.00816467769581616
0.007872024223294275
0.0076388106177241845
0.0075286282134989484
0.007371682527470495
0.007290378244642319
0.007332792126247284
0.007405143280749145
0.007658028851876
0.0077755680362614375
0.007836254477079287
0.008047725353671858
0.008073178394144395
0.008075419504631252
0.007839810809118549
0.007700283186920944
0.007546171424331399
0.00736007188653341
0.007283522717979521
0.007208115768280591
0.007323612564896341
0.007333429890565945
0.007738010870004882
0.007987646356986677
0.008049160093311542
0.008171180975003925
0.007954252484806872
0.007747108390561949
0.007406192006808194
0.007216739211998793
0.0070000845202175
0.0067135894210490045
0.006546958152276563
0.0063134015577797475
0.006138186751760324
0.006071309127859178
0.00602524457924618
0.005953596790623143
0.005971291016215176
0.0060724231531149525
0.00584426520828147
0.005718588006247565
0.005456264800998961
0.005214912003830478
0.004987048794502584
0.004850774212332422
0.004849619466118826
0.0048590096088079755
0.004960621238693012
0.005055162679965313
0.005107805173533169
0.005189409925875995
0.005230493472482346
0.005273360431004911
0.005229498340943822
0.005063635581281042
0.005050780667144256
0.004839573958995052
0.004860425095708487
0.004763335387847491
0.004846637529773946
0.005044469312335249
0.005029036236472696
0.005177938109499396
0.00535144105727339
0.005580122064906913
0.0058089271178854585
0.005882875024050228
0.005902790778482266
0.005863311685382231
0.005892407554249182
0.0058817738637621676
0.005962057068663021
0.006088986607649928
0.006326445685376004
0.006491823968816535
0.006530097079524263
0.0066598174502790555
0.006821411248421902
0.0069028135009164176
0.007051594671175691
0.007231220283881787
0.007433273676265041
0.007793229960515005
0.008156393281919895
0.008676259995061376
0.008812005584047117
0.009293435076390005
0.009640456376753485
0.009981084471464627
0.01051712599332086
0.010656959488349979
0.011001212783816697
0.011339623899686643
0.011589071501378905
0.011750091963459887
0.01208970249396671
0.012445751738662967
0.012538558862214663
0.012624483209970583
0.012752680654134535
0.01283815392767228
0.012888776788086895
0.013085272892418991
0.01391764390297423
0.014459745791382619
0.014835688584048518
0.014965550417113418
0.014977403964664515
0.0147376492210898
0.014597411252734605
0.014439691736434012
0.01434386084976629
0.014261292692069733
0.01419791960111827
0.01443625606844918
0.01467922922861122
0.01467115991664387
0.014866163009223613
0.014656180185364317
0.014582325546871677
0.014437744632271026
0.014566533723686182
0.014578381277562105
0.014510185094520525
0.014541567406920957
0.014596148267448084
0.014466221968873172
0.01429920697521917
0.014266351707073285
0.014209952149703168
0.01428905645777093
0.01437885535309193
0.01458352398812555
0.01470594672386856
0.01494066105123561
0.015203756422762834
0.015454683382681975
0.015441361048643484
0.015644580234958454
0.01575956546775905
0.015810510358533526
0.015938942572938437
0.016245220945278725
0.016481422627629683
0.016863694430917515
0.017290177220770052
0.017752111101857322
0.01827836469775081
0.018823924716766326
0.019227800106686378
0.019575092691270564
0.020015212270908456
0.02027689296799836
0.020483924219047822
0.020518111772917118
0.020773337715403545
0.021216560893899773
0.02187227545980014
0.022684906012037008
0.023300653709698367
0.023932341996853266
0.024309011383801826
0.02472057000824176
0.025120919753077814
0.025392516014322776
0.02563999030405518
0.025925923240188636
0.026313768969424396
0.02678853166238764
0.027377195799472738
0.02808648810190678
0.02879938479170996
0.029508190625110908
0.03015771954304571
0.03072027480972388
0.031118751420712458
0.03158565857811049
0.032129307886047495
0.032725522338952547
0.03336734147760312
0.034009958778375884
0.03466864353198457
0.035247568014325756
0.03574301582506152
0.03638744590794408
0.03701068947495876
0.03773158258439423
0.038712777139151666
0.03898712617914177
0.039481000390212614
0.03994652424478902
0.04031316635325307
0.04092389552957336
0.041715985346193904
0.042742985402461006
0.0437769997377423
0.04472769123709213
0.045736678627037466
0.046615320258979555
0.04770792156060764
0.048604614799320184
0.04947116244640873
0.05012135001867233
0.05080045259285535
0.05133089309055883
0.05233702880615977
0.0533111635684088
0.05420371291138047
0.055299136756481106
0.056514429869944725
0.05779115276412825
0.0588066221304376
0.06000021336181623
0.06105796242149556
0.06198510035767647
0.0630738529545178
0.06359883941829374
0.06434588404301417
0.06514312775185281
0.0662251169677312
0.06741491839041215
0.06892365938479353
0.07032270083073391
0.07146891018723457
0.0732068496592173
0.07484717037946718
0.07630430948046077
0.07760163910295405
0.07929403561971318
0.08058088487128326
0.08172125529361632
0.08268129975095027
0.0837769234031163
0.08467819609221049
0.08579148432296485
0.08708242397290036
0.08807308268656121
0.08932113812488955
0.09041080076135644
0.09163622527307305
0.09249095077390822
0.0932549147503812
0.09375953584397304
0.0942540433997345
0.09491778251736087
0.0953352353222117
0.09586453284261759
0.09668643951303765
0.09751744308631866
0.09851807916142369
0.09960727201695556
0.10097888689177754
0.10199512523535419
0.10303278640446038
0.10410238451161273
0.006703441155309235
0.006635251114235577
0.0063650601606025665
0.006041213942812091
0.005820413805326044
0.005547463083582597
0.005243049214967022
0.005224305869681297
0.004834141204428454
0.004502541407054195
0.0041275956205105106
0.003962269801601377
0.00369874681899972
0.003512691615324571
0.003484831983364546
0.0033470820225753413
0.003266249789059628
0.0032409408984226265
0.0031246478665752204
0.002985464273776965
0.002865072389818303
0.0028564342580324753
0.0029585219548222113
0.003034261080732045
0.003078105629791577
0.0030823009799509937
0.0031112842650622427
0.0031568231583643954
0.00319446827470101
0.003151605827253647
0.003202096346700848
0.0032581137834832596
0.003354930395009849
0.0035187563427346662
0.003565699703055293
0.0036735955333130088
0.0036362019006938493
0.0036842189564562796
0.0036373622782374347
0.0036020475260844275
0.003647262698369453
0.003579129991703619
0.00360244670406065
0.003561343828870926
0.0036234377596793413
0.003641575652822012
0.0037300252615586464
0.0039026477858611686
0.004172666868215451
0.004496027494926852
0.00474116573651634
0.004896628722222315
0.005190749588967149
0.005340956537282128
0.00546465655131113
0.005675180150078763
0.005893221326898455
0.006045599559495445
0.006203869937769684
0.006361803169734147
0.006697881793205106
0.006796023310670039
0.007030001875409003
0.007011191264519298
0.007082831963867288
0.007072505231560373
0.007036334577507785
0.0070844143150235505
0.007136721446756734
0.007016771472300817
0.007023517244759388
0.007067048003367429
0.0071362018813046655
0.007187917990595096
0.007361281582391177
0.007470114608467427
0.0075184488276158435
0.00749008002488552
0.007376312357807802
0.0073678765071355165
0.007063366384628453
0.006939481557048604
0.006669838899226839
0.00661727050858908
0.00667056110021245
0.006852843191985371
0.006954278820336416
0.0071005382193566864
0.007176331875641461
0.007334510844554569
0.007407921027246392
0.007334962433023095
0.007174915884085318
0.007024266962512423
0.006967391015651895
0.006827622465764027
0.006761578651970123
0.006676982022389834
0.0066921148526619635
0.006545197566612091
0.006447150378118721
0.006240806338991036
0.006204129966574476
0.006182526802429896
0.006085597465802514
0.006000909174332578
0.0060539092273079005
0.006174214260732937
0.006378899232915852
0.006639322087074377
0.006685866430434989
0.006918973012495328
0.0071207220842259954
0.007127630495939642
0.007264888237551018
0.0074220383001917314
0.007563516541308034
0.007590865335528376
0.0075580673605108685
0.007394564201187575
0.007326240106286944
0.007254256131196719
0.007320286054740279
0.007292056614459394
0.007325392557348922
0.0072932493953368925
0.007301364570460214
0.00726514803919185
0.007234577478700127
0.007175320579285366
0.007076548062494104
0.00700105959238234
0.00710010170338826
0.007320149303522995
0.007473196540797829
0.007771447343835615
0.007944841656225929
0.008139621941555996
0.008149731565137722
0.00825282542357329
0.008271338540805796
0.008213295355830565
0.008195087739856173
0.00811417214513262
0.008016249352443418
0.008011671931355425
0.007885870803405817
0.007796737047724699
0.00765222823089384
0.007529838986787686
0.0074753337227493975
0.007458031821821242
0.007285749261589591
0.007221342135083851
0.00705884996034334
0.0069877363884073476
0.0069201650175767584
0.007019141014273239
0.007013071587260443
0.007046238545639747
0.007087439752994924
0.007154622044346241
0.006656903661205417
0.006229256819428877
0.0059286884340392036
0.005591390199836836
0.005383853380320777
0.004867720260435049
0.004106037378335157
0.0036478621351587865
0.0034030199280551928
0.003045305660628563
0.0027729880995817397
0.0025799567502199305
0.0024978650584860707
0.0022485563390086385
0.0022012707567239244
0.002164260428404156
0.0021902197477194417
0.00217974408122986
0.0021789314565735184
0.0022062621907605346
0.002094508934207048
0.0019725882972120444
0.0017369614158965388
0.0014607956192485528
0.0012357197823881251
0.0011549909217959719
0.0010101957859529928
0.0009197172939832551
0.0009036430986061987
0.0008153400881089765
0.0008218305405271155
0.000905476882362789
0.0009629993518315859
0.0009775181781131917
0.0009370375079834914
0.000900181724716227
0.0008676397615008732
0.0008458695325340544
0.0008304279523164973
0.0008180626274616701
0.0008609088164876726
0.000806423309073083
0.0007824503161485959
0.0007467435705028494
0.0007672131274613096
0.0008103868565201821
0.0008407251590557158
0.0008950027072174283
0.0009712821858930886
0.0010609063045077518
0.0011095972577453402
0.0011734759234953292
0.0011575255822130594
0.0011358134897620578
0.001163122354316511
0.0012155650047509946
0.0013014250004488707
0.0013697773934269442
0.0014990121789179396
0.0015330801143958357
0.0015894089748513657
0.0015591638870689087
0.0014870424338342145
0.0013854578468279265
0.0013416284814770545
0.0013066879559915747
0.0013112939916186657
0.0013066136261467934
0.001315941118722248
0.0013345770047137116
0.0013770810352231135
0.001385175595504562
0.0013743265130716144
0.0013250930926395133
0.0012935373839850826
0.0012950146640697986
0.0012412357600336084
0.0012575063849981493
0.001259498176705423
0.0012319192892364381
0.0013153161085292593
0.001338506172817356
0.0013728085803903008
0.0013838168164856208
0.0014316301418693185
0.0014318292702060653
0.001469905773638518
0.0013818271568392904
0.0013542986244029537
0.0013018458038159572
0.0013101251584269288
0.0012862520145727385
0.0012866728442155902
0.0013089033289184879
0.0013114841122356924
0.0013481778532213968
0.0014211377150079114
0.0015503892225391918
0.0017135925415874835
0.0018081357023719308
0.0018564276753419806
0.0018622854942221094
0.001881420272739279
0.001941801125992246
0.0019385256176161045
0.0019219370896975964
0.0019494593353851636
0.0018847207984177667
0.0018217059595541357
0.0017320787403694385
0.0017488555389751307
0.0018318634578566146
0.0019535984333493984
0.002066956695998227
0.0021307578420862107
0.0022459436334997885
0.002390395329998926
0.0025165164152881414
0.0025732686986552266
0.0025986298708604197
0.0025737597124475286
0.0025539835800592902
0.0025287085997601996
0.0024133112321050253
0.0023244052900372376
0.002298708227062416
0.0023203796115541728
0.002269583999242185
0.0024041802777119052
0.002515126711537254
0.002583742092549575
0.0026135685864878576
0.002564071310362768
0.0024820380717639726
0.00228063195465298
0.0021917867223106664
0.002017180897117255
0.001878075931062979
0.001755505229822487
0.001710620623721494
0.0016960757072290774
0.0016302120020288955
0.0015976889052898096
0.0014783725675367935
0.0013223813121974618
0.001271766325574614
0.001268368335743034
0.0013018975852494886
0.0013079655219073298
0.0012955836796513629
0.0012339795482440778
0.0011749574145782453
0.0011282694963153591
0.0010003676575475067
0.0009618007104444757
0.0009113492449492405
0.0008745842588707986
0.0009055846797104576
0.0009035442577119618
0.0009280386259497882
0.0009869376302115936
0.0009760096889887693
0.0010016912559701907
0.0010430064878105955
0.0010060026454990433
0.001047678750802025
0.0010074211456732633
0.001030120961160202
0.0010752040439921846
0.0011032068774135015
0.0011370086516079253
0.0012467801622483257
0.0012569465127259213
0.0013450322566956158
0.0014077460680238262
0.001547539757949266
0.0016474431266207071
0.0017191541180318082
0.0017650955018029327
0.0017483341329362645
0.0017071862595873049
0.0016681830621017237
0.0016844826108271733
0.0017684883740475984
0.0018551455990900064
0.002004422106064767
0.002260826305135602
0.002320400637680636
0.0024009080564040665
0.002333980884813166
0.0023022340502838728
0.002271783243027947
0.002273096859280327
0.0023409799020195146
0.0023807242920958387
0.002341158963971143
0.0024198071000473727
0.0023672573859783385
0.0023671910728884156
0.002343602496017305
0.002193101228434305
0.0020470344204299544
0.0018264226984588655
0.0017938603395733894
0.0017707707250259291
0.0016839136262797253
0.0016676737838670734
0.0016946561784219592
0.0016825513258690924
0.001759010502397408
0.0017655564991444276
0.0017283618299815187
0.0017070629126592408
0.0015435001592828041
0.0014494172729810836
0.0014083425311648217
0.0013329922888146947
0.0013313091547290593
0.0013510648134966818
0.0013335030618384322
0.0013075629686760764
0.001284663673098298
0.0012321189179800508
0.0011933181057259602
0.0011322150186914774
0.001052065739464474
0.001072924874048632
0.001083564481929634
0.0010743600175715789
0.0010796199197865208
0.0010255456025582894
0.0010209259815366193
0.0010515755875174831
0.0011143583783029694
0.0011850147272994345
0.0011932348031572343
0.001241548319662201
0.0013294316201337033
0.0013929758915319516
0.0014627155515483847
0.0015580531064725088
0.001689583516828724
0.0017356164766046515
0.0016742945242022565
0.0016491466114405707
0.0016599252802979802
0.0017070315646835691
0.0019107908465833326
0.0021186847711410677
0.0023443337603934996
0.0026257228790280214
0.002664729793529725
0.002775822438945877
0.002789674021692892
0.0026895552376280307
0.0026836314466015337
0.0026977158247264224
0.0028793527869720977
0.0029962644220395264
0.0032032345866969424
0.0032681214403513176
0.0033622681626808066
0.0033189407744811175
0.003222896988302037
0.003227998807928116
0.0033078329559246946
0.003240156978714955
0.0032109589396472683
0.0027805453806619964
0.002645081027631161
0.002418815905392612
0.0020998198509630927
0.001956463728112287
0.0017261500297671428
0.0014649290947100074
0.0013685059237115113
0.0012437726012403734
0.0012752477856813763
0.0013701893858159074
0.0013771591170194213
0.0014343896922446111
0.001549128750783452
0.0016360375166168766
0.0017324588935914778
0.001759669519191459
0.0017926281496076879
0.0017991275356868616
0.0018894895225540366
0.0018859688989717263
0.001863789976873809
0.0018912241756336413
0.0018971000679248908
0.0018615669563917525
0.0019026418458462275
0.0018709692429653417
0.0018678474411426504
0.0018665837256379894
0.0018346761929038814
0.0018394433237665445
0.001874749839505803
0.0018899663966192846
0.0018760011650110567
0.0020086289194913036
0.0020768500814404684
0.00202786922555306
0.002090255862812242
0.0020680693252268854
0.002007860959450384
0.0019669644620379564
0.0018716429441544692
0.0017640926912941529
0.0017707183029448607
0.001778953215453676
0.0018127548686772536
0.0019297040828495115
0.0020644745668000407
0.002029835870289318
0.002211279563819988
0.0022375929102774325
0.0022654976037631202
0.0022203445641200046
0.0022527384886009564
0.0023384633387548556
0.0025872224877697843
0.0027058456616473278
0.002806254724180771
0.0028092049882268667
0.0027706769056019234
0.002747031598296988
0.0027672553542946476
0.002905363965147344
0.0031109599225283718
0.003124712064233408
0.0033189718268526814
0.0034960985482189607
0.003478463947206487
0.003405305321686108
0.003249942992761036
0.0031083509967342925
0.003036192039656987
0.0030013880902941175
0.0030718433037802122
0.003113185251577567
0.003146952880956284
0.0032857921614174814
0.0033145792723638995
0.003324958098056368
0.0032863995398142174
0.0033092817161067905
0.003078140219797957
0.002935906186684578
0.002944129862194831
0.0029318498780126594
0.0029232513825312037
0.0029762029615304883
0.0030367928766472712
0.003012029852664087
0.002989491096604568
0.0029385365830999323
0.0029419062207445253
0.003050797208448932
0.003028015989211053
0.003170887694623435
0.003210381724510745
0.0031593290622035745
0.0029288458292936075
0.0027899255926230443
0.002648235800113168
0.0024332304632755956
0.00235384393931671
0.0024017440575096844
0.002378385460525829
0.0023848287377951655
0.0022895446334666647
0.0022276185636364142
0.0021443066693468548
0.002031941267748502
0.00194252099974211
0.001733232151395283
0.0016401474890991156
0.0016360775069452257
0.0016967187852660562
0.0018269179646796783
0.0019073605710024123
0.0021152991767373857
0.002298910684326856
0.0023646074199391936
0.0023995388150155486
0.0023137717957650364
0.002270446706997692
0.0023010512044517976
0.002382740724041312
0.0025021677642259
0.0029489082705322226
0.003156844277896412
0.0033355348848424183
0.0035567583396875282
0.003664096013115299
0.0035703788582699485
0.0034055285537274286
0.003304001029853386
0.0033024403750484426
0.0033174275969933935
0.0032236805165597295
0.0033716103087459716
0.003450608391145521
0.0035026710225225903
0.003456023153586137
0.0034168937750673916
0.0033398913366124985
0.0032211921678621746
0.0031472263163098355
0.0031954594680783724
0.00337850342003159
0.003439225079347917
0.0036382347488713323
0.003776618124604252
0.003862837681573121
0.003977938797165029
0.004140933826270015
0.00425986305324227
0.004287945990992461
0.004273981209437222
0.0040909908638949765
0.0038786839986535817
0.0037682562061270228
0.0035327873085043092
0.0035170832727272157
0.00357412825719309
0.003604153122528031
0.0036401903978730407
0.0036643213190774627
0.0037476256390251267
0.0037535410743468533
0.003701560631247822
0.003499978582787844
0.0032739884894063724
0.0032284528601958613
0.003115370838189942
0.0030097592379163085
0.0029123871319606757
0.002837605445728425
0.0028282197926526326
0.0027883510624384772
0.002765790146344664
0.0026121042791698453
0.002526905009905287
0.0024077728302976118
0.0024005162222348235
0.0023231128742899508
0.0022481782055991284
0.002142629398223038
0.0020578036953271314
0.001962927322884705
0.0019073874877672265
0.0019390931928857367
0.001961498235002614
0.0019724033133051598
0.001956732712749299
0.0019394165296950435
0.0019214713716682406
0.0017561483525101143
0.0016859649842797763
0.0015845036782159046
0.0014348012096020836
0.0013549393846369773
0.0013308135348611794
0.001322123918671749
0.0013917406282304705
0.0013560924100419485
0.0013716019992149392
0.0014694027839773035
0.0016025678230769977
0.0016682924337174405
0.0017183257497582402
0.0017143606740729692
0.0016994917963337381
0.0016237867618092744
0.0016682393742153544
0.0016865222293165495
0.001741086985849715
0.001767574724136862
0.0017535428318695052
0.0018760878555104654
0.0019508688099050167
0.0020910508800406394
0.002237552850629249
0.0023807435753737485
0.0025990518571959043
0.0027192946071506853
0.002822482194531548
0.0029031350422170734
0.00286658412999534
0.0028742656259092897
0.002817071024831434
0.002659723179867532
0.0024862882888193986
0.002346795460457833
0.002309872438093946
0.0022796963530091418
0.0023385212557105487
0.0023298167972908342
0.002261622330207496
0.002310436755627758
0.00222259191193813
0.002096770750206726
0.001977979525777776
0.0019303713483921406
0.0018329008964743816
0.0017766518495701347
0.001811641393855638
0.0017382597893314585
0.0017769525572826801
0.0018229574496140062
0.0018019680404564812
0.0017133416356111247
0.0016277631875632093
0.0015172801606112923
0.0014520016467912916
0.0014221198241047475
0.0014216074034969568
0.00143836885317655
0.0014601377333887404
0.0015424330271395495
0.0017288246685081183
0.0018048059795981737
0.001974307773272263
0.0020434615350205195
0.0020716901688099835
0.0021784064501443497
0.002291956532107982
0.0024579496421846697
0.002476768671044529
0.002507304586517394
0.0025700744805385173
0.0026769693260755966
0.002828988551642251
0.0029999197586432036
0.003119011447181107
0.0031163359478535105
0.0031610093296342025
0.00300371131087661
0.002876561073543739
0.0028785263838019956
0.0027966477665924234
0.0027360179606852634
0.0026936288570358824
0.0026044846676109125
0.0027418548080978076
0.0029390474696716364
0.00308797332448113
0.003221007671224598
0.0031936979818693633
0.003163723318980289
0.0029608209867130453
0.002895272955650454
0.0029403201321030917
0.002972747399344327
0.003008153895213105
0.0031062727024212485
0.0031780996195194915
0.0032694773567635746
0.003333724415434247
0.0032983125882362916
0.003260890235329468
0.003153755671884473
0.0032115630570877505
0.0032797215572619638
0.003279725833337461
0.0033148199528139828
0.003436412169555308
0.003461964895052625
0.0035383408191222007
0.003605430951143845
0.0036254203021957006
0.003653221092363812
0.0034618120464267703
0.0033602822763137705
0.0032278322625965083
0.003184586690277742
0.0031926864625463534
0.0032389422152919053
0.003229429049564814
0.003161545051723632
0.0029973057078437836
0.0028373009936200236
0.0026053388454537426
0.0024518366603885067
0.002423209456046624
0.002343804134637916
0.002324911095327408
0.002349726417682408
0.0022833994850748806
0.0021690302445216054
0.002030213785945485
0.0018122075142748746
0.0017079668163642783
0.001669479305675949
0.0016390705792886811
0.0016018815489664824
0.0015616900430372293
0.001460050810835291
0.001314680391405242
0.0012768007022954918
0.0013129125494870677
0.0012766902091490991
0.001285721538760096
0.0013648300611759088
0.0013904574905020189
0.0012812839683657398
0.0012674258763116276
0.001211872929933279
0.0013170012615049648
0.001451690676090261
0.0014992390731921935
0.0015358210946219205
0.0015660178506862066
0.0016963789914494136
0.0017383649951104633
0.00178671928936842
0.0017783167419643455
0.0018047833851309921
0.0017702843422456218
0.0018054524556364825
0.001917179091377801
0.0020220461117703577
0.002238792142336798
0.0022504244428710033
0.0023440679075686175
0.0024332345779909618
0.002575118718149098
0.0026329648890602714
0.0027282155175487282
0.0029302394212380794
0.0029500525307265737
0.0029326976097675374
0.0028039859427950067
0.0026230384214220317
0.002514417533395974
0.0025286891545259487
0.002554237434191136
0.002634215700960367
0.00299008242394038
0.003345879005798742
0.0036665406254016686
0.0036853121601331537
0.0035166635520464443
0.0033490636723641195
0.0032575793866148227
0.0032130139459359192
0.0032061609196067436
0.003388446680385372
0.0034634062061137
0.0037735290022430515
0.003693273909933164
0.003639021680648851
0.0035015925120306323
0.003308458083704778
0.0032259569292753566
0.0031941820773225675
0.003349053337522194
0.0034130870829064868
0.0033390595101031205
0.0033921500052614545
0.0034426672789176
0.0033835742526727975
0.0032323058326060453
0.003063197719504444
0.0028085557757601617
0.0025628975650556158
0.0023545882837706584
0.0022890306250862515
0.002225274728833917
0.002267511560193572
0.00220637802666434
0.0023220095970970266
0.002191264182756804
0.0021433403489287523
0.0020760839761462075
0.0019620064518766035
0.001954749139726421
0.0018521592736830644
0.001842225079337569
0.001911029174770008
0.0018348110120058787
0.0018901027897871617
0.002075166707330799
0.002328327131885273
0.0025701485365689602
0.0027092389979478026
0.0028613737157654673
0.0029093970591576195
0.00309881101299683
0.003395995893951901
0.0036068046640494083
0.003807555713161114
0.004066592404856119
0.004543493265238221
0.004849051014356803
0.005017142480313116
0.005154119257299826
0.005060777115379468
0.005093651480355942
0.005223782370474473
0.005146803952960751
0.005206242411788106
0.005117454096763266
0.005270117928475338
0.005457787726170673
0.005635863151777271
0.005648035183612207
0.005450043527006839
0.005250771931525869
0.005085862793388031
0.004968385279959146
0.004874533147523235
0.004786532207452613
0.004745239024213309
0.004707065913945504
0.0044757511791941465
0.004176705942605415
0.004051336320658781
0.00352286394940982
0.0034254260371807737
0.003343100383394968
0.00337240059311463
0.003318378223456277
0.0033080434012129124
0.003235559200602884
0.003189126928415351
0.0030699860940491715
0.0029755619699063677
0.0028076976138115503
0.002669645901716734
0.002496300994779185
0.002407375482649363
0.0021927292653577198
0.0021611258078317675
0.0019904481014903948
0.0017478643904828828
0.0015166437057357088
0.0012903844213400556
0.0011811253598482604
0.0010689452481375736
0.00098450842898254
0.0009569985197972009
0.0008970157253166669
0.0009341083945506366
0.0009121118934844876
0.0009501920739748933
0.0010480858755353819
0.001239926989983672
0.0013404150580556468
0.001435998233957978
0.0015407181928414472
0.001487204828791188
0.0014410639196328339
0.0013667547154857522
0.0014222872892473818
0.0014249562996237622
0.0014291326731549314
0.0014656339202234183
0.001585121307701317
0.0016973627565259526
0.001937733564161268
0.002199894618930705
0.0022845252113628143
0.0023548125855472764
0.0022714159355439545
0.0022998363270625346
0.0022179765758379008
0.0022325917844868474
0.0022967913704688347
0.0022742824799211474
0.0022792522254770644
0.002294108718921599
0.002258420779377921
0.0022823975631578444
0.0022628894287082544
0.0021153221280907552
0.0020630456933203693
0.0019413601004210853
0.0019285838062666379
0.0020766423521130332
0.002181764892528355
0.0022191035267392486
0.0022097078218808034
0.002130143698979151
0.0020800055839547424
0.0020399879709991488
0.0018869048432377882
0.0018771767527705288
0.0018814478743128752
0.0019716219990686752
0.0019493934557351204
0.001880791222013704
0.0017608123875588809
0.0016345605644221557
0.001529029924850939
0.001490061074131892
0.0014705851009491667
0.0013329109378581617
0.0012939923537227322
0.001243312700842242
0.0012422850334257635
0.0010905681465216573
0.0010460668417660835
0.001012015635736615
0.0009632809561836804
0.0009564749885705526
0.0010011681914352101
0.0010692901171711455
0.0011517347467051961
0.001189462120399293
0.0011912765146111278
0.0012547209462633793
0.0013538695154240664
0.001471575970599065
0.0014652493057374788
0.0015149295105137013
0.001492926595648743
0.0015426019703014822
0.001631856141243375
0.0017791424138186682
0.0018213374179614553
0.0018932628567570706
0.0019730422006716208
0.002074750004232865
0.0021584673553340984
0.0022411425846452
0.0024470325281065915
0.0025472606758210627
0.002707856933246409
0.002797678055412294
0.0028804606451415275
0.0028178441198533277
0.0028043946850225816
0.002777505805723105
0.002824009869066579
0.0028604949515063224
0.0031580373344974448
0.0034215764894083693
0.003729680446684807
0.003822769713240986
0.00391133644106361
0.0037768849066781864
0.0036915300201353267
0.003361287440768986
0.003187675387548284
0.003070071705935419
0.003100537176242442
0.003158433764879407
0.003264093763002149
0.003274023695119716
0.003143735368942021
0.0029524322949718456
0.002815995284886191
0.0025732092017220435
0.002373209203216508
0.002228580380273535
0.002174732001617422
0.0021688117071746163
0.0021000668254147815
0.0021295564150225336
0.002099613984949928
0.001908810161000136
0.0016873880433010146
0.00150114171665411
0.0014166063800377274
0.0013983318401796588
0.001345482486992842
0.0012978412394259405
0.0012230285415225528
0.0011464989260956337
0.001083275877928542
0.0009864903335640627
0.0009225577982886967
0.0008931245155881697
0.0008836404550802722
0.0008402256146282183
0.000820148539333683
0.0007920811921346103
0.0007731525594138836
0.000775357840711119
0.0007640558596208749
0.0006629442132354807
0.0006037206113713881
0.0005399439201491655
0.0004596616768438645
0.0004941823428222345
0.000528060593536144
0.0005392063583241072
0.0005376603047119401
0.0004595263508639181
0.0004899856123591508
0.0005007535707153472
0.0005115877863851549
0.0005507699315273465
0.0006038826971594615
0.0007011678795364143
0.0007469708244731341
0.0009431271545450079
0.0010267207787842156
0.0012032772839062817
0.001220677318552065
0.001345062711994066
0.001385255891656932
0.001480380564409666
0.0015848464758133102
0.0017389471295319898
0.0019263292089765935
0.0021462002234008356
0.0024032550636108856
0.002487187092419212
0.0024864890207250555
0.002490552497896581
0.0025693758235715383
0.002696696921719557
0.002718585708044524
0.002742974396339842
0.002863135457854475
0.002932778325713319
0.0030348982089524533
0.0029429476896701426
0.0028321599304755403
0.0027033838126151854
0.0026144334821939837
0.002562474663554702
0.00249766750659922
0.002341561401640962
0.0022298478251330063
0.002072133465106477
0.0020174324709063543
0.001896744793236487
0.0017743441684079386
0.0016857986969662873
0.0017560756798127661
0.0018173748483417726
0.0018976818762378432
0.0019596299821264753
0.0020036723497248872
0.0019998983735046143
0.0020602717774618187
0.0021293229350695625
0.002194004025870653
0.0023168438602619804
0.0024252575898540503
0.0025737491044169345
0.0028092401072348974
0.002591618940050296
0.0026837996315927488
0.0027164784236716503
0.0026911275258223698
0.0027115172405982307
0.002753052933161881
0.00283952623763386
0.003080925847019534
0.003309411908205013
0.0034475555710370316
0.003654871238016103
0.003670768831394644
0.003516889181469189
0.0034436943504645677
0.0032814377257350752
0.003401215065937592
0.003378947348675667
0.0033579227890525353
0.003377070183935276
0.0033761240185590756
0.003365356948507159
0.0033120328932230076
0.003231778597502707
0.0030541430119612675
0.0028985479933790344
0.002874679939443106
0.002697428203068741
0.0027174443041537676
0.002660263055499227
0.0026555330214245833
0.002676226467499625
0.0026097886069481983
0.0026199542526627
0.0025392338497388944
0.002271085375543689
0.0021362001948509717
0.0020932777485590795
0.002091570073623961
0.0020730301779704825
0.002077485475533732
0.002081184127790325
0.0020796709536671613
0.002032556493151149
0.0020006714986776095
0.0019880780858245457
0.0018141027024798188
0.0017575876342357907
0.0015923120381931017
0.0014604890791952154
0.0013536283538547113
0.00123654468651752
0.0011151243225237474
0.001035822945154042
0.0010327655433428234
0.000988714617557813
0.0009089944985099198
0.0008317334728357793
0.0007259276027974173
0.0006201721845233942
0.0005642492480699773
0.0005764774709281337
0.0006117570146317198
0.0006829731672563404
0.0008061828962457413
