0.46026072010194274
0.44012402939308326
0.7052277201089643
0.4719036078260964
0.6342298267999384
0.5711526154565647
0.225894930740122
0.388723473285105
0.6704696317350548
0.5629640974761767
0.22441582741111013
0.19762985897001822
0.3849160850637234
0.21819416101602024
0.3648664482427792
0.49246884351860254
0.582520548177553
0.4188060350707343
0.38387954784333966
0.3629249925510645
0.21498619598735216
0.6533636765980798
0.25783221254089705
0.20232468716563878
0.5637325812483017
0.17187314484819857
0.15470395679564955
0.4252854224137392
0.4338188442712098
0.5666908944099893
0.44252994046881344
0.6033674713506885
0.4770009915716247
0.44189014148982947
0.4334178073181485
0.38312793056265765
0.19665046491158408
0.3708560363287699
0.48210524878188055
0.5857891065744069
0.7751608092195723
0.3146007835416937
0.34595660685252605
0.46502380294325074
0.3647862093571238
0.43018128467431493
0.7039432166235782
0.5469554539723723
0.6280624150375884
0.5997086184598823
0.5177912299434
0.2666056401695545
0.41451570960551803
0.3289357336770104
0.06827944790414818
0.22985208798954956
0.25277715744608087
0.18178256646902105
0.5557263522672826
0.3621505955102288
0.10464419888550752
0.6334946609258542
0.2878006437373962
0.4102131781185014
0.09757458718831012
0.23125485037368532
0.13666267338162907
0.21736770921624401
0.05924584883107429
0.2617229087228462
0.23001306513409367
0.23525579451061177
0.19588532986321272
0.28298277253276954
0.28886372699495577
0.32387161911040874
0.2651445302406402
0.28374543664814655
0.29802218712615075
0.1805623888257846
0.16243947473648498
0.22953042398724482
0.15714784866791628
0.1468392184346131
0.18353759358259084
0.2072829331622699
0.17453186331234546
0.21887778686876327
0.2232266335760767
0.25547263452949076
0.11415924770208001
0.07833636241331784
0.09083886959238574
0.12471954184952894
0.07656000071580944
0.07351376194217808
0.11079015504776811
0.07525098595701411
0.04472655588516404
0.0912760433489291
0.05133001345417869
0.15096969652554468
0.1144542742096551
0.1417882960043319
0.1221569828614873
0.21126358557085598
0.13132338716616748
0.15991627608694017
0.13799309579841973
0.13079423201528606
0.22897155668016705
0.276644918302138
0.41613273617362273
0.37777603757878325
0.1799726134749223
0.2595332200676935
0.29178684534976235
0.10337986579656376
0.21316466228056202
0.1352036488788986
0.2790571912084937
0.254880112579501
0.4980513057328102
0.24700777393591902
0.3801086707928062
0.1953566709560593
0.15607351764443692
0.3262437335505417
0.09728655822215568
0.11114171179677788
0.17414333840772994
0.16583328897248098
0.17121068993590863
0.30848864087176514
0.1862814140802151
0.11739092795873969
0.24885387616327462
0.0515705802324679
0.06374458127785862
0.08366813536036884
0.4292372317249918
0.6985861873306911
0.6437849572123732
0.4393862438982967
0.4569688810648597
0.42791253759988557
0.20375686808414947
0.07863582314424722
0.09399302998018574
0.03484941297720061
0.2551653746250261
0.05669258605270748
0.12011304792533549
0.2539127951569766
0.11123860805255506
0.06507520342868517
0.25017857860581844
0.13237714639818116
0.23923131933563413
0.10013868116385131
0.4256108968210578
0.2741825539571368
0.3757065110161138
0.3076150285073482
0.18831701168401435
0.1772263951827708
0.24909237092859718
0.271986713018517
0.38213567797031056
0.5148624619732215
0.42457684088742437
0.3586211813332522
0.2955134274830054
0.396574089142158
0.3745728898786243
0.4644678292066505
0.4912644129373134
0.4306308944393772
0.37568552084679296
0.23059830684765745
0.19843228203374702
0.23201991555279838
0.2037308622483447
0.2759167826712839
0.1942813855519125
0.2406551475557128
0.24507482177978834
0.2503212854783337
0.4192289213837499
0.34257320081202997
0.33174192280677917
0.3111687235675659
0.217790770351345
0.18043876140641205
0.273643793135323
0.2550024773257417
0.4513185092968127
0.4922306454931333
0.5395410343189262
0.5217209254895109
0.6158392333083873
0.5655292875399432
0.5901508709993202
0.5505545620442258
0.5042657505510671
0.6652489716290215
0.4731402014015068
0.46321798629637806
0.4811306659762793
0.39728731175138776
0.3575204531044384
0.4650326611246076
0.5267523634492237
0.5080578904030927
0.4967383516005827
0.47260262348779025
0.4612807103116303
0.3667793858769467
0.328376683853877
0.3674985205945163
0.43967603895874796
0.39091349024725663
0.38262064201331486
0.3760787582943333
0.5614587103239492
0.4366283126443758
0.5056455886689947
0.593979554424443
0.5089119130361865
0.52524120362574
0.47244215349434376
0.35602182230141655
0.3713978818860352
0.2759572318557504
0.3837855318783297
0.5274636035978797
0.47986170223751207
0.5678732727966045
0.36886978808671245
0.44615286237367363
0.42508837659775406
0.3554972820951687
0.3956722706488714
0.30951305713904864
0.2702492351379063
0.34511219880590227
0.22335321983044873
0.27092644702571406
0.18459032177448367
0.06789154843502866
0.18817316482121094
0.07357422012758354
0.14103196262662135
0.11216358612258964
0.16712617564124344
0.11169410749844032
0.11290367448915424
0.08320703279106936
0.13413017559859794
0.10072923010018772
0.4135639813307023
0.19327226439568518
0.2611039210961135
0.22730272468590576
0.23150749219754357
0.18073841510905786
0.1270994550936445
0.2740713544757945
0.4756002602015347
0.48497075436305975
0.4119450346371674
0.3140602225735656
0.596577093544555
0.5612428648874009
0.5730902551807896
0.43011616447693496
0.447618125137494
0.5617133823615015
0.4675270659744747
0.5740249332338508
0.34147429233696885
0.5307766371027863
0.311326092864039
0.21549606806708352
0.37711574956240257
0.3878980753711085
0.345156541318198
0.4248843833202552
0.4423051871633039
0.43066696228741014
0.36566461809907086
0.4204358946393025
0.47960266800244133
0.31266953603735187
0.325335189399707
0.2882279576133704
0.3034012116109462
0.35492282709556516
0.23024984286610775
0.28668513916598637
0.40454310826904005
0.3217633857890536
0.5080946471550741
0.45112924212884703
0.4001601036789784
0.3828368527521951
0.4370906772187739
0.32087217653215033
0.31344556000096163
0.3410058451810968
0.09796794338373357
0.09473149333311412
0.40230114936752254
0.45413834102093
0.4182875456482907
0.5084064654318349
0.5075555812529667
0.4209030439025529
0.27516762831743286
0.3668274753795714
0.3020823731638451
0.22830972274812844
0.22530292797666288
0.3046799532329265
0.28496517331655125
0.2633480427662428
0.12417104981335222
0.18009211035855363
0.18987795313118158
0.22830944337768477
0.37889647902699614
0.3826108024225774
0.33955089549632933
0.42027292837392866
0.359571017946311
0.31222339698688734
0.2125153157125792
0.29796078883007565
0.07871434986853798
0.16032634884247238
0.21193098748334735
0.22689385178504967
0.09433973454132423
0.1960904302993449
0.19995873277922133
0.1794664076300623
0.24540775081517585
0.4063213091830192
0.3419740923663284
0.31661794295312684
0.35827680155098546
0.3069222201210733
0.19547434160269966
0.16105388394030706
0.09475738618808176
0.1510708253806449
0.1220796419352502
0.25169109220255986
0.09720216023278663
0.15210460164271258
0.25616926600738116
0.1723969486127001
0.2751044242564995
0.2710910649654787
0.3481599255121978
0.3119702523545884
0.38511410251351297
0.41881682367902323
0.37315657179771167
0.2747662519188917
0.14365333451794118
0.042542133917792505
0.11034046344789772
0.09944920574152998
0.16533556298090568
0.13616056922383057
0.14498398120330772
0.29748628161633506
0.2240684819190358
0.14512991769185413
0.3140371109881162
0.24091826707284797
0.22133848193713085
0.18704560197110504
0.17155231260305295
0.14723087741265006
0.11233915355707082
0.12364175532079615
0.16849486855207524
0.15122043079027053
0.1239183372371097
0.2205665874603349
0.051076373142643024
0.15061985400441585
0.16689509391128152
0.34801557721313003
0.25867864196423124
0.16525033125171268
0.3584808105373206
0.2678160013982247
0.38963133652166293
0.3199636965330987
0.2483754075862187
0.11631768369932396
0.1433135584723609
0.19648285276879376
0.19336655024074886
0.1481417334638802
0.18743603899042377
0.2585495256135904
0.07784706944499757
0.2659937836391024
0.23653911626565102
0.16737635747507193
0.18552092157474037
0.12770800099420257
0.20331417045301153
0.11096909040318226
0.27365529063716254
0.2045348935766428
0.19174878816684737
0.15472048017462067
0.10527296484978815
0.06879169050076522
0.1694135243759869
0.09352298841451011
0.21231709860215384
0.33264614621155714
0.5211490802985379
0.4174568825419569
0.3815154108296081
0.38176420301696573
0.2818603579760349
0.2889253293348333
0.2586383904667102
0.26540467305931587
0.31457183920488613
0.2414889010580262
0.32092612524596825
0.42402441549297687
0.38345980227287363
0.45974484371480645
0.3187758773939212
0.39269922952193653
0.20651947378574181
0.3369676373244886
0.3595486684404461
0.319917340404106
0.3940199652412465
0.3023653589143668
0.310376689674639
0.3625596374347726
0.28139806166393727
0.4543011085504349
0.46724974993769486
0.5202605924330546
0.45720249230184135
0.3155303869434197
0.35491240105970623
0.3994221742090653
0.5678711484397161
0.48281405079078266
0.5061925553967992
0.43540387574493855
0.5741774798202973
0.4217819312493609
0.3887834063108773
0.37905060047446454
0.3482612392778944
0.34320282536404656
0.4336421161420796
0.37555197413407215
0.582111590426787
0.55101733898845
0.33714358740838424
0.3686923709943165
0.32066256211611166
0.42663986989672353
0.3387030338387356
0.45875187202122963
0.5631661887641386
0.4209151849467621
0.48769054146849783
0.49832129528635305
0.4604770776868585
0.43010279019987524
0.46558119680346827
0.33458775321385154
0.2990608051660734
0.5376026986314775
0.6135639820534182
0.5715514399929968
0.5437070909571186
0.6003861530846942
0.513614447510855
0.579408459982868
0.5323798449467252
0.44386687868258845
0.44554776360513026
0.4162624915115818
0.3329787187802173
0.3581636505384225
0.3803922977925641
0.33274697724000046
0.17466604677412897
0.26376275414110645
0.2441977725185703
0.14169632149424713
0.3349826096388836
0.3484445285853939
0.2861082666063873
0.5230786853150324
0.37529962823431556
0.32928977954744804
0.42237848617850055
0.4320925062529165
0.2271827873711292
0.17110388933269452
0.2929785794872422
0.3298236679758112
0.2742314529556785
0.30290583080553224
0.22669839299034267
0.13775578719128923
0.3033875676068517
0.37247089880226797
0.2579913012568224
0.19963602716312046
0.22174065062864157
0.23293118980856897
0.497137218860609
0.19327760260738247
0.3162277660168387
0.09515257630031368
0.35888006955981927
0.1376006897111438
0.11415913147132131
0.21671935912730692
0.3140024369523968
0.2131261588412124
0.3526301932440663
0.502709238315919
0.6998956603878953
0.46704879239388986
0.5500242747453356
0.49065570686267707
0.28129387928839666
0.40816871974438834
0.37686467667921214
0.13649121843114465
0.2780672528372537
0.23407871221663834
0.27253367389278577
0.299982566311317
0.2502077728985315
0.45486545020113606
0.3389416627319448
0.2508345258000764
0.07045130091623061
0.11411369693655432
0.1252781704717898
0.15568048754607042
0.17365246739799756
0.20766969638225885
0.30124607078889415
0.19169753366698145
0.15291467332666409
0.16910980871555717
0.21373112921048304
0.3635356531342111
0.4579481511778988
0.3661694294524992
0.37563985336829825
0.4491583826857355
0.5092267910466163
0.6092174323133274
0.42439166531137634
0.37723654628417425
0.3453737237334853
0.21669402314313926
0.17935187962680305
0.3092737993604261
0.3798336326574833
0.33468735751194584
0.5766677943109565
0.41710411262753333
0.5782479679836096
0.39609298149852185
0.37635447519470744
0.4399946763991069
0.3280799254112718
0.38545553649290104
0.4287576718077612
0.44877364692867056
0.4658063180812624
0.4813971937414099
0.49762944076834886
0.5251387783065181
0.5542167324906808
0.37296599102750677
0.47531004873481186
0.38202138717531414
0.4365658449582632
0.1903534982860662
0.42503950649115685
0.2224251365739979
0.3138383744177408
0.13093430506186926
0.4237891910991936
0.17013016167040873
0.26816541469757116
0.3002615685450599
0.2934043527555054
0.337168537900057
0.10856291426414591
0.29432184760667013
0.16875088076398403
0.42931531635580994
0.39103643949967604
0.41245144125784
0.2599000749493457
0.41284065258982805
0.18008054877541904
0.32395763891254864
0.12348952949512096
0.24208226630467586
0.3047488140828957
0.17855814555695979
0.3165959355826593
0.3087593847931991
0.3644704372755166
0.4623008320832841
0.4502810301448541
0.3621447819037734
0.5058447696378962
0.5361807703986988
0.490365602913516
0.47904020315354007
0.31886320023236486
0.38424900499254966
0.47059941599213795
0.369982480186991
0.33218378839612217
0.3306085262017375
0.30891268006419037
0.2747119375994433
0.3084145117340017
0.3938075947309163
0.26353452178405223
0.1792550016664484
0.2641250918454687
0.31968186391728187
0.35956785353951026
0.4160772171989196
0.42656135636299136
0.4496237302422276
0.42365900831591446
0.5151632600745971
0.4667767310945306
0.4086359897120499
0.3434106133472146
0.3319655269464631
0.6267619342777762
0.4047199650198035
0.25913420173148405
0.29237988775535
0.28548264873968043
0.45428360547887653
0.3733143038647568
0.3661134120553211
0.40854817324452286
0.4104969465437596
0.4357086474984856
0.4228087706761702
0.4146360627752511
0.40325455148057776
0.6230516751798475
0.45335275726067475
0.4341487458159053
0.282192423343078
0.4326751569736464
0.426292983668166
0.40100057206674
0.47786966854848495
0.4744916263916489
0.3634144809568203
0.45762499261641787
0.42011503368266834
0.4919578092083901
0.4553020496802669
0.3492682987551458
0.5502752505377001
0.5027358918255629
0.4301297928588019
0.46994087629723125
0.4634123712774504
0.4538832853916277
0.4630106392029848
0.48367784957869014
0.4249484233973076
0.5163017123599973
0.4759389702700979
0.434948581003467
0.570311037342167
0.5360117808230868
0.4774098851073617
0.36550632530280647
0.46782319825566504
0.4050848216069592
0.379096866464668
0.3508694883929003
0.3946949789589275
0.46455543315524106
0.5073012419760693
0.5655612450288402
0.6548863141679627
0.5585172605268878
0.6007342544270399
0.5807850603519187
0.5426329917370625
0.4955453572952574
0.4757077726185836
0.44710622328199806
0.5035580185662878
0.5749957143020233
0.5325011413796932
0.694138496305981
0.684960721349054
0.6311026370481012
0.4706689304413883
0.4284013073704322
0.49197856467686646
0.33356813511262207
0.36545651473593893
0.40082716404944113
0.43665792262370545
0.41051272993817556
0.4427288875960307
0.534903431690361
0.5018648204304478
0.5333849089118663
0.5270319507564162
0.4901174048606901
0.45841218591222405
0.3080657530916881
0.4251256441018691
0.416999549772172
0.45742857211303956
0.3579988665497051
0.36518376300616173
0.4807411415329882
0.4378117244708218
0.38924092565504764
0.4031684967239015
0.2675667208875079
0.1386114786973935
0.422997267462019
0.3946715522338258
0.41005570842108685
0.44216797161762744
0.3310385626423522
0.34257217595374484
0.375015131334842
0.2898900602365885
0.22318101878923197
0.2347985590286608
0.13021545351422534
0.17311647879901754
0.25280747170946205
0.14994834112241262
0.08801225513529715
0.23495758934809635
0.2463915091151948
0.24276444150489504
0.353456205366761
0.3475844261935272
0.2952594042405227
0.21106626354558397
0.09528644686692929
0.23927432074371463
0.3035252989814821
0.30872557551167573
0.16633593430687105
0.1770136875447828
0.21511389522236202
0.23802768368628732
0.22870751180193533
0.2712638323940775
0.21967356877198688
0.1450315149020991
0.17688880871669785
0.249140492962685
0.13851070349679326
0.2263175201333424
0.13461368126289866
0.10996548168195223
0.18237837037943672
0.2289742437698442
0.19679532372042088
0.17693847731066692
0.2370574935555919
0.1587425243757164
0.1444894519760059
0.19016594292575753
0.20111759258550574
0.11234480448690763
0.25450737596463857
0.1439312939401373
0.0860594095200372
0.022907607731856353
0.03476993008526916
0.09934816036223074
0.04457443603423124
0.1744986815403107
0.0911810819300393
0.31170966584038445
0.2582445954036689
0.4668257433295733
0.22759970808178429
0.28431259901835176
0.28298190202731327
0.2963104910256836
0.2975494294881626
0.1844912480441687
0.26000145867866803
0.0610241914056563
0.16077187818730054
0.25022469359904376
0.2862891810897728
0.23487195823564413
0.2938802517167365
0.23524889149181694
0.18697309812538063
0.13980088155683396
0.299382714661065
0.2219733056324808
0.1305745510766686
0.336466039128499
0.08431566460626162
0.11905267703588185
0.2609554540064129
0.20444948233227092
0.21657939541133867
0.304320045401252
0.24132811073818572
0.2910513988824703
0.2765352237927025
0.27032044325580756
0.3057067152995266
0.2142932437241359
0.3628754702101483
0.43365513166455744
0.4418977137016711
0.4332731892986198
0.3409952169769473
0.3835296791959355
0.33109010594585137
0.3095148757319494
0.42504725881065575
0.3428645566579778
0.2595332439904107
0.20715476732077912
0.3451345764272397
0.2706757840007606
0.28193534324332464
0.23631410544515888
0.33793783011455597
0.2760583009630934
0.43589818125286295
0.17069491572046552
0.2693814508761693
0.09664783047191797
0.24473559380920423
0.08584215162786217
0.09918994296862992
0.10656535782040565
0.08060768347148901
0.07522159828183253
0.10657064932699106
0.2437395530068406
0.12263751034575089
0.036550407736288426
0.12420429695008005
0.11516381271129822
0.18550696838286232
0.09832401347174154
0.23004225762684266
0.24305827705708424
0.19679071002305812
0.13986883706681724
0.1947218547484566
0.11118418337731659
0.20515212512299816
0.32754486932571275
0.20814122969318188
0.03280774291813484
0.23668222789242963
0.24736763366664555
0.21915049189514332
0.30210692542480455
0.3858660087053722
0.36017766803762297
0.3271239892113245
0.43383905661217603
0.30614983612891894
0.3232515662894293
0.32275041530333387
0.37275684862999336
0.4155208469086604
0.3408238346261432
0.3237965840552403
0.3846991469283286
0.43745163516809177
0.2860939983547447
0.14132387470252553
0.30826215563758075
0.5035837934794293
0.3978651685440585
0.3787517485097023
0.4287761756990485
0.42712940524028115
0.4117323267189923
0.31035374747019556
0.388222289097349
0.2838923374287263
0.11696494085299464
0.17333847557920382
0.31947330215342423
0.48287615211073426
0.2783999874752387
0.17678114156364327
0.2864979107961454
0.3912980392583603
0.401200655722943
0.3478885583604762
0.5016428157015045
0.22898083165291883
0.21794833756292298
0.18143222937382855
0.2867231385195171
0.2267281073896729
0.3157460825885758
0.3143555994624309
0.3702543819843386
0.35059788064306724
0.43539689475912563
0.23628785446343592
0.29738485209662663
0.12874188125696498
0.11549226507547353
0.2623678540857568
0.21747092997994139
0.2116038477608527
0.24634242144550023
0.2422463355231452
0.10390024025913303
0.426783619978925
0.38704875411986306
0.4454050347414255
0.3114695092577106
0.3634484859459957
0.11576083271729792
0.1397364669402491
0.18351803705146544
0.4389560580034768
0.4396005631606582
0.43108565362800993
0.5999761098353993
0.4605634032594718
0.5013944382097401
0.28342009841909616
0.40984382160225785
0.38384883984430057
0.1533922944412011
0.23498881927746765
0.07652642388412308
0.1873736621317491
0.1915135147954698
0.054086748259293126
0.188786605073313
0.24747658113975154
0.17060983397822865
0.10356505508906577
0.18898783358109053
0.11445102258259082
0.08151389047906693
0.21533956219762504
0.2878652286199953
0.35298283582264384
0.3507094460133549
0.28760340769457515
0.37741163583856985
0.3944647518261661
0.3476341019665792
0.21578966126600843
0.20925747524927887
0.2778809474339885
0.19306770456862019
0.28821677891044933
0.484357012755997
0.4129482376881208
0.3046639284238313
0.21533904204141896
0.3331641355535842
0.5085952272365453
0.1855236336249342
0.27862205832751924
0.20195396761291828
0.22809151932806052
0.16558054947258313
0.26296807736377836
0.21423869286558406
0.18388165829183628
0.1962012608354245
0.10893445041040418
0.1297578462142041
0.1216571142409482
0.3126991858569864
0.12561823065179048
0.20023081383162444
0.26980174482365293
0.20597391905679885
0.1939537546063309
0.30441989540370346
0.15398158328877504
0.18518132488922673
0.43719929819275594
0.20293676055754692
0.6207604385197201
0.3868749402076643
0.20357129321757486
0.12984710184650303
0.10232208886589823
0.16014235485906686
0.22589289349655484
0.11924603993097196
0.29770690992842375
0.18985961691638273
0.1436848167147278
0.08744879684423172
0.102311319007147
0.13816058569452752
0.10123712427454695
0.18271785297068865
0.2955901587325708
0.2741286827904516
0.35301595110229517
0.29303291464496983
0.22394232460079208
0.30456842272492485
0.1562164293792607
0.1366900057267309
0.1648971195441031
0.11231896260857556
0.07551740249025635
0.11344846105413915
0.2807816105382765
0.2795765026649457
0.3062941634154287
0.22655091801872965
0.23025238421738312
0.11191247902294507
0.16125033047779988
0.1661418959029251
0.3100946956839714
0.23602773435328042
0.19855893515957743
0.28065232236977955
0.12909775152019448
0.20142746198613418
0.13452719740640495
0.07133866599611415
0.1123690583070392
0.17969514092596378
0.19313528326005833
0.2727854524032463
0.2793929971000418
0.26407013015405906
0.18160360711693263
0.20932971283641216
0.21750508987057438
0.09420937980830933
0.04580288558557823
0.1523493285777555
0.06947694797363532
0.225547958205288
0.298653856931545
0.23900803073593269
0.265896655251919
0.17831841912720958
0.2229623441107026
0.19950760530043488
0.2250671534745798
0.15707422662305362
0.14683920889418636
0.19248699066773503
0.28792508880944095
0.15653758345508223
0.3139758914373857
0.2894541284135826
0.4176575768837528
0.31160662433690245
0.22846773841378842
0.223737101288118
0.2279954440619783
0.13828680141159205
0.13274757379336838
0.09549708889602486
0.13268480184094106
0.11087001328301738
0.19448958400509544
0.28684225967481364
0.2712527721385572
0.2861937719505416
0.3109251349310208
0.37766789900505315
0.3714345579451354
0.21525253425907898
0.17373713017198925
0.27488750622203684
0.28628884291760076
0.2010756368635189
0.22819368499308407
0.12458133962845411
0.09139680822682937
0.08995356647362499
0.10337568928507171
0.14082234320660098
0.22261924621549598
0.24002123365224043
0.27265623585925
0.319693591109357
0.3632298016422469
0.30525430245186524
0.24745943102137774
0.26530589371337043
0.23920429225173606
0.16267450897787558
0.17908890226587176
0.16974858438463133
0.05915236477722067
0.0899592942995603
0.16505360757835094
0.1883534697123891
0.3409192946996502
0.2845928524941841
0.27554566313698087
0.29330481620478377
0.1788892829153546
0.22243030613543394
0.1879240890874927
0.19022654965877098
0.17769188182784024
0.14860913133522552
0.200157370546537
0.20299712715334225
0.17905878707215328
0.20152386253479534
0.25390056675857003
0.2506206919542701
0.21107467996792206
0.20536524628413694
0.1901169373638607
0.20425689315797296
0.19625839249823013
0.22550334210955042
0.20640919776692523
0.2243359662908826
0.19430883263324542
0.14327998509329576
0.1387964220071061
0.0895133555403685
0.13461621425286988
0.125272136425118
0.15520302350289716
0.1160257243547036
0.19431110146713684
0.1806644082863774
0.25997688477110137
0.2049722362727172
0.21722417409806624
0.21867225868340112
0.24035579881565272
0.25737533425480075
0.11967233049918645
0.16487500706728453
0.08249584338583608
0.11509300049894672
0.21229423789328716
0.15964077863613965
0.3565766291491665
0.2428605451665433
0.21748244391826446
0.2217283927131041
0.2733086693630224
0.22576351670887201
0.1596544781812132
0.08520509327359094
0.22136935973221927
0.10457264301698115
0.10873995106979616
0.16340289222607926
0.1500190114749637
0.2156295980553527
0.16257787118156453
0.22324425886444169
0.2052299110431633
0.06784427280019002
0.18492394717562155
0.050950821936559726
0.10815487440500753
0.15326727494047618
0.13575256925046703
0.10743643452257132
0.18302834983408142
0.14078389565447702
0.15023085306328757
0.23491719986517734
0.18631055418273187
0.22384346841322608
0.19109740027275418
0.08697732400911694
0.13522920683216497
0.13430073929756237
0.18471983118926033
0.13510202307371613
0.21652820233559272
0.19672095112615096
0.15235989615741252
0.17420999863084652
0.14255847957555007
0.15088647565569327
0.059846548164357714
0.10817409089632975
0.15201408138525022
0.19002598315520075
0.15082878207812542
0.16062558866078006
0.18930312182796266
0.21847821775676782
0.24322691946344008
0.13850713399285686
0.11320292134899955
0.09424013483300969
0.12394608499827646
0.036937429940555384
0.16596888327325074
0.059921007699843716
0.14374587589343235
0.17281642959915774
0.213364252300466
0.25510217691950143
0.21595637899124775
0.2523604004401942
0.14379603377167016
0.22081129696335203
0.07335425171488018
0.07510268220627858
0.07977064161553449
0.11608474104712298
0.11812188386210418
0.1070767639131518
0.27706829890122947
0.19778673650922504
0.24123268905599526
0.22516319820247724
0.17376381780027425
0.09461498608320988
0.10894907112299207
0.08722876107203084
0.06608973955729208
0.1067684184036033
0.08950554229791051
0.09605400469661961
0.07655450991202191
0.2103184909532793
0.07377837720629499
0.059650357855269176
0.07988591492714074
0.012851221928296871
0.04389776346897606
0.06707576304202617
0.1534454479671663
0.16553801044847954
0.13549164013058307
0.09850472809267657
0.13356938859421422
0.10404454173773633
0.06185044166017039
0.03890505779014457
0.24460685269214258
0.16154123514144092
0.17190337311212986
0.1945514181901031
0.11768476184231991
0.151444589915392
0.22454279737269495
0.19161555730376756
0.2169570136180329
0.18936834708697128
0.1990494626387421
0.1523293237958456
0.15869571204470484
0.29031866220520025
0.15603766307549982
0.1671831137048462
0.12689100052457947
0.16248020760596454
0.15208671524028725
0.16157536114033128
0.1500691023560444
0.1298255575000346
0.19624411667182215
0.18791844073795838
0.2547744499804392
0.2045130273076374
0.1883973409182512
0.14965851953079062
0.1853248455040883
0.09918984806939239
0.06419989408885618
0.11228873806663389
0.064567927930274
0.22137092760239305
0.1876745726563427
0.23481545648095373
0.2472083061922442
0.19014443618265012
0.19474712895574808
0.05344711839264538
0.08331176446442211
0.028855972828984566
0.06282753877170286
0.09753991289191521
0.18081985085946548
0.2209719386318947
0.1485020517751681
0.2685349760978414
0.22938607693687899
0.18587891698528808
0.1748736770408797
0.12432272754384413
0.06605399651002847
0.060683820336848035
0.1729855966848496
0.19064937473428661
0.2653618891040505
0.25753463321098774
0.2553297383322471
0.2031430674227653
0.14936720292178277
0.12565981514434532
0.13272386321549637
0.1497927814786645
0.06195600149634391
0.18154842059506693
0.2106481434607116
0.22391503726717898
0.21662051312704528
0.20231615068976222
0.2053564000296349
0.1262940149919433
0.10031220093188581
0.13217173364499457
0.039612949139295146
0.15217918543657633
0.15785693210626006
0.25866214800853493
0.2181467280534509
0.2770839536442872
0.19002734401981314
0.18676509186503865
0.22419400626243896
0.1169203938036235
0.13229962500537698
0.1448357383756364
0.1448240412224219
0.19493103896070463
0.1860067548227454
0.1298514496265871
0.21463833937387042
0.14899134931060873
0.16629578520527932
0.17835612386556002
0.16498906358216323
0.17080838815736177
0.2913660991386006
0.24567511413997023
0.23141729202653427
0.2284708951826464
0.23843417041415715
0.1498267553307498
0.17862603624236761
0.1527998536634946
0.1658805293542449
0.10700265533813799
0.21490172163022686
0.12927847091165343
0.21270214266831067
0.27700646780154997
0.29778702808241486
0.22992773184603993
0.23767734162131604
0.18945837346003383
0.21042764484872298
0.195464965175873
0.1873783833554436
0.15314571683145847
0.2516729861315289
0.23680095807815688
0.26595848550668916
0.27338412706073867
0.3036093365282199
0.24795455715707151
0.21613629787694133
0.24496185522774533
0.15230204623288499
0.18584642149569908
0.2157327112984987
0.17320161549164953
0.2735291582217073
0.29392005439580915
0.23747721281690432
0.21968025555451304
0.2456332310275318
0.236532201983828
0.22342671791242896
0.19761881161188008
0.21745607105801948
0.29280286387833876
0.20752387682339868
0.230907736934113
0.23899084545000732
0.2935267876829372
0.23375372035530576
0.23346967663037502
0.29025587810844544
0.21561777655717532
0.20623694962530292
0.240637152009909
0.21968263147667538
0.20512735869177934
0.11831853011844264
0.175171088757972
0.12631504902636156
0.19146835765609221
0.16049381407017219
0.25230272830856515
0.23519046029482918
0.2630719399728079
0.28330958807716333
0.32762226912887477
0.19041097166305876
0.18664213537278398
0.1247717343604862
0.0755428655728908
0.10293233698374786
0.1148364422062124
0.09795101085544625
0.14210652964208687
0.18770199732078738
0.24486866828123147
0.24639058640143607
0.19621289517320775
0.20155105357341407
0.10540542491682639
0.03967167372902268
0.07448431698002074
0.12116192386612139
0.09226442210584161
0.11214412020305702
0.18474316485957812
0.2008190337040787
0.16038099610936993
0.22992447967407667
0.17682721705802862
0.17548737074189344
0.13650583765627305
0.11828011181407153
0.06684981653982763
0.18255959909707226
0.18507253070452923
0.15882576241447646
0.208934641480043
0.15693150252651422
0.14342522737608893
0.14902340947811074
0.11150245329927647
0.18715394421857626
0.15654081202666698
0.11792459802930179
0.1532177587103721
0.14319297749349957
0.21881000195713005
0.09357800667493239
0.14469398648482623
0.16063782950462782
0.1605081560430764
0.0882466697082468
0.12120959020026786
0.13260489102288056
0.14753371084253714
0.12473817516001696
0.16240190349297914
0.10977707448721695
0.16898282513585144
0.16419756379506073
0.0744526485664715
0.21643903563356567
0.11120921032305198
0.1452920648574207
0.09320044358524479
0.09261807632262663
0.17942105299059677
0.17569233041799695
0.15503041034864065
0.13157117697551218
0.14188739031028177
0.13996065387360396
0.14393176826795087
0.13963718405571116
0.09290178520895068
0.041104060888995146
0.06643915539334552
0.02801317137722312
0.06868611467004634
0.07925084683952033
0.18027232091017653
0.1520711334818709
0.15105189349113776
0.16896767924162917
0.19270276214788246
0.1925919768494414
0.09303709905446628
0.11458946057072081
0.15213243560715706
0.2066722241735849
0.1700815475594917
0.09718263277976957
0.12557976502331503
0.15149480521836056
0.15949975250508663
0.13532473065098197
0.15485529641529053
0.14730204457605003
0.2182111701302814
0.17314711999675905
0.19473464684261169
0.18136588031845485
0.18289335310633895
0.16207754431262333
0.05438365243807342
0.08982472095327042
0.1416010745124206
0.21759116862665046
0.2035970024384055
0.188936555081439
0.17186690984373793
0.14694755938093515
0.1386167629100039
0.09395083229891811
0.06400836777738692
0.08414254682234712
0.12922289104684914
0.1381843630086465
0.28368818504377885
0.27268002875199837
0.26341131353557196
0.20636480792481893
0.16019739312979797
0.07239275194316823
0.1069894944797622
0.09933640101069341
0.06320138114679401
0.11207378963772527
0.1867298762994783
0.2294243946183595
0.21127128186977226
0.23107965085630786
0.29701189192942107
0.1624591601712739
0.16111373489781772
0.1339216752495819
0.12897983772131857
0.17997624210029878
0.17455997600480144
0.15757422104322696
0.13159743330460544
0.19613870199448985
0.25570086252022867
0.1617335535735152
0.15909914915629944
0.08467089798343587
0.15093758659958828
0.16123722570055202
0.1312733948302229
0.18742406323404506
0.12190598951995774
0.18269735708474277
0.18040957267892477
0.19832995242554385
0.14410041042802987
0.1013196639376327
0.22138850936600424
0.11760484812536098
0.12104900124674282
0.21640358284449412
0.1451880517947556
0.17154103377082058
0.12170409917999918
0.0721103494338323
0.09041438544782493
0.11424059854304974
0.1642218238004679
0.1224953877325989
0.17547788728075736
0.13883158057954303
0.1695903131818288
0.07061725638159337
0.17752405545252214
0.1731433215699045
0.12846112494555073
0.10712908921662802
0.13523768721179252
0.0665734935477533
0.07682726264909848
0.06700857034653558
0.08941282876830207
0.10519581672871486
0.17740652478357008
0.1701324091848329
0.16410773440941187
0.1429800780006366
0.08732129672152485
0.13061613933013372
0.03862902459091842
0.011911587381695187
0.08818924022699763
0.09974905979080846
0.06251677546525883
0.14706789925903294
0.16017689797343523
0.2286054401952153
0.17993791369009282
0.08761384515120935
0.06315232173552986
0.04152627015451386
0.08564225704166684
0.027860043540084124
0.07265428970887587
0.08117041879021186
0.19655631952417663
0.15574732613051462
0.1897001867859868
0.2710302068309193
0.09309875058960644
0.15202593080163287
0.06206107428179898
0.08152326953800959
0.05928139278980471
0.08380627257578128
0.09511097551666506
0.04542117797663704
0.151981516889654
0.18677282034372072
0.18644398624850247
0.16195618533830736
0.09648567576196505
0.10647594059262869
0.12466775104405389
0.12235993908289919
0.09541994275676718
0.11283673517540778
0.0733206696140174
0.04787562079338759
0.06382604377378663
0.09224884334234905
0.15351988079874365
0.19677629324768509
0.1599005617047274
0.1233278668554492
0.17018091288745127
0.05878341856234516
0.10366548313587143
0.12682380506269286
0.17152470417206933
0.1183450866313921
0.20283449031293152
0.18867182492894027
0.1810969065092212
0.19474669881019602
0.18505173700983885
0.1986334696104468
0.18075172129513437
0.13562986519966222
0.08646312305702934
0.12811979589272102
0.08077250939470002
0.08421458027662243
0.05389028838700883
0.04205118582858824
0.05455720103714119
0.14056331295618582
0.16550804196820487
0.2617553421423381
0.25823885747924513
0.30613117354726405
0.2685957295294863
0.23094225981407027
0.15210616324739934
0.07718011461602882
0.04673073933693905
0.04253147689867223
0.13023233915263074
0.1747877035975279
0.2724183670229115
0.20896791241340243
0.1162982424029597
0.16888746444170497
0.15670940784856854
0.15402488169935452
0.1802602716996867
0.09053587384426172
0.2034487596450662
0.054228082527161194
0.17605540185513113
0.14534162171812282
0.13657902699868005
0.18555778553311209
0.19115321442403183
0.20316745772658634
0.10685976233427735
0.11775325171238553
0.13705811535953788
0.04152709825243141
0.20591910202383454
0.09169432107439868
0.1169821796959903
0.09968107185309667
0.14140350403579094
0.16572203069310648
0.0849368449436544
0.15236893615945432
0.16430384697285577
0.13420303687689575
0.15495171725572698
0.12034312057330669
0.06853799311304191
0.07184401878274041
0.11512073954122688
0.10488848049959573
0.18192921821383853
0.14238468627325626
0.05078291552015873
0.13078670279982463
0.09338187715933782
0.15523078574082919
0.10968881140660437
0.11789116322308162
0.08050539051647056
0.11336847880671393
0.20370315452394908
0.1126213851316777
0.10728677690674439
0.16309575388609496
0.17348041383510593
0.1440876827241838
0.18701263823677203
0.2062618963291486
0.08863914158041529
0.06710725319130434
0.20990935341114367
0.09817797677209814
0.084024754843259
0.09689806225762873
0.14157021573248388
0.1453148865589705
0.06774998453703239
0.12116334552904354
0.1536891035817493
0.0572796277889066
0.14745254333175517
0.0704331247832764
0.037470826060703386
0.049994754170523736
0.09418519880173151
0.1008433079230451
0.045978198595771014
0.12082658121091125
0.08913812382013885
0.07790788668706451
0.19584676703781484
0.08714314616103355
0.11916835310733102
0.15097672327068273
0.13882102129714344
0.0841765821431145
0.0913044349465688
0.033351809304741735
0.06052467790944541
0.044131627091380334
0.006936583331184068
0.060898127135099595
0.14134533230980875
0.13732355200713214
0.19124936241592877
0.28371088134762507
0.2329959367509039
0.08614076763860709
0.12316090938135692
0.0961723205326628
0.06722110923716235
0.04036316699246144
0.08805112798400222
0.07792862341153706
0.07996503432468102
0.0644703299045264
0.19992895798729948
0.17672061304142284
0.15752972305424742
0.017025291726495213
0.05449320128681196
0.10025873507773195
0.011468656547784641
0.03406954533580956
0.048575921579444986
0.13488971042867723
0.19337340999877406
0.11862246528950782
0.1929609672919353
0.021590345189615532
0.12785578687892177
0.03538403612651113
0.06824538444636778
0.006038375958665438
0.0595415577195887
0.03098820189527223
0.14970718696404633
0.11427477638170302
0.15439166490048137
0.06495671122505642
0.10501204875974805
0.1426769680536368
0.09707060323159265
0.1565653878728175
0.17996035418408965
0.18936181595668564
0.19019807501584618
0.21181369041782722
0.13088081078783437
0.1585859164440099
0.08499638990217782
0.10460342485549702
0.08008718174257796
0.14143502483350973
0.17233095325556508
0.21448808968141614
0.15527219000483
0.17914846738856136
0.15187904263992522
0.14778486743093674
0.05654699868921786
0.09742482952783672
0.08928484094687791
0.10618711249884623
0.06361376195350427
0.07346134119899143
0.11397259993832917
0.21967879806216045
0.22603840469600942
0.1603858684761346
0.15389458914820608
0.12884740454302063
0.10539726070495861
0.1310551437327386
0.08877619424943112
0.1876875739248862
0.09986081087865589
0.12838468567826058
0.12825473562008036
0.049019146428281465
0.14780092810354195
0.07092662043752991
0.06029146496373422
0.12600937269009818
0.11707091151888997
0.11571875038572375
0.10780919266072657
0.09944612534962086
0.14817909376102523
0.1230846714119125
0.1667503329572814
0.1080939121743327
0.023590953191355468
0.025837766328527603
0.0989517334417147
0.06691483267575947
0.11028306526572315
0.1184346065541068
0.13849479510866827
0.17085935144787828
0.17987747126361503
0.13726593982987334
0.09039294265475639
0.10033039663859863
0.05594253850835576
0.0961186883499761
0.05203514138126482
0.06574368620753332
0.07644305027092724
0.17029789845123758
0.16932169534911895
0.17526582669787527
0.09881187727666914
0.04113150845803722
0.05941767246473257
0.07347471871874436
0.11650189340477744
0.02913300297217711
0.04838932932391969
0.04550005611161272
0.10379997740190902
0.22468105816597583
0.15134962512473485
0.12469231857942231
0.09723782697728817
0.11209529157093812
0.1527759191773376
0.11408784953406285
0.062035059050318905
0.11485395968275354
0.014724111803129736
0.1105163987989019
0.2384643945644252
0.21000260468351098
0.20488320630484344
0.11962600186736994
0.07770953670946819
0.038905874027188286
0.0773527025464373
0.0837104484817018
0.14496080190648383
0.1102853759322979
0.05733926575931139
0.17757959005797141
0.10115676310238372
0.10422518669305922
0.06959680000940693
0.17220378918126278
0.10342706881865608
0.14093120506295365
0.17953778561207656
0.1734361706756412
0.12363716616417365
0.13947685029886672
0.28699473937087294
0.22829273994357052
0.2548616528638181
0.22190957461579958
0.21695842715750813
0.06649090004765891
0.1191349591714686
0.2608913081610221
0.21864502160812058
0.2020902572841314
0.2994497628675485
0.15118955391765937
0.21127620903678881
0.28713392285671074
0.258313690106188
0.2976525524321902
0.2553541095644983
0.421509057480786
0.23058749925805266
0.2966928176976043
0.19828875181484715
0.21909697914118556
0.3457265459220806
0.04194657564504989
0.2083202179856079
0.08511429399665484
0.16343126042328507
0.321056914553351
0.24763757455832125
0.18757700298092456
0.08631339742663684
0.04427910600534899
0.06955679723001715
0.08378402470884178
0.13917485664546964
0.09535490129803406
0.21660404261723568
0.3427537158896992
0.050345300540794044
0.13526544043707026
0.13907357048702063
0.09407298865973862
0.11579236823767595
0.266463483218376
0.2879966723913461
0.24978676474127165
0.30227913817436375
0.1641721713612406
0.05382974183217151
0.0462782706425417
0.08424073361834226
0.015419791370374305
0.06671168216463955
0.06596265953413039
0.16217518883916912
0.21290098943993446
0.229930675480139
0.21302833007912356
0.24769556557593211
0.16443318944720103
0.15159104112281563
0.15534394261230208
0.0034925066706785997
0.15614429236791474
0.08893339871034106
0.11223294922119938
0.15097446532917685
0.0069155805018171305
0.019776148376031453
0.3057700901115278
0.15844016870200248
0.1017541127315203
0.2094174948452073
0.03506035391692623
0.0863808456088397
0.18726138171011397
0.0740322920485213
0.29300615748342973
0.13964725750379836
0.0989740424825421
0.10452663550748416
0.037527634658234686
0.11837719964230022
