0.13486127792431302
0.1337077811788263
0.13123768713623798
0.1295672004946515
0.12632977356519498
0.12440908367039696
0.12459644015274374
0.12578211223118677
0.12710750771457685
0.12962199099056876
0.13160181308576752
0.132658068883538
0.1346574719570823
0.13673295669699864
0.1392705384735084
0.1403466220724338
0.14102165856543206
0.1434076072271529
0.14638539496875
0.14572789816042214
0.1453368366865337
0.14478478536203604
0.1423137285371714
0.14250805553863902
0.14277882610384146
0.1436849601653284
0.14236854647087305
0.1429214088437014
0.14123022608037883
0.1423909910802234
0.1433187333761678
0.14282188643223975
0.14090399399859468
0.1384092481503328
0.13760263247827914
0.1353423012539903
0.13394538889769086
0.13365367637968162
0.1328723554481111
0.13133506398984932
0.12755901041880885
0.12572376618373868
0.1226261051735364
0.11984855415340037
0.11859930256473397
0.12014294123368896
0.12198626088709703
0.12420928264672752
0.12591816702074313
0.12853282140005298
0.13153780861416492
0.13268702697387108
0.13231069454244787
0.1332495167567
0.1351663196206534
0.13538653139630785
0.1351734543277731
0.1346757255912893
0.13578908138245566
0.13906373953796733
0.14315641706144944
0.14104448653148252
0.13893665867157035
0.13598853616351433
0.13410323577753167
0.13326817286458462
0.13324764429963765
0.13228125092654083
0.13199164274931935
0.13217298838674507
0.1325575428530075
0.13408843288567868
0.13521770010889336
0.1388585260909122
0.14260002628558482
0.1412016017576696
0.14173373606763445
0.1418907797911379
0.1416409812727024
0.14507072810688343
0.14440067211766613
0.1460153614159904
0.14574001114890084
0.1444208218139818
0.14275086510752627
0.14191094843406468
0.14218567183986003
0.1419383924411316
0.14190717496027683
0.14075283357256402
0.14066158242224588
0.13908274333670106
0.13785449449581616
0.13241744299383792
0.13213697665199647
0.13167868154426263
0.13422357818115485
0.1386666625763414
0.13984694950430046
0.14454618659586219
0.14960728712137297
0.15639705584841285
0.1604950794395982
0.16380862529022094
0.1655707038693832
0.1639957135530849
0.16187547863909785
0.16099827376356335
0.16025689310290744
0.15829612707546978
0.15712594628983526
0.15747912938589495
0.1572061024473785
0.1578084734108997
0.15730170334902144
0.15751112496790143
0.15591261219265692
0.1551229619172677
0.15587086160195424
0.15514849206698117
0.15569799403605541
0.15302737445887868
0.15215466900122457
0.15350189223556654
0.15425655672642508
0.15615545264470926
0.15590403578102735
0.15771847495095678
0.16138930134095858
0.16041653046536336
0.15678940310572936
0.15535296399555612
0.1568591325507211
0.15656004677471175
0.15826040184469825
0.15934503114535262
0.15785408336487047
0.15709718991616572
0.1545309770623456
0.15074536440996977
0.14835074525759112
0.1462160861244267
0.14499729010844853
0.14409077551411964
0.14246992864115865
0.1410689914940709
0.13737248134815586
0.13645486198731885
0.1345300866663121
0.13444990276325797
0.13515146810305168
0.13589443731882006
0.13294298066777693
0.13356192194187905
0.1352895157610769
0.1343004113830623
0.13294864882243776
0.13221242210112366
0.13138060484999972
0.1313099253816387
0.13128708201757192
0.1306239822736396
0.12847938953828886
0.12504679391767395
0.12315100401894052
0.12162670083515596
0.12050741758180199
0.11904196755896643
0.11920473852000546
0.11979900422464577
0.12098153718655824
0.12537993399878725
0.12673509764806276
0.1332200304445049
0.134703311746612
0.1373672806483646
0.13882970760806274
0.13859190698059007
0.14038309642597438
0.14059901798590732
0.14146445892351645
0.14164313200411982
0.140029221425685
0.13838174706130868
0.13842126058638066
0.14121901785010235
0.14184692543220884
0.14197478925654047
0.13908429417971116
0.13590947727524727
0.13222531317954223
0.13020740906476194
0.12809116344223545
0.1279306912228818
0.12304946817150793
0.11981048075386072
0.11674148794564401
0.11888845570670706
0.1184589099078602
0.11762824967839622
0.11728712302936302
0.12317842803669392
0.13103861865789515
0.14027870036367324
0.14888660188319341
0.1529038218896651
0.15976225091188342
0.1611972015147361
0.16586028626215943
0.16908927797377502
0.17326763259443406
0.17436613422501984
0.17432169526321195
0.17571154225194469
0.17565386786042353
0.1751495341120082
0.17551910042128116
0.17678793094364545
0.17444990919474612
0.17181553835543512
0.16610071224048154
0.162912887209967
0.1557147808936836
0.15201031160171266
0.15150344568443758
0.14960613022537622
0.14951801155826408
0.14954864206205792
0.1481208643834638
0.14760595432803286
0.14629352753399272
0.14464451187012944
0.14398216470746322
0.14491409721344228
0.14846892020247918
0.15018158697624165
0.15079819526455362
0.15217037451134924
0.15143355440172496
0.14929614019608214
0.1484155846239124
0.14601851732330048
0.14389649793075135
0.14251020377522744
0.13993582985505848
0.14231072428316233
0.14476897699451777
0.1468865866465257
0.15060474550568728
0.1520448439871958
0.153229768806447
0.1510110460816733
0.15035383352531803
0.15009163092962488
0.1549213068592074
0.155907406705049
0.1594338638723941
0.16653366495375824
0.16514328939674444
0.16417027557577574
0.16243543886299353
0.16295153038294913
0.16395903763397213
0.16179717772421837
0.1613377408407504
0.16016520216995592
0.15983976187665247
0.15850674188612723
0.158882344679721
0.15997157307097595
0.16191211965925878
0.16353494289760584
0.16474498677811578
0.16452995034292556
0.16357139321002337
0.16396495911010514
0.16327722425586402
0.16238442309257894
0.16292701230328285
0.16315297625904016
0.1642456724901802
0.1657380367898928
0.16638311742362083
0.1683169437446772
0.16846257501681644
0.16721530279686464
0.16547015734930787
0.16547199393313058
0.1642846722173001
0.16404677520047645
0.16303643558290293
0.1620196638806873
0.16008282433643023
0.16063204730189842
0.16029166650120028
0.16213917110017484
0.16593790279233644
0.16729043116386014
0.1669362137201975
0.1663780179742314
0.16519110062238385
0.1621593827374888
0.1603052302770004
0.15778940305742484
0.1569760231865372
0.1553498119922733
0.15485944536630597
0.15587232959997613
0.15482831302022793
0.15727816787384363
0.15775936574816146
0.15786651634337368
0.15839150868126517
0.15499865923097442
0.15145868841937046
0.14939667703155765
0.14785710349727627
0.14773338728351676
0.14750686364858073
0.14782882102981196
0.14902911167635707
0.14871318210308243
0.1499877443081475
0.1507204487326534
0.15122922269357014
0.150034855724594
0.1492666808730455
0.1494210430644098
0.14878551191139514
0.14923458219166214
0.14800243828122456
0.14695320805500803
0.14720138310268926
0.14671080796985814
0.14676407355510304
0.14924895895384002
0.14890876745734336
0.14805899515167983
0.14874546432901506
0.14733734359096412
0.14688465526676173
0.14850667501094614
0.1497342504420054
0.15090532143029928
0.15212150874648014
0.15346831006595235
0.15452799970568182
0.15403075965980167
0.15358397897643294
0.15125040944541457
0.15142370530506308
0.1539644786730619
0.15441122732792606
0.15432484918800232
0.15235278162421328
0.15211216877357073
0.1526103644427011
0.15481319930817822
0.15676751310377351
0.15981817608857357
0.16133494843583157
0.16276078270169747
0.16242794208226513
0.16158196568879996
0.1597704449932112
0.15789166604659155
0.15529639282881585
0.15526609070575928
0.1573145869519043
0.15724863747032708
0.15714975711676143
0.15610659915771075
0.15616118734378298
0.15499379988718343
0.15526151659297596
0.1552687027689008
0.15596015377750488
0.15703048855000573
0.15818396495329778
0.16008673630343961
0.16113977861739534
0.16238518010694575
0.16049687961133102
0.16014838547360927
0.15894519716646713
0.15818402663681944
0.1582111227696037
0.15758376245687516
0.1564249134759323
0.1559608867711439
0.15528586870172495
0.15316343331079119
0.15212365726786842
0.15282439644553686
0.1540146455058918
0.15718964552323314
0.15762954162813084
0.15689667671744337
0.15712508865028704
0.1574290873595297
0.15662743808769927
0.15947658987572594
0.16056575008246143
0.1652309270649101
0.1670428264349362
0.17266701320640299
0.17545826845583773
0.17943428875385348
0.1801514405850448
0.18001467192676016
0.1779370040768432
0.1767932029543166
0.17565258196507874
0.17495715567814418
0.17379392175226552
0.17547561533576733
0.1703508187830149
0.16904883327995807
0.1690155490302227
0.16899760647879092
0.1693583665128377
0.16952222987364038
0.1677396430794698
0.16543417362321136
0.16436617915110982
0.16234839145236551
0.16043038254532202
0.16052675484494083
0.16150750335646508
0.1618413730175384
0.16169569902312697
0.16265911032773656
0.16396092840636084
0.16375214551999634
0.16561424040566625
0.16610513264018462
0.16714679387461523
0.17087552903516598
0.1756554183196824
0.17806311654597268
0.18205929822425163
0.18493097706556053
0.18856523959577126
0.18869147423078045
0.1890356546034591
0.1892676310890854
0.18885544276289543
0.18867268181753621
0.18704687550205648
0.18402638776408925
0.1773140894353589
0.17292747095038002
0.17116463798128173
0.1675722139259605
0.16475775519381047
0.1629649260923797
0.1564468716723541
0.15650793754830117
0.15780513538094185
0.1592716723185324
0.1632062883854572
0.1657197377347929
0.1659839664483053
0.16774100376784395
0.16854995155588254
0.17366755831632685
0.17725266459469882
0.17917746311282076
0.18042415734681694
0.1846028328766573
0.1855030935637224
0.18987621697388443
0.1915926738532953
0.19166113666514312
0.1904940907151818
0.19043658953663864
0.19052840017597727
0.19006006117900665
0.1894131285793595
0.1884431962463934
0.18652824135159957
0.18652910678682386
0.18441076296619596
0.18344264776150937
0.18232320789453518
0.17932607806565848
0.1789400541258745
0.1763024596636454
0.17100341273617775
0.1694273863419311
0.16427270473120673
0.16118774822010906
0.1567818912633242
0.15271161126567195
0.14955914055632355
0.1423664355485082
0.13919981287486488
0.13598132947964497
0.13406055940386807
0.13309333192133227
0.13482858769128048
0.1371348809596313
0.14042682999330938
0.1384137145202476
0.13809007081062563
0.1418283821588146
0.14494582830135508
0.1486572107668748
0.16484989776601652
0.16946064538391226
0.1738033463802191
0.17941249988494376
0.1826948134712635
0.18993848673194183
0.19254627059121274
0.1962471904479664
0.19055560394115267
0.1934045512751915
0.19380134471688504
0.19361487830530702
0.19137913732051814
0.183932348628796
0.17673744385909104
0.17396935461947288
0.16939978835187103
0.16542425594713078
0.16174778755334313
0.1624317437935132
0.16236769529524264
0.16336541945482166
0.16354461611459545
0.1656413375324656
0.16572886437927994
0.16894897190127806
0.1712545645244377
0.1746969209490277
0.17455693185395266
0.1749063947405806
0.17680382612731102
0.17906743752043547
0.1805622317529077
0.18015643224022293
0.18452214976471035
0.18811853048568256
0.18923323848089546
0.18614214860226386
0.17932601420973535
0.17473564372000008
0.1749084476206937
0.17559340503492177
0.1765928532982896
0.17499323889634572
0.1737268238382544
0.17203668149758994
0.17410188406106217
0.17531773453347918
0.17675808236052812
0.17781451793598704
0.17960822000082172
0.18157693777857484
0.18112816932321765
0.1840057270328201
0.1880049851429268
0.19706857836982122
0.20348743288772217
0.20728662264570158
0.21397312975435545
0.22094202598707388
0.2276103324047715
0.2292421880734561
0.23214752335335492
0.2331359743081328
0.23466068094315595
0.23484497224834136
0.2333463330366945
0.2239302111447666
0.22114200043105633
0.22366468373059387
0.2301639133004992
0.23669571007382945
0.24038504854785564
0.24048004429254544
0.2371065665343728
0.23175463623433962
0.22663538469958092
0.22169460635013766
0.2184868572243175
0.21384110754994926
0.20855596683173658
0.20732670410752868
0.2079059761315066
0.20931671411743097
0.21066039113511756
0.21309773741395924
0.21543988457034852
0.22128036366809062
0.22950336941953386
0.23381031183922354
0.23372730549018753
0.23178373304774338
0.2302825946497972
0.22635398314828872
0.22516926941898624
0.21746646428938035
0.2123278927804991
0.20307904471377328
0.19106229344899228
0.18135752704591798
0.17221708990258566
0.16482427468067623
0.1635232885470347
0.1658097718932418
0.16844337443154037
0.17158419257820273
0.17234352962049598
0.17783226921077305
0.18429753774631577
0.19039148413748747
0.1922600538198783
0.1969742213498516
0.1972714703756854
0.1968353811067451
0.19505644759959656
0.19200370045535364
0.1909363228136674
0.19051472532858899
0.18749577616400515
0.18670539738884362
0.18629250141919865
0.18526939912478899
0.18142079719587495
0.18061404606623066
0.1802425094002428
0.18214885576137868
0.18369639302491894
0.17999008923268628
0.17650267727645136
0.17391436915988812
0.17044214781671202
0.1700538024756528
0.1700402327985423
0.17186423325913686
0.170750012527752
0.16774814690831297
0.16731188453410828
0.1684762444678702
0.16556330810718675
0.1598157972401485
0.1574345922151147
0.15800823145200946
0.16045445857030338
0.16453340174657197
0.16851801542935943
0.16958806433854362
0.17213294251975403
0.17348296437990612
0.17856694130256204
0.1792851885768911
0.17492681398965024
0.1706378265896728
0.17062104802825037
0.1704460571156984
0.1714133839212205
0.17552988584459683
0.18378370990676723
0.18884884351939063
0.1900300422834586
0.1901803450126501
0.1944935620427118
0.19587954251838274
0.19758595304737442
0.20007830605629864
0.20049079073499745
0.20317810054974542
0.20344610792391293
0.20315594640033421
0.2018641993727917
0.1982682735101195
0.19338932810377113
0.18841379904736083
0.18331806585538407
0.18021492749927037
0.17244784601516155
0.16637649399668006
0.1629530913284622
0.15809174506424617
0.14925983009909355
0.14438190863834416
0.13892979397671024
0.13712085179983124
0.1365058348647187
0.13452337463858982
0.13347934587073515
0.1329206278825224
0.13215380123609932
0.13065807982980054
0.13125297115432383
0.13130562644464117
0.1305745244515178
0.1303429706848696
0.12965853440119615
0.131098061770653
0.13144013981924557
0.13144383197828
0.13081397901376102
0.13087769640178748
0.13095304172265515
0.13178503976885395
0.1321791209272256
0.13565738983813985
0.1395657227660474
0.14148998168354499
0.1403140159749926
0.14081227643171973
0.13880439541092585
0.13806022740937154
0.13726432415725773
0.1376452924758375
0.14097633366132947
0.14368164452943702
0.1478490893591628
0.14926147822266392
0.1480380798348727
0.15256531717593266
0.15621368280088344
0.15832888638237114
0.16015936071682718
0.16130164640498107
0.1599488311482907
0.15829571280753252
0.15569033899101664
0.15518086366775807
0.1550143482234501
0.15488381103081966
0.15510792243051574
0.1548115648793002
0.15365982658386568
0.1542679452147213
0.15485178120169757
0.15762928584558777
0.158116931531786
0.1595111553187556
0.1606570241110992
0.16047922249873742
0.16077997104746597
0.15815087867224997
0.15816332616617992
0.15734115037133614
0.1538507346429478
0.149211390375488
0.147114688719285
0.14608497121235559
0.1429272022508356
0.14098761968630874
0.14064149054463085
0.14124168940607884
0.1441109329479291
0.14525562474287362
0.14676738421845179
0.1475776820705314
0.14915177523088802
0.15182858798735127
0.1541461206056028
0.1578287713296671
0.1608254104573422
0.1624481786997371
0.1660686997911786
0.16754709381278224
0.17053000388679548
0.1722673808567069
0.1751909288311694
0.1758491097564065
0.17904913715626072
0.18263274459697632
0.1839200680358761
0.18520206157699345
0.18610043405215526
0.18520551640316693
0.18571641834702887
0.18523734024232508
0.18429604467416338
0.1852597286057371
0.1863721583930078
0.18713126538912733
0.1861621770335825
0.18523175896116956
0.18432056252761814
0.1824275620404512
0.18145307916655512
0.17860208389526822
0.17594937406218414
0.17232592449956366
0.1668863025108662
0.16097914438833233
0.1563880504606601
0.1523762579322508
0.14814282663906891
0.14379643343848894
0.14190454600128105
0.13901574566781244
0.13870762782453885
0.13787854686735723
0.13419042359515732
0.13037572821171936
0.12817060318749235
0.12564520445911515
0.12748456787284304
0.13207508314586736
0.1351830956929549
0.141447722769951
0.14602342238039234
0.14782011751636465
0.15255172525094313
0.16008579274229734
0.16769503780254427
0.1701610109585287
0.17598715895907915
0.17637007835081703
0.17911711608378686
0.18427995441278902
0.18733769312835596
0.1898350526361187
0.19629609596871544
0.19856733908805452
0.2039441069686884
0.20417059367222365
0.20382952047862735
0.2066667570420712
0.20832173716251337
0.20714602809900745
0.20838466009067574
0.20919741812934695
0.2098692862464504
0.20709741960972927
0.2035537792898987
0.20226057573399697
0.19675235111503792
0.18935312533838922
0.18210458802053806
0.17605110288644388
0.17113665375681705
0.1706075631015475
0.16993296056850934
0.17064422814109648
0.1711733266229553
0.16911961025997252
0.16894365274646383
0.17093652385327637
0.17291456056379734
0.17285452619605096
0.17239039062541614
0.16926388417754312
0.16703607427294026
0.1672947216617126
0.1662520428679411
0.16576175008910093
0.1660289434502668
0.1663208629814517
0.16960242527440833
0.1711965782139253
0.17222246494106003
0.17347490406064073
0.17418976287158033
0.17461558926614643
0.1735430184245661
0.17166392029188005
0.17005329413030915
0.1675874034428175
0.16557919978830266
0.16175903116814427
0.16039838657491085
0.1596352840421702
0.16018563975193406
0.16272912432898073
0.16536595074907484
0.16760343177356044
0.17208642543191616
0.1754296199980559
0.18126295791731178
0.18741284246763573
0.192802903486965
0.19439272417620534
0.19503695628360654
0.19657203731142997
0.1981666750725799
0.20219887044575283
0.2030587677218257
0.19953582456349664
0.19582598471759477
0.1917038584551047
0.18999778110851154
0.18805356609254806
0.18901569708953772
0.19168821989348156
0.19173316746222327
0.18904737663934226
0.18523055028930496
0.1843719729646646
0.18473302719140283
0.1863721235685405
0.18898276338222242
0.19048721275621958
0.1906853960846716
0.18764486224287527
0.18196766033920708
0.1781594333117825
0.17056798708080387
0.16224418128925883
0.15653205313956042
0.15265355077576487
0.1492168127477236
0.1482696684972147
0.14832752791699155
0.1490348232359593
0.15023953708279553
0.15111562274241921
0.15242224628370518
0.15248396189639163
0.15312162726735734
0.15735923906318555
0.16089557505189456
0.1621575534975107
0.16491397676679662
0.16593805069544165
0.16990965408524863
0.17256650623352332
0.1733243059699328
0.17857904200040417
0.182731794572006
0.18479826312257197
0.1860179795364713
0.1894467304502774
0.1938067020166993
0.19424907351959267
0.19180624414035755
0.18992234379318446
0.1866472185193119
0.18040373610168245
0.1760367312049706
0.17591809718554094
0.1733757314139536
0.17197575700082196
0.166922628371744
0.16159410008641734
0.16008209102408782
0.15528467746797614
0.15241376802353487
0.15276035070763533
0.15361674418070215
0.15797202693743242
0.16318946644752602
0.16528298272080644
0.16912331332983543
0.1724704409951169
0.17651058384364954
0.1788601475556898
0.18103792816752465
0.18516169126281323
0.18793494931325025
0.1915904058622638
0.19753625600146701
0.20019496564068556
0.20652239327164407
0.20762329604346147
0.20952227096914505
0.20715459707235134
0.20539704142363133
0.2040146027372621
0.20065040431070563
0.19440453475782607
0.19092544575262446
0.18738975198156427
0.1821483687751466
0.17860037362693112
0.17397876603890494
0.16852955870575032
0.166143846572176
0.16301356361562108
0.16141557655237618
0.15830999053375716
0.15500189727017405
0.15320243218092358
0.15355827992970217
0.15466880269738098
0.15646025531289082
0.15654430118324075
0.15748522211262594
0.16109329847108583
0.16453584011806066
0.16508399065761925
0.16733097855391404
0.16304726748743884
0.16130754967296265
0.16077822996860366
0.1588372123610489
0.16034615864620594
0.16311764657022904
0.16752435258176998
0.17026706042536716
0.1711658564585496
0.1723897261853539
0.17619766110176432
0.177546184308832
0.17710901790550812
0.1786024850755156
0.1806149165001547
0.1822641061138848
0.18420090317451507
0.18677465353789421
0.1903394423115826
0.18938026401305003
0.1863255841806486
0.18175695185304047
0.17843045762908738
0.17459648321345483
0.17178019151206766
0.1658641765408918
0.16275982545994536
0.161330230897341
0.15822908830492804
0.15256851455052697
0.1480184614202336
0.1465952835066901
0.1462340638329564
0.14986375134325702
0.15111211152886223
0.15535540280585064
0.1578736887144334
0.165324912932657
0.1691316697114536
0.1710796445026769
0.17340414520688716
0.1753248044454278
0.1759064560868788
0.17604088646135424
0.1741806182726442
0.17089975552058556
0.16841564161544556
0.16452939073524284
0.1621006317928589
0.15969933960519875
0.15855011614374154
0.1582642394412578
0.15736714688123316
0.1616183156576522
0.16390820844701054
0.1689202280223066
0.17378968917979276
0.17549426482063235
0.1754933359119954
0.17649042607152013
0.17615203322005704
0.17810956046497978
0.17850436568988065
0.17775093249123192
0.1777096566192952
0.1776920211076865
0.1766765922967674
0.17611211462495718
0.17223314370959225
0.16808847215589345
0.16652398225255735
0.15801576523902391
0.1554298209165682
0.1494748671448352
0.147145367169918
0.14392104514900017
0.14101842781292034
0.13840833262499963
0.1396538960045051
0.13834579776707492
0.13797344133823342
0.13740509585222127
0.1379447100623945
0.13971914503030938
0.14278149767773984
0.14532630591629542
0.14872707673466795
0.14989156947784216
0.1526615613447109
0.15607924355630506
0.15595492118822807
0.15568944842603916
0.15249787488623243
0.14209597928647483
0.13231163738560398
0.12732712547936517
0.12106480885052004
0.12188383382792822
0.12495872325029933
0.12500474977077672
0.12715492813997661
0.13089255815503034
0.13549387322790588
0.14132471524438067
0.1463869249956637
0.14957842879865027
0.152444032504303
0.15773324157221857
0.15937789849443004
0.16357293603598522
0.16457068420995613
0.16431992559805483
0.16249685939937678
0.16075716371562104
0.16297274488205837
0.16630402316957438
0.17027664140884397
0.17527216215028316
0.17924765607891893
0.18470842184554143
0.19159291605141843
0.19418303682588514
0.1997096226669995
0.20431491134546326
0.20617642742600067
0.2080706126848582
0.21034895645862237
0.21140197875893113
0.2114167002234857
0.21134611608925238
0.21285065235431952
0.2126806172966683
0.21073817655633403
0.21039919020135983
0.21114077144575244
0.21270162339904433
0.2132182421711371
0.2123604910892595
0.2060332005264658
0.20289559255821152
0.1972519091583534
0.19136306241023102
0.1893278671908841
0.18656956008736625
0.1842004264233025
0.1825256206373627
0.18055704007486084
0.17910549212705776
0.1725628068666128
0.16978309093111574
0.1670296715625839
0.16625904702320066
0.16465873114695506
0.1638256303039824
0.16398000500227558
0.16346541007117418
0.16265011850602348
0.16375339451510107
0.16344690846576335
0.1666084025581977
0.170389447984591
0.1683084209302926
0.16671639738241645
0.16480681382367143
0.16101060089555136
0.15425938169010855
0.15284613423100885
0.1546676620606122
0.1577675385258294
0.16355592473998487
0.1662803407950145
0.1713650151242893
0.17433914620952107
0.17395150459270753
0.17182148684517967
0.16989530725474217
0.16764707242675286
0.1674642561297775
0.16669982303685305
0.16435035359966388
0.16323143461536924
0.1588367017062851
0.15269436446222712
0.15089447162011063
0.14815004290021533
0.1483962649570219
0.15090493805281668
0.1531720103126593
0.15330844255035586
0.14978122652325543
0.14679290251928603
0.14432227917970084
0.14243021609022866
0.14293233008352052
0.1439426785666914
0.14408565290245942
0.14616484885731298
0.15397305484073648
0.16296520011452692
0.1653136900708357
0.16845269271515317
0.17142936161661682
0.17437141106544904
0.17647272308343726
0.18009621341259535
0.18300857979828766
0.18084327842528286
0.18216026487166456
0.18365046077220512
0.18502214181527973
0.18707526808152078
0.18714043664424004
0.1859774298237059
0.18596014232320401
0.18860433698678952
0.18868206560238196
0.18780434368030416
0.18727015275661824
0.1843897494214347
0.18393532816441094
0.18238210835323973
0.181777155282899
0.1830513178706678
0.18515516585761965
0.1892066605284524
0.18813581461397902
0.18715917086178702
0.1856972655601656
0.18211321781875753
0.18191626215269413
0.18204299604280247
0.18114878975866192
0.18207173040618546
0.1845143118453511
0.1834535504748111
0.1809836601843272
0.17800020492629345
0.1751533593309544
0.1734553991282302
0.16853198442793593
0.1654813127777329
0.15529719062966624
0.15299107223334257
0.14696303475423245
0.14436832572979216
0.14185352775095322
0.14100441387693544
0.1381608442838017
0.13777756808437538
0.13642091054130479
0.1378914977492869
0.13691437856771385
0.13689446436833116
0.13654405162697483
0.13944577640966843
0.13976144467031654
0.14053113557362928
0.14124148639774808
0.14064752778665662
0.14259817228811641
0.1440852024731964
0.14316661378057355
0.14153233510782884
0.14074286598663732
0.14030286289933996
0.13572064176549586
0.1354924902693872
0.13572397290142368
0.13846739378943135
0.14062861347187736
0.14196224871924562
0.14370387576121701
0.14242838779838088
0.14223846017388148
0.14318688498129153
0.14289227957863118
0.14123076305006302
0.13810289604036521
0.13561830384528856
0.1314862652668664
0.12638885946000367
0.12331114781645884
0.12405561335257276
0.12762072437790037
0.13189568597116752
0.13853637844342737
0.14115361793394737
0.13742660400656853
0.1370747987702815
0.13886617839896795
0.14377019292088883
0.14747351320764873
0.14835061715281342
0.15237504992661152
0.15485920433256806
0.15717006897766228
0.15863820014192048
0.16415614378982543
0.16797566208990625
0.16698504791751567
0.16237386738965287
0.16076608195786718
0.15860377957868882
0.16021066691684244
0.1613859620256363
0.158472949112545
0.15751732063235563
0.15459578409705285
0.1537915982977489
0.15576701171829632
0.16096802490687895
0.16856568008047076
0.1755681427258739
0.17786938180347325
0.1847461959498132
0.1903383737857742
0.19316865275179262
0.20151880152518462
0.20961714286385386
0.21558058015450993
0.21721838775657706
0.21640301841470455
0.212427290121387
0.21253720273819826
0.21424308038627404
0.21418451485387338
0.21512696213015267
0.2153101955338653
0.21602080097059675
0.21528338747355874
0.21826165352566324
0.21786716262490166
0.2176022825027828
0.2174591912551734
0.2156714875859273
0.21663832760366947
0.21737053655802932
0.2159880474720101
0.21408780100386843
0.21384216097369652
0.2114979944105156
0.21051388354126002
0.20798281887286482
0.20635934784967896
0.20693520595882103
0.20340935157311818
0.20128885789185702
0.1998154566358827
0.20060354959844245
0.2011329631839091
0.20308992387872485
0.20235292006288566
0.20317260145302982
0.20379026027944783
0.20490903385060463
0.2033126620784807
0.2050246894781778
0.2056113388278244
0.2058160559179964
0.20201589349948512
0.20033015051612516
0.1992364421386836
0.2000738416291735
0.2016474192503405
0.2021777820142559
0.20128574570398522
0.20013952300317225
0.19926587593034478
0.19817789049967355
0.19741614798520776
0.19612441252066468
0.19593500810106337
0.1954661803511884
0.19634297351713062
0.1954972062223798
0.1957702008837774
0.1961573527693804
0.197458597836175
0.20045984698118854
0.20110471209625577
0.20010717572865305
0.19686491630868766
0.19389964338055335
0.19330018480280642
0.19137881974879045
0.1916094408906254
0.1903789464078752
0.18780408645408717
0.1840404245795499
0.18277625108926998
0.17920994834902443
0.17884320967963585
0.17835985847875505
0.1788510695247098
0.17623511580747317
0.17515556402441484
0.1727231290476882
0.17103066942501052
0.16988586170851133
0.16880065089448698
0.16985023798929905
0.16891166557463805
0.16466495480317206
0.16081476395867203
0.15965096973014692
0.15822967473630303
0.16071869075761036
0.1622462715920459
0.1646963981674748
0.16343494424661828
0.16228086497197522
0.15900026507128812
0.1565895326302083
0.15749744777359173
0.15810740669782877
0.16025018846656194
0.16102065926502088
0.16077725697629727
0.15856309562831597
0.1588571545545074
0.15696241321493978
0.1561575268300067
0.15500041704114714
0.15559230782347844
0.15599613562966208
0.15458658902028372
0.15917666782347437
0.15826617127226286
0.15773190741149296
0.15771043262540405
0.15568902160789416
0.15209857350615133
0.15157663684509978
0.14729662240193525
0.14523375108938225
0.14311668635254396
0.13953205341101854
0.13949394296497503
0.13890465207648295
0.13742603535821135
0.13399396508512945
0.1329199015858218
0.13219693090388684
0.13188017677590458
0.12997992986028323
0.12923974850411374
0.12831558676762903
0.126680618273055
0.12520682297667082
0.12597877570178678
0.12768998793289005
0.12908205193038172
0.1304367856342549
0.1341247005381654
0.13719547643037167
0.1409361626466666
0.1419097194459445
0.14620113702989826
0.15163359010036645
0.15176865132617756
0.15072156379859056
0.14954405544486285
0.15038404647945364
0.15133249639782462
0.15529458119603765
0.16091713162222118
0.16237931205911232
0.16496504857325806
0.16737492243190072
0.16999614229422072
0.17072133343848755
0.16975245555971477
0.16718793103500582
0.16325793259210702
0.1626480084482936
0.16121521195750285
0.15895023605250178
0.15495380474742998
0.15190253722451547
0.15210798791429006
0.15389417993598067
0.15621016535124746
0.16081984284294812
0.1620630477730579
0.1612678492815658
0.16147685635835016
0.1608749546320142
0.16143250615044363
0.16252012526221798
0.16407723358145385
0.16545193144033507
0.16272633863366667
0.16095795737112348
0.15901860538082185
0.156066650019613
0.1547429469348159
0.1510977145524696
0.14911821902922656
0.14757292145449125
0.14669629425716008
0.14523989236048507
0.14519594583710568
0.14617359073336314
0.1493421652420868
0.14896929412662843
0.14722886902960042
0.14697007678428933
0.14664319407061172
0.14696078842329532
0.14561976205463684
0.1459648237336488
0.14591056997736207
0.15035426185353243
0.1503016737440619
0.15036608594619932
0.1517835262465121
0.15310108796998131
0.15498347580230537
0.1577792032491474
0.16144098897932907
0.1618001941238369
0.1604031256540923
0.15858108878452665
0.15894579686136556
0.16093907892623868
0.16275644381294171
0.16691678748277522
0.16834489338712846
0.172004692439798
0.17357542451206642
0.17284117026672594
0.17200484537902017
0.17025782474405865
0.16941708098666633
0.16960544477898157
0.1702095947970009
0.16900187505216824
0.16595254029038795
0.16250039251353318
0.16105180926119395
0.15811838907116738
0.15497649227016075
0.15289740021144632
0.1495030108798163
0.1494085298653745
0.1481613256275305
0.14702923197987475
0.14657279718203958
0.14663002609283288
0.14595472141091087
0.14655054811588233
0.14952098451464163
0.15037458570484477
0.14860755783263258
0.14857226135826532
0.14500781979961536
0.14636264089377518
0.1447930882164518
0.14403300970356506
0.14203543868738608
0.14055586947590054
0.13735697464476654
0.13730661972859207
0.1354482654697793
0.1347039809598697
0.13507475872024216
0.13416462560739517
0.1344259942311982
0.136166643088798
0.1385197423281774
0.1395397266703183
0.14034156292658012
0.1434876404934678
0.14451894995850656
0.14964707500564128
0.15043778393282972
0.1525271820083193
0.15436160891620454
0.1579460868869637
0.15787858457622983
0.15924771786332778
0.16691706044099075
0.1695526022126273
0.17061235232660626
0.1698515200092759
0.16958403399424454
0.16704592808961088
0.16498294766056965
0.16433097068195965
0.1647580939129337
0.16411716418321093
0.16234168876249164
0.16152088823887087
0.16044947797699177
0.16136889343765487
0.1587721720137572
0.15721756751648938
0.15764858931297132
0.15741097441602725
0.15892868461364335
0.16064987094734615
0.16028380494267175
0.16053804061779936
0.16119913240679323
0.16135479530730304
0.1608697895475139
0.16319998869601926
0.16354322378844216
0.16543872678116933
0.1688414505187085
0.16817381511356477
0.1689402289573049
0.1691649559381925
0.16824159845159536
0.16858751591016363
0.16859297107121118
0.16561953580171845
0.16286140429593365
0.1586459316357831
0.15743508065763415
0.15617019649064892
0.15529208400211775
0.15483021209618203
0.15482510575858727
0.15312884779456665
0.14837207773946173
0.14504366926886852
0.1435838820007877
0.1449240393174765
0.1443789986234452
0.14327839555159233
0.14082140552998226
0.13967691107233368
0.13545292126865105
0.13352475003369932
0.133172863765311
0.13521929787319126
0.13463955782468784
0.13432503274866162
0.1320962543332612
0.13149499772591194
0.13333826207689561
0.1337834907208094
0.13859615475006531
0.1382665621729688
0.14299886367436815
0.14697177120782118
0.14902739737615958
0.15165906985816974
0.15253167390316572
0.15111166500911416
0.15051161764211257
0.1500681610259733
0.14707860713447904
0.14496368432049195
0.14306341122489113
0.14386121003757668
0.14512045870295548
0.14741177764849223
0.14942805093427375
0.15377625849134088
0.15761778851242733
0.15906295303698337
0.15971164242293737
0.1600847253072373
0.1571805988276488
0.1534431603235034
0.15058899933808423
0.14733813204126706
0.1437106324403637
0.1427046867899771
0.14075593659181812
0.14025435694516922
0.1405674508650027
0.13820456447634175
0.13620534883651353
0.13381311563251935
0.1328865256190222
0.13334586750169328
0.13497202385324325
0.13528467581096798
0.13715482146768168
0.1389259847529094
0.1396086109232877
0.14154315817525945
0.14295143580029737
0.1440970736312597
0.1455228586838065
0.1447473017327952
0.14568239792479892
0.14949038439418508
0.15277030747091574
0.1512639158684171
0.15091692473087487
0.14985439962942898
0.147259486597033
0.14678765158023055
0.14742659501370103
0.14774132356190364
0.14792105487518004
0.14742300474931583
0.14930378366587593
0.1505913772319567
0.15146540223003552
0.14946668268085558
0.1482492577985835
0.1414491903376846
0.13628694798630495
0.13235977664840168
0.12829948974063185
0.12615371812587586
0.12643708207342239
0.12436764688466713
0.12260719013332999
0.12249460927582485
0.1268130805679904
0.12951853672853048
0.13220702950233496
0.13241255473820518
0.13073245818488194
0.12849245674763493
0.12865007545015392
0.1277695032546976
0.1299997782707949
0.13360265675143657
0.1358911804487646
0.13801587363004458
0.14001217988591236
0.14115250463131576
0.14262276432491178
0.14750039749738791
0.1494525837702818
0.14667672374835478
0.14255469456261838
0.14061549027053094
0.13889230400009261
0.1400718402099012
0.1424199454107365
0.14558254070892584
0.14935166206889414
0.15482584706688712
0.16063789302221498
0.16212375106036045
0.16202324105887164
0.16726259927185058
0.17015380057215226
0.17153627722494383
0.1774138711008345
0.17796878247077708
0.17582109370482848
0.17581403083266775
0.17618975813792231
0.1763013989447231
0.17351286365549656
0.16906270551013297
0.16413356125927256
0.1606322163258243
0.15917308738029637
0.1574019131803493
0.15657624500025386
0.1549527175378346
0.15609710435972596
0.1549373873927773
0.15179996514904298
0.14884818866385593
0.1435147372889808
0.14129310061459172
0.13580277697161716
0.1327476302996019
0.13002378203563217
0.12808290906463038
0.1298746572214024
0.13201296562282755
0.1351552978837951
0.1352565826751187
0.13520635671377157
0.13590369603545144
0.1361670263238058
0.14006764282622414
0.14120442220644708
0.145267626808916
0.14861324890040134
0.15199948730578305
0.15090093953693642
0.15101618947424422
0.15030644773241225
0.1526144636191632
0.15538864422494608
0.15753618104731612
0.15973726827297682
0.16142745793709315
0.16436144709854456
0.16610097760326487
0.1683360505381691
0.17385960520522992
0.1779306175214529
0.18191712722480874
0.18403240967386938
0.18409909941496455
0.18517823772780206
0.18783097621890946
0.18820531559233777
0.18993113719590335
0.1901481709319655
0.1901271361281836
0.18728162686803124
0.18239088932633923
0.1785593559053537
0.17551046797366995
0.1715353935169585
0.1661080850466503
0.16255374220913202
0.1597194358305694
0.16007202066094448
0.15901114507867636
0.16036779443759547
0.15974886814137781
0.15977792635585425
0.15887394119005976
0.16063552110427864
0.1625175250402937
0.16357849161177143
0.1644201396941533
0.16227686335332422
0.16314064751634172
0.16115839643611107
0.16000777976237374
0.16005316710118142
0.15820214244995853
0.15640983641586148
0.15593561825449928
0.15442529489467566
0.15261843668636194
0.15186240946292637
0.15020266493361217
0.1481949403153474
0.14827218344862045
0.147266836202888
0.14743046142794886
0.14748783906355814
0.14710532195278653
0.14590666940002578
0.14431548159818353
0.14360028870476754
0.14234044199680596
0.14266025334800708
0.1434210105647416
0.14308696511089952
0.1443465517816897
0.1438556308221571
0.1436867806325584
0.14391499928282248
0.14564561522115382
0.1480920601123828
0.14710671787181243
0.14840593617878098
0.1487885243918267
0.15107753816713282
0.15173043250284854
0.15364168586321775
0.15278469293806557
0.15214950077918749
0.15047077176206994
0.1472040179931035
0.14454461146051062
0.1429402007965503
0.1424896254664277
0.14208391750995283
0.14255080782856602
0.14234983701358842
0.1422397326806689
0.14208121835875084
0.14066897658850644
0.13820614692889882
0.13371963715792762
0.1313980090708841
0.12831036740338048
0.1291241346514531
0.12954879314324236
0.13230742374210722
0.133354035116369
0.13273894788216423
0.1288826367079775
0.12848887016642402
0.13168059854527475
0.13430689404973778
0.13850226267282648
0.1412517377815511
0.14472487064541584
0.1461952763904119
0.14872040809591516
0.14961342568954528
0.153725373718624
0.158057964637902
0.1593582638212
0.15835790694080232
0.1567486404134652
0.15582502275434773
0.15600095498772032
0.1557948390004455
0.157319411517004
0.15984060271163608
0.16393787115518296
0.16392184899011747
0.1640212210452068
0.16513373821772057
0.164052660498414
0.1659150804060477
0.16642321886874137
0.16709840344285823
0.16746198702357465
0.16895356276256568
0.1710910359306484
0.1730421241352717
0.1761643919984674
0.17726758341860893
0.17620983575747473
0.17317266150552807
0.17068357878814983
0.1705607466809072
0.1662122905970107
0.15966841972212745
0.1551599045890229
0.15281295916405338
0.1457918241820263
0.14411714587732233
0.14031876712930938
0.13865309030511513
0.1378370792810532
0.13524872976406846
0.13284461341433182
0.13184566278531326
0.1328470833993222
0.13084452342026204
0.12897464318985957
0.12954934719709524
0.12949544377317532
0.1297747236389396
0.12803161448780156
0.12833111916658582
0.12690815977681164
0.12649233261800666
0.12425780046778567
0.12263406244632269
0.12149764282386492
0.11865209701445627
0.11576912098873174
0.11107647912402943
0.11205008854090123
0.1137731149525254
0.11581204788482655
0.11555586437811982
0.11487596815411097
0.11709360639023533
0.1181903038264008
0.12156089147225624
0.12718793322956884
0.13078124533993482
0.13895381326174197
0.14485713186341392
0.1453561746901613
0.14633667396815978
0.148019528588526
0.1491064222431854
0.15007518630028732
0.1528860968508021
0.15282983750793458
0.15373430665745988
0.15346685264771665
0.1543055025230237
0.15608472624685465
0.1563642983160872
0.15585523102123838
0.1570619455231674
0.1566835641049718
0.15780899962979703
0.16087591954823544
0.1609322893198961
0.16306015503536958
0.1639105845718783
0.16317425569970162
0.16247834751806595
0.16220626987541648
0.16224315202294254
0.16299461100287754
0.1635863728930766
0.16271933953074413
0.161956847947359
0.1606612417056626
0.1594376069364039
0.15696796433628082
0.15420987755976306
0.153925764839742
0.1541796586139431
0.15436477804134394
0.15448117350778054
0.15458460303903968
0.15380633662563137
0.1532964647361689
0.1522388217026592
0.1519188321445168
0.1514147069517442
0.15024416800911233
0.14931470158273413
0.14808352888569737
0.1474101297612787
0.14659982732387283
0.1469354805056778
0.1472090327149236
0.14801528843730616
0.14951676918729678
0.15102592571538578
0.1508555978227361
0.1496923695462056
0.14841571506447457
0.14813644608165505
0.14874881022684155
0.15073738882267795
0.15541057632744168
0.15722238924736648
0.15428422864095562
0.15247331013395124
0.14958114592911448
0.14749247921966607
0.14612604088156395
0.14312052362532676
0.14199859262737546
0.13962128842337634
0.13671270377358632
0.13202668302764087
0.12657312376570198
0.1260426149734138
0.12372321055001753
0.12599129356422614
0.12603110871349654
0.12569689149023544
0.12338072208087911
0.1239139267214984
0.12298921271899141
0.12648545218235074
0.12722703450269396
0.13242145814133477
0.13728179250845934
0.1421975744358973
0.14365246361932832
0.14810202575740497
0.15384412303758968
0.15787370652542929
0.1622272316724765
0.16461886682215107
0.16836966856069552
0.1716060934354447
0.1775116651963526
0.17796787484344556
0.17762220754318095
0.17577653204575255
0.17178037235235136
0.17081806770360533
0.16884436635453964
0.16721967113054118
0.16559080626474637
0.16379701398623833
0.16354721815352447
0.16270163496493134
0.16032518196284046
0.1590311193182728
0.1575548819901408
0.1566250627269024
0.1563576101658486
0.15557083555035975
0.15516420134285833
0.15720479072608393
0.15741694121016953
0.15826524630633682
0.1570226579325773
0.15739036946351365
0.15737184834683515
0.15768431208931127
0.15699970732155316
0.15358134626949846
0.15055445375044188
0.1484336060843737
0.14655896312958422
0.1425082029240354
0.14035520559485165
0.13888052912359486
0.13624929129923152
0.13325689439894012
0.13087564739242766
0.1279749755387739
0.12686404963416
0.12441198294861688
0.12218336181823786
0.12337339045341222
0.12508647732265854
0.12825458063556172
0.12933353426864394
0.12957561204813584
0.1320491492553915
0.13344537418569732
0.13240045937180417
0.1330661194135403
0.13460903095569363
0.13611829442995096
0.1371625047569064
0.13234823608246843
0.12840954626196982
0.12647142284096474
0.1293931435174735
0.13218106994914872
0.13655263310539864
0.13954106276904615
0.14088926228012472
0.1383014825318959
0.13799473707327528
0.1346147092534741
0.13556875612348407
0.13679521003536535
0.13691824741576708
0.13756534625604527
0.1379172068892684
0.1378091459260162
0.13656515718105672
0.13565349175914393
0.13450519006000797
0.13381274361694373
0.1342171771013846
0.13638600408478901
0.1368451092986847
0.13726700127760466
0.140126899848083
0.14109257358017532
0.14099351470672897
0.14060727534123332
0.13981521799006041
0.1389146618438764
0.13811859350375588
0.13838668015676925
0.137328284330464
0.1380139032132023
0.13952243421328966
0.1409099869112131
0.14215911969985412
0.14523251842675416
0.14623687642706235
0.1475923713584107
0.14857930193884747
0.14772756181300356
0.14830938328334753
0.14627821394380244
0.14493365234191669
0.14409670746875008
0.1438447553934287
0.1427879374405771
0.1418513532111326
0.14191368719058958
0.13827950008152598
0.13865427694447865
0.14070941473774118
0.13752448373332055
0.13510995337629006
0.13258018682983816
0.1335409060108468
0.13194033740062688
0.13148769749270156
0.12974974676864845
0.1257954637331827
0.12355855590069838
0.12172288836697735
0.11894691001907429
0.11892193287504378
0.12203938916555394
0.12445372099798802
0.1258816667600116
0.12765354300033385
0.12803112441253678
0.12956505524879802
0.13360600460088248
0.13688804198943932
0.14281550473927043
0.1481290619024555
0.1506930856589654
0.1523906095915169
0.15168492502885245
0.15266468809028638
0.1548279246092593
0.15696286134383935
0.15575492112491837
0.15805325030775746
0.15761515815517896
0.15728960421177107
0.15782773449295195
0.15940962542974943
0.1603258374222543
0.16236610229074172
0.16605311777598183
0.16776159628299306
0.16926190335407865
0.17314934451303104
0.1754014903096181
0.1762334491621818
0.17708001174935162
0.1757126802803068
0.17069490621361733
0.1671110183813165
0.15845208583036258
0.15616441022898592
0.14976347482926014
0.1438473773457788
0.13868136896798008
0.13755461929305954
0.1339745187787607
0.1300874494146141
0.12500279054536728
0.12070780600429513
0.11864010649230802
0.11823781896920324
0.11798881680086652
0.11700941831971601
0.11543489248626693
0.11727522719826314
0.12218278711889445
0.12371344765551795
0.12695691879258877
0.12938047530428365
0.12906636639037852
0.1290971249001092
0.12947486633568847
0.13095137255773465
0.13206349684526858
0.1341461404882883
0.13442013929325503
0.13535589056093483
0.13467714997918562
0.1355707698244702
0.1366277710775234
0.13750256657077534
0.1350117922522605
0.13536753801806717
0.1360869255173121
0.13299125380676005
0.13102393087075498
0.12951525768937783
0.1273100007354098
0.12196861675230328
0.11689358474426022
0.11291234767278777
0.1100081545623244
0.10704638607418096
0.10656545224249325
0.10827029959379737
0.11039747142942882
0.11310538524877052
0.11325309126999379
0.11422867231476741
0.1171946860843888
0.11638372496257887
0.11165706920704525
0.10687461975273208
0.1059149105252331
0.10693025160730973
0.10904656698433321
0.1128607291808108
0.11808955765003656
0.11911137676653379
0.12002541309388208
0.12308160642371643
0.12591219039056661
0.12779117522127798
0.1285000227996536
0.1277946313767831
0.12687893127340197
0.1271107222377445
0.12728425385755598
0.12935213556242392
0.13140614359857924
0.13298408825770142
0.13381444251299088
0.13624877551190762
0.1377087910457493
0.1403267973277248
0.1400327024073839
0.13815025130948452
0.13862192160606032
0.14148941979182392
0.14160704469773458
0.14013431023244988
0.14022301054275074
0.14124373336816448
0.13929471510068475
0.1408640370231547
0.13936184611142294
0.14155285216631736
0.1444639073826492
0.14864691339863595
0.14719220453189427
0.14784401008696624
0.1494654264184827
0.14969434814560617
0.1496072337162559
0.14919009497426558
0.14871652413183412
0.14733460876032672
0.14892029237960855
0.1543758647634101
0.15761330666311643
0.16240897011078337
0.16863972580773787
0.17392527850994333
0.1775761584677729
0.17514153914535616
0.17389658550598883
0.17364882593098568
0.17462827785710344
0.17705544037842857
0.1766057011078083
0.1761620326543738
0.17506364476701847
0.17559936777481172
0.17591961336295586
0.175111488648871
0.17579216037050066
0.17395228462842005
0.16844165012620954
0.16538730059460266
0.16477607256764443
0.16803528641198562
0.16931883134059617
0.1702120905357624
0.16858959793602202
0.1662864947074544
0.16133261236976099
0.15763425376776088
0.15568016456288705
0.15397872048243252
0.15258435146627983
0.15235247910739663
0.1513838344317824
0.15305144086884925
0.15365385045538815
0.1550352994191448
0.15530816294036076
0.15683604168988835
0.15696684729169652
0.1558675637806325
0.15765885386656298
0.1573306597910586
0.15940857894618057
0.16254391558582065
0.16546024655365382
0.16440366858987834
0.15954735641143597
0.1528987923703491
0.1486609084810243
0.14419487282320215
0.1421772968497152
0.14161513739118387
0.1408201780653397
0.14000392022224295
0.14159381239608132
0.141584746402115
0.13967540015422975
0.13747019158435175
0.1341207179657398
0.1269968459772905
0.12063055029497967
0.11380687165953282
0.1084570930421965
0.10433136150319111
0.10633885035770996
0.11319563489043802
0.11675086532668219
0.11929121967042544
0.12313349847973476
0.1292596320688592
0.1379777079650244
0.142761016303384
0.15384913806007305
0.1696711769485491
0.17267023741265758
0.17252643521144023
0.16714852243495953
0.1613307951125076
0.15436831420416292
0.15154639867543643
0.14240247887531726
0.1339610863489661
0.13034096207716023
0.12785020975278366
0.12870432699476125
0.13157640236004906
0.1333920416078031
0.13506436893557733
0.13540052343847897
0.13712961510080474
0.1414210848740271
0.1433213522105944
0.146709445007284
0.14810946233106867
0.1483677856125144
0.1470904224070167
0.14729984369324056
0.1458931286950474
0.1442373058396451
0.14246690201922768
0.14112565205603617
0.13662798161371573
0.13462570265199542
0.13462238576967245
0.13171475009136036
0.12701957691033203
0.1254738824402479
0.1223806976951324
0.12019108753577383
0.1179022016040971
0.1179814327870976
0.12004522109226187
0.12403107891712124
0.127989495928759
0.13370169383959435
0.13960010082020796
0.14192145963411598
0.1470076030913233
0.14961618466181906
0.15081908570882302
0.15373301175623943
0.15562326659315423
0.15720295538092588
0.15817827386567024
0.16006572872554733
0.16367936593420224
0.16411127057239344
0.16447341305429072
0.1608235401334866
0.159460114154744
0.15638574398398464
0.15504299056810095
0.15207904246193552
0.14994213349165492
0.14821485172228427
0.1457211344114547
0.14269202606734419
0.14202670239319343
0.13972370536517556
0.1396228526656622
0.13879918061082944
0.1368836653135877
0.13643419644964486
0.13534285768205484
0.13478467818176437
0.13327023269649563
0.1332450905846933
0.13349302758408468
0.13444334868749586
0.13360042462165056
0.1350840699883455
0.13845513536701948
0.1380352442632447
0.13983091465832465
0.14043297505606098
0.14134046668218597
0.14350546552239382
0.14309808214238115
0.1444400063976169
0.14531610718983448
0.14499644701126865
0.14494853191736182
0.1465953692852052
0.14716598298628342
0.14617820060711031
0.1437046331277924
0.1436721442826009
0.14207159495409152
0.14292795187099078
0.14166118218568644
0.1399560963457136
0.14072667993160284
0.13910090330162048
0.13912584634753478
0.13849090084652313
0.1385722396254364
0.13937136634000097
0.139415362337396
0.1402174204366436
0.14227460373652942
0.14381861773000149
0.14523205669363687
0.1481656857322652
0.1492744948107362
0.15412445231188762
0.1541906925603155
0.15354797622973312
0.153427474660462
0.1542820676186603
0.15372074804955133
0.15243046454430198
0.15347968959963926
0.15679662069349581
0.15873124231120753
0.16143043566867155
0.16177101371078767
0.16295002594146646
0.16288386808128918
0.1621669683889286
0.16033407901978236
0.15844434220622283
0.15562633095914585
0.1537608726477409
0.15289989491579942
0.15224771500304893
0.15128730557032172
0.14923451817017983
0.14696937997855458
0.14490502341383055
0.14380756850149853
0.14327883826442459
0.140340299601459
0.13929173372959483
0.13662456990366234
0.13633423862106683
0.134808529406611
0.13565494970800046
0.1326991025580887
0.13153128256763594
0.12975561498454097
0.12762986124246778
0.12603543200265183
0.12310392690233192
0.12225627358365636
0.12152347904130785
0.11873324058319792
0.11905835483956566
0.11743494467528201
0.11534950426772446
0.11539041105215024
0.11514468103823217
0.11688935780987968
0.11768116479589492
0.11897817419915149
0.11985062101323082
0.12051127013936447
0.12184214863129114
0.11770608585230276
0.11588701860039807
0.11190439237634617
0.10882782203957411
0.1070647049462933
0.10675248834145896
0.10850488706237774
0.11003903306657137
0.11310674227906567
0.1160606995695634
0.11925693539618172
0.12813445672963192
0.1316834141122025
0.134160394325672
0.1327104262185715
0.13320827442551025
0.12580458763159957
0.12345905211460084
0.11935110021612931
0.11726968451029382
0.11582467250533401
0.11244138779212154
0.11094042231174805
0.11321903497419006
0.11386916217199625
0.11999413472394682
0.12630371077415462
0.13013838700801036
0.13484920730343192
0.13753614535617292
0.13948744774842364
0.13511997486735555
0.13292160292873806
0.12756345182008458
0.12296434542717634
0.12278132882105235
0.1224161730315024
0.12303677751760682
0.12359712103250546
0.12338654651519106
0.12306089844018568
0.12465516371584864
0.12512178193180298
0.1264497572622341
0.12892231773603377
0.1321363437835294
0.1334607329673063
0.13681372967701894
0.14009789277177653
0.14448786555939305
0.14796383304822766
0.15203214665339382
0.15980945999378304
0.16538193492785175
0.16774242709099368
0.16720388919321066
0.16629721058649355
0.1661860258320902
0.1639234376651077
0.16150755399494177
0.1598784709426372
0.158011193125611
0.15712976904897719
0.15581811593620085
0.1517714652210163
0.15097362299494488
0.14753433516376988
0.14385941339500394
0.14151267002747622
0.13842926060792465
0.135768875378283
0.13597290255656796
0.1382181267842395
0.1408356473631502
0.1427990933021664
0.1446058629165133
0.1455566758792812
0.14655665975840027
0.14789816085530771
0.14942419432546122
0.14880783440234435
0.15068944053851846
0.15398415845164956
0.15611005516207477
0.1564343463883497
0.15679523936367032
0.15753948391583572
0.16025161227655907
0.16010641538148063
0.159162449344169
0.16037988163013722
0.16200985711623653
0.16313561921055347
0.16392241547820746
0.16306910820089154
0.1628584501568305
0.1621795080156196
0.16015823707771082
0.15836823816345771
0.15473353366038867
0.15373665878730472
0.1530508882762104
0.15128641349493185
0.14987854557822444
0.14866904455892327
0.1484353242891469
0.14693410572243257
0.14480512923209551
0.14249393038791466
0.1391174018222396
0.13503633534834616
0.13445885493548465
0.13359209483492748
0.13595681213609398
0.14091235331336444
0.14542490455049942
0.15046740076089188
0.1543948824004711
0.15802511242665424
0.1631042181201223
0.16463823489687562
0.16482028614942168
0.16343742381108545
0.16293679476690373
0.1615424711789817
0.16294699621492786
0.16480469979560491
0.17147060211465898
0.17689689224072774
0.17912158401199885
0.1763176770801574
0.1760309333145466
0.1738464522206607
0.1742115023031316
0.1733893112191986
0.17305398867322902
0.17528014120188903
0.1749329941474508
0.17553888903960763
0.1742664364600939
0.1721293853469551
0.17113272776536292
0.1674795008849316
0.16301284426899457
0.16158883944747496
0.1583886639415385
0.15754756891091454
0.1556313885306077
0.15188398543457368
0.15231851725435686
0.14813479270364105
0.14380580281121713
0.14199207483767035
0.13925891725067446
0.1376633049920182
0.13831406410927635
0.14181069383696254
0.1481596911610833
0.15042679788796626
0.15144116576952132
0.15432034849943627
0.15515183303326052
0.1599044258489515
0.16172357727673123
0.16368290799411733
0.1636189371415779
0.1645576445220624
0.1657073162887208
0.16435587068486004
0.1626926859556283
0.1606995294358574
0.15629562710360037
0.15069502927562636
0.14758995094334687
0.14312072152674435
0.14194088174494154
0.13929763341656337
0.13882710445737206
0.13821207880620495
0.13900059360158892
0.14118097764772178
0.14493388032249532
0.1469630709966016
0.15477583684127233
0.1569479110710404
0.15797962682102154
0.16410290876137534
0.16820593935366376
0.17150960888626324
0.17454980526599329
0.17687744155076296
0.1794021929372569
0.18027000495678266
0.18021679247008915
0.1802692575994438
0.18040513602223113
0.17941939110324645
0.17897754352796644
0.17943424536792743
0.18131910042360877
0.180323330715793
0.18116955527440642
0.1806093809422066
0.1802351496686815
0.17930205663448923
0.1785037259376664
0.17690957111356553
0.17679838876031764
0.17549064753521848
0.1727821736440299
0.1689199056535858
0.16503579070826663
0.1612779976563283
0.15540641540627567
0.1543273923232648
0.15262133628496405
0.15332497140609
0.15100393205544035
0.1465886864595034
0.14179106660189275
0.14081190185062561
0.1399539785525222
0.1413451291801929
0.1429338562383323
0.145535145228074
0.14907937934419993
0.15325618121865162
0.1562964989930017
0.16260410067753361
0.168302840876028
0.17407517757186367
0.17605350863670172
0.1785990286190267
0.18272308666440568
0.18377744983051394
0.18538520289951813
0.18724850679197955
0.1883380650892638
0.18840076538158407
0.18839304080193536
0.18938960716185776
0.1867205540083557
0.18555786604745583
0.1819733476308392
0.18098556139248353
0.1803215909725049
0.18151336366220966
0.17965815800095528
0.1808820101489525
0.1826111987645851
0.18403428114749215
0.18457030155675752
0.18241532219716713
0.1812326653314203
0.17989244609438687
0.17713813264759817
0.1727986920849655
0.17002133256744836
0.1650697212934813
0.16020022158910632
0.15451285119887503
0.1542711482397827
0.15390654129326828
0.15414148008109305
0.15516224906362447
0.15298244159029623
0.14832945054986013
0.14274543404562018
0.13763828703607087
0.13650155579305764
0.13684619660997704
0.13840909142193183
0.13931563674000422
0.14133895393438659
0.14801789571007892
0.1524330928025794
0.15206205169679848
0.15190937019317666
0.1497114080711971
0.14429642157914263
0.1413790481577835
0.14158553615742414
0.14413438980791676
0.14352725641321634
0.14269255974243236
0.14216920281466291
0.14294290709761498
0.1449117697916436
0.14684631965847464
0.15023780216800406
0.15478188591409175
0.1547410432680148
0.15601715363407392
0.15981448215707922
0.16537657169713146
0.1706510339062747
0.1731244912605231
0.17320394330504504
0.1745159941920103
0.1784884032258052
0.1816514736225085
0.18514147317531665
0.18559348717649113
0.18692215084499775
0.18582116803702126
0.1831935358505648
0.17939460055777923
0.17329864257873193
0.16955008380785994
0.16410717064311053
0.1597429330553088
0.15854091711573293
0.15563392420287242
0.15799606661237892
0.16437367865277452
0.1697336043400756
0.17301643485187415
0.17964565314939437
0.18591858016126947
0.18937075726715408
0.1922528449739588
0.1939474620454948
0.19564273061317733
0.19621958402816322
0.19820296538174725
0.1994158103129034
0.2000987417451295
0.19933277097219543
0.19938595736000805
0.19814373231613305
0.19527664192046684
0.1948641005398775
0.19468169592183268
0.19630912594991065
0.1953246214315943
0.19489495082606548
0.19638828744918685
0.1975746114263933
0.1965960937298436
0.19788363252262767
0.19730789939590704
0.1956352168794997
0.19367127696649974
0.19070450322860527
0.19061145791808298
0.18957963615442797
0.18912575581840213
0.18870245831389965
0.1873126453400412
0.18439429291707982
0.18371571728376973
0.18253494646836257
0.18143185313016025
0.18038671670877662
0.1803228353360104
0.18052132699067502
0.1825043742607654
0.1820848765718162
0.180253346051331
0.17975184347065615
0.1796435233646191
0.17918677191102894
0.17902938879639776
0.17986740577134988
0.18100962774989648
0.18199635457353183
0.18756768055267864
0.1917499108642196
0.1962815438259723
0.1978240409044018
0.19961124421041912
0.19840827266347866
0.19605808175753245
0.19419240514040875
0.1944525696085866
0.19384918727274275
0.19392981725022873
0.19761899157916157
0.1996851531380818
0.20406296094992174
0.21047161693677935
0.2139588142642296
0.218311372940507
0.22272543121270783
0.22383683897265874
0.224731716821585
0.22554699853322294
0.21847605269565404
0.2095989402734059
0.1977655720752715
0.18841212427310194
0.17966447575064345
0.17476036824539184
0.17099921127391188
0.17112301659608253
0.17234851714942412
0.17188872954414408
0.1735750019044237
0.17677231287314782
0.18093012824278779
0.18358731050392935
0.1860516269660063
0.1845502187438591
0.1802570538933294
0.17788170653257038
0.17657236002651125
0.17569781262144832
0.17640613456196938
0.17881460601298468
0.18163025277699243
0.18081965601847622
0.1798822696020385
0.18183942260936298
0.18306709605593902
0.18290440454064721
0.1853557138224225
0.18490495237534016
0.1820556004607896
0.18504893071841225
0.18927857265902678
0.1940895771114095
0.19675242971006943
0.19613554648063442
0.1949839884974517
0.18884659691922207
0.18280652214048015
0.1809688978447797
0.17921472047128245
0.18079996749418228
0.18305638822893583
0.18554662720181542
0.18984144568044878
0.19077091761933296
0.1889239289360011
0.1892130173003988
0.18779228505118795
0.1889378727371054
0.19137581327053782
0.1932864152034966
0.1949951267489895
0.1957124755735408
0.19535693621411915
0.19444332624802987
0.1952909949931268
0.19340110132277433
0.1911456360294025
0.18922063352160048
0.18703073346540072
0.18558300741572514
0.1865738655509062
0.18687813157611943
0.18345390048163845
0.18471715983787307
0.18378217304707783
0.18375328531392957
0.18308455112481725
0.1860840441933084
0.18459727858275454
0.18388712146494718
0.18319571495203082
0.18367831664354087
0.1834966475900942
0.18390915796347157
0.1860702445954019
0.19227313255134518
0.19605332757912242
0.20114057532101662
0.20717112952369782
0.20857057799798703
0.20990931808661797
0.2118133399070668
0.21292990256344804
0.21310930498250355
0.21345412104930314
0.2103729029743811
0.20178524542442516
0.19536170563722538
0.18747899268049534
0.1833496772586352
0.18116715099109001
0.17655557578162828
0.1718674374300701
0.16513466697185056
0.15828863776832675
0.15575774042526652
0.15197434213395064
0.15184416189531197
0.15286139002837412
0.15112954228078218
0.15050899975073595
0.1467197901904088
0.14229671335819083
0.14002742465925694
0.13869266053148294
0.1388903265568454
0.14048071239198254
0.1403768859380415
0.14140415978899207
0.1433113755992362
0.1458703960622336
0.1472224209522031
0.14846483155638018
0.15199730081228227
0.15683224291429354
0.16154551333722608
0.16691714561918286
0.17378939213885672
0.1780945578137465
0.18077887859291267
0.1813910597608573
0.18354411426793582
0.1855084938435594
0.18525444714936762
0.18453072536819948
0.18352027048246117
0.18262634931270344
0.17560647256683662
0.17259619547127222
0.17147822365248205
0.1686502342283659
0.1702018381790032
0.1687390798975
0.1678086203441919
0.1708517173392589
0.1733614932119159
0.1766431356104822
0.18128143292847593
0.1847880325909653
0.1885572602163628
0.19296678047816418
0.19756347499668458
0.1987193625809482
0.19483522815890733
0.18469552033023098
0.1744747891342857
0.16496083163721184
0.15493854090733356
0.14955237437013166
0.14088326261128756
0.1351556851923601
0.13648056530565505
0.1400790708934901
0.14525443310606267
0.1504010078902084
0.1572284371466249
0.16433013939164193
0.16851745080363795
0.17107477226650053
0.17480547934957597
0.17628622049387238
0.17212178407257567
0.16848563020358337
0.16444524115127174
0.16039193996009288
0.15826340924559038
0.15656623363384262
0.1570912350489187
0.16087412023727204
0.16871057148334123
0.17628721900791314
0.18378014347493646
0.19179489779843126
0.19749035099646914
0.20785245622494092
0.21430362266770678
0.21668259445701485
0.2177517815821311
0.21944997803281824
0.22124790334500247
0.2194415830825399
0.2180448819798057
0.21430325789378973
0.21463865170101787
0.21398522590541463
0.2127748278189184
0.2137222476160435
0.21740769254852688
0.22054881012529
0.22199746826000233
0.2214534233927287
0.21616596193100351
0.21217801694548277
0.20633047532832852
0.19970502739773688
0.19554466426345876
0.1941660198601188
0.19233577344279412
0.18666534822951317
0.18244303791255087
0.17800197030744164
0.17686685789612597
0.17384449365821183
0.16884071036413378
0.16512357464349567
0.16075338286816812
0.15465131890145284
0.15252529926342562
0.15333373927683044
0.15205343116495545
0.15196453853382738
0.1513201957338176
0.15302882147977645
0.15642143690896324
0.15975580919466528
0.16104614467432804
0.16414697355390792
0.1657924865311326
0.1651023904843779
0.16443845656030837
0.16415308933817002
0.16112581805387322
0.15985483286585384
0.1595342610204326
0.15934425362296067
0.16108693785313694
0.15755682720527348
0.15878337419830837
0.1577248545221468
0.15963582168604445
0.1618669508744932
0.1643048361542994
0.1656436992976219
0.16761362675646105
0.1679563298414785
0.17204231941591314
0.17321401125157948
0.17392268469726138
0.1736835336175957
0.17506976058664275
0.17153991399773644
0.17067295139702535
0.17079285734001448
0.16944674138657495
0.1683139956740851
0.16655964938806708
0.1669330487374134
0.16791556670351174
0.1707765241398403
0.17429036364307787
0.17761216432937804
0.17925636078653584
0.1771925893159283
0.17134257783071788
0.16982377180446478
0.169457432073697
0.1686942692866263
0.1702304261547584
0.17061612559515002
0.1700949140899588
0.17063945974653044
0.17235772935811064
0.1760387734228003
0.17811544476845786
0.18154444838393324
0.18349012595548062
0.18518814573736928
0.1865409399427623
0.1878579459124139
0.18751575679771787
0.18913099555020532
0.18557242566510293
0.1850380984860182
0.18465027082743563
0.18482208680341478
0.18370333933974392
0.18134251086829006
0.17963824907540568
0.1782610902709524
0.17463728071773776
0.17228592361739672
0.17274885936662973
0.17278601873564814
0.1717600354600312
0.1715129164206965
0.16729708993932305
0.16414356242232797
0.1621637277778265
0.1544588732910114
0.1476729553443918
0.14478587475441335
0.136779579359111
0.13142818359646125
0.12685367430322553
0.12263613840471263
0.12469719492090907
0.1263476456477209
0.12784307608327378
0.1258213687853142
0.12322155308439726
0.11952365416657125
0.11697404666539717
0.11591373281595656
0.1132180074171462
0.11183326318090894
0.1152755685331767
0.12158018542472723
0.13131655371704598
0.13711969844561972
0.13629131788795726
0.13205819511417066
0.12806021501892934
0.1259556385846065
0.12348678827738746
0.12101344260031463
0.1249020530827182
0.13319036337127693
0.13700659327981038
0.13910856963378423
0.14153247458936338
0.14301216386688315
0.14935174458502493
0.15629787710387222
0.15861513173937816
0.15870101025617805
0.165320438409684
0.1666794290591708
0.16714956556221586
0.1703869569808561
0.17059307692114548
0.1730653109080239
0.17322505242184855
0.17288979719903413
0.17526626573621867
0.1769796129808696
0.17834917570376424
0.17780772016608554
0.1775605920903131
0.17666869134749286
0.17440570002500552
0.1739011340891058
0.17207600119962504
0.1720831039753269
0.17043571061711063
0.1720874082534235
0.17385396943280138
0.1754991207668815
0.1744292136647941
0.17242342126265214
0.17031131053662277
0.1693915241086102
0.1697364061898163
0.16894336632466816
0.16677916742866578
0.16749735871995028
0.16816596426347696
0.17121406388879098
0.17544747392482934
0.1780885170736099
0.17959882074167205
0.17966887173378027
0.17620053911361283
0.17358295799852524
0.17199707907851736
0.17031651116338006
0.16792170842406648
0.1682425597626697
0.16566194449053545
0.16161436560877557
0.15728497839172068
0.15459188425618758
0.14969018542915125
0.14672247018566148
0.1468871621878827
0.14786839570132526
0.15033660633681073
0.15188503120986693
0.15122892603052812
0.1508639467294998
0.14898235717212124
0.1478893323102312
0.14852146307637695
0.1486092230707125
0.15073376424237567
0.1491375720697701
0.14404368541408086
0.13731406445669855
0.13534521432722418
0.13423315927273885
0.13470610710436653
0.13595866475440985
0.13850468372793454
0.14298862933961634
0.14493983735931104
0.14847245848045376
0.15159168286892194
0.15761337765054445
0.16532409984333363
0.16971778837546936
0.1705159586828361
0.16986445272172493
0.16186093234730742
0.15679615314921022
0.1537605140350462
0.15367424381408318
0.15266417387251757
0.1513391935175699
0.14798348259675326
0.1434364680183527
0.14179092897592876
0.14568615946386448
0.15333908571989313
0.16050257655721306
0.16110861416890723
0.16010522583436415
0.15755156033589499
0.15396007152977537
0.14869620460959257
0.1457059495437616
0.1391916665707695
0.13083986545690607
0.12123776057900401
0.11981262496386227
0.12282336141211728
0.1253591168919439
0.12932448375950595
0.1335290345159669
0.1359124746009523
0.14075692412590604
0.14668657505443364
0.154965809500857
0.15931094799809023
0.16758277126497703
0.16863139120786425
0.1703649825627013
0.17354979270936974
0.17161074441481775
0.17168927805577852
0.17078245764254724
0.16986113158534286
0.16847223187589555
0.16990792798952847
0.17186193400654834
0.170235950393502
0.16629788666743867
0.1644476974203273
0.16287179804318344
0.16150181858724255
0.16358410235562715
0.1614384632016589
0.15185902812094623
0.14863488921163398
0.1476845505601158
0.14989022496473434
0.15104413730450056
0.14915885860837017
0.1491863595554261
0.14987608902709246
0.14804500115260616
0.14850410544601317
0.14986269540610495
0.15443233210788385
0.15690198985428477
0.16117172506196203
0.16489764880098828
0.16974010533915798
0.17293697097265437
0.17408413068337764
0.17597558867467816
0.17399241207495023
0.1707806084813851
0.16952410442545413
0.16741556403448155
0.16446091102793725
0.1629111363471967
0.16168613358098768
0.15912911103100508
0.15707384019593923
0.15662983598154132
0.1581309081829617
0.1591154491768273
0.16093691588396616
0.16360108174036686
0.16696617439181202
0.17350260206977255
0.17773754737612024
0.17764398424884398
0.1790360970244331
0.18256347158033176
0.18547056435441892
0.18844321381932175
0.18955104953050203
0.18934527243916716
0.19173906823755443
0.19631846817950918
0.1966048450803398
0.19885075923138512
0.19907491904571967
0.20009885248291756
0.20108442403978347
0.19934536528020616
0.19611592537312802
0.19225030714971933
0.19248829492421776
0.18854662593506785
0.17921728448470395
0.17613922435478316
0.17282196658108084
0.17350776313615573
0.17273735777922633
0.17226272804040182
0.1707937396167996
0.171337195703341
0.17188204006793942
0.17002335932169493
0.1708281214075274
0.17321652877924348
0.17626222240068495
0.17484159725560228
0.17430784849395548
0.17337235238098514
0.17371395530604344
0.17643404385616238
0.18105774993925272
0.1832531636266255
0.18777882203149404
0.1903889779432026
0.19258417755894108
0.19318080408092098
0.19650955044852922
0.19788782848671888
0.19439083221559736
0.19039019926041914
0.1867566548079771
0.1832759356640074
0.18132217221047406
0.1799578447351539
0.1779702728903138
0.17650284299505822
0.17675333092980267
0.17695800219150987
0.1803912315588007
0.1801079900556528
0.17819675048767336
0.17653390363847157
0.17457625479888184
0.1712118957240385
0.16889281636389805
0.1666329896746544
0.16587593381162166
0.16502557937813225
0.16532002355713207
0.16617415058281956
0.16633398636456437
0.16655447509055224
0.16695612462377213
0.16813250675125557
0.16814325000448113
0.16636919267423503
0.16681589147867995
0.16787118450995825
0.1695160973003562
0.16702899503835042
0.1653279510453839
0.16358793406516364
0.16298328244904456
0.1648560084437802
0.167012492144311
0.1675331093740966
0.16891475643258685
0.16822937462437076
0.16796146680195953
0.16978854993418285
0.17203813036848253
0.17607903616325854
0.17944837101196254
0.18468911813370292
0.1875585664736428
0.18792477994161835
0.1885874869774758
0.1888288878652269
0.18597693629664896
0.18381129430366044
0.1797783893842012
0.17943176929527674
0.17771409752650263
0.17811322492983445
0.17784740769460683
0.1791922459587057
0.18121793003345726
0.1821026784349296
0.18253983639747234
0.18368188647910086
0.18585611535122218
0.1874851292667649
0.18799511314002243
0.18916114526996522
0.1881371036556288
0.1843921939365088
0.183940129150052
0.18073376564656418
0.17602955328334863
0.17236683111344148
0.17059092931986344
0.16968477767066834
0.16936331502510726
0.1681743501841563
0.16878988829884717
0.1685979469809022
0.17034794892098545
0.17064979345871856
0.17233495881115118
0.172486926344583
0.17270385625527748
0.1715125969889175
0.16952071678751873
0.1699121675130097
0.17193601290824861
0.17194281969248526
0.17253087198736355
0.1705515740159868
0.1703543991059445
0.17003851707839585
0.17145588731715067
0.17128383655909005
0.17163559872342254
0.16961538174895954
0.16990689161908124
0.16967943145649197
0.16891964109856808
0.1713457738821445
0.17425322544110372
0.17426215191112798
0.17436115504026115
0.17457848327102707
0.1735794332475172
0.17688924271926443
0.1773652019161846
0.17922529820003874
0.17945041192465533
0.1770119787301198
0.17544440519560156
0.17424473619969777
0.17205570366888984
0.16681229272717565
0.1636746287453819
0.1603556734888722
0.1578577655998018
0.15447850482006648
0.15291818633986015
0.15277527615941416
0.15279259271555481
0.15382969237901217
0.15620055568348507
0.15391517393765666
0.15183405040104353
0.14949292048263393
0.1486622919825445
0.1496420106901654
0.14723721099619264
0.14910914304194012
0.14875744078681774
0.14719791807035315
0.14697196227217602
0.14727840160392325
0.1474194471966905
0.14899805379600134
0.15084663587695984
0.15360591095574933
0.1539244274338663
0.15654964056087162
0.15557891486087855
0.1563086990594507
0.15612122707370107
0.1563787393877665
0.15961479333991796
0.1641427577740693
0.16582996865540672
0.16725551813787126
0.17246240271472377
0.1746490501215731
0.1801217194725926
0.18015243138669973
0.17512237180852055
0.16918398826690118
0.16603930330931577
0.15933713218721884
0.1551944950280747
0.1548968979083333
0.15589273300767267
0.15623403691085908
0.15731569755261737
0.15675924733810806
0.155099545694038
0.15182741693229876
0.14724560781341356
0.14985045753575427
0.15095842215332483
0.15620894456095752
0.15834261133122823
0.1581424945854327
0.16109749280995475
0.16192582593841492
0.1658531825006296
0.17039811650443767
0.17230955903021816
0.17726207880683192
0.17666705638126687
0.17667264789696685
0.1740382742813229
0.16944051486865946
0.1686434357490219
0.16542975449002356
0.1630420176329386
0.1590593265003287
0.16041163654563292
0.16151606560171095
0.16456882204495069
0.16616478198039064
0.17124285218599145
0.17504847864960565
0.18084268306545734
0.18558489424571847
0.19013407961554443
0.1927404506328978
0.1902378186532365
0.18700847963858638
0.18023329508968974
0.17496808974638473
0.17361076015497073
0.17331769225157773
0.17250448882405703
0.17180515695089704
0.17240173231110026
0.17579612821506554
0.17897217955965697
0.18213894181842905
0.18545338746141077
0.18591681582558917
0.18666833366391355
0.18810671100381188
0.18842722471020806
0.18898070724762256
0.1894503252158364
0.1920817067682194
0.19044968960257577
0.18907725143068008
0.1876865958015444
0.1871668344420266
0.18625203144168717
0.18508269653499845
0.18433941275169738
0.18571855100288615
0.18528693453716735
0.18620448102219306
0.1844758476142704
0.18228125281067736
0.18153349706196728
0.1804857137151551
0.1812710059734265
0.1839214506178287
0.1877452869217831
0.19125564494564554
0.19428417715896212
0.20168974105473053
0.2073038413469957
0.20908341474702485
0.20886004139192083
0.2067585521317779
0.2036489269071516
0.2012015282992472
0.19731221731080595
0.1963366842001883
0.19602740117693965
0.1968503013386704
0.1955833102588094
0.1981907804856871
0.19554932380427076
0.18827447911704406
0.18271071343142342
0.17958214001880918
0.17788847120345658
0.17431913840167595
0.17475405726757529
0.1733038589056286
0.17132442594529224
0.17159961385879624
0.16960665360832103
0.16780747952256575
0.16548598504100437
0.16326251083443905
0.15151899128023918
0.146154950694
0.14092500724410364
0.13848215521432788
0.13749808452451634
0.13684291962781653
0.13556299038401382
0.13860040299008605
0.13901207262648724
0.1424732264723992
0.14573550558324555
0.1490539778210886
0.15079281077473602
0.15363504917124665
0.15679302688782798
0.16266996562750508
0.1726555835676983
0.1772734690660858
0.19125019718562136
0.20133305235917534
0.2080258024642026
0.21049425996734344
0.2136583782904014
0.21328145203659035
0.21322474755735077
0.2126561612941617
0.21225410033754807
0.2118458349830282
0.21131352048404128
0.21232559234068232
0.21350484182851098
0.21427636018351182
0.21826350207441006
0.22447970747813778
0.22607512630574872
0.22684669938218716
0.22432429272092133
0.22120207672081618
0.217928774280913
0.21267533705150043
0.2143542335785588
0.21263198532275399
0.21494332548072217
0.21434880229070402
0.2136985416297829
0.20896888998131874
0.20769918162070206
0.20088749767326802
0.19615494640495307
0.1941337054816868
0.1946560311433091
0.1960581188864588
0.19981356744479056
0.2001372155311679
0.19807034319428002
0.19339783074911596
0.1894639009169498
0.18920919923561585
0.19228422257078884
0.19496206156609958
0.19601887837892193
0.19639277207088082
0.1956413377959217
0.19368866489186595
0.19175658489073702
0.18809119572291863
0.18059354114493892
0.17994461777925363
0.18054901333416307
0.18243058963320827
0.1846997910942924
0.1834823188045563
0.18407538734390577
0.1837337631197245
0.18196988605334763
0.18389229579613675
0.18461938510190531
0.18495029167884108
0.18509371706303182
0.18601643256704953
0.18663612550630193
0.18808751862258455
0.18987820390731733
0.1921958171949349
0.19454981254691192
0.1979840394249472
0.20155956123987256
0.2043549296064282
0.20554463596484962
0.20879314754267514
0.21306241223514885
0.21490619569600972
0.2179169056575347
0.21768663777418712
0.21517353796655794
0.2141471513548773
0.21376812208648377
0.21141263754973472
0.2111866262889866
0.2128367056388111
0.21538730394023092
0.21898120522181125
0.22252756337023244
0.22480598204619756
0.22524490544606807
0.22692406546820548
0.22846022615791917
0.23029532761215493
0.22977083836771506
0.2288157695337878
0.22911919092245583
0.22780174211941145
0.224190238617535
0.2258524832531791
0.2251314841069681
0.22593408214635438
0.22786589012490052
0.22715784361000058
0.22825398476118366
0.22996266024718093
0.23151900445082668
0.22612285359864698
0.22542915593096025
0.22347203390107823
0.2188155144796255
0.21490362459461698
0.20777493726530602
0.2049387986873948
0.20216752423356935
0.19787649923237863
0.19557573250941993
0.19508793161260155
0.19281211647599888
0.19093163528911747
0.18942723026444605
0.1882380895756423
0.18469907465689944
0.17990005927574898
0.17400739337975465
0.1702090812530081
0.16585522413595294
0.16291736430097511
0.16017618098175612
0.15768204673902148
0.15731394550098549
0.15793024292867627
0.1605921303955306
0.1617063098689419
0.16462142983501488
0.16730391703455164
0.16967086736078568
0.17014416947237923
0.17306794237919917
0.17564171718680652
0.17960127655841687
0.18447520811218507
0.18713387794244793
0.18658522735293478
0.18294298449945062
0.17976900897448195
0.1759889739902652
0.17210740952874418
0.1720570491598466
0.16798886225721427
0.16465505320020848
0.163664437044959
0.16168337613846306
0.15807214425129107
0.15581454205721554
0.1549215311327961
0.15352269986368103
0.15438647564644453
0.15774386925853506
0.16439705445249198
0.1680316311469529
0.17286355934358708
0.17750546840823853
0.1791597589107609
0.18269201907203148
0.18235088393477475
0.18231823855154933
0.1799051685261818
0.17331715695761934
0.16436122059092279
0.16006777820819193
0.1569187485681256
0.1566011596134401
0.16008476535652524
0.1592922769122378
0.1628490036278298
0.16787002834277254
0.17052206728768168
0.17141901310994895
0.17375717702824578
0.16851528509387712
0.1669212112115957
0.16750808430262423
0.16767652677175243
0.16818372909798
0.16831743946548539
0.16622629372099187
0.16607794042151663
0.16486815791890083
0.16472001386668697
0.1647896363029948
0.16431615823566395
0.16041743688636312
0.15913485011724704
0.15528418887319057
0.15049364908473192
0.14614125316976317
0.1440965109372813
0.14182866133245828
0.14044009499372095
0.14187423133467178
0.14421973839058527
0.1498963836547753
0.15725424032410168
0.16316352745624
0.1671076324501765
0.16888786433906272
0.1697791727995513
0.17087919446084904
0.17300152946295655
0.17493605952032049
0.1759124293114071
0.176954461277286
0.17799167318709935
0.1771726218806716
0.17691196538025966
0.1802679789342269
0.18401713862037183
0.18546081175214651
0.1871123069752896
0.18900456482015687
0.1913549859409783
0.19314100467330456
0.19420929068255954
0.1935959315427909
0.19271344869940008
0.1939883891955751
0.19240781184973493
0.19403327371204915
0.1965142190260648
0.201970430256398
0.2032713642595211
0.20035653197293296
0.1984880832954265
0.19140460242774432
0.1873118812435169
0.1842194558285572
0.184046789882146
0.18628831154344422
0.18709601821493765
0.189770713365989
0.19203631313632488
0.19451911848928377
0.1990793235998023
0.20089691004084803
0.19987347456625865
0.20095355351180694
0.19650606356275288
0.1936014862450909
0.1926988968370494
0.19345480437284676
0.19595232721742345
0.19751690901290542
0.19668875074873804
0.1938245331482504
0.18863972401715717
0.1846603716733172
0.18135546975468173
0.17956315966107167
0.17955876958103084
0.17714412707252805
0.17499653620410532
0.17500277750402884
0.17597065951494842
0.17466120379534028
0.17563657308912672
0.17583305522431625
0.17473563007672302
0.17473082797525188
0.17128915340460543
0.16661024812398478
0.16288182638014045
0.16243486641779067
0.1649989031668658
0.16853466948342313
0.17343911367128828
0.1770132425691054
0.1778574139444514
0.18023201980880071
0.18291098316500995
0.1864400336386248
0.18906692800880184
0.18939058185220822
0.188245757328033
0.18487107993520815
0.1819681204021955
0.1811634976799277
0.17654249782540538
0.17611689558142754
0.17304101558980292
0.17087517499340038
0.1678133464699822
0.16561238518663085
0.16450202032833447
0.16479568938588304
0.1649323752502762
0.1671382637749787
0.16888587663598958
0.17002769329795392
0.1719852327796399
0.17226383238685078
0.1731631384188556
0.17570699505531084
0.17771212393058497
0.1804280416323818
0.17961228649922817
0.17705929682345906
0.17050047814216676
0.16429196117460082
0.15916731438824058
0.1571732956275107
0.153720840221762
0.15032879426796425
0.14961145510209592
0.1504328971136697
0.14651031620387395
0.1459191176406798
0.14169122699854536
0.14065168669208794
0.13766978822917525
0.13519985793042053
0.13387165675012944
0.13266870036376227
0.1316860490998255
0.13299794116058986
0.1356513211983825
0.13649720193912115
0.13497424335436772
0.13503985823705839
0.13389819933835495
0.13536014440801902
0.13562948540860909
0.13506054636102907
0.13405883424655013
0.13371254086694803
0.13384496271007534
0.1347484494985431
0.13607106438590383
0.14095991388934279
0.14075172444070208
0.14358400531896115
0.14350918829060655
0.1427562421293538
0.13622025115996667
0.13368795301562506
0.13147320473001342
0.12702840861649353
0.1239885260655963
0.12010078133084386
0.1174151376442552
0.1174224712896215
