1.8722255688928662
2.024018702687351
1.8151312498095407
1.6205000590996528
1.4682763387187503
1.4227519519635317
1.9491718911215787
1.5202578296306097
1.745480995122113
1.4917446566318764
0.990090605161081
0.988700465165696
0.6625701879400359
1.3308361316881587
1.1049445432111715
0.7646752660168177
0.7721638299274504
0.9697406748953733
1.0929292477912456
1.1960359952115243
0.8080952364780388
0.8101685956712659
0.4688946704405308
-0.7912037969211456
-0.9137407236859638
-1.2173443369512122
0.7842162135984543
0.6624016071452252
0.7122250099443352
-0.34207871824476405
-0.47584862601861855
-0.2820399962605106
-0.6155544388709807
-0.13076645991132277
0.1567263753480236
-1.1649005186962602
-0.7948705468079902
-0.17055021294856723
-0.659993094558362
-0.50386478437097
-0.08742200857563226
-0.4134906766523303
-0.12757169418939932
1.3523017730200322
-2.3105453592953524
-2.0882478945610763
-1.8522941124207435
-1.8551022999319036
2.566797173236763
-2.6173867179791026
-2.5204489679742883
3.05038418096183
-2.723807623719989
-2.806634721507889
2.9827254194301536
2.1885383809445886
2.1678693935111357
2.659417529227005
2.8783245128874833
2.970357122955109
2.8838328084669698
2.656636321219972
1.8183094880048312
1.3916265372789258
0.9656754025803704
1.0359985225721973
1.3176546388380772
2.091627278425616
-2.863536453518746
-2.978568522389046
-2.8303044152639845
-2.775586010656538
2.7259606271703842
2.924565781400118
2.6291016317693576
-1.6546516448427417
2.836144952565143
2.8846571545159825
-2.8540803464445283
3.1370309364540176
-2.9865048877910296
3.1320944038568066
-2.795121285039661
-2.992832888795107
3.113291418251089
-1.6004894763894597
1.641732391143206
-0.27332284055607275
0.010078420870307967
0.19259150562839242
1.7620729773109176
0.45097631207523287
0.9654361689033075
1.9127822527075955
-3.1345962664412825
2.9775778676571143
-2.39151925151037
3.0521399166859036
-3.0368487991926907
-2.059383125045408
-1.6442684873918263
-1.8083128936309811
-0.05391404909960213
-1.8623099285656641
-2.42669047884655
-2.382785996529153
-2.516762835279406
-2.1734882845945864
-2.304048631629541
-1.9950274796299676
-2.1936654426044493
-2.187090101997333
-2.3746342979824027
-2.039801492191514
-1.8690182470194736
-2.092004859091415
3.1078340658273116
2.465589869079185
-0.7955257447168752
-0.6730650405802445
-1.6677684247885602
-1.7229462682153853
-2.093114904418937
-2.2813548337287393
3.074579403259026
2.7655695488600425
-3.0272536848292124
-2.551667375901344
2.5938309780859874
-2.9109000504320566
-2.0899719583201644
-2.92740046309026
-2.1773183172133708
-2.66043757944656
-2.708088566145885
-2.859677182240068
-2.813472248038696
-3.0639299426988713
2.9416072970063905
-2.751389649880541
3.0825675051013652
2.7110579226612854
3.03456564432171
2.993129623868504
2.796693317646626
2.870239813459148
3.007515153615054
3.0798624796542216
3.0582298898698648
2.597733626660647
2.8000876738748106
2.1878183080808182
2.052406067846875
2.1276142762497203
1.997273454145179
1.865760991783207
2.001461751502668
1.729997366249169
1.7109042389564317
1.411114154350613
1.4029633190002437
1.4609156968299097
1.341833244190137
1.3564460378553127
1.3021356005003937
1.135701160281378
1.1477359741256437
1.146122099049548
1.16482275882149
1.7585318282894933
1.494511764900422
1.6096291306567945
1.2970157197079684
1.6573135938923034
1.6262908926241064
1.4746131094537813
1.2601150752822465
1.603947350899572
0.5255234033653199
-0.709894689951448
-0.661154581257117
-0.8294192715768479
-0.7944567320637704
-0.9625339578940564
-0.8967328264529897
-0.1396056702069536
1.3242255637493323
0.26169626534678775
-0.573727877531376
-0.6747665202546373
-0.9370740503667956
-1.0320185712888146
-1.0108558783687354
-0.8583739240728316
-0.9125290827281497
-0.8807723832729907
-0.997622401417724
-0.3717308268028507
-0.8081856441363628
-0.7740687400332702
-0.7781960274879591
-0.7107755487064782
-1.1792615855871058
-1.2325514643001245
-1.0045619794093585
-1.1927800556775945
-1.1591563452232223
-1.2562458939592391
-1.0621238588583766
-1.2125465185889117
-0.8310746779683155
1.2753376380952306
1.1267196713826195
1.0854813192073876
1.3475180221696448
1.1392926997146713
1.4268750147682137
0.25523604454715015
0.6454979741617588
-0.5818957849037084
-0.29463659535097964
-0.14269129154040913
-0.11835000647509729
0.06063173964991961
0.1252665324250734
-0.049930308647320655
0.1095910607722846
-0.08735020336322247
-0.25925181161948985
-0.34031681307402734
-0.43585195060476106
-0.3299559080518431
-0.5172316050837448
-0.4766664632110029
-0.6608483703499797
-0.8486324150746783
-0.7909019828046112
-0.808513991508657
-0.7747809977431982
-0.7438903604854721
-0.5405276388451713
-0.407715967653167
-0.7974450708306863
-0.7531411894639802
-0.5816559495669346
-0.04828153152365409
-0.5955788289373366
-0.5404972018502924
-0.7676624958290175
-0.6192470035299952
-0.7650640664219994
-0.8173208919988577
-0.6482116323324433
-0.604607347650228
-1.0672117227423756
2.345163160496838
-0.034462277871704465
-0.9451535676261511
-1.3877609607762598
-2.224761560687796
-1.8291518537176483
0.5676278222430837
-2.4304825363365588
-2.4986371439744666
-2.679923642518647
-2.677294610089192
-2.3910794697816646
-2.391685084382146
-3.0123139265599526
-2.569930174928423
-2.3692189718704686
-2.6943196529021134
-2.1959787743079664
-2.266268363916421
-2.3534365185425314
-2.239646905215497
-2.5797200302852556
-3.118165059030785
2.882436463790523
3.1306635948815678
-2.8319074998997937
-2.7200485423137395
-2.724172192493125
-2.4002205747889995
-2.4983631570944826
-2.9103707052669794
-2.775212105936645
3.0558883612726375
2.899734191776932
2.7267513429745533
-3.0054157114551194
3.0888694194896207
3.0708572801680556
3.032577115414572
2.9784239898168354
2.8374184624737815
2.6813675569950983
2.725370186497082
2.710921090871696
2.4396995755913804
2.6857643893046728
2.4544479774016024
2.4314836481661906
2.2253285594170236
2.318574528486779
2.062715211062695
2.1888878408587242
2.1799133430991744
2.23658547286448
2.395096334680067
2.0982927628420227
2.176171684063936
1.8047812727151964
1.4738721637087706
1.9003275232936112
1.5680783259830027
1.4071522150428588
1.6092909364626304
1.6706641924035668
1.7607936864014309
1.7390765062747533
1.7193438899330549
1.540529225848414
1.3168151912198292
1.1630639852577556
1.1225277786402958
1.1830792252826066
1.556732682711501
1.5143808991262688
1.557393522644158
1.6527246576370376
1.4581493146106497
1.3447144017251857
1.3447119858632126
1.1344572014370717
1.075373871821444
0.9674290210069622
0.9643471774945105
1.154515376998766
1.0735787517584205
1.0489497471677902
0.7377965315722634
0.9163456546146664
0.9371779728565306
1.0161830545854438
0.9878368639037406
0.9276901253049261
0.9757852404944795
0.5262885236962779
0.45855370969406894
0.47566660881736833
0.22400908298109862
0.5122602614046344
0.7156764546032167
0.7416339801215268
0.5467099703259074
0.6786394191037678
0.5555555840474878
0.46403262369592574
0.28075119008348387
0.3910374612354675
0.3063941669789375
0.28541201993050086
0.3586334020780345
0.2613052911211863
0.11541821374024763
0.19290106466823556
0.5278534697139012
0.5516179333210403
0.6798127635771052
0.289432802459467
0.5106738706721132
0.3005278062740551
0.8201479972464384
0.26990414240429506
0.07605381745797021
-0.09731082639048894
-0.35000880518449984
0.29566803730854174
0.27060718671435496
0.0696588132361042
0.25882602648367165
0.015525873206948291
-0.5368825671916277
-0.4544172568718151
-0.5249863736493873
-0.5818157324030699
-0.30358299642493675
-0.4684337111831113
-0.3447700101675067
-0.20002765304842302
-0.031215547896003854
-0.5445557138183501
-0.7017586168497703
-0.5853786534217499
-0.5547584905066916
-0.6362451667452513
-0.4396761972707545
-0.3270746441919218
-0.2160190968988657
-0.4477229239057924
-0.683686334704118
-0.3767005919548845
-0.8526988798681973
-0.7428529601441535
-0.8163815451823396
-0.743847673793533
-0.6674895803806059
-0.3855774181610832
-0.5770590413412977
-0.9584447420707868
-1.1599839780748475
-1.1825468648776893
-1.2614089486555564
0.0765586909209466
-0.969639824947681
-0.9141678031419229
-0.8900225718740704
-0.975694301644164
-1.2394035224872921
-1.392782757242939
-1.1299113000108276
-1.6917809471763814
-1.8622232356080017
-1.4416980354064126
-1.7576191019469174
-1.6376608635891905
-1.4682432039785192
-1.6162902256350433
-1.455198975161026
-1.833170477043737
-2.0380358528316553
-2.310990536121988
-1.9013088549793948
-2.1610783171854386
-1.380978133264607
-2.0534560259912253
-2.0718893281099935
-1.6444625393113528
-1.719214716045251
-2.022380633762128
-1.7069420849741608
-1.9866667690471551
-1.9253435595591346
-1.8022337708784555
-2.0375717504606654
-2.4909181951623753
-1.8459880309044943
-2.4223985041323535
-2.8507051816193543
-2.425414723728087
-2.697366000190259
-2.6231611733437155
-2.7871566830165455
-3.045981466542393
-2.7579771073213286
-3.0243781995323435
-2.9816734504751166
-2.8786323914972467
-3.1003673603507056
-3.0819996280523596
3.078900282634394
-3.057967991311558
-3.0383563561443414
3.097718596079329
-3.0812404213092837
3.1101933466438147
-3.0487225060761696
3.123467229211232
3.03515454335172
3.0160712747551033
2.8985464983257048
2.752773821205726
2.5798330467978734
2.5207028006524927
2.287991058803588
2.346997080342696
2.1399734416341127
2.6248841682743316
2.4700835939380656
2.4153305469216724
2.5821163875374507
2.6866542562598426
2.748531314148467
2.7690694043827455
2.722134841118372
2.486907784854488
2.418918160003442
2.462701902092451
2.096723872095286
2.1720493879997576
2.248384852435591
2.25412387872432
2.1933778257679415
2.2005548904366976
2.115972199178795
2.221099522652364
1.9841713147354687
1.8741268108663869
2.019304140448368
2.03143482115043
2.089595700207858
1.031807930226298
1.1021209855559906
1.13725875258232
0.7609614209336328
0.6283461527719808
1.2738869511603663
-0.7937810157218037
-1.2119423347224954
0.4338139552359558
1.3093387344836207
0.9307807008217837
1.1965202248840818
0.5163468625523623
0.19005709598447607
-0.6846435801241842
-1.33190673151678
-0.7724704502711947
-0.7569769047459579
-0.6046298511124456
-0.45585048318783467
-0.3652777772499492
-0.5821118701534116
1.240589393236934
0.45583396880066407
0.8959728650638332
0.7737178637765237
0.6123722379552246
0.24343515378171687
-0.08436453580760993
-0.2565106681704954
-0.32028824999930483
0.0814394526832769
0.2718528796323301
0.727528080654646
0.8188759343108224
0.4302655445863574
-0.2663013768408165
-0.7677386310836265
-1.2217374884962218
-1.795657083456969
-1.6071581404330761
-0.6903377440471026
-1.1468774279526808
-0.8049900597559477
-1.4915517734408137
-0.8797356858571321
-0.9561354784149594
-0.37700807968302086
-0.8807427596175482
-0.8751578044587842
-0.8256356822118155
-0.5036028620795128
-0.5933260499855759
-0.5189234623208873
-0.7933771504703843
-0.629190962482441
-1.239722424485147
-1.1130990435488437
-1.1455920665762744
-1.1413778198918174
-0.6160239948802483
-0.387324624626108
-0.21641016169569227
-0.6610557247642914
-0.41504888864445244
-0.7879786239103291
-0.4780840140796299
-0.4349704980437074
-0.39020359983426983
-0.9186710354070589
-1.5293201475409597
-1.5305662379909302
-1.7877741115308048
-2.4194883249889454
-1.1995074508628272
-1.2342735615789122
2.7410762772656594
-1.711798492241099
1.9350220061645673
-1.8025470342390344
-2.7603201410066127
-1.4113848701136107
-1.6403581637896518
-2.8572324286447923
-2.1511972696970436
-0.816698606097161
-0.786714311723764
-0.9613026514494637
-2.2627653023241106
2.0970452340905235
-1.6673919505848154
-0.8905260403405576
-1.5923448531656716
-0.9308237433820271
-0.7684725118185853
-0.7520231519007642
1.1462354740356464
-1.5897881162019256
-0.16329959515562792
-2.382286142603132
2.367595228294467
-1.6958417704219142
3.034764515057426
2.0508750833899096
2.6154464936486232
1.52121053861941
1.832210152465129
2.0635712649729814
1.7587158439632127
1.7618054284543245
1.8872729232569314
1.752013550857623
1.9455784414273913
2.332687266442564
2.235218742749291
1.9732251787950792
2.2718303233200485
2.5187523907839835
-3.0216480597412403
2.0080014895700473
3.0129269790763855
2.7066877687059616
1.934557730136816
2.108321387006506
2.4409099711595905
1.6548796214848878
2.272846263193941
2.2643556729061842
2.0898876546986593
2.831932404270336
-2.8647047929671356
-2.366164134119271
-1.9391971255695755
0.3680383131864798
0.005944940689132451
-0.07106634443981089
0.14516002966244934
0.12963335099198506
0.013539020502328641
0.05512676888917051
0.24018615494823828
-1.2315383405812876
-1.2548106747173213
-1.2573192293884643
-1.6405692064283015
-1.645167545685291
-1.6755367727169426
-1.8459796025179036
-1.712030320951691
-1.723136902984499
-1.7963146055696613
-2.099827670203229
-2.2621046570680816
-2.4145447061674585
-2.1390862573331315
-2.185248412461694
-2.245619646677897
-2.392044644499675
-2.4372135514111126
-2.4916901188325173
-2.7249645868627383
-3.05051089291021
3.1383577601170938
-3.0003906681047328
3.0831257791856466
2.9481502857767397
-3.1312378470523208
-3.1145813304127588
2.999228484630461
2.8797149894609317
2.9057847340134515
2.8001377896949986
2.921320120571781
2.8346059511142863
2.762568669093994
2.6643428281557417
2.683475366587606
2.5632541469370644
2.52448932012526
2.468364495691935
2.385000305358707
2.3394018881409955
2.4483075223353703
2.484775951927409
2.3660353395303604
2.3317491988011523
2.178998230082478
2.1788319116898682
2.0995227179587053
2.017772111154526
1.973127050870331
2.002720756117022
1.9881121250300628
1.877628165037812
2.0112203497419965
1.8592475930488854
1.6142226029173372
1.4344946969875911
1.2970496843452373
1.7203374282396118
1.4299803529082509
1.2969842087018335
1.2236744624315208
1.3444476268213539
1.2369067143341028
0.9481710927109747
0.6724653696430277
0.8373929694753312
0.7807021321615786
0.7927200727081537
0.7621607740597565
0.7824304830600577
0.8213066884188327
0.8462886271033226
0.6507476196766319
0.7204174308492239
0.7015601005325245
0.6760110532570917
0.635204298794782
0.2467166823990757
0.33471234741767514
0.6918398197633181
0.484590708100385
0.6283574304482143
0.3613832064588118
0.37111528163518703
0.30848041552588645
0.15695715959681647
0.07972854106640598
-0.045420880201995535
0.03783204665548858
-0.1674677529852183
-0.2501728794586465
-0.45975032364639534
-0.31944134512610456
-0.2906577242744802
-0.29821965007428913
-0.21059797041389092
-0.20999544835099324
-0.39415583382021313
0.0011731927038209592
0.02996194044822561
0.14447920737119155
0.09420214765426267
0.1490912875000698
-0.2302110076053269
-0.2817209295890928
-0.691225885725553
-0.2780834710545201
-0.39493382489023465
-0.15953923924288235
-0.2325668956025296
-0.08209622289940233
-0.07240017352771493
-0.17885696688878644
-0.32368411326664415
-0.06552424385616935
-0.23433826791889578
-0.4432120885738044
-0.5621198396202176
-0.6205586119940848
-0.5487623194977721
-0.4488332907739959
-0.24668431794471207
-0.47041138739803223
-0.1471116955316235
-0.45437292481695307
-0.490572792801798
-0.7286332876329894
-0.5940280683274429
-0.5119954042207845
-0.4589874757253444
-0.36864289856672255
-0.32412001283504965
-0.5334784998273889
-0.47185233497766954
-0.3611675726033444
-0.3361710402002068
-0.47167510648818073
-0.36192129994876326
-0.6047422705915688
-0.6984276315296426
-0.7898153184822432
-0.8556226602782047
-0.5877375029857255
-0.4029876383512592
-0.517104843023492
-0.362248324983641
-0.5252254583448125
-0.8479429779249696
-0.8234954454790983
-0.8756303384679698
-0.758351282738489
-0.8224983375577486
-0.7227418605093784
-0.7933547788222338
-0.8115591347203729
-0.7487930400349155
-0.6325371650790382
-1.1127012975423263
-0.12040943050423007
-0.779339021627484
-1.0513660719199345
-1.8245631804799385
-1.8492075496236835
-2.053598397741305
-1.6734078691626
-1.1197119905371622
-0.4258306463217005
0.2791867416591962
0.12821034660563754
1.1826800366855363
0.10216047224007793
-2.1548247070016786
0.1802150412181527
-0.4886190707518054
-1.2492544493509294
-0.5426774029345751
-0.9340934977086014
-0.917737012654568
-0.18828815259570797
-0.4948489704749009
-0.36126963652786187
-0.3942500400681895
-0.43537700655709727
-0.4574891662219424
-0.5397246072741203
-0.6922256244307822
-0.7462640757282918
-0.7686740735399937
-0.689257735540908
-1.13814063162321
-0.6918132192427627
-0.6674455805352223
-2.329838340303478
-1.8841486716595652
-0.9213198193809697
-0.484696695169835
-0.5431009106515581
-0.35866715608450256
-0.7370323803105296
-1.2908959262578847
-0.9656138438492042
0.10642884822215216
-3.063998158069791
-0.383807981840541
1.114430159604513
-1.0170625343442818
-2.442116201104079
-0.23328723337308616
-1.9052758547175759
-2.583747526383943
-2.543493535957301
2.260620329529066
2.9279591730654406
2.5050190025185524
2.7495747244525255
1.3161092196966437
2.2685886211289685
-2.471933052830901
-2.2535697309422096
2.8585227478738062
2.6475507208780074
3.0723302331485494
2.8095685560486396
2.861138130049516
0.7061732890368027
-2.119661892709422
0.2103175579017063
-1.433012707544437
-0.04259861675759394
-1.7530922743960478
0.3678879487630112
2.5950782863948785
-2.1484074242592643
-2.2035798156905786
-2.5369222547138417
-2.4351667881097057
1.7170059616204056
2.1107139866354054
2.834238802101891
2.4735601526262796
2.8907459746122264
1.9649416851196297
1.1419514260640848
0.7394312776597497
1.9110704249933672
1.0422364260638117
1.4036219356647779
1.3511566570074405
-2.7216321714835505
2.8592052433929926
-2.291279646073098
-2.5701583083358
-2.6102439679882297
-3.071628939304542
-2.4980435660033553
-1.3582052078024776
0.308214404223179
0.7631950858627286
0.38770177190350796
-0.28921653537561975
-0.42531339573648486
0.7022764480488496
0.848951206727952
-0.09470582291425793
-0.2582922311422238
0.05510631059149
-1.384379381919256
-0.4517749109485852
-0.8834748399000961
-0.6316107155941582
-1.5300984475046948
-0.08246871458194954
0.1324299237594398
0.16799119328753098
0.5616517598303751
1.0773648931449609
0.34556692104950276
1.0257441702337684
0.913108159252745
1.5208225696788031
1.9403885730201325
-2.5802561678022666
2.858591620255284
2.445082048819226
1.5271026842462865
1.8927244234326779
2.1275156604634913
2.1445166865186374
1.7078232671026148
0.9487010876283607
2.0975432868878716
1.3039152034939052
2.0888267407210823
1.9418576883634722
2.871256564318904
1.8313169485947622
1.4602809408126998
1.2359634087927438
1.249229811081485
1.6074268143433155
1.2707801498288587
2.028373457841736
2.2650613550116803
2.2884478783420423
2.715075571310425
2.446889203934289
2.268675370791854
-3.1307607442676137
1.988161725825121
2.7445965411773323
2.734752558547918
2.8671221323180367
2.861426236258892
2.93528058628649
3.0096425409733185
2.5126371576337747
2.753096401501112
2.509853776524465
2.244220660662417
3.0965164345438834
-2.996962998856094
-2.691017893792128
-2.5618675020902995
-2.617902810612501
3.072452054879414
-3.038436905821197
-3.011676566546482
2.788740730803608
3.1141820102206594
-2.908274948795721
-2.3257193126789084
2.8446545601424678
-2.6074502972744016
-1.6949064934686948
-2.370170109164527
-1.9061079890529098
-1.9425576680153631
-2.2543344818743414
-2.156332861676165
-1.9663361543526852
-1.9026067291830069
-1.4740104750157714
-1.2063953655019768
-0.8657322286371623
-0.6345998223244486
-0.9363482835443778
-0.07578448564245593
-0.11741658243241683
0.16209892073722107
0.2740862513861855
0.3695586542601532
0.30210742245709954
1.2567217883773807
0.5285828670281851
0.5960763560873764
0.36592263068116465
1.1135672681239133
0.7657088788518902
0.8318544956737102
1.1268226247580495
1.1905026449922536
1.2418961222952947
1.1848421916118088
1.225815836534395
1.0845994876684395
1.6939929022912568
2.3322655188772368
2.298668720272536
1.8931516403857809
1.627580450558405
1.978905364178225
1.723231396935488
1.0203723254799
-0.9636462325161622
0.4583269923161293
-1.1151523299658064
-2.312020971780832
-2.716721119281801
-1.9300766185336038
1.4304001668539803
-0.6676700112089747
-0.5315484064505207
-1.2262063771187135
-0.7804123114043697
-0.8764342953741637
-0.39503804405946535
-0.8904499854917379
-0.9179223450829723
-0.4785127569502004
-0.30377617910998295
-0.4060873011971385
-1.47157230778062
-0.3713782501532348
-1.0391878521304956
-0.3580961659588521
0.15328821194058206
0.01842932868002047
-0.45059436515802465
0.18628091730614443
0.1193741135601276
0.6216833682894884
0.060825525849105444
0.2577182293324442
-0.8780091490028517
-0.48978931984618673
-0.5655370739445482
-0.12003426777715782
-0.24501809474380773
-0.24355888489341637
-0.08041673289388054
-0.05360197466150442
-0.3145264020739235
-0.3452709453156913
-0.4482834929575051
0.11439509630267092
-0.5671830225792005
-1.0947724430456633
-1.2236860313606739
-1.7676586610679976
-1.558408595359688
-1.4489447842630068
-1.2996890256877
-1.4244091283618903
-1.148430965453214
-1.332080068182913
-1.9342448483839663
-1.4793920841869599
-1.519687301942022
-1.5141417454946118
-1.9091705501594654
-1.9112752667376742
-1.8442335495847275
-1.710119094484691
-1.6748256735397338
-1.8970023298760688
-1.7808050587767468
-1.8297408048190493
-2.1405707535165353
-2.0760328838301545
-2.3361519131694464
-2.2053187077743535
-1.7721532264297866
-2.057295842134307
-1.8073083979605118
-1.826758231499341
-1.8800730656040519
-1.871159130839884
-1.907159642674278
-1.9451730271161587
-2.563534275822761
-2.6125758115917015
-2.8373784815354695
3.1177934439117188
2.8130512716434324
-3.04742590620751
3.135681090474232
-3.040436952363569
2.8647390198162603
3.0260887558184244
2.8613502058287685
2.7316957147934025
2.8640999674122067
3.0943293916102412
3.004952427601053
-2.9059776119598757
3.0479508009265386
3.026618170649115
3.0169068399286307
2.9968219181404137
2.9644910613466755
2.832019405848927
2.95610821265827
2.960165574500543
3.0721764774029174
3.06122951321044
3.0088559791414187
3.081621904907319
-3.0619943805235437
2.99367205711867
2.9730898081596058
2.9074474151685545
2.850383353637228
3.130462684927826
2.9833899979358303
-3.0445833596400322
3.0253577305563732
2.9632706889034193
2.859416295651286
2.99319648603093
2.9662847237220924
-2.9437046768096318
-3.0004270853544477
-2.4268068958968296
-2.248711033764128
-2.8989975976192617
-2.5472511567572753
-2.734069536302903
-2.8897909525455536
2.138826081212993
1.647757615196561
1.6343685246142148
1.3687845658821143
1.658503791932429
1.7026169275896503
2.5683193855736217
-2.912024292909055
2.555003519674554
1.8249565979723474
0.8780191256849732
1.6244329289699098
0.6212374921512107
1.2240188502636413
-0.8336247955727843
-0.033032113095301366
-0.7969309437358149
0.3149664387224995
0.10721484659541262
-0.1444470940514188
-0.28886852708927185
-0.2086675948762347
-0.1832883072300509
0.17560002737165242
-0.19617636983399858
0.039465966636361684
0.0721461476472158
0.1163471308497884
-0.14509206205257316
-0.034526455830531544
-0.12019380893256955
-0.11233605139156486
-0.149882651185426
-0.058778449200329604
-0.03971235769975647
-0.14139001406798865
-0.04656180432854077
-0.06207528195419861
-0.0918781128942084
-0.18303760485765455
-0.15369502576379052
-0.3635404254924844
-0.3161950174988076
-0.41167295694765593
-0.38634889419522134
-0.2468622464346375
-0.27453551371630525
-0.18921060823869196
-0.22553524845926842
-0.30889093490900266
-0.34769974186132746
-0.46123178727612285
-0.44258527817768617
-0.23327504074062083
-0.42271031659291747
-0.28750791862207997
-0.32339106056790096
-0.41553345117729795
-0.3780135633055299
-0.515147659436976
-0.537331375970792
-0.3462484792521342
-0.3939962619565327
-0.3017776191196126
-0.4742023470182569
-0.5626433491092517
-1.0194413864847045
-0.47192310963510964
-0.6554349010240434
-0.2232586478384086
-0.48305161961279985
-0.5472248474969781
-0.497308089844985
-0.4937126611183174
-0.7779746239660777
-0.8121299675057129
-0.905511125842489
-0.8505551535365077
-0.9445279240125765
-0.8543251677226724
-0.8705871414390588
-0.9680834351077948
-0.8013751223258531
-1.0997159197423367
-1.2045545366377832
-1.0172698690774844
-1.01838625702197
-0.8690612262161272
-1.0522007112075678
-0.9731080385931205
-0.7796889276750362
-1.1007194229937298
-1.2989497307301967
-1.160206053082258
-1.1346945394800703
-1.2281803817861823
-1.280536609669784
-1.1407607825257928
-1.2704517523698342
-1.1873733946025495
-1.4088608766632473
-1.4056491669619686
-1.5689553512120489
-1.5660980451307485
-1.6743121014303488
-1.6961273904783898
-1.661345324414701
-1.8307201208998096
-1.601959164301733
-1.9541839248432507
-1.7569139057862437
-1.8797986385824577
-2.0348221455877393
-2.337293586306738
-2.2144427318691915
-2.504818525401455
-2.505745663254285
-2.518879548806377
-2.7806169446517672
-2.9393075813889427
-2.7614536548619375
-2.8519955786874087
-2.8979443878875664
-3.0198738651487274
-2.8829000883115943
-2.8056672229333626
-2.7960912460190497
3.1396233708531014
3.1241748548281976
3.1399954635434564
3.140822030733002
-3.111717104128246
3.0019557278138063
3.079194678214126
3.1008640085710293
3.0471291780218297
2.7415954636328728
2.923172339639117
2.9702762089721064
2.8291583554716078
2.8138585090259913
2.745807865729208
2.7771042210149948
2.7698865048905033
2.696723766304189
2.911645773105109
2.9908481331239116
3.140760356791748
3.0452972072053752
3.1120328407026903
3.073733827648965
3.0589499534761155
-3.1375457275771015
-3.0680790775495748
3.132213053515904
3.074310264138638
3.0622651621156316
3.082906013071447
3.011576288619247
-3.101757819498797
3.06321457605037
3.014915494774255
2.932825587403193
2.6076094130665837
2.726689299210156
2.9002366767246315
2.8485478903367376
2.8562616370313885
2.543336949264633
2.759083217926389
2.7217641374492985
2.5725669719742013
2.33268946937763
2.4874306001143554
2.090076312712768
2.2533624585614223
2.116344496244359
2.343369234399506
2.1145949120809244
2.1915640141952264
2.3134357357699242
2.366786976055874
2.3454336672115326
2.2066579987203863
1.747569408670026
1.761775621092014
2.401807263919825
2.443337968533148
2.210576311223669
2.354011265486636
1.8092791117294391
1.7943113410142872
1.5257212112948286
1.817634876694896
1.8834565991099876
1.8482264570619023
1.6866019154649898
1.8929099928024677
1.7907285163054827
1.8800775849909181
1.8705748406357654
1.785233048790798
1.6154220000095718
1.668593547184326
1.6734496867083692
1.6195341133030547
1.3534189824771026
1.6261399760658248
1.6637646141629359
1.5882288535361817
1.6433701777060998
1.5090364537475809
1.399782315132475
1.3031450166594747
1.257472217798101
1.3250410793121399
1.2647145531599446
1.0547303078225019
1.1927593434612138
1.0950281784732208
1.1926137185556658
1.1215914158314224
0.8775465107945251
1.0263152120814651
0.9550523130753148
0.9134575069230922
0.8846965367103737
0.8157236586051406
0.9481093128288856
0.8782604059955851
0.7458324506405191
0.7586138577242579
0.6198393011984995
0.6818988141644396
0.5627442910494855
0.6329232911620685
0.6519064454628929
0.7287977619104653
0.5746929194027688
0.37747701314437554
0.32114738611454446
0.30897344871273996
0.357183760860486
0.40892110599857434
0.6509831449194993
0.6863327902973057
0.46927870387542925
0.4893787567636828
0.41563925751605
0.5485857763720807
0.421248699207066
0.5039529721373783
0.5304880259933322
0.3618450304222372
0.4538526087062312
0.2948972202772471
0.46309440827968823
0.4416105828481655
0.55132211110944
0.52307965291006
0.13665966334234314
0.24762737835807203
0.12852442721082388
0.1650575770580501
-0.009454615663871537
0.2492696348729386
0.08423280921834538
0.31683977737192964
0.2548109900624307
0.026593064199487433
0.08866844633939566
-0.07027714599421764
0.06073544620694841
-0.002075109206097992
-0.3046541495754455
-0.05423883491805301
-0.25556263588712064
-0.23975437931245697
-0.38602524341696526
-0.3594910906901355
-0.15131307561275914
-0.5106528459398002
-0.3668035736964178
-0.4987658991325138
-0.6466291363573924
-0.6839161115420244
-0.7243821275222642
-0.7001260233670303
-0.4377511776423142
-0.5200776108446419
-0.5178620133398306
-0.6399167846887824
-0.5359400767805663
-0.7866625303116633
-0.3869871481690828
-0.44769672313313064
-0.5633985602819159
-0.6523339719678973
-0.7018155069735523
-0.8885749326013634
-1.0687570745932886
-1.2021745104385424
-1.089643919332828
-1.0483876509878056
-1.0079122001457586
-1.1499410214198793
-1.239626982007297
-1.3457391876864975
-1.6237993605310894
-1.7229212054060674
-1.6887632577429268
-1.6930716590247858
-1.5679124343386523
-1.4472897220594927
-1.8711596526649676
-1.6726815753652544
-1.656009560241104
-1.7172824384295502
-1.786272058493364
-1.7118850617856667
-1.787345277486687
-1.7670695990409868
-1.855878378879999
-1.6661430342323686
-1.7838659631218559
-1.8690414296547575
-1.8380429408663543
-1.8481545120337872
-1.9202589468526425
-1.920070628665362
-1.8691194646438494
-1.8558119018560024
-2.1619026180779026
-2.228198438140782
-1.6736912051094923
-2.108442057064161
-2.674138303426892
-2.796905336815788
-2.2856329034461975
-2.117147699101273
-2.5223487490623784
-2.7310956450452206
-2.7596241689288648
-2.907552227860653
-2.207723829211145
-2.78390611485014
-0.6543385863368728
-3.093899047890954
-1.845422067006547
-0.4069901751556563
-0.025316146217964224
0.03227102235110861
-1.1352597728475962
-2.8434409095396243
-3.0978387096759157
0.07861455730781465
0.640294571960386
-2.621838730804928
-2.0437045463027474
-0.8085113415300297
-0.5999197386981778
-0.31392535194999877
-1.024345153845954
-0.7240568196557771
0.06538068296390905
-0.8862709281215327
0.06823831730696801
-0.214621645597421
-0.25761845834300173
-1.0923480509013601
0.7647033576643832
-0.9055674322163813
-0.32669192793959223
-0.08703284567229834
0.17041516435843235
-1.3243532315205606
-0.5106451375434531
-0.38404210270098227
-1.5035032063006217
-1.31877148842311
0.15315660257695654
-0.8631690038705885
-0.01783913358153785
0.19297881675082018
-3.057024617187172
-2.73523092161644
-2.009583926050618
2.1627913536616967
2.3533525018556545
2.8723662889649604
2.408321491518652
3.0540115396427603
2.957176614464632
2.8833806472196812
3.0600229781803896
-2.204062411638215
2.477606915789638
2.0425667092616577
2.1729593373939506
1.821128045379487
2.355161268076456
1.9730208477518711
2.8621219583298982
2.7008740448644986
-2.9270221766973976
2.874124589786397
-2.77368769303705
-2.92534021824275
-2.944383217497964
2.9818614708146503
2.417284223441921
2.028285519332801
1.8494485435882515
1.8451765964681284
2.206108546171823
2.4132789846669955
1.9253327576880002
2.291145294163449
1.3808706546667775
1.3154337653514392
1.1140472739909755
1.4024225323704074
1.300848275865487
1.447989030224755
1.3018749298198797
0.8572097932218101
0.6104315487432954
0.6721731623479721
0.25865484984402404
0.011638888792638523
0.07220022739125904
0.20855732789422426
0.07131644744670766
0.0723164664732602
0.2220177490172408
0.24270967659949766
0.5255236246399619
0.2870264963918611
0.24488245686140636
-0.03697552928064981
0.08480861186221748
-0.06712611036924017
-0.21195055698009066
-0.07844402357335971
-0.3527406970811963
-0.29499584746235463
-0.19833414091313817
-0.4907700074164835
-0.19689490414927402
-0.26517270592584835
-0.13557331510428156
-0.08984188535229276
-0.15095970630785524
-0.05376180290998081
-0.011180720766059521
-0.1048810528934831
-0.17631397427416864
-0.39840529957726967
-0.5797161605886559
-0.7066026811865102
-0.6487487280916009
-0.5809400435552833
-0.0322745610085989
-0.3452359637348377
-0.42276090546625905
-0.5140524587948493
-0.6260812667014233
-0.7010966704739148
-0.8112246105241646
-0.7010527607033501
-0.744671927601308
-0.9683093652001795
-0.9053535065821824
-1.196333036792563
-1.3203819992825032
-1.2641205726042413
-1.1667675945576403
-1.3483726757497498
-0.7235761639956776
-0.7015497090120477
-0.5044166390072676
-0.4154818450757134
-0.93997715392869
-0.7694416694555375
-1.3257646378871584
-1.8193203861958989
-1.3607555894544359
-1.5480162958440111
-1.6100461534182477
-1.3075163462996122
-1.8181788649521506
-1.885709798213657
-1.7958387625340158
-1.7933888939721854
-1.6178291055706926
-1.6630909828430047
-1.7939825766025437
-1.5875709834882945
-2.115042754025968
-2.264128156506344
-2.5562225601444695
-2.3507912378760967
-1.9472383695697906
-1.8997661114231548
-1.9096015043008776
-1.9984263980337234
-1.8572124193927597
-2.4194226966522265
-2.191371995682879
-2.393573788623717
-2.4952101830178197
-2.7102958639657433
-2.8442455821744557
-2.729443086344959
-2.7067498155680907
-2.2282269683260427
-2.475265157608203
-2.593272473065834
-2.9399467976886586
3.121927252480717
-3.130619381732895
-3.028634455515851
2.991903503659268
-2.9881448439088887
-2.888550482210062
3.003600726106848
3.025366934439704
2.801659050349113
2.5525699646488147
2.9568787114911763
2.866348719401133
-2.7461929529811373
3.1270996641239273
3.1020625213334028
2.2607225539027036
2.9832035503339984
2.932324239224168
-2.65583868831919
-3.0468374266347835
-2.5698553524797454
3.060148738949872
-3.0388069828924333
2.235615470898345
1.9529868760795401
1.8318694417445534
1.4464879219369164
1.8695547570933566
1.3990514400355092
1.4863700405137448
1.7474704127317116
2.0208550371846457
1.597000387852583
1.2174601491018655
1.2104297022593098
1.1988147909181253
1.1020491473161285
0.8967245522295028
1.548021639934173
1.5439365384744788
1.2570659050041104
0.8818410866036906
1.0316173883080406
0.8551268917136254
0.9163749854225502
1.0039672327749647
0.625646141093794
1.0257296307801729
0.7792919401672694
0.4767656573279321
0.8932752174657557
0.8410528290570681
0.9498046775235705
0.9558093802838179
0.8269272759479235
0.8673171105313325
0.9903460817492625
1.111762910551617
0.9689854899591935
1.0624185424194896
1.1845643372182129
1.1986607406543537
1.3813454203610716
1.7594096485893078
1.8240269117679413
2.1768117844758845
2.0274916885512333
2.1463634206605273
2.581185012805959
-1.713797890408444
-2.1752228524831496
-2.1977821403822313
-2.132361761020161
-2.3428971928307396
-2.1965112219193297
-1.7502776494484367
-1.7707879839485328
-1.5517727124665504
-1.411364639229607
-1.6284912769332418
-1.5957834915234141
-1.726283244820947
-1.803847914388296
-1.7760998930211895
-1.9329100907912506
-2.035944294546858
-2.2135464771803903
-2.008138968649965
-2.169026588906973
-2.1118004925592806
-2.256866710804222
-2.262757102413289
-1.9734163669094138
-2.362887799166809
-2.38997488129592
-2.5834364365445026
-2.5160012998620402
-2.390983138860801
-2.468049977714081
-2.655425119203289
-1.7636642880615856
-2.047024858615395
-2.3779524062351935
2.887922525027681
2.881708848054963
-2.839296036390923
2.561837796833296
-2.503675492792847
-1.1248092769084812
-2.9105213919005726
-3.0488434383850564
-3.082253638724721
-3.0488348780523
3.0974825445831695
2.7336900747494997
3.126717986901336
2.6859833163404616
2.799239160818804
2.792042271789794
2.732203408894231
2.4405850690865813
2.4610884180481203
2.5527531142359243
2.417113249279933
2.133138841625301
2.3734944296363714
2.1474851375668504
1.7202482383597058
-1.0034445317963503
1.0224999939057702
1.4263361476604632
1.0682537140639667
0.9275666315447058
1.5019045432459186
1.3905093410293816
1.1005210992955248
1.8980854997416468
1.857577041303497
1.649610045275295
1.4949334904260254
1.1755523422605954
0.9942922837643755
0.8245045389438056
0.6423638918202552
0.571424797300306
0.48638221983832686
0.39570545966196224
0.4550688317181955
0.2965083905499047
0.5284253920224596
0.13464321943767332
0.014864994481555182
0.09525557187084525
-0.05568739574320677
-0.08864461661679515
-0.05504322810410477
-0.07415664547399943
-0.16722194165040766
-0.21995651783137665
-0.13531320608696587
-0.1873572083462129
-0.30413122526860087
-0.25134132231627115
-0.3402594916198542
-0.4962305853395958
-0.3776543731507698
-0.6004801782445541
-0.5011033245774131
-0.48061119536567604
-0.7246983360800391
-0.6679974163213345
-0.7575532020580646
-0.6177953838350345
-0.6419533894880086
-0.6913292666370161
-0.6606284739423245
-0.5602040101647422
-0.42050955624606273
-0.6306048198576288
-0.8280495661726538
-0.8930814981031322
-0.9910834697563999
-0.9038358504192443
-0.8630571269230951
-0.9008135613872
-0.9009983289372709
-1.0152389056345736
-1.0480943354074714
-1.0412278371792025
-1.0207522364307122
-0.9123682762869255
-0.8441667832727401
-1.1733843687478993
-1.2934363382133316
-1.2941860175828426
-1.5355029592658138
-1.412463648138632
-1.3441218608316223
-1.4144789091319752
-1.5240320267398253
-1.5249039732262173
-1.5709210377293732
-1.6490879011628294
-1.391287866773102
-1.4909732348152007
-1.7194873824804664
-1.7126570266318208
-1.7250203445287542
-1.874076593897572
-1.7871257884736576
-2.016811130928847
-2.077035240683242
-1.826758847270834
-2.1756876882455987
-2.3466037871445655
-2.1937096537691216
-1.9034614999553565
-2.177657242033283
-2.088419858292699
-2.199025104139691
-2.17832656477157
-2.382093838927731
-2.5966296203327284
-2.8805922540948106
-2.6568321173734204
-2.953622217981163
-2.675572186101573
-2.551008377073093
-2.698424040208734
-2.730205577470353
-2.798039499560864
-2.665097331647581
-2.722688772104563
-2.799636043554817
3.116676364267302
2.9161969044091243
2.8770756507201116
2.9263257370662443
3.043340594419137
3.1123657046937043
2.6985427738169565
2.5680306192803184
2.5219910533519903
2.498906011731024
2.6114321298947214
2.5008257881861233
2.6606567241002685
2.618310414872484
2.5082773401821883
2.3796491350865865
2.3082359848196656
2.1446922002846356
2.363059089165019
2.064404854614931
1.8889495890077168
1.936214884959062
1.983900872131284
1.853110983398989
2.0531590467753817
2.055773598561578
2.053831157849239
1.8964491308898521
1.598281262787426
1.6957810482182947
1.492294625834676
1.378524966312107
1.6049543401534492
1.4248705969827307
1.3287873877204572
1.287175817117017
1.0743130725072085
0.9580875763158561
0.8506955488794599
0.8118503129590986
0.46952038816347486
0.7592498616699025
0.6785036541377353
0.44658621478394384
0.43326122053757193
0.31900296195971783
0.19060046794085447
0.05157256705829955
0.15128391994937251
0.061050437130443024
0.36197037726410636
0.3874630273475516
0.5023806437497611
0.26894940470304624
0.3398997254545615
0.3776154187816101
0.44847848286063013
0.345917258178747
-0.09165275077485152
0.37054451679791073
0.32604406761682203
0.11725258659873578
0.05294354645949168
-0.1591911410373211
-0.107658193236528
-0.2065915904598181
-0.4678546842419524
-0.6502555830671883
-0.6509017444029908
-0.6315876459132714
-0.6753280881138263
-0.7428660122395035
-0.8275489632004811
-0.897960236106663
-1.0626328140745223
-0.963079244866153
-1.0728033582146523
-1.0290062393710433
-1.0213509361895845
-0.9365923557410035
-1.1391551780065339
-1.146494838265145
-1.5054200335081003
-1.2962859293928526
-1.3999892592350818
-1.2843859762960388
-1.3140900648251517
-1.2601401708649276
-1.5233597065453455
-1.8021714318365518
-1.8214406964774499
-1.7395523477412036
-1.9237847240192139
-1.5008376165757702
-1.410628764339548
-1.5267166543770052
-1.6000452349341685
-1.7132392769994211
-1.7358101530996448
-1.8535751305781807
-1.7574673919873662
-1.8055170499066662
-1.6418775550424953
-1.7730472317640094
-1.779199025558525
-1.9951586096904164
-2.3416738656756326
-2.3482024252787665
-2.18678744647619
-2.4396362789656596
-2.333530293625703
-2.359306433800665
-2.8384987196353135
-2.9514284918003906
-2.607289790212114
-2.593962208820792
-2.6693060013781835
-2.8370445705868668
-2.9779336522894373
3.0399804296668433
-2.9770938090629264
-3.1341324915078257
-2.9167273608348605
-3.066890468655325
-3.058299458537109
2.9407184682585403
2.8217385198247182
2.8258268688223023
2.7524173217511327
2.924962562804871
2.8007050941220952
2.9444172495148573
2.9068139335590724
2.692688145819754
2.598644178173737
2.5569643456176805
2.527493955975701
2.5779157824573855
2.527649591771246
2.570505619076982
2.5094252683327722
2.58266355807106
2.464798330858126
2.4757766146583604
2.4340071984977865
2.315301260112361
2.3819522207371153
2.329955389919068
2.197320985956966
2.132943887644938
2.1463929069156724
2.2453381791451013
2.035226296191252
2.1352047205291074
2.160269272760694
1.6324677094133286
1.7986748213995598
1.648114122427557
1.6373859873424907
1.7268874887839747
1.8220215409413985
1.9176326648950572
1.7740004025571896
1.4426465798541208
1.3492303695784171
1.39424288838828
1.382321401225093
1.1498060621045025
1.352032123182474
1.4691583118313012
1.2919559808883452
1.1850286682674909
1.3270335349074163
1.0989307622718758
1.3405394963065924
1.1933292118843013
0.9066158359542259
0.6763373261405992
0.7863751974806026
0.5701252920085342
0.27075278377677686
0.70797341475945
0.64247348376749
0.7190127459249254
0.5359994325261714
0.5347669855348064
0.4441356465769877
0.26285448158740754
0.023664535969661456
0.31606905098141314
0.15042981867430996
0.03476652231391079
-0.14628218538603283
-0.11845727969450298
-0.15299092958007504
0.0800620221581188
0.09020169189761297
-0.005219739454542812
-0.21940103223655058
-0.1886105030153327
-0.2206837465163739
-0.3774553671203817
-0.5218692717119565
-0.42663207255349106
-0.418986767521313
-0.44549427719149853
-0.48759824592916895
-0.5224017906028031
-0.5409571535883011
-0.5884089495555741
-0.6074673687085271
-0.6607265221288106
-0.5993144020391549
-0.5359453483784531
-0.6838171503056837
-0.33883611343371506
-0.4307811581873741
-0.37939002091038837
-0.4951079338455972
-0.5699362790042486
-0.6454711661900491
-0.839147496031277
-0.8508140550432997
-0.5945477985684781
-0.5972771794282141
-0.6267553338058842
-0.7483738808631974
-0.8615486264829221
-0.9134813943178991
-1.2285265436278248
-1.436913486220984
-1.3946604971091512
-1.3756472750682764
-1.4928442020038706
-1.5400177020486014
-1.5022365961193045
-1.6076626193812327
-1.6204514679497977
-1.6533802822208206
-1.742333457624103
-1.710024705263502
-1.7434518234006637
-2.0562987416015157
-2.1586732356762934
-2.0822700467108817
-2.047999132496908
-2.1613147451589527
-2.184127194255884
-2.1321023444989424
-2.4219544003265305
-2.4709231300782335
-2.8863523416310604
-2.5780412799739914
-2.544379688655425
-2.5881457773427097
-2.3256303296879217
-2.372906486610299
-2.542754401071925
-2.5095922957648567
-2.6951989177682054
-2.7913732559217688
-2.813282297811683
-2.688883730569168
-2.8422697238187884
-2.7459693767210394
-2.7889680603359097
-2.8666484633739726
-2.909125703987616
-2.9332739039221356
-2.916004329342965
-2.8970473307971423
-2.7605181461325494
-2.941915282063269
-3.061992996474543
-3.1268856991751863
-3.129032706776984
-3.0352179542882145
3.138887362072596
-2.9379711371619663
-3.0527902197916674
3.104328532632867
3.0739925930446375
-3.054937552136426
3.032258916840055
3.1241756698071717
3.0703308675308847
2.8998387518239213
2.554892932034466
2.689914724585588
2.498932199631926
2.540357014070517
2.4151488943951342
2.7133686707846962
2.4044340489927576
2.4367124233532
2.4262898407167963
2.518102775604812
2.4156608971911173
2.338129166738026
2.2057614412125117
2.1713089336256908
2.115815150463364
2.1020703146426536
2.0993938713853693
2.143855583438329
2.1066252691758653
2.164065894201799
1.9828988510659038
1.8602742193233683
1.7757495383495112
1.8003006790725558
1.7623056266092265
1.7934270028838646
1.8027531160672774
1.7844348520645348
1.6617414887281814
1.61269918518008
1.034921787739685
1.445289850258507
1.3593400121299497
1.2113829625622943
1.0355634748082585
0.7895734914240132
0.5894865113152401
0.7631230402842304
0.6959280683905306
0.7104925539266849
0.7920910225322915
0.6195793595449495
0.6264080740845686
0.6069446975287315
0.4868550401923123
0.4685645390134342
0.5112189074325834
0.44829142873290406
0.40619561268343773
0.36640462806343455
0.2088029355494729
0.23450511037071378
0.26884675321370716
0.2721438279005667
0.07489265753780783
-0.01245612147951636
0.008554980371352073
0.09588585166381718
0.08794304043177366
-0.0020841903996812877
-0.06781370528327753
-0.20193395424369281
-0.20507827998641395
-0.1664794584409593
-0.2033755106359703
-0.21400007082881992
-0.32178500993744313
-0.6008303674581295
-0.7062872303807621
-0.7716531718775503
-0.7739962143636335
-0.7184469980791517
-0.7153973962972285
-0.7339926826311609
-0.6893958743015806
-0.9061286585972894
-0.8465411946044588
-0.7883562137566327
-0.7847034373732095
-0.963328410007629
-0.8756642745240188
-0.7850863167211358
-0.7177148744595491
-0.5221964959717748
-0.4480206802410081
-0.376765818048199
-0.5104411974189901
-0.748088315990343
-0.9458786943364764
-1.0569407516779004
-0.8892072860946667
-1.0448442774998157
-0.9768098672774775
-0.9881443607831207
-1.113117005235703
-1.216787684815312
-1.2590212712350308
-1.6529185094937213
-1.5695329436402703
-1.9113994324275616
-1.600305864335144
-1.4462689414667198
-1.6399642146450364
-1.4979935663104549
-1.3987684446284752
-1.2028067089049683
-1.2461662653449195
-1.2540703211938977
-1.4281853973174519
-1.603409365179213
-1.731602283884347
-1.941233465458133
-1.834355628561534
-1.6429859929200672
-1.4344142154411959
-1.8917522633303974
-2.020187775369391
-1.336906002492399
-2.0405236850449
-2.1895484371800653
-1.7488384273289033
3.140214360836464
-2.957123136989722
-2.5430226515922025
-2.270717818036444
-2.095858299197435
-2.1645910390949963
1.2350972358702559
-2.7088647058091873
2.7800777244198587
2.8046372883404365
3.0476590495867737
-2.279561659481297
-1.7610222122965302
-1.86625859374418
-1.4874029121744554
-1.747438286421339
-2.008638602785638
-2.5502570730928813
2.659072603682101
-1.5658361360234803
-1.7875015574501345
-1.4339075782735164
-1.528637235309784
-1.4489538409790614
-1.643726038294687
-2.0185121934314596
-1.2085929636300912
-1.3950966442855481
-1.3552509700787636
-0.5666057085457888
0.5723141532715269
-0.4840246551989491
-1.0748140439759435
-1.3330669939298248
-1.3272967836322935
-1.2589149944660736
-1.467081407518247
-1.4201137329042648
-1.603857352416316
-1.6171811286011593
-1.6611425469532703
-2.270249499296123
-2.2093547058911747
-2.1286368935362
-1.5573741428816834
-2.051915121958311
-1.9429252029051118
-1.815056158239016
-2.0541613875355087
-1.9108894935166232
-1.8930476126846065
-2.1673992670140474
-2.8658609056711004
2.9045163373334235
3.116003305015238
3.0584362678082457
-2.2880695089034413
-2.228747162181042
-1.3780533853830117
-0.8957590268587561
-1.7535759311293035
-1.9421001297933602
0.5966874663301228
-2.1888133934028215
2.8364317741795433
3.063451389039231
3.0493512412216366
-3.109743700490282
-2.6691436380320637
-2.6474447302458244
-2.6383797831141345
-2.6463469195962843
-3.120697440995576
2.8688854689112433
2.370438414016811
2.739968527090001
-2.859886401903805
-2.7399090298020456
-2.3755346928164216
-2.706853530754473
-2.5529084393455426
-2.724147886041025
-2.758831816333508
-1.9877091250577539
-2.8052305261225636
-2.832706817263891
-2.979923126971934
3.011097126950284
-3.127329520138386
-2.6985958806549495
-2.8774043549198662
-2.635736407730112
-2.7172803201497446
-2.6995328252010475
-2.9872862223760177
2.9685029268084215
3.0581055901271608
2.7262723097158292
-3.121799440246488
-2.914649162956784
-2.999417666254028
2.9792691102573974
-3.0466283642400556
2.6920616218866718
2.7638265099034487
3.0573356778459924
2.700510777310203
-2.8452128831480725
-2.808461940578751
2.91866079007048
-2.6813072219913168
1.2636266944522554
1.9442547705327027
1.7773308669168604
1.533953740701491
1.8628514096240933
1.0937248739426935
1.7913662996165411
1.5195129824826668
1.6567440231084092
0.6913816744812084
0.6302759176792527
0.8375940400052475
0.9062154890000139
1.0710834199739618
0.8814513677851549
1.2404810238307853
1.0987192618423596
0.8056019520147013
0.9303183081651704
1.0455853447680608
1.0185789973364245
1.0280207057410466
0.6158360162146169
0.5936587674953734
0.5998826485608264
0.9016210024940987
0.7873486593340742
0.8570230837338788
0.94655791002308
1.1324991542612282
0.7895776468368233
1.150069948672505
0.804049758398976
0.7534179290923904
0.7976145576659528
0.7733667231662329
0.846983429385254
0.9590246291429172
0.5680699399825369
-0.7437375738031511
0.6905214080550136
0.8125469743053829
0.7408808941633664
0.9247930445029352
0.7666975931847283
0.6763591325549331
0.7183016388808313
0.6796249229148267
0.6935524428910768
0.631324615701353
0.6252003620095156
0.5923904006970276
0.4337599733543082
0.1199620675383722
0.5375103705307225
0.9184733070786787
0.4008983311404911
0.03785754057128704
-0.14821191281979068
0.1885341698881393
0.267099805598799
0.374955169354233
0.24726946689956278
0.16469179600551748
0.14663955307962076
0.13443946261516193
-0.15285838212095873
-0.27196116243063273
-0.6371310997146632
-0.3445840207236126
-0.445838406086848
-0.379483483822538
-0.5083074573471769
-0.4045929892617735
-0.16236900135101107
-0.17815783636032864
-0.3037687117529718
-0.3399867965088219
-0.40904597139426
-0.4118256243811733
-0.20889871677907165
-0.2779899121859235
-0.12479484319264104
-0.2650627475603357
-0.43249062224779894
-0.36992914897230605
-0.31532228998248873
-0.40937954857364983
-0.42781549294678
-0.41854062631544026
-0.4096992146018767
-0.5373255327799472
-0.35930482740505537
-0.4698937094899382
-0.2535383615259911
-0.599912065464353
-0.46449119085971696
-0.4500727096250352
-0.6446290123318802
-0.5758924419923678
-0.7057538648789135
-0.7105246808114353
-0.47816585426828045
-0.9163155367008472
-0.7010085876807169
-0.8512670648781002
-0.8275209055812078
-0.8168026697009857
-0.5371661908542502
-0.7491350771684699
-0.6059280770134933
-0.8678542278507363
-0.9191482412205753
-0.9171845490426409
-0.8566457278311089
-0.7900626345462021
-0.9153088561570325
-0.8577627396232556
-0.8963333613576485
-0.6858773831403197
-0.905122607230534
-0.9303227661900392
-0.8978163008262882
-1.0463039904112375
-0.9562712638765488
-0.9829339071596578
-1.2371038511678258
-1.112483524570926
-1.267890291204622
-1.1728562416641812
-1.2173372055725118
-1.1399928998238145
-1.0063187202164614
-0.9015179672126005
-1.5606159855362636
-1.1332727012461454
-1.0377870557559956
-1.5133574871604654
-1.701675510673855
-1.4331701588849162
-0.8433461254258385
-1.7020912740897025
-0.05735826107528413
-1.4070480247889992
-1.3197988080201264
-1.4796988389458747
-1.632130010451634
-1.2350096104769799
-1.3545013987907268
-1.8966914571482028
-1.5970407148784251
-1.7114552671256473
-1.7204761485613933
-1.7716375716530963
-1.7856869871570316
-1.6893878483536617
-1.8302556397711154
-1.9494140697281894
-1.8812127465411912
-2.014412900783554
-2.0899007568246852
-2.3111301991560165
-2.2827677201750003
-2.540502783068909
-2.5067144767767453
-2.557118616970852
-2.914186476973843
-2.959173164110616
3.110450995424491
-2.814472674431028
-3.0669907582783345
-2.711544211910967
-2.8049440862013237
-2.9317621363723747
-2.849490311539596
-3.0333033988709603
-3.0366494861646713
-3.0454365170945867
-3.1092660122502087
-2.8674219528342264
2.960236126977256
-2.936144133569821
-2.784282523346949
-2.614234873768016
2.9189769711360203
2.7583360737970644
2.3213080229185543
2.93935982964788
2.2059005344987432
2.992002160488739
2.5017031649940704
-2.99748105464447
3.001628006591675
2.8542896453880764
3.12289373994737
2.916876963230448
2.8172260389920734
2.7905525480801656
2.4708595922554584
2.447796363124698
2.794977685844917
2.7476809644726075
2.679471033148486
2.925244160113132
2.877040734247106
-3.1353299898727816
3.0862396408302266
2.9258248078789837
-3.0932975810995655
2.7943721832334374
2.825362300458257
2.687294879328308
-3.0005907479148215
-2.8316723325207853
-2.907597071078529
-3.031676359189912
-3.124839048724124
3.0457436396821116
3.0662581261149935
-3.00491449271094
3.009091033040756
2.607036878047633
2.587952332782767
2.5334938603972414
-3.119286856124482
2.982452158999583
3.050599766481867
2.933031170059654
2.924252852139265
2.736530956066652
2.679407703751258
2.7330618990021995
3.138983735106624
-2.96130559262082
-3.13515318161656
-3.022887292425299
2.5243651125569375
2.3089687445322093
2.13698357945716
1.8912220139138847
2.102418908451652
1.9701631505569652
1.8432169859908114
1.9187554005049712
1.8687014949645755
1.8342479293362248
1.725256420019451
1.6376030645937116
1.7235729510954094
1.7301849508469507
1.5168442946172642
1.5397763491970955
1.2993648114426257
1.2517485132745103
1.3077850969776799
1.2188741685586837
0.8600909633693308
0.9691765089936923
0.9988511984854448
1.025607792233248
0.8812010062795885
0.7698193243324506
0.7783047972239758
0.680841333504786
0.9611955289828921
0.8692274964184419
0.8772659350652934
0.8006990755239957
0.45064022630718387
0.07670660055106789
-0.07437003059518318
0.379587859299651
0.6757413868001314
0.27310419568760663
0.5291481537021601
0.6239280225845604
0.2901249292935688
0.019944889979564704
0.2618612418928662
-0.25617000663872613
0.1301615140291583
0.2742907638990657
0.11502540270389393
0.13769292692203786
0.07319808758815201
0.136101165812895
-0.0023147011916176356
-0.2729665111920543
-0.575027637773447
-0.18107343855031602
-0.7837485792360596
-0.6393544566859201
-0.34737720158038
-0.38355624102250874
-0.36313449382335716
-0.32124236630028447
-0.1879624602901702
-0.6391134411480783
-0.8191546481452585
-1.024588032756299
-0.5796788118038028
-0.5799597464243222
-0.7202227960819324
-0.6334008476690209
-0.7875142792782656
-0.5547315385803745
-0.839768508264631
-0.660287350926849
-0.9850776638468877
-0.9808128469308669
-0.818621828152348
-0.8658788468945883
-0.9400896646819071
-0.8444633223306867
-0.9869537176413711
-0.972239071267197
-1.1833919204347125
-0.8106851988172894
-0.9712132401214498
-0.5170887878874842
-0.9372072097749371
-1.4979358409616736
-1.5247579735675931
-1.4919457207899476
-1.215029205884675
-1.1988806843965105
-1.1594613946595629
-1.3199897864770866
-1.5769449982957275
-1.0998449045858352
-1.114469379471887
-1.1763252665448258
-0.7384412842116993
-1.018077116551676
-1.0982147028077733
-1.2753082989369804
-1.327382192495912
-1.6151982637652973
-2.027052259532316
-1.7104109004686272
-1.460995800078616
-1.4675747979050655
-1.4316705163696672
-1.3887546723323805
-1.4897144005061207
-0.9198990822498956
-1.42567299546955
-1.6673948992640084
-1.886577949356144
-1.7827152744116723
-1.6594906577412083
-1.980826271873861
-2.281421771425584
-1.6772525063792727
-1.2280159981046563
-1.4710945581666577
-3.1359517669562926
-2.7727376060003204
-2.0986879933767613
-2.190184031347952
-1.871914778672758
-1.404400057028773
-1.9407118780523576
-1.6808351687934215
-2.854586334170112
-2.2404056587639376
-2.177698430486554
2.838011687634783
-2.9655387184760937
3.0498878505007414
-3.063146814958725
2.6513589007315947
2.1370397957343825
2.3198200850695696
2.4266094427239278
2.659593903615644
3.0063581742379815
2.89148837625694
2.5873355398230258
3.0383060671383517
2.586701237829065
2.759030768496297
2.334013005358488
2.577216567851248
2.2847725244941226
2.076867528576109
1.7616508743282275
0.8299234647075283
1.6477412208623206
1.6897507358390802
1.7596783594764684
1.880142600042261
2.6895631617328366
0.9082794225741941
1.5165111183466424
2.0142620506793767
-1.653071993024049
0.26809312556017245
-0.5043527848278606
-0.149389163271657
-1.292117557740759
2.657163916121917
2.6069450087004946
1.9739868837703731
1.8576502909480506
0.30463497756057456
0.20275279732224707
0.48463221562671843
0.959263872103905
1.022621485840618
1.204440899330592
1.1892223410262956
1.2097669224380112
1.0105373121912882
0.9219142950009496
1.0197482869741978
0.9138391207480618
1.059442494694054
1.2053067328940619
1.330952974913165
1.3853369040402796
1.456995707059413
1.4591271899925653
1.296993398578517
1.4570608682986494
1.279457193755706
1.235741597060133
1.254756987789772
1.2295227041852959
1.3875505178393828
1.1782448451530068
1.3603083595910401
1.389732450741006
1.2623570896858571
1.1745523156020574
0.7423358256417256
0.9190953881110511
1.1185004852956022
1.173621253115766
1.2499553493250544
1.2509298514664091
1.252575770415829
1.0854026214454116
1.0046659816398806
1.0547037662802516
0.7992234113792306
0.9333423235091015
0.6497461894779232
0.7240601356428623
0.7472117746222056
0.9043416939846799
0.6683842384918303
1.1125345872326105
0.9262438811368434
1.0322949540608848
0.074679975321853
0.5176615003470819
-0.1094706575987418
-0.15352709884979307
0.09018291676194665
-0.06131002745453101
-0.6991740757796658
-0.5173335428315581
-1.1631190245458347
-0.32956386121863507
-0.7717103514232599
-2.8268745460586477
0.8560953454954661
0.07798211423498529
-0.9174832546125554
-1.294880101562575
-1.5620104708825584
-1.6223390285604247
3.10393668066603
-2.0141416514737513
-1.7424469283981556
-1.7726521600674154
-0.7224617772120407
-1.800935424660558
-0.5008818367161599
-0.42779402743113726
-0.4592448702256332
-1.3567313883917917
-1.8583329512719393
-2.0896322845907154
-1.5602923268024835
-1.7639821994688796
-1.8873273532652444
-1.1613279981195088
-1.411488711831176
-1.1642448787216937
-0.9634300599761496
-1.8252329671833154
-1.0666997551272441
-0.8198708752082874
-1.39946473230391
-1.7190690619164282
-1.6115235234802956
-1.7639597424062878
-1.677510543524966
-1.401252812603756
-1.6647442441063183
-1.2957799045631768
-0.7168387294482099
-1.381747712272425
-1.7737134025305128
-1.9288049616512677
-2.1708850249148157
-2.2582802580771904
-1.9690254192846683
-1.7788893782893667
-1.7543484891087238
-1.71326622922161
-1.9440276892956898
-2.2516106526320683
-1.3712372603622403
-2.7763422146627263
-2.4479351324786154
-2.4109372532182136
-2.1082359164121525
-1.8450235459615936
-1.825485650242611
-2.0499473311921865
-1.7519091957056585
-2.55144253323142
-2.1956103018032214
-2.2272477827926713
-2.4060660644378635
-2.522611697561203
-2.464991714676927
-2.527421520990271
-2.6085870248426963
-2.6133808515894676
-2.4991053913244223
-2.5740685336311366
-2.363295983939627
-2.2159347099786837
-2.3660863504512926
-2.4843915780653525
-2.8794690663969025
-2.671729683358518
-2.6314983942748453
-2.373682594366552
-2.083527111916293
-2.366008335643036
-2.582336024091195
-2.657546321180243
-3.0401124908220765
2.1985546380715633
2.3281189810176155
1.982956897644351
1.8552445201071137
2.266382338609203
2.1406568735331923
2.2584721975425968
1.2582011860610205
-0.8087804382141489
1.8201124302913168
1.865553415527351
1.3603399111287844
1.1215357360187188
1.945729220311667
1.0734053211598185
1.2337001084924273
0.9085392380260087
0.5625082524171409
0.4145408553434389
0.5163925922033928
-0.4213330930786807
-0.42692529538823604
0.007946744302495305
-0.41682190208070896
0.4806724504545263
0.1459205035873188
-0.2281894532381512
-0.0032951834343841707
-0.10494177344220948
0.27367433741808705
0.18896441772946104
0.1663297134436206
0.30971839165939014
0.08395877651066247
0.13007420644265308
0.3342270304181079
-0.09692974943933162
-0.04017768447136369
0.11086789719848883
0.2290325344927236
0.5238592837069266
0.6182900854687384
0.5507609128728875
0.8877314299420193
0.5835493741754144
0.7325989784633596
0.30113190106276194
0.29945988634936466
0.19684356129342506
0.27314989557513447
0.2610571943124029
0.3158230174606769
0.2778389946108437
0.79594978478162
0.5250701908686656
0.8049838189740317
0.7557991047539556
0.21489387811160732
0.01376518248349671
-0.5693044014578794
-0.795515513414724
-1.0418964462424876
-0.7370139302437794
-0.6162181257081435
-0.6747394964756404
-0.21496456658648427
2.0678246466880537
-1.6569497989970232
-2.697800313530425
-2.993191978890893
-2.128611805009499
-2.3527589403413267
-2.6378745729835607
-2.686220331863326
-3.042133014399311
2.8497259440980933
2.5775548317664105
-2.735492501524173
-2.30966542430599
-2.143797267093742
-1.7013206385104243
-0.7704604628022329
-0.2560688589414407
-0.408904658250006
-0.7144146278084613
-0.6634117369769059
-0.803073477293747
-0.8425486219492259
-0.9396049403094056
-0.921432358057009
-0.8850143395919982
-1.1966373026757458
-1.26409787557831
-1.5147801089767463
-1.1784496912502962
-1.5073800305115554
-1.6581580094547872
-1.5325085892183012
-1.6813944533751677
-2.1059657875863667
-1.9804035004601344
1.4922333665687306
1.618229199265623
1.7612698482268232
2.2631058567213835
2.4826578756693043
-0.570398221322349
1.4414754730686816
-0.07324003705282786
0.10322019010485477
0.15017717524122623
0.6084152612782852
0.45070470018493713
-0.02638181329937427
-0.2661029633261329
-0.8383411184281764
-0.928412285403042
-0.8965887948318497
-1.0748154375386858
-1.5378905875668554
-2.6031865824801654
-2.215973137402089
-2.533149882031988
-2.6465236379038077
-1.7051294484422035
-1.7002820077828076
-2.421167357957676
2.0719954499477744
1.9146954541132608
2.023308977313776
1.7695782329998582
0.3862423396915634
-0.28623972009338944
0.038081549917629465
-0.06744271327799359
-0.21642189709943419
-0.30780443667350105
-0.5782758192911848
-0.9826983918808406
-0.9930542773774482
-1.4388689869163398
-1.4013630339262815
-1.898659062200513
-2.2317361628004755
-2.0955394714262607
-2.3563509749808476
-2.2570552773816828
-2.7462544265252617
-2.672071300855653
-3.140862288876045
-2.6183692748548557
-3.0284404156676645
1.7371264446815602
1.442365606059208
1.5150258275787751
1.7141076703585871
0.04633763820893662
1.7909473046016795
-1.629858613773274
-1.9983261283265754
-2.493202874282783
-2.446435912141772
-2.0313052748912783
-2.2943184429748533
-2.666599166448469
-2.512027113682362
-2.74078838874367
-2.630910955529196
-2.7513923720851765
-3.1289849460809274
2.9748524512999523
2.5315017510784146
2.5075592233837005
2.5609532126967287
2.5604141088356327
2.497069591326089
2.418096897181615
2.670424170109368
-3.065539967788529
2.8853761352817697
2.714979798750505
2.2216112420557335
2.6390526951679587
2.8250640315079933
-2.730378202713715
-2.109149947769599
-1.8251025065718285
-2.545745528035829
-2.1048029279152383
-2.2612764176827445
-2.4106226277767324
-2.9028717128227832
-3.140941677047174
-2.9949519768031942
2.707037932802101
2.414284168825914
2.7290096873728236
-3.095786577376981
3.0107191378791636
2.52919532287535
2.6113438388371355
2.2433809099287974
1.6883053130580445
-1.0055821927144966
-2.0145582188489235
-1.6981293219422502
1.4531055819918128
2.883324223944873
-3.0244372923945244
-2.9278218206550304
-3.0497400852104843
-3.0116868983432608
-2.759369937912111
2.970239652046179
3.0773077838363783
2.632189253888363
2.656180156140462
1.9276209397392616
2.228381579621023
1.5058999260987387
1.8850381440839332
2.4650345909893185
2.269868330273736
2.152360260743457
2.8505493755211004
3.0475390272182703
3.0534860000165485
2.688296542571561
2.577815189754147
2.5970999057738275
2.1751524071328614
2.021032149552885
2.206967261636675
2.0388541393266943
2.288797783767184
1.7633157291611312
1.5862249631782108
1.980069769935919
1.566507772325696
1.6313655894585437
1.3889205745833015
1.3414153921763179
1.5551104481150728
1.2649772178844358
1.1616279093052826
1.128648003315491
0.6118046679643883
1.0785251125332695
-0.045132923416200496
-0.18867498466293797
-0.30012416787780366
-0.10626381087099086
-0.5289455174547333
-0.646683238489531
-0.1649156224345621
0.5553197105972827
-0.03536355401596989
-0.10330632070740292
-0.528665112432051
-0.7436853579203093
-0.3440213411343292
-0.44328199427352805
-0.6170339923478156
-0.7688675795553253
-0.48972338194234877
-0.5399270041266447
-0.22536089897661452
-0.6351288914007835
-0.4586072021501592
-0.591477741935654
-0.49025544620368333
-0.311798877344173
-0.5135370343020174
-0.7217930906697729
-0.624338717396567
-0.483239084662531
-0.6409016376634913
-0.5625773132806384
-0.49707277607428874
-0.4951989018658738
-0.8025388420727172
-1.1307683539804612
-1.0449889305348472
-1.2372949724520284
-1.5859942038747263
-1.590686123996972
-1.4601632547539078
-1.6078819574098926
-1.4819941974742443
-1.8919173179583697
-2.012167364321715
-2.1793018123149444
-2.218134136692245
-2.5104600072331653
-2.88813259065004
-2.316008361667916
-2.3355389737513317
-2.165792681415878
-2.305988914449245
-2.514638955363473
-2.795698656021752
-2.7867863241154303
2.939710390967648
2.647116337163792
2.6366528109442267
2.4190546209929056
2.7365521352316637
2.823662162836661
2.508092864925364
2.3692269262953083
2.3071765117807983
2.5286320790011816
2.2242928633824754
2.311113149261296
2.334081967597557
1.9657217493160473
2.1843653678201465
1.6094719352605042
1.2525775952369196
1.3390192711873232
1.4638221578847521
1.4112894500159128
1.3690520371555366
1.4809075869005426
1.821829679074518
1.7553781037010956
2.449924702184781
2.0961874281791393
1.7983001617576972
1.9402054088217002
1.6304620399860905
2.5896343780125686
-0.36328285735061683
0.6765106481995841
2.007034405455411
1.6054354225571883
1.6075182872773752
2.0449205577970218
0.3802504090122584
-1.3433286873728985
-1.1420257367209685
-1.5504707332863192
-1.6233748839106847
-1.5718515228761474
-1.6361937672796933
-1.3693064345087234
-0.6192891456356421
-1.0099848318690872
-0.9764055469242237
-1.0252322487825407
-1.1477059596186632
-1.6974011935138755
-1.7245060971473622
-1.6043997960394007
-1.3503710091026435
-1.2757471574974883
-0.8690526245205733
-1.2157415967132277
-0.6162357282169127
-0.4353724288158911
-0.23398525058657027
0.4610328537515504
0.4491704325574074
-0.41738803864377566
-0.41227340042985877
-0.27386536085841845
-0.45010311476182824
-0.020901792642292694
0.7428375541706018
0.5030395254270336
0.40124902512332494
0.6855236940337593
0.6461674623507068
0.8452236485872868
0.2576836409830651
0.2694491552010802
0.5341605094109557
0.40792231084194835
0.46858481849516576
0.5609636206624208
0.542640902635282
0.8843393912471936
0.6117506438499908
0.5485544893376041
0.8423911986477817
0.8167397599390654
0.7448110784678964
0.5343462851266927
0.4778146079917897
0.6804250256355242
0.6801957697883224
0.749463639579648
0.6443648181479009
0.0789201080573808
0.1298134409150065
-0.06405843500035847
-0.2107032499988776
-0.4200273002028655
0.23057529101408264
-0.2980621404780319
-0.1818791866672156
-0.1310560977569546
-0.3084715303269931
-0.22922587279669437
-0.1044877574588429
-0.36549305383382413
-0.21640289839475702
-0.5053331721317046
-0.6575702925423704
-0.8067266353828509
-1.1329444399999538
-0.8942212496367304
-1.05270888551734
-1.1932716956378235
-1.0348658919314946
-1.0878668706404142
-1.2156852868928143
-1.309193136445235
-1.989225090454532
-1.3188665272441005
-1.5808452205857448
-1.2601560246763495
-1.7356475258277904
-1.8484097199380265
2.745288141021043
-2.150624921626388
-2.519292466604651
-2.610590889106831
-2.690437156635675
-2.710408464079038
-2.778730102479019
-2.4235682958044857
-2.2493140276556405
-2.0728385810894725
-2.4668973650744705
-1.7780199815378
-2.82763854711243
3.090944173940781
-2.950068373229428
-2.7119914600214745
-2.674020078098041
-2.880263361522282
-2.5099802111123566
-2.62204754263083
-2.5812107113186022
-2.585912770916089
-2.726177761309207
-2.7158251881399273
-2.763435683994494
-2.7565754499723853
-2.193072443314662
-2.609397230972669
-2.5217416824153243
-2.5709766872212625
-3.128764526398538
-2.8359323058113812
-2.879319127312996
-2.747819406820142
-2.4843622720611602
-1.988142201239597
-2.8398899064759586
2.673312900732132
-2.375041754062738
2.5327215082378256
-3.0127751272554653
2.163869856026976
2.423263884388024
3.058593647160677
-1.9441792377631957
-2.5430739055849516
-2.204038045785635
-2.7717628069646225
-2.700482573005409
-2.817539003454506
3.0750629297568306
-3.0840837116046256
2.853965814755338
2.2011892224876752
-2.561079969327413
2.934386881753949
2.8190911264730016
2.8158378466317413
2.9003793850028337
3.1034658258172683
2.410390595877974
-2.8541615883734317
1.615138176970908
1.7258545795638192
1.6014124108484251
1.676315818976247
1.889232974729597
2.538469728114243
2.744374644439084
2.727426018061239
3.0090872979860395
2.18073856382046
2.755681189307642
2.8897468875208774
3.09072771527495
-2.2226045648337673
-0.5635798055340167
-1.1834440700909346
-1.2662649100729912
-1.533908799610652
-2.808577696951789
-2.7741484182152893
1.5724459907947441
1.905955839250205
0.9206819206979198
0.8000723482206972
1.047280780197353
1.240644634453716
0.5046832309847088
-0.13629320973372455
1.5708251897405114
0.5009593093234114
0.8268397516001622
1.1118075935079352
1.4918034277981223
0.26370473711663855
0.19067978602017557
-0.28600166508462965
0.039623242380691454
0.1242272253273715
0.0961715289700436
-0.2332572783593298
-0.0470477924398622
-0.22984844618221312
-0.12462541783338352
-0.2660828207842443
-0.3345094206709212
-0.5034062005620797
-0.912646516116372
-0.5534994859423437
0.3013911962307789
0.6326684261697353
0.3084342400077929
0.05927201339810765
-0.23612264907332672
-0.49414054994193973
-1.0151301815127964
-1.0339953173293461
-0.8264414333705655
-0.5560898381863009
-0.3196922829962465
0.5376142211233357
0.8850449157885891
0.5036158196332502
0.34295909720228923
0.40831262155173803
-0.0809329618722138
-0.6337240699354133
-0.8907331013042468
-0.8805689615085193
-0.650722375175219
-0.38172609573211425
-0.4605187188981533
-0.1521809590686094
-0.7079483027104106
-0.6327866253856341
-0.567279052302143
-2.1027275864868424
-1.656226512885492
-1.5418544445899818
-1.1782764302303226
-0.6305400646274837
-0.62652712581054
-1.8200483721686807
-0.3510696892127606
-0.32375844530910314
-0.6050244007484031
-0.8194264265242251
0.2802382848267449
-1.761558660718421
-1.0425937972671069
-2.2837471254483126
-2.2956478010586086
-2.750072908446065
-2.095047896194091
-1.9259473967134615
-2.234560774844644
-2.272448509308085
-2.2162140505215215
-2.8898697590470794
-2.283871449292156
-2.5442193029394042
3.0771196515008286
-3.0113104090823675
-3.0954531599170245
-2.839527607238276
-2.951420629239082
3.1189332957845513
3.0720851405965846
2.9002649552468234
2.741205245507903
2.8608982205983193
2.779343899031964
-3.0835414557867096
2.9317639472147805
2.8669367078095376
2.7918493809749556
2.4313343157143366
2.6287222852403924
2.9314450981672304
2.7389833971782243
2.8533530697115874
2.8007314309123985
2.7564402946466733
2.500358883866999
2.797083856020067
2.8632165024491267
2.8388629862270593
2.7483827502284504
2.375773403618159
2.1808309755493536
2.431771618474646
2.2791347992547584
2.4312113489437714
2.7065896870063573
3.0789371268948256
2.8262626118624095
2.1176159435160504
2.1812483664423836
1.9489629862682538
1.899176063008771
2.082300954547662
2.161396188843163
1.9616082596730582
2.1750995648336335
2.562699242223495
2.6775832851915964
1.914499822017266
2.6044493976543936
2.268152517815017
2.008742449643212
2.0941602055366646
2.0004520287917402
1.9778686371060286
1.771843373786869
2.16850358675848
1.5383801463300673
1.9124706905021658
1.425300755409469
1.5318510366128766
1.3596293866263316
1.7147953165359828
1.8243450398105374
1.8792088875824795
1.580126726267603
1.8064601097041064
1.790395682155803
1.7112514931937828
1.5430049617048702
1.621402577889976
1.3595562278298496
1.0308734737234237
1.338868825014088
1.1873717520807405
0.8605644939741006
1.0880868213740031
1.1674162497837974
0.9509768503176391
0.5947781484848391
0.5737634209933561
0.9351172476038963
0.6249854053922714
0.6226469245016277
0.8978161767468631
0.7465663720060524
0.874244786934537
0.5517432775448712
0.9979638846347665
0.01593198032427444
-0.015353230415689693
-0.7478358751239838
-0.6749342234497894
-0.6505575331871031
-0.562863834584781
-0.02022616238334003
-0.41509476426483966
-0.15300305323189622
-0.22034881376422413
-0.2510267501255405
-0.6269481165711525
-1.074089469336926
-0.8502497934331307
-0.8778095231250549
-0.3526381184571353
0.11807183199625552
0.12813450842209545
0.10396236711695914
-0.15611624469031862
-0.18859897838461942
-0.27819673594021865
-0.32555762470930366
-0.4275050436763192
-0.18972495400079073
-0.011795466029398021
-0.22292744503855152
-0.27995350006811465
-0.246582500294006
-0.32846654495331584
-0.18195336359296851
-0.031540199663928715
0.09612495341641637
0.21089818062922563
0.2909123467009415
0.11773767565685633
-0.3658625029766693
-0.2923747274459382
-0.2977296301667974
-0.22389981475429602
-0.08746256946732767
-0.24171617594856706
-0.13280341985178978
0.10450850734071988
0.4210461768647232
0.43651654747783813
0.5748067469245306
0.2004681449609033
-0.11527504874843114
-0.7040295949264794
-0.7008248082706656
-0.525685960359018
-0.30472791950021005
0.0583819469560476
0.8917783260131761
1.1909902227675266
1.258489764326118
0.26802662598556953
-0.11730757803645572
0.21902956998741427
0.3774263068002119
0.4314381013911515
0.5576827800919728
1.1703102578486808
0.4180956188696136
0.17780513201056347
0.7035052920086244
-0.05939026562525197
0.05919961559173237
0.13565284285801732
0.32288074809116923
0.12356187996346461
-0.020578940734863476
0.010638210411148
-0.20785053482514715
-0.048319866955621585
0.11400328004048327
0.10984188478277275
0.7516425907262886
0.8725785843283417
0.6089443457336157
0.7378457651205917
0.7819343899287889
-0.4893920121695806
-0.28874448845095746
-0.6473280146402431
0.007906857167994186
-0.07572229039551508
-0.40281840514009515
-0.19570150278434642
0.056301647247556645
0.3008613785961004
0.5266236929240595
0.05616337247413806
-0.31708429162839924
-0.15008117201384508
-0.9130482672826652
-0.4343176790189391
0.08660906248684007
-0.14841163833224344
0.23236997605378926
0.34633308838307053
-0.08303506450490707
-0.866546627523425
-1.4727840266612122
-1.4486753759759574
-1.5385407781035636
-1.108021164748459
-0.9560317829901066
-1.192573118642239
-0.7885537768835671
-0.8857753242393906
-1.0396301139936341
-0.7716337495412025
-1.0813567880384427
-0.9748594389876213
-1.0170703552463605
-1.2157152159374107
-1.6451694779815222
-1.8241805034396574
-1.5443008838110037
-1.6425914863048063
-1.6609702386624183
-2.030362955531637
-1.0973282966250641
-2.2553013831212723
-1.7967547848442895
-1.9452320741983222
-1.8644190684479316
-1.777191989299929
-2.002482200135521
-1.3235111921739948
-1.2450528747264185
-1.0081810099708728
-2.1984706796089633
-1.9845028394152346
-2.784727301422862
-2.7153908093966446
-2.590990334239091
-2.4624227222512514
-1.8502471097960709
-2.0204650170161216
-1.4285340537709472
-1.3025590400353506
-1.5640015513722958
-0.5930483376010124
2.8751609023817717
1.8634475091400426
3.0098511203015517
2.831442653764921
-2.431104260971112
-0.5527837291899886
-2.024930002675966
-1.6997466010144082
-1.8987172676299158
-1.9285897456360592
-1.7244524448969536
3.0020804922538082
0.4487081167735561
1.5758927567463121
1.8203598833674577
1.9473545723174728
1.3736764808512865
2.7775669855394467
0.12476842990392396
-0.333631164789311
0.41917171060053743
0.6907976666493612
0.9061306073822479
0.7387086958963417
0.5830571741054416
-0.8628591531289473
-0.8485223840475231
-1.370982164080093
-1.3332404772917186
-1.3854906081390321
-0.8199565848663072
2.813886399983414
1.3013318700176324
1.651147180892552
1.7862002018578393
1.953914418123981
1.0119565295959974
1.7171821124152558
1.1518371281146988
1.0337008532025682
1.7552075608211015
1.7135135759764826
1.5921124455322953
1.6087615847049663
-2.7741014245233013
2.16156960023198
-1.6687744156854964
-1.8680823758177245
-2.084074226423726
-2.1980682460163186
-1.9227054175299763
-1.510305949604994
-1.5609779522549196
-0.6935670835150824
-0.8159439341722532
-0.48419956743371934
-0.9532198743723524
-0.9509911420123788
-1.1994851652381175
-1.3665805685799215
-1.425364216768157
-1.5166977547448297
-1.7136849656787319
-1.4212654241992153
-1.5937566152400293
-1.415130530039717
1.0649311798995982
-2.62589279134939
-0.7142977804841444
-0.7156036051544422
-0.830853589860649
-1.8144718133278204
-2.162020858255756
-2.557739114774587
-1.325000281008203
-0.4157058288048584
-0.7818521367354844
-0.6161810629511421
0.6061693985977357
-1.862198454015348
1.8255536523653708
2.3313036386499872
-1.90571605703011
-0.345702170416356
-1.8336122483382165
-2.1003463058607923
-3.0118161904738923
-2.383024312238958
-2.1156272369988733
-2.382758599650749
-1.3163429301370857
-1.2610250182368687
-0.7592292227391003
-1.8643465004302457
0.8246867006381962
-1.8552755306863975
-3.027244921859168
-2.8252553801514124
-2.795452572607721
-2.4895100788391265
-2.838393443675458
2.6518332230596653
1.4971276222153993
3.1108815791781623
2.1353236794355093
-2.9428112680683536
-2.5727983762973348
-2.920156459304392
-2.0294350407581967
-1.2613537837525297
-2.088646796924984
-2.0515115010028993
-2.0362402136397586
-2.2132975825176406
-2.2618999674784903
-2.4973975685707144
-2.421730196229604
-3.097056654843792
-2.530013930357948
-2.919257562400492
-3.051225055191962
-2.571579926533197
-2.051532364985427
-2.181589423282946
-1.7845581872116982
-2.165169456874825
-1.3427410358402914
-2.9611433828177076
-2.80745687878407
-2.1001655299868593
-2.5874940468221617
-3.0995344987521447
3.128132941714733
-3.0869782647197304
-3.1039922533616453
-3.094599534720872
3.0431091929671936
3.1312776259821566
-2.1910587697120136
-2.855751034916932
1.807710617801083
2.357432012883519
2.4956512314179626
-2.8453570271448427
2.8831852362831216
-2.6255659911782194
-2.1955096485661376
-2.778674623965174
-2.659620790055999
2.8763982530207146
3.1194786115212603
2.55903331136431
2.7518398173027014
2.6687354153220912
3.082501039186423
2.9555388203569817
2.51367896875593
2.87250091177344
-1.8826938153117412
-1.604544128662559
-0.5849277336563786
-1.1298488111584413
-0.6503165063527895
-2.920540621914394
3.0859314254230035
3.0139899297720927
2.7224335931448422
2.8325266162174016
3.0136316887717727
2.990866244429255
2.8205995237571644
3.0359759535221134
-3.0785943370268267
-2.2762080305886303
-2.3594113857905006
-2.1819975047638986
-2.013995227803579
-2.9186752435496275
2.4347063531172872
2.326441177241524
2.5811181018569034
2.3292857649759124
2.4566272945469247
2.2524642686051357
2.611842099032823
2.56565182274612
-3.1266137786600545
-2.638221969304188
-2.8376747398347235
-2.6981865706728345
-2.6487867076110607
-2.869914597010335
2.8661732414269854
2.647924088725374
2.4665714707111652
2.2576033324261084
2.4125344793238823
2.2295818215109384
1.7019319166247788
1.6555806354755331
1.7780865236233092
1.8325260481886967
1.878297937242965
0.6919179823957636
-0.29807307517845727
0.42066016769661363
1.1323141885660286
1.0935996346750023
0.5590750132551071
0.4628798036444452
1.550146776007401
2.4321720595886123
1.9083900560060019
1.7997339965012276
2.1805162308975157
2.3088725856854566
2.1119008072988676
2.497206722753969
1.9948869941650391
2.859208853445616
1.683680011705999
1.658717333696545
1.2426512505664524
1.246217161543356
1.2484741856308301
1.396181987864241
2.128950445264068
2.659789215561979
3.0180832943293945
2.1669319663893076
2.254609006931725
1.9326702784261416
1.5067636430617914
1.2689532468342857
1.1044064722095934
1.223988876859351
1.0855518973823615
0.11935481246831972
0.9650425691952794
0.4859480414628758
0.6019610317325848
-0.7005521478778634
-0.2933442530109192
-0.543353402480998
-0.5182124592234446
-0.3974394787097066
-0.4436966418167877
-0.47144978754750705
-0.5431103082851659
-0.5056224270391414
-0.41472580835438305
-0.5121653561519226
-0.3296095832366706
-0.6462611841825326
-0.6130410088793302
-0.5315981770672902
-1.0317702551708074
-0.9518452764208664
-0.9053892872516942
-1.0726682698619114
-1.1438845959488506
-1.1912222620441268
-1.2687256564202865
-1.187297130407126
-1.1009331237098365
-1.227880292836317
-1.3082210992000072
-1.3225998505749743
-1.4324616139281503
-1.3698863378009245
-1.4469825268884338
-1.5701281728404635
-1.5051028738434702
-1.3823044215794786
-1.5478777777342223
-1.5945928595066639
-1.518448851116395
-1.620620742383474
-1.4390551853291627
-1.6467464291912324
-1.6954150478726278
-1.7934280489843928
-1.912915667408844
-1.7819412085424131
-1.8008576159457408
-2.0634926992440903
-2.071937126705117
-2.0066967545821797
-2.059354202643638
-2.2090801675900096
-2.1223021457472933
-1.9469590333559224
-1.9132507022064622
-1.9265201556334304
-1.454751376249672
-1.8754164848610786
-1.9215958362634824
-2.0884032650583095
