6.1436721087876665
4.699624474286526
4.582621114504695
3.7296165665728767
3.5658327163428885
3.4407823160130513
4.726781457378808
3.9516377122084982
4.729197584659056
6.4754527297607805
4.9613135513706865
3.1403550399719165
2.8237332144078726
4.356050011501673
3.8410048290592362
3.507033382174604
2.9143047308459193
3.404880908026192
3.417817694942342
3.380873939580057
2.7414260048891514
2.7772506096588088
2.6156734773702373
3.7882907200025047
4.125509920343856
6.455106832529578
3.587183419883805
3.2754204888243947
2.511047468711203
2.5461288329549157
3.2413681032251302
2.8713065412115206
3.1419986219176272
2.641614123373955
2.7258636113739727
4.122712142863234
3.2772767146606654
2.652547009730602
2.3313695085303525
2.1918991067356246
2.3817259861711415
2.1969874872475534
2.608395444788815
4.849780885891891
6.581048827899589
5.4324743435954455
4.493811453186314
4.840145866006056
10.763654670617866
10.57873297114579
15.8092744552136
13.940455146587997
13.622271669827374
14.489520901585644
7.373747649632034
4.368208194615389
4.68309211835095
6.825193843309836
7.948625569127209
8.758416871803993
8.430840924616154
7.690822587028293
4.503588334703116
3.535445665697446
2.6646079242551766
2.7437622560787673
3.2280452509557565
6.366125842819806
10.678346183475497
14.064793119294482
9.82938994509715
12.985396217548162
9.585458908229004
10.127969611265668
8.802282749263249
4.79312856491679
10.226221084762773
11.39726466394709
8.620102941152677
11.505043034579094
11.832436806490765
14.932373557673515
7.323325204180766
12.37489724024758
13.11852500136014
4.131263896128576
6.8027690785058725
2.329980878069234
2.852895100780415
3.1271479606046775
7.274665589707864
2.4985094019947027
2.9765943422129766
5.282512562866078
12.913726670066586
10.604081156315551
6.304977386328681
15.640080447340798
11.417529272266934
8.457177439628484
6.427825748020081
6.626190354376078
3.155520808013989
6.138014529584782
7.286045623068729
6.886655240430178
10.68476255851795
9.74195708567364
9.444352498560503
9.277895175489178
10.249352735045374
11.008394370208112
11.611623372634204
7.690549731425953
12.01843384884682
9.93737217106283
10.449486047001852
4.4590562160677845
4.584371833530263
2.937205436931987
6.939178711354074
6.930313211691567
8.661722362063397
9.514454429904042
11.526343014087452
7.017818872843148
17.752420621579013
13.802846322240168
7.141413359306021
15.083563067520572
9.752043948354856
14.08449647190514
9.136340115063215
11.372828978683303
11.920238202102427
12.869838346371761
12.302720700937838
13.942142053703027
12.206876412291717
11.413866460669302
13.642856398740596
8.495125706862533
14.24121573969976
10.66789591116343
10.152147569323514
10.317499896337901
11.548712752316815
11.302398991264315
11.160679333604952
9.293424534630415
10.178430804512058
7.84844142505934
7.589092422384989
8.069319560653884
5.386545795089388
4.8519058326515525
5.67545635372582
4.9034259378774845
3.0255310734834104
1.8528545456217498
3.1141558265161526
3.1462530877156647
2.915126118282801
1.5169640223951977
1.5308537541975276
1.1432262101167097
1.5105548271012594
1.4622313195521472
2.970173223943589
5.066764811222787
4.23298602917073
2.714692082143304
2.113594563792246
2.7760029749445443
2.212388162594433
2.292979221143281
2.2858933797272356
4.599151398337845
3.0086754593824527
2.6730041120052785
2.983378809880197
3.1971339610511933
2.76237508882879
3.5869952556941724
3.2065383899049222
2.5521286464284687
4.594078137012848
2.873325795149129
2.2179193876131533
1.9505315790372664
1.8981078372763314
1.9272868135546086
2.172059959163618
1.6208479890695233
1.8049411939697457
1.917838866683725
1.5775141544734015
1.3878194958370502
2.040001869129905
2.5189380953442564
2.6521472984263297
2.4782371643275303
3.2901062949533206
2.861900132743183
2.6564481041931844
2.79727798019551
2.596718084347601
2.9487582153177385
2.6121439572521843
2.9799491485247427
4.087129049343617
2.8490516013897524
2.7337015495773316
2.1623896782450607
2.854587552404529
2.435543144632164
4.453914989154263
2.6402070025765534
3.2644833452418154
1.8850506911316285
1.7914702244375487
1.8495145707757257
2.2512046339386123
1.9568615760231869
1.653891227557266
1.9147530944582727
1.638389082862646
1.6455636975610008
1.9796252297198336
1.8761901875388116
1.9922720726009218
2.1279522893012137
2.1883102575528053
2.5014004255128874
2.1772076597162373
2.3123170513405973
2.35712514728183
2.138506448531472
2.8317791551336198
1.7789066897335775
1.8627897468310546
1.54804983126165
2.222245758439983
2.261003421627678
2.415161805765099
2.945131147319804
2.1805237010283802
2.5263957706972935
2.825697821858782
3.4531455747799926
2.685391547491409
2.532398228015178
3.3511977170988416
3.5230931878162886
2.6833824749078836
6.938948465212773
3.209534715830246
3.742144342541568
4.7208106443746365
6.9492455862363895
7.636935130293774
3.00054050681455
9.236697764116142
12.969721675007088
10.476803394612482
10.252084061768366
12.07715595719124
9.351409214342011
16.861457343162797
9.949876121496601
8.31314390719423
11.85524820795948
5.578178917469039
6.1126295281065035
7.080119140879151
6.3995003989662305
13.975208468674547
16.868506175485567
10.46175353666079
11.483962374962854
11.655276202505222
11.78591629400104
11.251569577059836
6.521661462786686
6.384967193514832
15.469727142555964
13.517857483327845
11.689321208280806
9.845122308099464
9.509785407172316
17.81166992004024
16.271005231601578
14.727660016907738
8.394972233582909
11.908501477445828
14.956306955286845
8.603313182891956
11.742335676847643
8.61678480765692
7.5831423493188295
11.564348044862005
10.667925978075015
7.816027609455219
4.262995281022825
4.922073354382944
4.453586027360728
7.44667106886798
5.8427515264479375
7.815141696119011
8.585479507476013
3.61105860539838
5.514412244799651
4.426516085358637
3.6068736272147106
4.737085845730556
4.0022325298782055
3.4434820760249565
4.224207583016612
2.7360062113633843
5.406830089059211
4.756079158816457
4.3061433537459965
2.5837910183448973
3.2508238481301683
3.3069141966047924
2.9928495097887358
3.438434685564978
3.155591911906317
4.331170272112514
4.707370226160721
3.1767067067112493
2.5566454237529395
2.3678055680550916
2.306501345658806
1.8378116297105813
1.1201764722964043
2.052375346360753
2.098441722990151
2.393174721687341
2.381437487643161
2.5285656619105468
1.501016811309884
2.3273960343447833
1.064470871412818
1.1573620600713963
2.028672368904727
2.1546442148382168
2.2085343704681515
2.0457792558625205
1.3640947329744695
1.3170134461604692
1.6894824082099196
1.2278751724754835
1.2433252200495415
1.7178309604790543
1.5249525533106598
1.3372853971496481
1.29975711401848
1.175905879492601
1.3233635631516587
1.2016481406233424
1.2478899583274368
1.0960597907867533
1.124956278995582
1.2769207368078315
1.146812294745305
1.6435835398394052
1.3196415376443147
1.2915137274977255
1.4261463608536658
1.1589595426520725
1.3485276820885383
0.9384574457502672
1.2409017048136373
1.1070276392833562
0.9947871186336752
1.1957529194371896
1.3754130690554816
1.4131600813578782
1.5398690324737825
1.351015194306822
2.501841705585324
1.0433657659086408
2.511638382728973
3.09513836541175
2.0171431672597513
1.9013139757019917
2.054074298191001
1.8629437464896124
1.4304230243121894
1.4954997258526248
1.988074794430506
1.7897310455100441
1.770662023323479
1.7120611889382722
2.430637021301224
1.4586387751660324
2.350481928328871
1.6345782356174698
1.7996363149554646
1.3462854628426508
2.4597964877904923
1.7955087847621602
2.791142523455127
2.1508271295385137
2.087475150917313
2.2458748027014517
2.468431699828767
1.8200997723824024
1.841729593102937
2.3196139558659747
4.403753135173346
2.0736910067666363
4.006312253099726
3.0918641320866707
1.7796088935294159
2.202787783681113
1.5401070933074734
3.559304575687335
2.767302550387332
2.974917724948601
1.9842992361770633
3.5988721402058035
8.538782933562533
2.925242968894571
7.74502317352501
4.542738046929446
1.9622559550202658
4.030892444833626
2.1344944304766305
5.924615850484379
6.583141892469918
10.903934728221454
5.830814752640462
6.490013101591667
4.841290300477847
6.3546452988098014
6.005458866662609
4.949285738602329
4.055268743931817
7.572508033953575
3.5004243140453033
4.967759536228014
5.048253269923124
4.341511106443776
5.136652134010022
9.396237183253229
7.017624864918259
6.6030775437636535
10.3647988508062
6.820600529959134
11.044448041902745
11.16335563597556
11.727165366644277
19.672525313979413
11.466544160945483
19.592246871058613
19.942472336848997
19.397413603892478
16.54061965173543
15.770586475465771
10.610014925998742
11.881410270596898
15.763407379797906
19.529186241243007
16.70357123015851
8.875460895855786
20.400460647374608
8.020291098968126
8.83862436690806
11.922223941680745
14.504462783213821
11.481310243659548
6.754372292557891
6.325703424466282
3.7052159991235323
3.589863500691706
3.2459493333632445
6.909530865389392
3.9399315312874927
6.597520497272231
7.416612507388232
7.835306718949329
8.292279733626025
7.798632171147283
7.856747149782748
7.10198271395119
6.864717085417958
7.066757485915244
5.658399995381018
5.87928379286531
6.239834288388268
6.532858895883164
6.497855327470631
6.826950783016208
6.3970626297311926
6.963773669772439
6.381318361538243
5.889773793219705
6.157789783458183
8.782440851428419
9.359803001656703
4.004433099174484
4.7042875318551145
3.3052657335676243
3.9659412081412766
2.712814870371761
5.612945654268942
2.637880819061794
3.111484062413186
4.292334107474747
5.2265931507853365
3.4463460169132367
3.7047564302299683
3.116838091694423
2.230239206715752
3.8895220331405276
5.9531633893169715
2.8031305954362753
2.794881992508004
2.6652249070070697
3.501093479818084
2.080965726623963
3.16086507558495
4.182553738512379
2.1563572929654105
2.16698182520818
1.8898180106601594
2.7291770529681023
2.3572055778723255
2.650354228315512
2.4726507383723084
2.545443594409742
2.4046092901238256
2.802723478426656
2.1739744688220193
2.3241873756670497
2.659020735002339
2.169034453332524
3.356445029549138
3.6081197442560033
4.50577615318025
4.716070553300209
3.0671909534244737
4.473112493965997
3.22216621914002
5.1889875908929355
2.7786547944804587
3.3693900884962558
2.5042988355037874
3.327511373107119
2.791680026086955
2.1276353360436495
1.8329727937448534
1.721200843954594
1.5571270216142064
2.0898943191529056
2.079936171686973
3.8171166974567114
3.71223096377503
2.4198396815689334
2.4481139679331454
2.495579465029696
1.949933285695434
1.487539698029623
1.0901276796447485
1.5137140058603342
1.1713567458734755
1.2247174977622706
1.6656570447290917
1.9963761226025494
2.480661915895836
5.832570899048878
5.6461034892849415
4.436123484985048
9.451293238763432
4.4020592104024985
4.4619665809267595
10.283293610664447
3.823706012668359
4.929390184217578
6.012479298656997
11.849413754427232
5.843313962152266
6.239015228734762
14.082276985692602
7.622437756223945
3.386532050368453
3.8020645068813024
3.9258070294214833
10.649290443451111
7.374803913515878
5.842265302017469
4.068206396210856
5.911692160681781
4.707324150132211
4.198413202690618
3.029800881702154
2.9139643861686237
6.135300976958151
3.255278427604953
9.864201757396772
8.346123801581331
9.219973763714224
8.663371853528686
4.310759110202092
7.062308221279873
3.260142623535162
3.7050850740162735
4.085820919121864
3.349530333771182
2.9834354732443717
3.250381362225471
3.6054214860045755
3.5345507975295
4.716143880352844
5.208308332049855
4.907995874320966
6.219852947339215
7.155491094438001
13.539141046241985
4.717733109298406
9.716469883556341
7.741445151219743
5.085099668191426
5.603232569294032
9.610994800393723
3.9676354950178605
8.61778716454695
9.050746349674856
8.730849434986983
12.529744431663616
11.055127773158846
7.968822149862102
6.153738991445064
3.318168248665251
3.0684293912435594
3.087819943252943
2.9291618474751453
2.9731651868313924
2.9193386416398046
2.967807316589927
3.013492647850385
5.687904654694258
3.863157315915617
3.611004880097634
6.147284895524587
4.605819228059113
6.350033500458887
6.471953382172491
5.721615755961879
7.631547446227685
8.39703657744206
9.061226189623778
9.490789709346501
11.005716087776207
6.450893379340196
6.638358459112517
6.431178674237384
9.947760913499735
9.243699580508592
9.565796504935676
10.726287097127495
14.621009711213356
14.161512374290457
14.421247341818855
14.356927189773103
10.106827853100446
14.87102472471727
19.124901246261665
10.484252080247169
10.890276309741315
15.332622969227188
14.763784911181977
15.037432043450105
14.344315843865212
13.262383090530879
13.989250924947953
10.818219806723288
10.77662237146238
4.322224047910626
7.396428739074871
4.429010890986978
3.7254690241473463
4.898978564227906
6.1071269016981535
10.925125959135928
5.137595178828905
5.054803768748823
5.533851817789288
3.2321228318911133
0.9219678276442623
1.1872558988399124
5.517626741578117
3.5234266038618913
5.037196284880949
4.957554571039998
4.304093222025417
1.7774752125876865
1.605434646388868
1.630822353501483
2.121740740244248
3.3373968123827553
3.3290735828518954
1.6843606666100779
2.040029353579551
1.7423688144777612
1.9683343018606325
1.8652336927013766
1.890670696449607
1.3215144960870682
1.5550031353379181
1.6641866260660627
1.845229150471323
1.8598738073485048
2.163794448135475
2.19075470185925
2.001513061124948
1.8740186258195901
2.042568479061654
2.1730329904259413
1.814060984599169
2.011150196720089
2.1649414947994448
1.750387690721962
1.8058433917932004
1.3808522500678841
1.552072246669542
1.2671068569882735
1.3693823468996547
1.2204271669511986
1.347088400560771
1.4704163511820547
1.3697886737773157
1.3792561337103473
1.2975699862264105
1.164938183655944
1.5274355505450596
1.5749735382515404
0.9637245789235089
0.7025566244315158
0.926837040965701
1.462795005921166
1.328871063584151
0.9745597675845227
1.1985709743257664
1.0462873922838718
1.4720812956588794
1.1432673105018716
1.3143640253898896
1.5536912923239332
1.6586378982294634
1.2533261978246866
1.3210294687022017
1.041500019624252
1.675036860507639
1.920652549406706
2.220955810866239
1.5460083331235321
1.7927615538804378
2.663017422281964
2.9121962105696135
2.7234292619224925
2.605539991002995
2.4573682450199033
1.9822741471220016
2.461698619526475
1.7752817128728409
2.0250259789705445
1.937061441213449
2.6467253604358683
2.1189584159962793
1.9061261266352758
1.8805561922639502
1.9520073232619368
1.9396556745070714
1.8226426093094088
1.6573085358740378
1.6715724112098773
1.2816675743846508
1.461320132085483
1.6058394454270097
1.7795628107702828
1.7230451724290017
1.9468028378577447
1.0840275447590209
1.9917134892161272
1.521767844404153
1.789927181114074
1.709757907328847
1.6574725755573876
2.071339373292038
2.1918607236319145
2.1859256550510624
2.185954241982779
1.0950335456284663
1.9397293198495134
1.7621041881259678
1.9569344839720741
1.9018610614228861
1.7277099621072776
4.1195073244130365
2.1884590948589566
3.4601248077758617
3.788449328578382
6.408462201383033
7.286542717674372
7.6182565178472315
5.861606464434914
3.930845958351866
2.7427793315328066
2.5098382776916432
2.546381430102503
4.496545122163276
2.5543164885188085
7.2620288628802
2.640641162406113
2.9848798963803285
5.768104822279854
2.2956956646113182
4.191245732259757
2.519332072841
2.545705369296512
2.5905722946683905
2.373298655370228
2.607219824381176
2.450491766319716
2.4018343236135875
2.1849675089823704
2.371485881460834
2.2391188694430535
2.337423356836509
2.799706044425963
2.6672946717850037
2.3136657780491197
2.77050018285153
8.325735509199328
6.79239193187936
3.0325436208007486
2.501901738798642
2.4253724498302427
2.7121558094585345
2.739786943646134
3.4854861124727163
2.8214233119755376
2.9867277853103618
15.05626421062764
2.7309802820580336
6.035014864082319
2.1616819783918584
5.298196254245074
3.2533183025334877
7.372586193725899
13.325686590414756
12.926743084990623
5.335257494907648
10.310202128081013
9.034770847043644
10.000987536611506
3.1562266509567714
8.207383637116475
7.718882533551098
6.733307787006526
13.868430859738927
13.739164138637083
12.608187640452723
11.74521395938516
11.99075374698
3.687134552769394
8.647297861538078
3.122441382609227
4.040799406586412
3.4834653534991853
5.023963601049834
3.196095651456694
10.667933469402177
7.539283277448327
7.1106735109323775
11.650972574863545
11.209165470071875
6.9455887044234315
5.844291337700884
8.961187537605166
8.37432162095408
12.064805717025395
6.410151778228384
3.2212220928144744
2.315188814359245
6.767044559818283
2.754178989237278
4.126691305275375
3.531412281301917
8.258701909599749
9.280497001239752
5.567933853466323
6.287185911688991
6.839042728476173
10.494412140601174
6.8126061710288806
3.9151990654736104
2.859987617760572
2.6536719552547017
2.100766070808409
2.5668455708002584
2.2969054907318895
3.58101340809527
3.3217349007460037
2.2316381186931435
1.801763945031682
2.353952645093652
2.6280192368735142
1.6687861901617023
2.832903212595303
3.0068221035241445
4.848890902295413
2.276622632883824
2.6438947778297655
2.957649747957352
3.0065780396643977
4.5926331842498955
2.804268495336777
3.5890663881866494
3.5568636501733115
4.15539240555465
6.177446836810761
11.717980858789627
6.714331345232878
4.402751373571231
2.3743050326714443
2.9832670487309274
3.4317233378630574
3.4174582323151093
2.7731951992771973
2.0947050861038656
3.0937484026006823
2.3835311368059555
3.165955741779118
2.714455647479
5.797283175787403
2.5553913601332128
2.3265722976187075
2.0469956438170156
1.8176430847623386
1.9538125784124756
2.0088467950434126
3.7266372080159385
3.5051796309855954
3.8532186389169896
5.258457633214343
4.757951715410376
4.781807377332082
15.93347199359432
3.4475891126850113
8.766942384418844
6.787931042475016
9.48816434254727
9.357158949248017
10.012169365883356
10.597735912388716
5.760782381002207
7.670724887855326
7.020320215375446
3.5075318273611567
5.649742468075951
20.833574388002127
14.927252182539817
13.529061237038738
10.810202324695469
13.562963965118627
14.219081710624067
16.931121511164232
7.199034168426496
8.056738413596756
14.194166689797006
7.772087839031762
9.26773021150137
8.634730473875448
5.766940011164375
5.696014233471268
5.774412107273744
5.895226763248822
9.698800919585029
8.690980963192619
3.346990148413537
5.5827859344697535
2.4125980353547836
2.4891570483240395
3.2333066230099057
2.1767613859808987
2.7551135642101174
2.174376819775172
2.0220434149916153
2.1301532178477727
2.4220460784362077
2.218634140793042
2.259869430385611
3.614072100201912
2.3008836351160045
2.1976461845669357
1.7794895933950041
2.942882668539975
2.480216996626071
2.423865384383022
2.4681523442760525
2.421582674381221
2.9163171911701578
2.925829924490386
2.1100411688059078
2.0596738910549712
4.9792482874397725
4.006105139658414
4.64998421878387
3.6986322630551642
4.956883075943759
6.802818182930953
6.015881111149382
3.371628567281622
2.944634906080829
2.6399565751433247
3.5295448643855307
6.032003110980353
14.02806842860607
7.456371466082044
2.905377201734454
4.990858262689863
3.3464104220613686
5.003392730619215
1.7441271776211889
4.38880586979851
1.950688634964265
3.144072889138568
4.09914336994092
3.6231138445795468
2.7805234752493773
2.9710590081029267
2.991901060739371
2.4353118505620075
3.700336790211518
3.1980266820443717
1.9579037555763112
1.7537153247254746
2.9108060233842368
1.467084406793977
1.6935283316661682
1.3776512277324053
1.7684319311929024
2.3366505237973434
3.5827087239552737
2.255917276937091
1.6721419567515299
1.6998659050797376
1.3463683374782345
1.0674412485631
1.3180766527487124
1.4328947447401181
3.5550679672886822
2.610337652724894
2.1683191392110555
2.792340102326242
3.01173955179991
3.7213046418322078
4.155982159099367
6.939842410041797
1.9495958476225745
1.8583920104717955
1.967622605325823
2.4704668440588313
2.241087785375649
4.371094228554114
6.395849906512032
6.567251764699471
4.456983522090575
4.227815004796396
5.381210040334363
6.0167010244862
8.174533968754028
5.046993333619204
4.972079615765621
5.223185163877339
5.206205253756958
5.237570489347443
6.660760380042257
6.370229474246399
6.992294098670752
6.448732142333829
5.104865113475016
5.947358675432859
5.208344192691017
5.543468493092389
5.528248639828327
5.552075406772367
5.911956119645777
5.624573704108183
9.27392621660891
11.015927555464888
11.770280237898316
11.922298291532437
8.832376805704925
15.1783638550209
8.967870918105039
15.566648152753526
8.353472473214854
9.095923116786938
8.299080721608677
7.7161075056551045
8.816334154561154
10.07499126645816
9.72508933504165
16.18452265987559
10.973765829739424
10.317436541370517
10.522667281275663
11.144491237403914
11.013836717544896
7.352643320811616
7.8093958052324695
7.561914622973255
12.059660083536665
8.331836101074645
8.448407739116147
8.671165523139365
24.626766746407554
5.62127456535554
8.710960180554883
8.661322010985526
11.604056598491377
19.93535808001839
15.334824435016184
9.87901833827552
8.655276729680846
14.950821292729433
11.188521176716764
11.332932767186538
14.60993082135106
12.534689051645547
12.569026302822873
10.01457798926334
10.035661252334659
10.619652567344394
11.056725150056332
12.622047706255458
13.8184740983551
8.843230138990489
4.666087151969
5.872683940761751
2.4248885924137396
4.370130476589607
5.144292373165094
8.081441539583508
15.444693191488383
8.707078732618575
5.276602364107843
3.378219778615256
4.598925946481795
3.41901575994405
4.496884345179888
2.7353678480104886
2.9761544178138815
4.175386071106109
2.4831467019967026
2.444491128554497
2.0125075872665965
1.8702226172656924
1.7399972399152683
1.610356663635778
1.7221449817805712
1.606103468670216
1.5439308001496979
1.453811926558069
1.4338737767087057
1.8471339877144082
1.4534167009139956
1.5220141525479214
1.4510325913614555
1.4375098643255577
1.3953914117529362
1.2527453245333255
1.3685612619351277
1.370021479755619
1.2095206283376079
1.1714225346190559
1.1414278337667338
1.0925873527277854
1.237011927292366
1.1619477070081667
1.231127273292953
1.1749386378437614
1.2958274906935776
1.164485567746886
1.168957265243073
1.0816793351557024
0.9753828992354325
1.019511954080286
1.3803389230752232
1.2844227715842997
1.446203454429409
1.417929527014214
1.475436208647004
1.859098682581007
1.8622101252443684
1.8140241007502582
1.7394676876313138
1.6504088455424022
1.2262864725257827
1.4891619466552286
1.3600433463600168
1.592786461717835
1.5178773241810837
2.303393884787135
1.1567299386825156
1.212754297079956
1.2241161235169602
1.293805601767132
1.5223113805448802
1.2416426110452334
1.1568610407230018
1.0736331292300796
1.1266148496133395
1.1572329581292011
1.9647540038576992
2.372494415624673
2.3236787227202678
2.409412354556241
2.814379590548647
2.31011494845853
1.2198780774637075
0.9809992612992579
0.8830434766011896
1.1565686498161518
1.1543169532480941
1.2910546623564234
1.2257111124831437
1.0454344401490503
1.0900072123620335
1.040631627875386
0.8706512514279998
0.8063702155862476
0.932209251517488
1.0314428676764806
1.2560347509109784
1.0457594595754993
0.981538353646538
0.9650266112323589
0.6584721913085654
0.9851827922603371
3.0303297765464015
2.4754753580195232
2.698487693363461
2.1937034725899416
2.5425526145312447
4.600121977571806
5.196467399698443
7.593833507116145
3.4704187373411948
8.007124514415953
6.653511581652886
6.7611967697309066
6.7689195278840115
6.712322827346865
10.583729574138527
14.579405524748768
14.334070324164387
9.85537723392282
13.83597268804398
13.597645510652583
17.95338767572896
17.55383340002316
14.104803467432427
10.303140385159853
12.681021607064935
7.904966949962694
11.439955004634708
11.076449651669058
20.90121670138052
7.194194943627724
11.190965311317811
7.861227550003923
8.053288894641579
3.345946598653639
7.436292380963627
7.478797122413569
7.259578634525111
3.9634316843186412
7.055757288987801
3.966137177151169
7.304357817642748
4.0368470895712445
4.749920917883534
8.366788323280094
11.817617758008954
7.078712366962479
6.628311479359789
10.493725353220182
6.842246278158944
21.0353527474149
25.134083965448905
7.81710942505036
11.009952402798497
10.546941092168943
11.140069546404366
10.693567375274153
21.159482566895214
7.476105290238435
3.9023238829850007
7.3029115296716585
3.1926126441970197
3.406586950986791
7.029676079623957
10.423833592888851
13.394982044725845
5.039273425328618
6.809704156818464
6.611595474089879
3.546286656276944
3.6362832356404
3.799613489378838
3.233658282792876
4.043042634325288
3.4905450469884505
4.565006695763286
3.787164679408375
4.183876790364546
5.531356098252178
6.267943258272988
6.3299704641899
4.4340233844776495
3.8415838983506836
4.118970394020545
7.623356536247265
7.562321663445138
7.32083475941036
7.634839786269981
4.242738368205867
1.83317342238951
3.7914708567931683
4.230864404078115
2.1467479377873593
4.1692641638027235
3.8398610829136723
2.2879761314037266
2.3459417861707546
2.6080743516199747
2.5581176764970115
2.4641283418241144
2.510292127684715
2.2294280167736185
2.4282187897249847
2.6920089231790008
3.871259476474131
4.7540892330290365
3.127356176507042
3.081667904462196
1.5376654485884909
1.1635850132280843
1.2140853067712698
2.85539353898421
2.628966380942245
2.333064448884333
2.5484930226906597
1.8789481857592314
2.7809857395031257
2.684186251945294
2.8400091004951897
2.5348869728812256
1.3273424443548536
1.3278525023187941
1.3196237262133528
1.2393795757713764
1.0489137458140385
0.860720733577384
1.0145719766534929
1.197667277173321
1.2984294270239614
1.2235886397596523
1.2379119007519335
1.1646401091718845
1.093232807001562
1.0061583832485828
1.0012753741619516
1.0005693204623503
0.9801779073508087
0.9256152724637751
1.214942319191895
1.1232999943316575
1.1565272688106396
1.374788005958861
1.4309335399975238
1.2809065352827553
1.3678684837711674
1.3493787943980098
1.3891040032218291
1.5378745063435297
1.6188801712811678
1.5136028713190863
1.6588037949486214
1.598350023744785
1.9236276884929873
1.7875009359860567
1.3325867857602562
1.1711931822512018
1.2688730830092338
1.0110759750108116
1.460150841976168
1.5576542171506913
1.7838212282991623
1.6700134568709502
1.8686773789001414
1.7244669458333166
1.7150954141484085
1.6110347086249917
1.384079623792927
1.4502460201174554
1.1713290444530458
1.6176053939334671
1.3812086669152621
1.6080865967637863
2.024085265877276
1.647935921155018
1.7580791231482433
1.8903962922986228
1.475570212113433
1.2807196807640484
1.5256801616053828
1.1567150126744337
0.9769154627707982
1.1183931655464523
1.3556798388885625
1.3792892399467453
1.5361052757791342
1.9244353918197592
1.9711178037498154
2.0162128319592414
1.8072123673426457
1.9879229513850796
1.6926435717532335
2.098859132594465
1.5502129994727096
1.8733341177353615
2.00760913223598
2.320071581095614
2.021616137656538
3.379611302771763
3.874706242987121
2.708746607566159
4.024372181491471
1.2164063035593535
2.613290558170214
2.584360068732427
2.6960182483973947
3.7819250345096207
2.484426056504463
3.0636814561356127
1.1371125684546397
3.131133194237384
0.9818817022311986
2.787182793838194
5.541890486232768
3.3429180393208187
5.295642153870195
3.222353103928217
5.310074986474329
2.8462636376882706
2.9626210426223523
5.136110583610598
5.222944855465672
5.135835502685443
5.284672024398631
5.41581599932195
7.326514120808253
4.611147765812831
4.570456710076206
4.394893076188695
4.590581868146204
4.589574987432158
7.677467960158739
10.144402802646434
5.596949466954534
6.6613642166845155
9.870228050408832
13.815646696281926
9.866775318217933
5.463666457051887
12.780104257666736
13.615889795838765
10.06160492973407
17.872651335975466
7.779288871589142
13.051900863680572
3.3651441640155055
15.261637568009206
5.776711623735791
3.7389331922394966
3.1841090778121393
3.1807095995007066
3.875907811094097
9.832184734443695
16.31277463505698
3.2596757568122667
3.4414916249076577
12.328680018105887
9.196769678158287
3.433552517610027
3.495114137946996
2.664790182426004
3.256083130428716
3.5885412513734316
2.538578085109611
4.017821386060005
3.0822238824753834
2.8765288065986026
2.8445643957160693
3.91790580488789
2.9989307562320198
3.415850975321875
2.394904755439266
2.123940955348793
2.4355797808004893
5.270706246834946
3.2064423291805975
3.1572852358311416
3.5912834763676074
5.156710727228054
2.520215259814421
3.6075843781620334
2.135314941922693
2.737942872342955
14.634946300953118
9.309298807941065
5.918787143205381
6.045458868024333
6.515081437683904
12.922824191475621
6.837739662173318
13.163114708340782
15.97641459809233
16.205811209974776
18.212682436267546
4.194070102226331
9.082662062968907
8.256532965658755
5.67192679402893
7.397699856113372
10.372975608543948
6.609905154969598
11.70535383708118
7.930496249317292
11.107330609754342
8.893670911455978
10.266315165865088
14.56630065608733
10.148115162440233
13.809551054750761
4.888791900698634
4.384709389502893
4.035127977627579
1.7537503329701358
2.867815213655935
6.090487748418175
4.595600211102051
6.057306421538284
3.4425083787450426
5.197759846032733
1.8567981754072989
2.15576630879478
2.1104162969405924
2.596483264735009
2.3938518241224087
1.8121836612547084
1.9639305067730664
2.113040805541661
2.5302331449494333
2.7742877107644692
2.515967779997841
2.169520635611018
2.3489265819784952
2.193198082639871
2.0566286374480165
2.055788807969758
2.1894205650846734
1.786886915844273
1.7375353675851142
1.7204617912773947
1.705669572014544
2.2310379909793903
2.380870221244712
2.372423451192838
1.9186263641354526
1.9372623508846352
1.9617004807669758
1.9467897661621536
1.7591611540335266
2.2120539312209098
1.8757372308548823
2.041738316966492
2.260903582238213
2.276069417654722
2.1417372595651005
1.9464748114653638
1.7612162285330029
1.8253866871291229
1.916383226894564
2.200000581779646
2.2767875628062066
2.9751442821761036
2.1784603322235494
2.221995126356014
2.160592016425504
2.092757757650884
2.130179725455571
2.357121957197229
2.4924740985056526
2.277104251979085
2.090447819464794
2.6700103468456975
2.0926634357972267
2.109975982439128
2.3926881172135324
2.1091627084452087
2.1259210434463247
2.033450824612368
1.949415870404637
2.428370257338618
2.683993242009776
2.3507406732063063
1.9332195428191994
2.3124492644300965
1.8693557004852124
6.979803833182335
5.01702112263417
5.358474787904903
6.026391165633971
4.6523012729778275
5.50001579125734
3.9907303396034353
5.663156105676779
3.4387026749968435
5.0791373334371785
3.023357374135978
2.9809740103613054
4.556370655270951
8.749499615511816
6.621514686657693
11.369620450053393
9.99273507932386
5.344592764639456
5.000339536869305
5.091432365807175
4.985893433166153
4.1416149922964225
9.29848001074963
5.537184023802213
5.695923857262455
6.1470583540140575
9.837958350028604
13.26360041627353
12.2297268069914
12.139886271595357
6.832186737253137
7.577352256553615
7.874396209494646
13.25692101145784
11.301511435913621
17.076624920500546
16.878756377057893
12.772164607024118
15.989093403080346
14.457008728450495
11.77090983114945
10.372714583147877
9.059297719947192
8.283010026674916
13.446161182398944
9.887479139327978
13.795016231927496
9.211792548750385
9.341738223053854
6.216363441606803
12.718653767149855
9.587835338357728
10.207875213266101
12.379092782696311
8.860551904786476
11.427773725480098
14.627440974054968
7.330124681849794
6.344003327669244
5.655424450234887
4.619744443383639
6.435093634438852
3.127373710581911
3.6647028473961223
4.290751377857395
5.09335682174665
3.9611947466744226
3.165217889442349
3.1620578376213127
2.895382685566308
2.7840971647655657
2.7987845697823257
4.286183180643473
4.573002562042754
3.847251635597945
2.934453739395459
3.4272416325578425
2.9055103141151544
3.019809902266866
3.4802251860975963
3.0046253042848026
4.116941232519563
3.441506463106007
3.051026670742366
3.2639280420608174
4.025165501508385
4.445599702836878
4.324182229684792
4.198389935801717
3.4754731077420082
3.8066069996463066
3.7182347246265897
3.7108537761948006
3.5575107580499585
4.143186008932042
3.2224342314472594
3.7275730856817297
4.361826894142695
2.441628273617267
3.0649342009126963
2.9218476189750247
5.309412187470018
7.221116585221433
8.3079409154657
11.282057776277405
9.791599008893291
11.785898922488206
9.979590478473238
8.798321943210338
6.423835986510774
6.620097956828514
5.6496509577268315
5.163230164497143
6.507847319555383
8.395684097326717
6.674814135778524
6.662379623369401
8.246034325886418
8.705383390725833
9.33118042529692
9.70888504867939
8.812479992548834
9.3510512300802
6.968754702103061
7.784673766139281
7.816915296321355
6.293573960221871
7.27412109145921
6.9847098256873705
10.0304706848046
9.901806228254829
6.225723036067553
6.516358967036522
10.12809686174322
4.771768947845541
5.586493839080008
5.945536300419209
15.101268579450817
14.788193701506463
11.247082880206964
10.070373855820998
6.01618945253152
4.384011438260606
10.427659030918946
15.273129568995671
11.272788232863679
10.87395812174169
16.93861359847475
10.594463585723688
16.7847807474458
11.982546485983686
9.384662000456768
9.933697407334567
9.516237899466912
7.956509386896494
11.35482711630679
8.861480315202067
7.787076247241333
6.95616971049473
8.079891850806519
7.25300002403944
6.052770254798323
4.176643106751056
3.051599433528257
2.9593569800313184
2.991607355703408
2.729611848816945
3.1181611624621914
2.863903128333084
3.9896415825150315
5.542642059869445
5.289879424434991
3.0484805265425057
2.92975761502925
3.793339493026177
2.946321640026883
2.7003638672222454
2.6417173696204954
1.9363669110873498
1.479654543557147
1.516781693344827
1.6699376558312111
1.607971865470542
1.7360740504032233
1.5518226072445567
1.5506393136663486
1.5245893039777165
1.5753557541947696
1.3222139793833585
1.3704671576892258
1.2802501871682843
1.2665545787640364
0.9985456244706155
1.1384256040514313
1.0253445580718228
1.1795113330242768
1.3552300221206606
1.146826141713119
1.262703830088742
1.1172423313758633
1.4459844016457875
1.4442546418791231
1.3757334794718175
1.3366294062941602
1.3943786057340115
0.9988809593144838
1.0442903435333595
0.9821605877905626
0.9266744691418538
1.0476277912443221
1.6762828938688599
1.6985031789242033
1.5362543261056316
1.7485531256862985
1.5555183274845652
1.5720965612976312
1.5746604506111272
1.4830240170513502
2.645377059068921
2.373843831143641
2.3357770805050793
2.4757837222084165
2.7410838035073772
2.8225060049866464
3.701320962687558
2.718735248021644
2.8964873940984956
2.8850875107856435
2.6585634501945803
3.5833887531056505
3.855969424312108
3.5211437888647743
3.3867781541425783
3.4854759441238095
3.44979157367212
2.771892499727035
5.120725832990287
4.045594559462509
4.4059880848943305
5.113932091786838
3.295750029700995
3.052743033371452
3.9265641034266556
3.6972359367584517
4.900587023912311
4.890156400581172
3.752435560483238
7.0693350118336795
4.593535526125579
6.495256625647667
5.745344134927609
6.7190615862167915
6.006331378898208
6.104961350166839
5.718972386792055
6.181324897204485
7.616382421978699
9.019552233725085
7.392417496429826
12.105092295027806
10.218730401125589
8.861440978532023
8.888928961467922
12.445565908249186
12.46654570705128
8.663805783473439
11.443265376726268
11.766358545554807
11.071266256999703
10.923470688167715
7.430465438169574
7.460905330996994
14.946626396636598
14.080263080230512
9.738042955872322
9.684007523695499
6.09138295899782
6.563734908438008
7.263654507641445
6.745839435090173
7.504629919949406
8.372007522409428
2.1433054710616513
4.334740611180306
4.828479314092551
1.9044447547613257
4.5949034860061575
2.280977806067989
3.910703353210507
4.192606121799125
4.19889285174113
3.9653928230550157
6.176322702198998
5.943452411855249
5.788540312393002
5.610634101179592
4.658856388643174
5.259834537380623
4.499818078607523
4.285639481271447
4.60997366684314
2.8033845382984706
2.44785207634284
2.774305972785776
2.673810976055776
2.5873227870626154
2.9259068135777446
2.482233045763188
2.6230035705748946
2.2950049200035556
2.319814715782077
2.274064969907379
2.178843880939556
2.2649825330264024
2.1491495037654613
2.590321764403199
2.521478209975832
2.439450530887581
2.9323993217313347
2.9951561548632175
2.229844924426829
2.2360646141625753
2.126797206250975
2.311613812249289
2.423636554126837
2.6202365404395103
2.342638002379002
2.654956504198343
2.9037765435351686
2.5749720418229787
2.260941554902728
2.2746988054816053
2.2521997265273037
1.9158737702356787
2.5002597844322794
1.9490883555156209
2.9040976922559634
2.6988733178158903
3.10354405555085
2.006590126321285
3.01473866634962
1.698945760462061
1.804277444884503
2.4084233562049033
2.6520579082625724
2.640266540986919
2.798813691845379
2.5198936029268766
2.7216230484712756
2.421320747877042
3.1589172592682386
2.024526778752022
2.6563689405865007
2.0948783236353234
2.317975595931121
1.8960641192578405
2.202828082092882
2.585285034768236
2.7041672262067578
2.332368813749027
5.052277664542497
3.4880150297929253
2.9855369023400113
2.9923563641586837
3.2464137204405397
3.304765576925589
3.4368019631565465
3.395067063174406
3.295642555774254
6.033875940148034
3.1484767328259156
3.17310488928183
2.744802657717112
5.0523661990559905
6.223120642079511
8.589485413838046
8.135270725592019
9.076040211982297
8.57520111692946
8.938230614479348
14.797138785122531
11.290710693540776
10.15378451412369
8.785265686617134
8.860007002810281
9.415757335619116
17.095126519703207
7.579269141230165
13.89900514094449
14.093243218810247
13.148304764647369
16.158805315538892
16.738055283028086
8.699321161614822
5.4106847229391555
5.625996022439649
12.09465033077071
9.683292209179857
9.098140597313874
9.688096385005021
9.205227220079117
8.83488670358891
6.026675483761688
3.0623281897082277
2.793033958798916
3.313863557794029
6.336000102874032
6.664705750724281
6.581989685827814
4.410044989285029
4.098416207136774
4.519488985596175
4.457678978650744
4.216656582633485
7.771438629628257
5.120626706479973
2.3561361249554094
2.4791709601687115
2.6396578169789446
5.572508046100824
2.6913897345809232
5.022789633094428
4.7549233082395235
2.2977278775095855
2.2507549698813007
2.6970364048405857
2.8960095014450764
1.0903446479228267
1.4528713056342621
1.9063134264072032
1.9203968157550455
1.1158810248227469
1.013303051429638
1.2017819867589918
0.8185789786479114
0.7772089561002555
0.8233116249786869
0.6706371815845505
2.118676029949492
1.539479973067037
3.6477650488489877
1.5786902804474374
1.2117482543720381
2.476569378928921
1.8005970401090337
0.9888329755792427
2.1852563303887234
2.178671569224093
1.5530150346457194
2.3773721904928875
2.1196773494648484
1.9938267018108018
1.9853298833207833
1.6125352929548231
1.8692013490389183
1.4214367866884958
1.8518143352858427
1.5195911275270235
1.3751790804130553
1.0887737581823782
1.2413977806798273
1.1202557546173204
1.06325971042347
0.8258472065609
0.9533977139127803
0.9251878961029817
1.1607426117234185
1.020492475592432
0.8846173416598726
0.5345666280075908
0.6960644615015792
0.7081321506399156
0.7096528737320826
0.819890347339548
0.787926610993656
0.4967883606429194
0.5026229012073994
0.5145559941731331
0.4903856764391105
0.3885922417575713
0.271237526108813
0.21376666989789356
0.2905024072141861
0.434014241871148
0.26080005292147745
0.39752037859441985
0.27320217622567433
0.40118662464348276
0.3270982436596904
2.057795384896827
2.0615936716148964
1.694520414728085
1.6368954262396382
1.515672841889429
1.482318139383505
1.971597672092089
2.698508876530268
2.7031445297607615
5.050831430948768
3.103403488308615
2.7683701825589546
2.682609159159247
2.705727891907868
2.388786307959476
2.3515563879541297
4.619501930579721
5.194052951941462
3.1816791596036937
2.792453810458543
2.901754144901917
3.3060043729960187
8.524922773530514
8.547865760696235
5.394739050020044
5.641717667650592
8.69665885462582
7.994237934422462
11.624943172565212
11.664347245570735
13.934817496162669
12.792573949632722
9.942308513169541
12.278253930631655
11.916461916191448
11.911208919776616
11.52505568797297
11.724892647992712
12.04609748094095
13.26428347502656
12.648543679567611
9.464838474018814
12.982225094089804
16.17684185313781
13.281722948610891
20.580384489660737
20.757476120446423
17.432763391234687
16.900164556721187
16.853110520693814
16.324202214769
20.851898854029606
24.847400836674986
25.18883554395591
20.77337159847692
20.79637502574526
8.558397692757552
16.288208889597293
24.339728211771448
11.988269955783103
8.239345221338173
19.893309394817994
8.725749843624214
12.277430954282073
12.572066350849614
8.128367384431932
5.844272690981866
6.012471099093032
5.15452487247326
5.481548109343379
5.367448686149792
6.447695320850035
2.9241754982590566
3.2102526552832886
3.2295471555447186
6.344103949859586
5.709290824166823
8.555557444415651
7.913942841476581
5.37650505376296
0.7494888476668695
3.044397652079014
0.8198946155840842
5.400734132476741
3.259878116751102
8.145514393219601
3.0886644730338118
2.930339567907061
3.127428794114709
1.1431398258540137
3.289469939994627
3.397089977359422
1.3130308484689897
1.2405458820515485
1.3284421134253837
1.4523056598755615
1.460894546291477
2.8488026831592657
1.1630343426439365
1.0278073648088264
0.9137255462987589
2.1967742423117778
1.5376566048309077
1.187788710567832
1.3091212555179097
1.2747982625949104
1.231171192892378
1.2010501620543115
0.9046260144878318
0.9519554105480659
1.232499393034767
1.5808558203969638
1.5967749637577215
1.7363043772649847
1.2587135902392488
1.3220515004957476
1.5072470659491608
1.4487491990199446
1.4299749347138804
1.3498103818211769
1.2354630359964653
1.2820353691976938
1.2194158186380892
0.9554405219580916
1.1459802447616407
1.1313646372472865
1.2414391977219852
0.9678200231908333
1.046802013278492
1.2201080934245667
0.9657749114227844
1.1013239761960083
0.96110579802102
0.8942062965601008
0.7791005674460145
0.593424668260763
0.7217165868613711
0.764898997864109
0.8811780915467609
0.9161282625440895
0.9847642990442242
2.024564297635801
1.6526635832177003
1.45148364782254
1.4442787787891525
1.6720022287039829
1.5063734898526233
1.1097345618612235
1.2396155554971575
1.5157008475933689
1.5544028021865348
1.742964117371541
1.997158541896337
2.1478842890267487
2.148480084779261
1.830126666910442
1.6448913836464825
1.7342454339362754
1.9937070293908359
3.051152870332117
3.0357322825987594
3.388040529809023
3.5629774141596355
3.827233166135779
3.929870773431162
4.7368949874676884
4.0698808664784245
4.996681957191638
3.560908578674264
4.886968033546911
4.4822489957719
4.190020291014292
4.376701203057068
5.755345968530891
6.3742351708377765
6.745622130033195
6.605678758856824
5.217678264164998
7.217843111944697
6.190155516431098
5.3735077363401755
7.005709474359067
7.040615490016751
4.02399765591078
6.580733693660806
7.271731188486157
4.155477872029733
12.758556613934303
16.4917381966402
8.99608948779331
7.080685886324187
6.218919710023597
8.787719921913164
3.743036864950425
8.411884605049126
10.4496763282405
10.727550286588935
12.813526527170291
6.2976060825675075
4.452350247730853
4.4917386118970715
3.640532365640869
3.9746943830620696
4.6588112460956586
13.20169490120422
8.902015591885627
4.998195237007601
7.4364090110945655
6.483881228630781
4.893098563801718
6.423290198222506
7.270684079046719
8.896879184167258
5.063905436537149
7.7643994835237695
3.554717110470154
3.272810889137574
2.988013235825197
2.5700308736921693
3.145383203680381
4.275750717344217
4.004089038522798
3.933321523407611
4.071007018262589
3.622310017685527
3.6571199708612463
3.7454150256393652
4.067247237172177
6.282397683189033
6.082815366047083
5.193517721378594
3.4581681664718262
4.791277586706453
4.4327874489449695
4.201485144247397
4.536668826503393
4.347502661969285
3.9395029110269855
7.767932043162025
14.113950596948865
7.0893901467861085
8.122257669889779
11.530211079073936
7.724325056991219
7.004173247147793
3.5064502704448515
2.9839063161916677
4.490249789304693
4.651280512679199
3.0985512469696648
11.24934740981609
8.452048235479307
8.131103428772862
11.756039188915944
16.697164850171834
10.301717108026805
13.390975965642095
12.981346353720701
16.877713155032684
19.428635020039433
7.678022254976558
6.137991593263072
7.251869021870773
14.121077675542654
16.33863944418347
10.623978036215435
12.750856924919601
12.309129797389323
12.753126839387857
15.754607562854588
6.525380748600066
12.58700853001322
9.857752360425685
13.65074499377351
12.38277643946187
13.74809215967349
11.370135335607266
12.057342706762594
10.601501703852605
10.358913399642699
10.629206553712386
11.847626978847929
13.107992003334903
14.58478609453997
12.8935932715197
12.917967191860475
12.179141548297057
13.155448684411576
10.001536148726847
16.335758375819008
12.436554276444506
6.693791977928991
8.85406387614149
7.213684472316888
12.292165843598701
16.34710540929424
7.366529285447681
12.16777293004505
3.2538352544810927
3.3358069935724926
3.0935766893801153
2.5571846465621797
2.8384460504724074
2.1641761088497655
2.7211454743051475
2.761746248477353
2.56540495508203
2.857322724072851
1.904006553851734
1.242405952669267
1.7302500122778952
1.029989339778571
0.9589539105861933
0.789276644829289
0.8455578213808497
0.9856923218729676
0.8453705279301534
0.7524476683395791
0.7454750043370983
1.144953129983035
0.9469009659604259
1.2047158871504113
2.004667502617273
1.1948941352236095
0.9114181572815963
0.9366027588021538
0.5036667200936741
1.0068662507827293
0.632091696330652
1.013257465864228
0.654739713828892
0.9046618945710609
0.8937970678889335
1.0097225229006892
1.159228515456579
2.348981166275221
1.9731953703664238
4.419428713422369
1.0478731914494133
0.9629904175365589
1.109504513084757
0.9068659201594818
1.2635940426802623
1.5470780274383436
1.3207582015823947
1.1846257680026115
0.9745293000014291
1.5415934053559943
1.0376825682363573
1.3575944008843008
1.454455666154756
2.336497392851915
1.7405211668203637
2.2390461596804214
1.893293837625702
2.000377562822852
1.920594459855059
0.9807652780377202
1.5225384002259477
1.7358148800008468
1.5445414752258402
1.2661017053278631
1.2125510956612513
1.421880787965104
1.5621123525807075
1.326758029877619
1.4040070772206168
1.0581092606821758
0.9061694800791263
0.660000030962189
0.7355652253568686
1.9300365684722767
1.954589518735339
1.8071032478339635
2.0455653154756397
1.749059779628621
1.9138634587383745
1.530021407344358
0.9603377128928839
1.3351090668654249
1.929530468202136
1.1302395658692155
1.3184690203397282
1.243907702011835
1.2830303414032964
1.3174784348346915
0.9002898551845663
1.0037614530995431
0.7302589122440295
1.1015220196538156
1.105571980724457
1.435994080287964
1.1876780270354932
1.593676892015265
1.4259546906356448
2.326473397006916
1.9533183013851356
1.7377064001105267
0.8526151498264432
0.653968872250895
1.390503128139175
1.0118352363877157
1.0119166609686017
2.285468211240958
0.6693947514037283
0.9401371229173906
1.2648441332383085
1.2329854044677684
1.2762990292258154
1.3165425850973158
1.2714715942733283
1.3654878820361875
2.63986897135998
1.412688332653052
0.8434932786072042
1.4024266766542755
1.2590876901758237
1.3097093580044297
1.2920997367867064
1.2074165689589218
1.4082018576802324
3.2534327292791607
1.4978541812282589
2.4849235399889564
1.8886828881173297
1.4679178407104652
5.286151967026578
3.2608569921557566
3.049219967154046
1.8017874471424427
1.4708774183458921
3.103971344032331
2.2644262809401896
3.3956076073640444
1.6723708576731635
3.706888978162587
4.306566368173093
5.366712990893459
1.9229645684696468
6.727187300372854
2.8354003433327124
3.166270115136751
5.272200719647946
6.18857872438827
4.149117055927593
3.8052645012834616
3.867693260995216
6.9303676391946
6.453419553617209
3.914335975590661
5.690527310233525
8.156537571565398
7.720973957910516
6.6506557248295435
8.460887480686692
9.470614976949978
8.452988147648572
7.3682354916357
7.145057520689643
5.157557206604748
7.9915863756219085
12.311494442630334
12.294907052277962
14.622465408110733
16.70060007501269
16.887517198373992
10.787825668458021
15.679789663208547
15.685738274588596
11.129461933234063
12.20822785547819
20.06472221991237
16.361309966225853
20.707187174886485
17.005287087168078
20.58408184709925
24.657478599350497
19.2638704191396
7.279340380602673
20.98464604822076
10.077929748312709
13.321234125332532
10.510844619300418
7.5676136391611735
2.9621077854503177
8.85154200396801
5.8074416320217175
6.697551503416304
3.473489061237127
20.321618705102917
9.307690081419246
5.619847668508415
8.348249501617033
5.163597101722037
5.089632480971937
4.7623887532331866
5.036449684175128
4.946404995167855
12.105430474586479
12.467410554988941
7.074352946510258
5.819217356376747
8.864411638478028
19.157816089674505
10.815549511044882
9.270551872188156
13.895322484299673
10.64526811031557
10.68573398584723
9.664964751562433
14.362957710104931
12.844175178012051
12.913759342881837
9.473340832420561
8.944428749966406
16.293859928475474
16.271975219848205
8.524350330014448
14.701714102361766
11.373647648132732
10.874406288008036
11.444192437896032
11.764988963706934
16.475978189179997
17.48184603540106
16.60102021896038
13.78531536779786
9.624130544859623
9.725172863663715
7.766746218829356
13.156314242812437
11.555745026941459
11.55403826597372
11.367521421608108
4.446515385101459
3.968334903989553
3.6227268883420782
3.290305959438501
4.37567948471918
5.732347614301829
3.3684917067954516
4.415623050984825
4.321675050748055
4.22544682876572
1.9359712044099582
1.7886424155204363
4.006918237689353
4.079977460177047
3.690058497981723
2.0628305563670404
1.79150710193551
1.7016801272338768
1.991335093188337
3.1930747244886097
3.5756496935623305
4.2043136399328045
2.910977151664512
1.900911018026613
1.7471804681876677
1.9564221000695141
1.9236622201574594
1.9281911967303837
1.5333392642281898
1.5191422219830681
1.5940662206196807
1.550649665298063
2.134762416037899
2.251915879573091
2.939857058696793
2.203656931830499
2.0183146274922343
2.254691443030587
2.3737316910920305
2.3905201000967926
2.089642001864955
2.5232109089868997
2.102603539563707
2.5232251103326755
1.7859951488528754
1.5949007047568218
1.5592331348530206
1.5114884956640808
1.991356085039488
2.0119257544484235
1.9343719098231165
1.7812595131973477
1.125940829742006
1.9311732869243197
3.451029089654738
3.105182526956357
2.4534403180113875
2.1289326518668914
2.4855242007496265
1.9102547311031928
2.487606580224502
3.197287515554931
3.3234852516590956
2.241812597868328
2.375123398666734
2.547737408468044
2.8604170682244154
3.9771248179340617
3.4061882699222297
2.8350079378863713
2.0699104264036596
1.9297713271570451
1.9544443209357034
3.0704611527580044
2.815243099862859
2.6903352360671495
4.104500246617446
3.197100112429627
3.025953104629432
2.806168369961328
3.989535537612249
2.664344230467578
3.2936082951347827
2.539289264914548
2.7581783071871606
2.0632259004359783
4.532701801994168
2.338406132145727
3.8293844582950114
3.812195014779605
3.458217166598905
2.078236570094025
3.8217456797360803
3.059604635434991
2.8450015408734655
3.016166647340567
2.11940250338477
3.0349984700662516
3.3794221211010806
3.3905378130649515
3.874084124979221
4.333929362478463
5.199485245561356
4.707985965429195
3.721609364193326
4.14683022939368
3.69399889738711
3.36895272731405
4.00649328345766
2.8352302343209126
5.658409714673882
6.4023964018998525
5.6661471259195455
7.085563299460574
6.246684129700675
7.1326458766453396
5.907978105875016
7.948519419027834
6.182230467402166
4.60041066157363
20.23410806827703
15.542667819218156
8.822858145067112
7.864117029663947
7.310121843790418
4.837258553960241
6.514105548273437
6.120054683359756
16.93704567315587
9.478882848092722
10.877311986230158
8.51929256601419
17.135077723999316
11.003695128659109
20.37638433205485
7.922334375513626
3.780215829306423
3.665193139040519
7.643232077051692
6.002864646252586
10.452067904595118
8.018579415912981
6.024023297969712
7.005566638285617
5.573871944920343
5.727379555487676
4.673054527662896
5.502738131629581
4.609699362486333
4.0466054285649555
5.453922920248905
2.9461589619926745
3.870169481349264
4.281357458663669
4.434721094222597
4.695327810331312
7.629720968894205
3.2147783720125473
3.7685479757026537
5.7426758903158674
7.184449224958857
2.954220897075902
3.4530504475817
2.7956853692836505
5.187590869441226
10.65571037328795
7.495343933398537
4.968241019234977
6.946321660101904
3.137896284632562
2.508881508160477
2.746412131980578
2.4334928253741186
2.6075520894947095
2.9926082980408006
3.0477851537962013
3.09190818128057
3.848938773616345
2.723754229666139
2.3364002696045207
2.2556325474093994
2.700740165274614
3.141965246982796
1.739182593616259
1.5341641062626201
1.6984209252053823
1.6543528891884158
3.1691701473171365
3.6691970908926796
3.2216500254933664
3.263221490022908
3.6520101859649245
2.026434974591268
2.43225047113638
1.9468138758841906
2.1780509260163305
2.430976762109164
2.5716516595598096
2.4866281064905595
2.144664331898376
2.624963240102126
3.1468473852302554
1.8224375314894754
1.6397415795832804
1.6246965865300198
1.8545983228423342
1.8716197679538027
1.83551651185686
2.153591570851295
2.076407655304931
1.9330875824506528
1.931874514438642
1.8245320248961048
1.8644476454579908
1.9506850639283286
2.1777033989277874
2.5076031640523175
2.698352497435991
2.892053723933251
2.6940363587811884
2.648771401009611
2.729793766209096
2.7538765178040503
2.870003935533831
2.9647829864354893
3.94123953311747
3.6292247965670974
3.8440668668543316
3.2590803962984958
4.313644820056263
16.299878172566615
4.054832402513529
3.6032462550630355
4.513297458710231
5.070502534012983
8.291783843774024
8.50036592616039
10.467148704174914
5.545503135903337
5.873326320826373
5.720767195880983
3.0070558536222913
7.984159706129998
2.9884777245012217
2.96428585397649
3.018129845091347
4.2395643278986395
4.376702618397973
6.756803174183615
5.356578557948457
7.906118041177356
7.809716523034496
4.5968794519864735
5.478368742578713
4.647599123087257
3.6713424572727114
7.04655272270666
4.188442430397868
3.4659406213473325
5.034241462562903
6.922897844961686
5.673604295732269
6.3821640319857424
5.9881649239702
5.017574977335952
5.8972467037411445
4.268253307535276
2.8701245058541542
4.014065281980481
4.956366010757538
7.998185818590448
9.268878568276595
9.461350969418415
8.503461668247501
5.138005029957403
5.1721747525206005
7.289306213907341
8.193874732871
11.56297792319877
7.330355262868447
14.209585935269786
12.131036240185331
11.652919112720443
10.18812041363655
9.165700157564256
6.70110755866641
7.881797825248354
6.523421773741658
12.974574515973543
10.446457038851182
10.413342142452509
8.43611829334395
14.924810974533225
11.243371056557393
11.158562120798896
11.295788343579451
15.03850344224703
7.440474880328608
14.277831444331913
9.630846750513868
9.63665730477481
7.3740970317419166
10.164846024390716
11.911258520104266
10.740499380859328
10.48694385303388
9.41741775432462
5.0426535430329515
6.470141050534255
7.235706056826125
7.309754188523553
13.01257684530537
8.987072560117793
9.406800462833504
5.462326096670376
7.667055200339317
10.056944973772211
11.706504822766489
9.067474489037295
5.083343508475913
3.852152093189318
7.108849036946258
3.483378950652047
4.4617237710424185
3.109116255121057
6.406233663982346
3.338400043079621
3.747238060471863
3.6621465101075152
2.688735586132794
2.565123175425508
2.7624535937693877
3.2478408634501306
3.7412967587522763
2.6174980836911104
3.2585069132541684
2.2727214316394937
2.2715553398985713
2.7662954438119924
2.311580447246023
2.2578640714417286
1.8996369428776998
1.777954123024428
1.597140960626118
1.824248237405546
1.6232140186172521
1.8839716996303324
1.8018256624509075
1.6871733091682135
1.5034881646008593
1.409825363633977
1.6783583623621197
2.0695917552289136
2.0207662717826036
1.8272081927719022
2.4924575997304563
2.3247260644649184
2.90495822382558
2.39013607158003
2.3958248984286032
2.150714750716255
2.22266447842021
2.4138735968927207
2.8824802317690854
2.591970314772591
3.2369001768593852
2.7184465171862806
3.1569844988024873
3.151411195044378
2.5989593266525763
2.5439702260282218
2.639205120328831
2.9421316437519724
3.4689706050082982
4.074187004949436
2.73548830606883
3.814749530195396
3.0911788781214815
7.398043465638864
4.63331256365367
9.173600888607188
12.899154522460156
11.003292782055633
12.063142553059759
16.788789909305194
10.172786301402464
11.895406479996064
10.027483887792723
12.330488225759192
16.207925208938523
10.21852301231762
8.668896732145912
7.1723970603579685
2.815861873197623
2.8524310891953766
2.6827918499199166
2.5503820056007602
2.342057072848931
3.0793631397832875
3.1436291368058504
3.611470405697942
3.489196131169396
2.289352579040999
3.7655192851504444
3.8079414287167124
4.290683427172477
3.2762424524973084
3.9941405163894514
4.3696848948035845
3.836117494538432
4.280771441934851
5.269692231292543
6.82171547675172
5.936121536636522
4.6549000056141585
5.084780994309949
9.384011565055662
11.395694133773002
2.7318553549841114
4.616565389927039
2.886603041668625
2.743963736798709
2.4861599394921683
3.094938057678591
3.099152386904211
2.696863364976131
3.0073895482824144
2.9091998305261897
2.716064058614294
2.392291296889211
2.4832563018439067
3.6300446530567014
6.847982400033463
7.92260372931505
7.178269610237431
6.652554021778488
5.331062156788914
5.407680441210137
7.789372881590088
7.14624672836497
6.454084326525551
7.23042828328501
8.239499917261183
3.4121144736500524
2.4274287134377346
2.833869261772576
3.177746142022909
2.9234885492012954
2.6244125729268584
2.7075771130515642
3.3637953065178245
3.421990560023623
8.04089524116599
7.75634347869546
9.689574972841612
14.220933748593856
7.7529782033436065
8.177694468735597
11.416293025299586
13.827388011740567
12.851923312691373
23.760592265823753
15.4813929620121
19.591985167200892
3.0360984891542184
2.4638572253559046
2.3743777986757024
2.8764859134432768
2.6837287380232056
5.418626305057433
7.123717855851275
11.07574051256645
10.463083409329476
9.773383281600392
7.407689674688018
8.36166785458086
13.02039366008474
11.71597569500615
13.559102372177785
13.914096696877362
13.64347507459858
14.911620718674488
8.880455814352997
7.640569048432894
7.3693831415404585
8.40625023793621
7.373128764310984
7.992591718864982
8.402700065144634
12.742300234189042
9.93894267645162
14.955247975980177
13.953318077520104
6.094624864052709
10.80707232570276
12.234247253314805
9.984166800713924
6.785507967344168
5.354776405249287
7.464820446316322
6.162304527411485
6.4503984929765945
6.3664892044191985
12.074837246396786
12.946304658564042
11.265737643470514
12.241694058898588
11.209668394852631
10.61182692106811
14.487997545512362
16.107979642668802
10.55908464252291
11.020665247120018
6.978448459806995
5.228534511222039
4.7725883659668344
8.60505010494028
8.102700018705393
4.812018996866534
7.12639379083104
18.242022995467046
16.482648927837186
17.185312180753904
12.41051103896216
14.079685257128698
7.606033813768256
8.32417272689333
6.24512637958445
6.610057270029233
4.476944183539475
5.9021285090217095
3.7465701709555326
4.915277534000913
7.401931105778848
7.136185501130598
7.135025895661331
10.301342706548683
14.419285914876198
15.230017133798668
9.753160063995844
6.547383665013635
9.703051917390416
6.039054630583257
5.50376195285091
3.98415663208072
3.4709331365105456
6.839456360017207
5.481079388672201
5.105781668411788
4.598558621896602
5.480606869384049
5.594824351220703
4.603887751490872
4.249573033610778
5.643406177088083
3.460007262286679
2.999480779279436
2.0758453437886333
1.7996716546644673
3.6908254060872814
2.3260723205817735
2.1803016192007916
2.2125230070752124
1.6922202184453177
2.203092037590107
2.421737932979542
2.872656660442274
2.7243505708318967
2.354239749286588
2.1074660218256085
1.7269882765170181
4.544073124422644
2.638107693720377
3.3077212802093086
3.584639313506784
3.497816666709079
2.7924951966498375
2.8982688252785582
3.1588999771922457
2.6879492093984636
2.6936493333887777
2.470943877634383
2.19016201692019
2.12946295579329
1.9710796547912448
2.3601421502101774
2.057006959864614
2.042400086819705
1.9569575741578848
1.9084119084891131
1.9875482924083794
1.9938834279194897
1.8900703358823385
1.8878747409968686
1.5595767159880138
1.744154709241616
1.7953573260475522
3.8020489409916456
1.7349229226678031
3.6677484665169215
5.0357698772179464
6.239508090524487
6.738925040885839
10.262676709130643
4.334074700415073
14.132731351037023
16.10959450472748
9.290445789633242
9.337227404514387
8.805157292424754
9.291755247075233
13.030655002700232
14.339512609678064
14.402533910452954
9.427349804468642
5.320464968142546
8.623717598117638
8.130916225805368
8.703327040658706
9.241146982034811
8.632890096090323
6.585751120848973
7.068729170364698
8.811536368626658
5.028925264816583
8.098165189879012
5.013309224709029
2.8274218887356666
5.045809696834612
3.0695500046138235
2.2789834328240715
2.7473937104265986
3.1178145982275156
2.9757783429868097
2.9971865863901477
3.294999338271748
4.435899507474992
6.035980412707025
8.903302067242112
7.445848772840539
6.937268256278069
5.634484542664877
4.872152742655361
11.117322261227839
2.931866277945182
3.4706101787270485
7.9461062123438735
6.905033862258515
6.956497174538805
8.907335348113728
2.8279082645063633
4.9497299635376475
2.9720777360909305
5.399781986491801
5.591332345425231
7.080272166285359
5.300322677765875
4.1531726746779025
2.7062473718405426
4.795442992721453
4.277901040157309
4.252060468264888
4.214133581735686
5.905047414966805
5.81554635411127
5.264943263163664
3.803869648242144
3.094629730710307
2.719572676776849
3.8673588526605926
2.7026549510191535
2.612791862939691
2.6783700017152436
2.254677966313662
2.0012772150315867
2.4396236556915
2.238385453568677
2.4125397909291104
2.5278646695497633
2.185061941309269
2.6615551977733234
1.8142115269999877
2.160739606165662
2.8295592103212153
1.7808701390108155
2.496831574819155
1.5399763129928732
1.5844181075876649
1.7411218326438243
1.7847771676989848
1.8506698483681983
2.5044633869731916
2.2961916354766574
1.5830530598977193
0.9480495405813452
1.6133103604868144
0.9971697818836619
2.1824195535288156
2.285440008766442
1.2276890307189623
1.278943539607227
1.619196456872762
1.7145376042944804
1.3525590962505292
1.356276721800657
1.7286943198836346
1.2387759444371942
2.2121266087155673
1.4751927535073297
2.947669947021881
2.3647085329446256
1.9847831703434857
1.5064542816189002
1.7328132537780738
1.424581799954887
1.740639313893579
1.6152406123595242
1.658117708328691
1.8259720476703714
2.008197179765804
1.6393149616463287
1.6638666258568198
2.064657949846359
1.9858189255987995
2.073613460889553
2.479610448408699
2.714000344756677
4.2543453702370355
4.497331143765408
4.808695898404202
5.809208229724772
5.495382931325015
4.392766298821631
3.344276797834079
4.521127491120565
8.660919177233035
8.277675329282934
4.247741343552187
8.97259212859299
9.89639152591166
7.227129247867829
10.487876290949185
10.173200267965402
8.462999708455785
7.761943715065925
6.291188667680826
10.611192149989401
7.029464264316552
12.760988096637885
11.9821484603935
14.798789184343013
10.19953998390275
11.29330542713458
15.300530841278672
9.93806865295641
9.90824931138437
9.832467455497765
9.90164059394618
10.429440985013414
10.486904442865093
10.597574551393452
9.46753537205143
7.704740965728685
11.696898216812041
11.331000753226995
8.297962109145343
18.296429537837174
16.322943832585878
12.81800007939674
11.947182253096008
7.417884481580228
6.2357818298452585
13.431620524883167
7.346821183180522
11.512886520502127
7.412571275141151
16.699535497161815
3.376847042807028
9.508785931404647
15.990721848613447
5.330957952753893
6.074877329589593
5.023712141706271
9.824369816405675
12.69491348487585
9.83256841516786
12.459654383972968
11.334870241871105
9.260260861265296
9.852581091056507
9.764276638163826
12.504335157714758
12.736432951168112
12.367222903178504
13.837670026991864
14.849202650904223
12.052649770104393
10.823101613313096
4.425243872524446
4.917188720416034
4.434482447509492
2.8871243395429
3.654790260541538
5.590255199116947
9.494780275747509
9.342394926452183
10.787553892811289
7.071677606452399
10.01422594456202
10.71873924772677
15.049095490504754
8.996186080817225
2.494766434644477
3.207108796815887
3.4407995817329144
4.2378535364366
12.473414418909428
11.168684370388728
4.652361518121468
6.060615535347003
4.435681738743741
3.480130149223201
4.2290240755016395
4.558619919728341
3.004908794370067
2.487148136089341
5.574065134206959
3.0738996415259754
4.046059677635969
3.699541617093414
4.933984497142615
3.3754851501297054
3.0635975319180577
2.364531094747364
2.608007331852081
2.6868266303904824
2.6018211959061337
2.8346462538562247
2.838941525323354
2.9769639151601766
2.7178449629850188
2.7829876366069852
2.365838485194983
2.5558974785728874
3.3505242844766725
3.0362250716067516
3.374012741663472
3.736699479367201
2.8014410897549475
2.543678191806536
2.8653209019382357
3.103481289645599
3.8892277317836017
3.696499269276001
3.2419580506865535
2.9863374039252273
2.7098858963501735
3.3315028762358927
2.199626586505631
3.307410230865469
2.8983572220257448
3.2935443705292835
2.899734334666241
3.2261815526229194
3.858828414189336
3.7377371402178277
2.881706009040409
2.6900489645606815
2.385892891936828
2.2015351437185027
3.0917481861121074
2.7513054251984554
2.7740389328450847
9.034045045202564
4.761194729007076
3.889046075575932
4.085041554346898
2.3006415819296846
2.466367567119704
6.490024701878189
2.3127392715075556
2.3527422408014713
3.2147325851384934
3.552338311093321
2.697600359186423
4.9908736508651765
3.0832922612459903
6.742341280365845
8.698292352744723
11.76208111043113
8.101765862571185
7.320567659846096
8.749541404448724
7.978256565912919
5.328165467639577
10.958454461477874
4.540383423804845
5.256778800600125
12.245599186166107
11.07363258691319
10.890296196463673
9.527271684306903
13.921580340307795
13.780839708874604
17.293699760093027
12.91701109279236
12.893124492266292
9.932838498268278
7.127121922507584
16.861091153687347
10.572647656511624
9.998203438056452
13.416735126648069
8.865747479729176
10.375013771476024
12.35087054140595
8.35773739895689
8.924108667234236
8.98556913393804
8.86227917476461
7.22342023797504
12.368170527102414
10.10502565506256
6.865086397906593
6.960068169031342
5.746720377071247
5.393286763663163
6.303124740118998
6.109962203508919
6.814163573688961
8.590246824545629
10.387695845019813
9.286276005043892
6.498909480513579
7.0085836249491695
3.98729500334939
6.192318858212383
6.8977569216295365
4.826900452870203
6.536799501056296
4.93823949682596
6.943567721649451
9.75884573595132
5.9545402583979925
9.328138649647823
7.180781477826477
5.260849260302511
5.51482201211663
3.2018088237152726
3.0932150780424417
5.988446743269858
5.496154093709358
5.932009836003681
7.269490347911696
3.357087363871108
3.853239892770476
4.127869942414761
4.078712215701907
4.747052731877295
4.86642285767377
4.374973458341671
6.8321971982453515
5.005254854191497
2.888284378995526
4.326474863004616
4.834974878369109
4.431825501193282
3.445324686703903
4.326458857463182
2.6445661495969266
3.389718380251593
3.552549222633684
3.831463135635785
3.092162318039645
2.813620806129176
2.5390120672882572
3.553212081015386
2.6703020567234574
2.9159444401130843
3.6515371216346635
3.5418076726468235
2.8990713969717037
2.511622764591693
2.9089662836516554
3.0399378753008635
3.0520270415835675
3.3478263645912243
3.4054267896613433
3.228920017129274
2.923419844387067
2.1043975391425946
2.5034972672101548
2.188484862301059
2.2436588618822033
2.0177875268536125
2.626534081153377
3.1217524876604403
2.700097660483112
2.698501340448258
2.177883411368599
2.364270031407746
2.056785190224956
2.2212010852984605
1.9305802810440569
1.7103215246196222
1.7471157598646054
1.7015247424766826
1.8842293479205185
1.8735507989359999
1.915849144928756
2.1640662921241205
2.2855055463969145
2.028128842447817
2.202072948200231
2.0317619696569476
2.122061678876911
1.8301397156780588
2.056515210154651
2.3138493401750875
2.4150019887414147
2.027739197818832
2.2414651731218846
2.175897759750158
2.4466861402338496
2.1742594688898977
2.483975858237795
2.660752174469134
2.568812100920177
2.558380127215483
3.13834471869171
3.2179996016193484
3.312178872982654
2.6111206971565775
2.345490722888406
2.352121556488197
2.903093863340362
3.609820535985621
2.9690262426234866
3.2228468656475906
2.8042978587261094
2.6721770926197825
2.7467972833634584
2.699343273639789
2.52240883225946
2.8432996941361273
2.3069679342533917
1.8391097942019137
3.34465432949015
2.275455111393552
2.3294291376007066
2.533152542985314
2.2667461169028096
2.0784019444187063
2.212177339448548
2.0657621962060917
2.1704942361185795
1.8528321807940997
2.2408502676791833
2.0102681503551043
2.2713742356990556
2.4224158601444854
2.229890673335079
1.8306698422028684
2.075896199821993
2.1478569412800104
1.9213632799849978
2.1197504832175293
2.6249092941183276
2.2561072281334824
2.5102709677346344
2.322871639875651
2.1943077418288714
2.362330333717888
2.141459975277027
2.72223106367808
2.1590891657795828
2.782868545495783
2.332618162496719
2.720141360824287
2.784913004515703
2.163793368964691
2.7618266929791164
3.022122702098811
2.169854990259263
3.3404753082049248
3.31067384819264
3.3826523230853973
3.458854670077449
5.061760670547672
3.0576133331384447
5.073353460412231
3.1041827298209315
4.007585257641727
6.27936786774835
3.575569965696199
3.6291161765767024
3.6914352430638018
3.4662280450246983
2.353667090772057
3.7057540529294677
3.9321385245038756
4.004763860839753
6.4730465485986155
6.7631116615660805
5.834843561482635
5.5001485895798865
5.498011332119534
9.094529593870892
4.210126968826172
8.78484752169496
6.376562121139371
9.789007725853269
6.521843655498178
6.241083655492408
6.947327421004691
6.170496273751254
4.541537614074828
4.395598341450516
8.770326971134839
7.971302836162119
12.645033942667721
12.108590221993147
11.976703321738686
10.2404944019539
6.630423391170747
7.361622490714341
4.723698333265494
3.950435072241061
5.235758863278157
2.9637352339000604
12.121916456122964
6.4216566977289915
13.207815921994271
12.19643798422336
7.730200853839868
2.929335684647933
4.800740208475005
3.5510495914483338
7.884499361600087
7.700790988542702
4.649180366590457
12.89727971303328
2.8267202718582323
5.23425265464696
5.516678299534336
6.057308661537158
3.4537507201992184
9.443921646949239
2.839724522195825
2.4512243274239838
2.7968934685278515
4.067020011443688
3.815223815488642
3.2238329384131967
2.6608877123882895
3.0433434533416817
2.863639257398161
3.3079431541588264
3.457420440032794
3.3795100783630603
2.9239802059721076
9.955617682653513
3.7936503709449108
4.195681514509254
4.839459832827897
5.639890130560762
3.5610756452862424
4.759841553839182
3.8271190480194797
4.021464610642748
3.9226206227730236
4.887525880994536
4.402928673255234
4.95146543324294
11.818047812131416
6.255194157964739
4.346873683533294
2.964357086036872
5.614214251941436
5.947138074852196
4.553168907929555
3.7020146434271437
3.639015945030903
2.865747648702216
4.838798762767908
3.827967208140367
3.7513919168794545
3.778766544405863
4.120833361890294
4.377738538152459
4.610365262765282
3.0769747781768233
8.365419400037833
8.40351411583733
6.803144459827219
4.288682095510664
3.035578619443843
13.841209343038454
3.734664694389766
3.488029618143146
3.637058079379373
6.776097235251674
10.900256544613978
13.020338552748782
4.698783653734402
2.871509313580332
3.4802781095240505
3.1420664428691123
3.2147336569638725
7.82181504886848
5.971088564269321
8.01720848251276
6.993846919497682
2.905695201226425
6.518394341426598
8.122821250878495
12.777300691013048
9.053669097464633
7.542147061353285
8.02632179636847
3.969771407023162
3.5648562854055905
2.5690241285450037
5.457191388461433
3.198843110753053
7.60508219610742
14.540110558755297
13.67704179735569
9.794181465269036
7.988154301116586
12.647776654892265
7.567472129299856
5.770245933712404
10.237073345085975
6.15844187709199
15.756149063178281
13.603508022694957
11.478034896871991
6.859930960771886
3.812821914679003
8.238943158933667
5.409180072344306
5.265321663833488
8.266196959925479
8.110162178509654
8.523563687417933
8.183142363289951
14.869404833524584
8.517176274162352
13.825420858905748
16.124449381056113
11.782035238147525
9.617481404279768
9.942144077301156
8.058009438386684
10.109024627989367
3.7668390537573906
14.276111057248645
11.938477578757482
7.595818560980916
9.513014260038954
15.510251115477226
15.604045756006627
11.196724237879152
11.576478104731727
14.848686295957071
9.813142859417672
14.262955979072188
6.466348770297039
8.786065612099636
7.958337059915455
10.834607492869695
11.869353287536763
10.101712236191938
11.115640580678237
10.438449283966008
5.936583049809163
11.65616339435979
7.525930802907318
11.441435446869907
16.92573759407187
6.660202096635887
7.880520573090365
13.268279803246333
11.324588802310378
12.095188461505208
9.514761289069188
8.417609624473005
7.2266628066834855
6.083682756283899
3.5569662872808303
2.767578361737503
2.955647509229837
11.949729403968862
11.713494921806422
7.566101050052123
6.364021700298226
7.111831220835285
12.154391697331013
12.205446529580087
8.594675922146637
13.661832346811343
12.58600904992569
8.090187612957386
8.871292405567319
8.077499490038145
7.528548300785817
12.55242075258739
7.392267419919563
4.399980773999863
8.291188351898835
7.717256646858402
8.486776924016741
5.392952084403243
6.622095429787582
6.539741500209831
17.755866960437114
7.255123212163317
10.951946598087321
10.563977522445335
10.539220690907097
11.361596759664469
9.909737199967914
9.846393941672785
9.110891845378251
4.2171465897377605
6.709484991503496
6.63413671854985
3.272244283633447
3.5570533826533826
2.224156672083832
4.2018845549987525
7.901689405541191
4.018692545313681
2.864613890535555
3.0167830715516075
2.954029305671239
2.4953289738035727
2.4170483103945806
2.5277644026119708
2.658167757488754
8.22459852558804
5.343286308282578
3.517699906004353
5.3914657831140405
7.9129323924082495
4.558994599849979
8.424635403560957
5.82690867778597
10.389096006900875
3.8915570919810802
5.334675927274441
4.304586738760991
2.882795089367009
2.6617418552168624
3.4211741127125372
4.786500696078022
9.142895283700321
10.622572682683469
6.8370421790808695
7.464633755353996
4.35415838134612
4.298928526125012
4.077041109534816
2.7250960483898075
3.147716004444353
2.566642520033285
2.4048583177340737
3.545939175551388
2.622439511032778
2.8243034038600494
2.314080776723939
2.1889391057940784
2.905112035947328
1.922463855593596
1.7524735723975797
2.482806098064579
2.3875111971235135
2.693095317366096
3.285779197523843
2.900570719842626
2.8684179083537087
2.6649166864891614
2.0922402402894567
3.49222983588704
2.4557886875923023
2.8887193449341413
2.4705106369566154
2.452562896978035
2.2137139524953655
2.3261159044689546
2.534250829337762
3.002417493281284
2.4823828965117256
2.45618606721347
2.1850725455912983
2.5285477034152173
2.64980493392398
4.467044458248099
3.8543712117229463
2.5344975811395702
2.506259207652986
4.19505916751684
2.176508168934904
3.7631591107614732
4.434370953513014
5.991651446278971
2.951061568489476
2.4610487675329202
2.5322694463398894
4.83553280315541
6.966732369400821
5.369483269726179
2.4966508394679425
2.5606812940612937
8.699903351937092
5.509628991630231
7.866116883571102
6.4780229044075766
7.953400081697356
6.334070525034429
8.919786382391838
5.525087483155646
7.84402888440553
5.0538772459731005
3.8907580803778217
5.346532111743506
7.814037801154804
