0.08220203971728986
0.0987050692461154
0.19733209074267669
0.1874690784258041
0.17467818959629056
0.19783922081036598
0.1508806306586989
0.17382994331208335
0.20903050514987348
0.18793295036612628
0.10269864994235953
0.04085842863413536
0.07508939943732917
0.17439092675395437
0.10521833368850718
0.10791066276016384
0.12113496857214866
0.036531148023480224
0.11027135355027413
0.13203893005336598
0.16275913080085488
0.16072351058027834
0.14082986255631136
0.08739253286679478
0.04734367139815434
0.10274242868735708
0.12800471458139392
0.1696387241522067
0.18447079469903183
0.14421613732232194
0.10716268313101773
0.11868382141014686
0.09799806544993309
0.1249903161532921
0.08479884863508493
0.09493308959454295
0.08969459747151468
0.1007854013972889
0.250144794430803
0.26812631077305177
0.22247817081488927
0.22115272580565157
0.08342858469584322
0.04493348436844601
0.07587060457506596
0.1185052427285831
0.13289386134306097
0.18321327686469968
0.027727170755465456
0.1640334835231521
0.11276830689514981
0.10506813330801314
0.13114471295225427
0.13898206619007364
0.15453439980508554
0.15430165434338652
0.21351145690829823
0.19933480154504787
0.1750283897571705
0.1999055136852323
0.19480472836707596
0.13234020611597921
0.09401290304914532
0.14643208925991907
0.19143686909105603
0.2175641837395041
0.16799248507350137
0.12513404737648587
0.21813474855485376
0.22021829852979455
0.19957021107280665
0.19066862126647746
0.12833955795014584
0.15653725510809777
0.14268822858736208
0.09737949027244618
0.1279059389657419
0.1794661993360618
0.17439694833346295
0.18681602332840871
0.20403579280199888
0.26516755720171525
0.21335882011690896
0.2417335811134194
0.1512424262983154
0.03583351994832965
0.07529425049132431
0.11806686943338678
0.13282128303607996
0.07145836024412122
0.09413317717440167
0.2173129168356126
0.2190273643613711
0.11119068108077823
0.163525818339611
0.19384983572153303
0.22817412725870886
0.21583711025434157
0.17597718151628614
0.06179692546250937
0.12670671738158273
0.11156668151059422
0.08594066357385222
0.08635115193102066
0.17927430807195946
0.2013387897372132
0.2254819189805891
0.22481571730572622
0.15623935874924363
0.22071202122755226
0.25576608012541896
0.19425425147559156
0.35603664200847146
0.3393034823104019
0.14529238710125747
0.23249457824274938
0.15954742956985932
0.11294182007649914
0.060550716885135275
0.07787651262119896
0.10090945848901743
0.06528245078363962
0.08790355974102394
0.0866077530567649
0.05095105867897495
0.0733976844509608
0.05938519204399155
0.06963882914949192
0.06453242128857448
0.05670661593540045
0.07965339031806387
0.007418787767964072
0.18291258606593236
0.13399954950301537
0.199147725107833
0.2345210037292962
0.24811784959337596
0.1851944333072039
0.2149772083272499
0.17848352049177565
0.24719030683269386
0.2672144225903545
0.3161653917793311
0.3781292316939519
0.32740195926055643
0.2902214987541676
0.3406610859292242
0.21268675612428864
0.2073683650497748
0.21933544668070465
0.2501392973929808
0.30479802218388796
0.3366376473135679
0.28086699889673306
0.27634022488555976
0.38933566767964434
0.3293112366546277
0.39632804062177834
0.4317035000602787
0.26458833412385907
0.2497215171310729
0.19801560923887584
0.25325879900472037
0.414030556158441
0.39216087908146036
0.5105733596278125
0.3901547466297793
0.41429616205801867
0.36689066451953106
0.22275948215974095
0.20549296249465498
0.2028391661486583
0.2987995244714666
0.2303520756044795
0.3270898965982181
0.27134496561789123
0.2046944549051431
0.07814714018059067
0.07960371406053356
0.2035745166417044
0.2446236510754899
0.19895826287052384
0.2236255039972375
0.20536520395627667
0.09873219668055007
0.08227402076391724
0.08659220769071224
0.080372924517973
0.17777074573931365
0.2793211684172792
0.3659096744740325
0.3436517000427068
0.2799662787520237
0.3880439516463541
0.34516682868768067
0.28499818620978035
0.40492931473132565
0.4286565788915629
0.22535648250135248
0.21517471961661705
0.20239605270913685
0.24931124260115287
0.2757520935829847
0.327765675022703
0.32796687689700005
0.35078686269023324
0.40098938667832423
0.3137336097157683
0.320009115353747
0.25534485146934954
0.09276860828070602
0.10618279739845661
0.0827805680704477
0.29122642217193473
0.12688488139170792
0.23587807907189282
0.07544100734620217
0.06049162354724987
0.0911031733989119
0.28045704289189877
0.3244031159769325
0.30563013011895723
0.3031360388169479
0.3224214176262424
0.3996036708319437
0.35975520175926123
0.4375514913440523
0.43391650048878927
0.40787593451671617
0.4085399457802097
0.4276440537099518
0.3851807088342701
0.42040868983825275
0.31634931253084453
0.4414499741431622
0.4334912482378189
0.4684436857022156
0.434181749743079
0.4399974462062289
0.423075288065868
0.3500494064284811
0.4164513247515242
0.3294050040778738
0.22518079401596452
0.15091245081442034
0.0930109148897181
0.20862746936553933
0.1451505040194103
0.15859312294682346
0.18984347614029137
0.23031587295531963
0.18196809037053874
0.17738260959771898
0.07696930030677047
0.12074234196463146
0.04346106226167026
0.06771519635883295
0.1294434766294063
0.06495426318496088
0.07921190952351816
0.09567737557685442
0.13512264271506996
0.10611232094170821
0.2180886391623219
0.27541304290459667
0.2643104220149687
0.22935205298592026
0.04328756755829279
0.1275579526105534
0.27927453281172304
0.24782379746191296
0.22533974364291856
0.35090527148785683
0.4258934829843143
0.26046994756035685
0.2797983535053865
0.17219636672087804
0.43803546525423076
0.31024180063145596
0.2817791255569271
0.23684068748144754
0.3346551322337152
0.30501596447774737
0.3592578318435212
0.531738229034968
0.3099889149045909
0.4487451206043463
0.2448367811384662
0.348855883326323
0.34364550078446493
0.3398500692418536
0.27362469101606884
0.40749580814925807
0.5706654617089563
0.5187530354525098
0.43482543562100734
0.3760069531994797
0.24789979907882562
0.3120410014211442
0.19666791672149164
0.23272818683152935
0.2094851112344456
0.3669120871733668
0.28805543980944875
0.2566526044042717
0.3943068879310737
0.2438741383354901
0.2916995043869696
0.3934194739381068
0.21107630036824468
0.4056185516215515
0.1879219245356121
0.2868552724464169
0.35052666689341283
0.3819295311893644
0.33083371187588717
0.45415076667862236
0.42842177552110944
0.4344512211433164
0.4162394742267866
0.4932267351267452
0.4151135020195531
0.32366364562090855
0.5070976185340041
0.4228072612962946
0.3530967649832339
0.4089474433109831
0.37883214438866303
0.4235169954412569
0.41325995506138435
0.4770037572115099
0.557759814147121
0.5251221683187206
0.5366582435308548
0.594646571502785
0.5521168283836176
0.4821629264471527
0.44326767559529895
0.5330640410159321
0.4756735411980138
0.506783813462816
0.42449918750906057
0.5296948817044125
0.5849235923274354
0.5374644425524921
0.6147541404444482
0.5724307841419823
0.6052012530000787
0.4324259063776756
0.5335059277977198
0.47745559105084917
0.4080500135930605
0.5061085885352004
0.5052878621476546
0.3674942703978592
0.47096242769238433
0.48250491422998054
0.5077172799943388
0.5242449755104697
0.517371431988198
0.5241758480511087
0.5068129250180908
0.547011875924499
0.5214723563193556
0.46850153008292494
0.5247713252629864
0.3992352374748675
0.4688497603058579
0.5095787910897502
0.4640933893249479
0.5835430374035487
0.49774290911950025
0.6063704047332518
0.6111585137984799
0.5628481609320124
0.5946463973707635
0.5154829047384849
0.48977676215618643
0.4201896365046589
0.39833680364548557
0.4569177607629698
0.29037581762052656
0.6045282214803928
0.3855967905386543
0.4062319430569056
0.3111910964003105
0.32727658137311727
0.3505971408895567
0.38022622312369214
0.4526674198546024
0.40679177798535865
0.31497555312787523
0.3228219682317811
0.33309406248001855
0.3450978370463708
0.3797114054756113
0.4450498910034639
0.3810046645687242
0.41874254784850207
0.37858229427196033
0.478664364574195
0.39971266210301426
0.3540238106454762
0.3126135530840292
0.3808163888597529
0.4077043047353749
0.4506992513505284
0.4090028839038782
0.39344529040610715
0.3894787140399978
0.4281103119078955
0.3347724444075028
0.4431518280451171
0.3720054678065225
0.16320109262628468
0.5598155465943913
0.33070265965458534
0.5402379906724161
0.31097146569546114
0.493436368607396
0.48980157523772877
0.35614219148115717
0.4375695861236828
0.38573782021980413
0.5321033646408195
0.3526491228964737
0.4082374714040093
0.5495991706974134
0.478862659269002
0.4262674567948171
0.36259709245039123
0.31630382735816887
0.26120856943667087
0.2854104547075616
0.2007476638685748
0.2519688984496261
0.3650159487237005
0.2994385904240451
0.4313518981445963
0.37935478796657424
0.452618976274063
0.5604306680117691
0.34308465799420257
0.3344014144613574
0.35839377160122693
0.32602146806932353
0.29572418405142264
0.16904262668824926
0.3194155408402588
0.2547947494887654
0.38173032709506466
0.4128498104145314
0.5287339823000359
0.2738361249381258
0.4903835402866009
0.5132732664585499
0.4577752357893151
0.5128437485924285
0.47859779202150576
0.5470220801832999
0.49923508097333064
0.4842479114355921
0.5181897307348029
0.531233646806987
0.6677656274335338
0.6765073554180022
0.7434574294417893
0.668342108089787
0.651354987090546
0.6502422159407094
0.636700429724373
0.5011039383705922
0.6603633804203239
0.5255951301185883
0.45420776741591584
0.39637680218186866
0.4453650966207216
0.4824938897908962
0.466778731817761
0.4335157080796017
0.4945480404907334
0.4954169902975908
0.48639253833822166
0.5813368502630085
0.4999140949820621
0.44222452979339644
0.47202517593521215
0.45015700341133974
0.41076546934792646
0.42182020544644216
0.44938600234817966
0.4262541608642024
0.3631749312307737
0.3322747338857357
0.30684842565383613
0.3167605021977635
0.32019090311373144
0.3033645553647986
0.3090084118253447
0.3094712169657539
0.19197137517941779
0.21494979831562996
0.2056964680200026
0.18741944649284797
0.22698474709492944
0.2336640614882262
0.26922663900421884
0.09391546606503762
0.0701803233612899
0.07141667666712305
0.036477491757474195
0.08255121112344663
0.09313664883504938
0.16599457017770983
0.08636060357131511
0.23970476397227156
0.1580206930998907
0.0870703804596107
0.212335825390096
0.2634864978307284
0.1882478175693178
0.12900421602706932
0.30810803684525284
0.1488824448817084
0.10159658020881963
0.20466538437953474
0.16638349910063685
0.29348351116766513
0.2410889135725648
0.1870075468913039
0.08261460605065152
0.1434821220151674
0.12273844888421033
0.1765574249595701
0.10656818893550662
0.2031337774250588
0.19548704937526884
0.24415925814904357
0.27561526880777726
0.24927725144644758
0.30932977652940635
0.13313432756510354
0.20534064589953738
0.13261537676894086
0.1766862833221203
0.21321304905393113
0.24923412055097682
0.21393614371126785
0.2501990871736807
0.3503330214523419
0.21481649245638437
0.2887269927739004
0.35204030721078605
0.3132088258934536
0.36364253811730785
0.3892880229315609
0.2955006081619612
0.2898112359497687
0.37192391430413213
0.2940350397843506
0.3235088480103073
0.5839669562465581
0.37747575719669413
0.3805024808411535
0.4715800224128437
0.5527808784530517
0.4261243843608338
0.5184240224300252
0.5352400382483126
0.357523415871922
0.2932478609082301
0.2752987562014469
0.09793707042007097
0.19599792261157634
0.19763285644888026
0.12525681999377056
0.17798552532680684
0.17564188155033295
0.10894842836532705
0.17588051495750723
0.13099108512493868
0.2636679015619286
0.06723949029553425
0.16905597742719955
0.2032763419264871
0.04091116312944037
0.10754944949663989
0.21220163628166266
0.16030552597711192
0.2302840792742962
0.1839195914308962
0.0922858553988966
0.19064441920185396
0.10883984969852309
0.1898698938292359
0.09008097030148683
0.0941271545304417
0.09430026183613047
0.05097646271232315
0.11472943555853528
0.07633187997555825
0.005031528864805128
0.0023423452872184908
0.02031838574040819
0.05601326445189107
0.18831621556963005
0.09311371599680462
0.12784082980710754
0.15502536763409913
0.13195557657860846
0.16042882645234668
0.25899477513928887
0.32450583544124056
0.2504735703852541
0.3761502276531629
0.3490562652537848
0.2865052236477953
0.04173358788492154
0.13465736984286025
0.19342284808233434
0.21218272170484234
0.2272645122596327
0.29725973422440555
0.21811883005828
0.28216048942888644
0.24938259292006615
0.09048207263235385
0.12985450272130158
0.045962772083141694
0.07432504253029225
0.13871722145451423
0.11036318697054236
0.1050483375136446
0.08158022668552625
0.041855881279108206
0.036870012597179744
0.05811513226846441
0.08513103475393669
0.11251410512418815
0.09390466876594865
0.1264745857360738
0.10834788824790116
0.09177857679300908
0.032545564826367425
0.17261837742600197
0.2734391517642
0.23076764689775264
0.24881162323583794
0.15179979719694564
0.10855496146543589
0.16507309996700728
0.13263081878591113
0.2184376707079824
0.19293053557407716
0.2427896979169107
0.33266990472128244
0.3465599131869941
0.4547192673520325
0.44937829838513327
0.45645957535662113
0.3446651269770656
0.3472015639304277
0.3862790394747457
0.39011976183634395
0.4618563335611844
0.4631197070336859
0.5002843707981376
0.4663126312122527
0.44968209740248577
0.4708658611089311
0.47363705484675844
0.4297451902219926
0.539067013182857
0.47934792737876786
0.44058987378775166
0.4467668219580663
0.38436739464647035
0.47778001583933166
0.4505522452857667
0.4976352297301412
0.5161435322128819
0.5082464281974799
0.5373958315172932
0.4860772031242903
0.6057941402190841
0.4308003102835655
0.5029191889116013
0.5299123294508132
0.4036583566572188
0.44746614267758456
0.5364795150646484
0.6212239208440122
0.5118602336238
0.543040989874416
0.4737426295417032
0.34649617075853706
0.34364593576758135
0.22963375709776163
0.40091153773842475
0.41124294103551
0.3851342016744814
0.37229237260436043
0.35664316719841765
0.3222758538055229
0.35899149159239696
0.2866025370826296
0.3586149497164987
0.26152139929080404
0.2884321803272565
0.2869637282574247
0.4443768817340671
0.37528585621125576
0.3587736314509076
0.28653372014094936
0.3079933036470077
0.21846858987238174
0.22046302599284603
0.30370443535494407
0.33889124080206423
0.3166933215248996
0.2533656596960209
0.3181198990327525
0.27481966160499355
0.304286179559735
0.3718201754785349
0.41810587859671705
0.5021306090071541
0.4682226469891076
0.5188119723493232
0.4904915408350602
0.5109197182606103
0.4483010881301832
0.4039582446679437
0.440779269003647
0.43719354754263595
0.4782084655482405
0.5212050775211688
0.406686526558952
0.39931715145434027
0.6098478510881595
0.6914174409171175
0.6221631941670571
0.5846063089997876
0.6402965761478533
0.6389437583661189
0.5734660582050777
0.6042310632390211
0.5411420382854347
0.5828659070446771
0.4867862740922983
0.4578444107168028
0.5179492659905223
0.555621530312576
0.5242621555937347
0.6167135849035748
0.5552108414595601
0.4898115542455357
0.41883396390403016
0.4424708557802245
0.42888672515302895
0.40644491946139627
0.492725491384791
0.5471633881383895
0.5328844327330905
0.5619499293595464
0.541293658958006
0.4740874738137858
0.5109702966381534
0.5236402889098436
0.5217273454784672
0.5634065543340172
0.5366072042404595
0.47351038701704956
0.5504473030893946
0.5363722807041323
0.5391134321368488
0.5689905971150349
0.5668876639698393
0.5481883694799216
0.5912094299593471
0.5804277068930106
0.49455131301174343
0.593686010167682
0.6065825516598444
0.5980259542586648
0.607673064102773
0.5486823263262122
0.5856819219948961
0.5582760686488674
0.5404799786997048
0.5515546016016741
0.5979454538578407
0.56198914379312
0.5818522842189879
0.5462974555175771
0.5709734782923976
0.5377396563788868
0.5698549030957556
0.5321547585457408
0.4583181868161517
0.4066028514981853
0.3005605654199408
0.2652791525727942
0.2526443522398393
0.25159197184671866
0.09594766101970538
0.27790772072956116
0.18023762501236867
0.19997897388183225
0.052942529346932124
0.2417455578032053
0.1322986804595936
0.13452375536783873
0.05754488893479998
0.135192844577776
0.052443165819802594
0.0903634703732296
0.20074521948358595
0.041246190029702236
0.3357491260866624
0.1884581061194462
0.3691464826411303
0.18815552339885866
0.2841205095203882
0.2400755832198435
0.21699671722926403
0.23853378044879495
0.2630902124222194
0.28979569801550764
0.28181188024029374
0.2988184241368575
0.3574737771750405
0.18822015780660156
0.38025382810734204
0.3336201233395022
0.21529417594565875
0.18897293696651973
0.1275341303238442
0.07749070553092664
0.1645454157561557
0.18572481660509949
0.08932192711524488
0.10523489414639493
0.03608454016154153
0.0669643435740149
0.07620906491232236
0.18243405806506305
0.08811324210601745
0.019723475842990498
0.228416402736196
0.18484858430471754
0.017527125445355552
0.14381457851653986
0.044093129196427674
0.07418265655586707
0.15495266655881323
0.30108089024028084
0.15598846045507608
0.3296079697011744
0.1255405524247302
0.0754911151132413
0.09298565311386195
0.08376338920024061
0.15672582512317704
0.22267304117680656
0.30698053524480573
0.22956093652147
0.14022937985761455
0.11874987778085924
0.2905434382110639
0.1591979574802764
0.09283635645512289
0.052548976104853005
0.14362013519905795
0.13341085970995742
0.10487377054168456
0.180244938527895
0.21252024991713406
0.22509410366006094
0.12703804604716068
0.0951602642448291
0.15187438095694586
0.24623906223968142
0.3163660652887396
0.23856174899808066
0.15557915085568125
0.18601688089587437
0.2809438190601646
0.17533647912764835
0.24722033842592292
0.28243431333956315
0.24219915503379444
0.1290683920021695
0.16600363529290837
0.2994453176660771
0.31283754796090696
0.36202673678377956
0.17983318371643187
0.17728496757567697
0.09029392305733913
0.01582940321522045
0.22989525141608247
0.2785377640931569
0.08311115039985431
0.16573971534396234
0.0618946584386798
0.14488186038281803
0.1600924483367251
0.29783242200189325
0.22821921336991666
0.3024358090965768
0.3443345801867004
0.14689762151897462
0.20594918241587765
0.3413929215287559
0.19477997519624074
0.2396482432144356
0.1396342617799011
0.1774246245497922
0.048784942182800634
0.17130296783816573
0.25115323294331576
0.16525319336333988
0.23943443498565906
0.08034539595619876
0.1320252817544561
0.27622527459651963
0.1941508615048387
0.2532416784914412
0.21696185141755273
0.1747928085391092
0.28101908119726426
0.18227007707750364
0.23367238748643138
0.2832412209768585
0.23064886032051457
0.2919347897468823
0.3226946471498445
0.12335758726686732
0.28297354061134994
0.20977327541370105
0.2646847084039061
0.35600359354700434
0.4171686518670328
0.32390653756633914
0.18961570977387915
0.3323842411558139
0.3034990748629106
0.17923347368189957
0.17351860917686782
0.12118942337579336
0.0722670861613405
0.17674900779171238
0.41094773788568406
0.48361300545844876
0.44707628434074936
0.386002507493438
0.46036387889128155
0.512446837937097
0.4355524283456802
0.37541293624334277
0.34065776400558156
0.26845383744468637
0.49810905312382686
0.26259990909259556
0.3344279290756488
0.2740257092509409
0.3353891612220618
0.2660981571254583
0.17775562527238042
0.37814557642143715
0.10234544244922468
0.3519953747882775
0.1360898547161138
0.09700159272121842
0.186891011904894
0.3636359535653553
0.2924566099506026
0.17169872851732929
0.22976188629510896
0.22631208303862005
0.1571897883613982
0.32852687076394443
0.3385804976862871
0.38593544947324077
0.41145894355435686
0.22731281434641548
0.30009340918446353
0.450101697248917
0.34550688728839857
0.24121772541663242
0.299597445778681
0.2238508407508992
0.14808592594456763
0.26788606239027807
0.2847874615259909
0.22614538958303793
0.37730180176162903
0.4008603954401665
0.3706359328214757
0.24979331441434915
0.4024504894830015
0.38620571902128314
0.4656126659021431
0.45543359053881427
0.4786832502181046
0.4011822379172363
0.5013882343471864
0.38842734954629393
0.33939813032753974
0.46371375434861667
0.2903518425616952
0.3547954381886755
0.36864970014555903
0.22770299491119686
0.15175838457876234
0.28901015980392847
0.17120851054660752
0.29858911603160077
0.16343852915969026
0.2691342982085324
0.3172243022185254
0.08862031204387967
0.14790703045228765
0.12166537439980157
0.10755903516551228
0.2381863335904226
0.34522009334814185
0.17227910207498673
0.4536922150823189
0.16284219872471928
0.2699745668416466
0.1370592295133261
0.3205881799627363
0.31736182380399386
0.4890988564110579
0.3139034951693038
0.38183596982657986
0.1889173940878404
0.3245413021652751
0.4584878828736372
0.2889446296100034
0.5469762866134182
0.4856323630916738
0.46790088754563586
0.413101148182238
0.26538304929646195
0.258035747919732
0.4964001942458498
0.46480643339734906
0.5644309722214779
0.567181395422418
0.6220961283333525
0.6164915567921153
0.5985722953763778
0.1980339924326579
0.29000346946064615
0.26911662179521767
0.15324196409821958
0.24608397661449496
0.21511739742198555
0.2045597303626468
0.3320173732979123
0.3964908671883482
0.39088779730548356
0.3841595834079268
0.29698289981227405
0.2697680389479867
0.2107431526386981
0.19954381431936363
0.14713360813214668
0.1414338921517921
0.14985873087807045
0.13838645711953504
0.20604369095545116
0.20755465063484493
0.2251923295977419
0.17577200439030577
0.24408100706517666
0.22805173520860073
0.23140810827295313
0.2960485441913686
0.3053650287772743
0.246333811979228
0.25164619240417385
0.23672990624275433
0.3053289546962694
0.3250201249740532
0.34465950163406284
0.326914384453298
0.2696408331234702
0.2878525880983993
0.34011314409626286
0.22626430400183872
0.4046262484857677
0.2888177406267158
0.3636159798152704
0.2197090411686063
0.20319698865987798
0.36241985963259793
0.3514596285587028
0.33304773144948857
0.35970284862547186
0.35402902402123926
0.36892632609459514
0.45864736589034943
0.5258189501891365
0.5616638343325905
0.5447999258965038
0.6161402931227329
0.5275943296363882
0.5912739620806525
0.6062205813965967
0.6033937284800969
0.6363524600453457
0.6526507583552191
0.6443326331835665
0.6910894027684179
0.6696956902121731
0.6710419254993034
0.7090445583179836
0.7203807025001993
0.7361404574459335
0.6351051821048505
0.5908874174057153
0.46918873226911445
0.40088144632670397
0.4416729704696123
0.4703703290735728
0.3954552219188325
0.46766687984792565
0.43875330929867723
0.318349663265953
0.2818672149565338
0.296482824442046
0.24895769528652797
0.27549019213391296
0.12105840894231136
0.16772871994939167
0.07114828158824325
0.07798412537956681
0.050113238515406014
0.08635820819099907
0.20135708348747428
0.24591756102737214
0.3062093554910557
0.2567639834454804
0.15784788815464879
0.10499505598831697
0.12119562586020363
0.08326508525022461
0.24998786858588973
0.1632904011563132
0.2962788978584122
0.17201495722800117
0.21310947363748609
0.15498520722587764
0.06873581201528273
0.10900141678624846
0.30959706842716533
0.2715590238268272
0.4008745636727555
0.43218776929314984
0.4302989152571297
0.4724923439937717
0.4709988892429875
0.49324692703146655
0.5654947007569564
0.6121349585802444
0.5937804392332278
0.5299397253317797
0.6150687614571065
0.6098316419685169
0.645116090913483
0.6336783861288482
0.6164706555859765
0.5842651220877202
0.5948793053960034
0.5883446333508782
0.6077744685861781
0.6299464121980606
0.6351170425467091
0.6290595114239947
0.5930224497535967
0.6140374407013495
0.5919283440473531
0.583772998621114
0.5179618016184826
0.549851635342054
0.5463594362174187
0.5720033563097656
0.6252857854710142
0.6115267455876054
0.5161342371283258
0.5385490823335016
0.5093546773116299
0.4882783424530842
0.4916605173535396
0.5210137398061009
0.5478792737897187
0.5204801922647718
0.5307025274082495
0.5033573583774884
0.5975800624877622
0.5068453009942512
0.5498873559718908
0.4723484707681105
0.5232888972284542
0.27488048896723644
0.5850805668834875
0.549822332280027
0.5068324115855437
0.49404401101984435
0.4265744908358554
0.4958861730863023
0.536674070377305
0.6184388121952558
0.5568303682716134
0.5613009538020569
0.4542202580742928
0.5614111370818121
0.5008704571838178
0.4566644584745147
0.4065049206458451
0.530332177915122
0.5104836345412949
0.6095021702527412
0.6253327108975415
0.5209586803646031
0.5149258374782849
0.47969917000820705
0.48387046986759313
0.5579618903378214
0.5531757187662626
0.585011333815423
0.6238712543425626
0.6449147587949414
0.5914032982850885
0.5498131034567224
0.46922007184512526
0.5333293530621979
0.5778743014070674
0.5745449071894347
0.7068889889890702
0.5658092988350614
0.5403450370947718
0.5406482427174218
0.6316482901923427
0.5531495428457144
0.5657025648652725
0.4173268314262413
0.4780015016386736
0.3347181236197485
0.5593346365974032
0.26512649295255364
0.5126532590302856
0.5864296372515932
0.47418250885187335
0.533151111947212
0.550778051123044
0.5332794653093209
0.5013617436368758
0.49745428317543317
0.5514148127891183
0.5359364362679909
0.5802678042505665
0.6211530725885771
0.7007569718459159
0.6948381326223122
0.7763358380033386
0.6924989103462118
0.6076036691847468
0.6012888148465558
0.5856186070751442
0.5954588231002778
0.5952432328355249
0.673732540057652
0.6945009944499851
0.6705698003700854
0.6662264215960262
0.6772739796308241
0.6258113350709531
0.6818853545619376
0.6227414218404965
0.640843706441616
0.639642692770337
0.6967135617061013
0.7335510690179977
0.7344343279988794
0.7321365882461341
0.6271615296003437
0.5644288732890483
0.5759848269025047
0.5583785397691086
0.6333201514125417
0.7183262135700035
0.6818624571599715
0.6221089635975539
0.6129795913101602
0.6305926680045265
0.6138329686613285
0.6709836493512473
0.5966059098411807
0.6324583135645785
0.5577246963016018
0.534984963397419
0.550424996940239
0.5604689903334975
0.506437083806214
0.46087137267340367
0.40093847223760987
0.45988172487850154
0.4457416799097652
0.4885030754003638
0.32011178699161896
0.3902661251002015
0.2834180943384687
0.26339267741080086
0.4240105693068563
0.4502720279714586
0.4963649876915714
0.4691890505435203
0.27310609202428193
0.33657753889376124
0.3432236202857648
0.41913313505936745
0.33140865555718607
0.30455540514095014
0.366219833125957
0.37916740236622526
0.3882462723222761
0.31055492179077815
0.5066277319065344
0.5936480879209297
0.40653173794213904
0.5372562995758299
0.4965591931072041
0.5198543030169116
0.506493382501672
0.527918913671744
0.5131263943667423
0.5803458033927604
0.5906920119223724
0.5969158301265662
0.5864608590263369
0.5805674394365298
0.5968622987114957
0.5825809330588304
0.3189799459452339
0.4378672195564073
0.4533443736134808
0.5338954707411524
0.4151255973164683
0.5369067599680475
0.5211457244049511
0.4450960186405832
0.4592366016303842
0.46105347796391855
0.48230310808911625
0.5224198349850905
0.45685349522101987
0.4454513399498944
0.4190488924198257
0.4807205671700436
0.49161594559373134
0.5045641017497065
0.4992644022860556
0.5367755767507909
0.5745050631303715
0.6420711554250313
0.5879641832096768
0.5203271322359073
0.48538119611459674
0.5177438532576052
0.512633695344915
0.5514142971407459
0.5598922870452837
0.5927975599013434
0.5883349347843252
0.6168662356939136
0.6082171469436919
0.607819811292651
0.5118051664048989
0.5525653232963622
0.5454248436489809
0.48583771273732085
0.5318800444142474
0.5626047643915412
0.5200020564572909
0.5441450350681369
0.4776054725781503
0.5346312563387217
0.43262274511927234
0.4943431969119199
0.4400672383391103
0.45047506196837583
0.4172694132478144
0.4431437146085917
0.4912110446825335
0.5467570657298404
0.5529826664458081
0.5987201894194405
0.5266060178385392
0.5018075186154083
0.46545232805151143
0.4866623336390242
0.41369997168784134
0.5173186456989919
0.4962407864655579
0.47146967865665157
0.5165143595145177
0.5155318868389918
0.5799871094423507
0.5640717777013204
0.5657540631044499
0.5015250901535077
0.43588124796026195
0.5163527766187053
0.49560431848891273
0.49013616064316506
0.5817453065353427
0.6168036553225007
0.48308601135674406
0.6546093024747066
0.6698783529552115
0.6866682326585487
0.6634064811731684
0.6062004710099158
0.6526612711551728
0.6158380362302064
0.4726754125461782
0.4618968419419966
0.5016785094174375
0.5692802013887748
0.5146774180882929
0.5600921852860629
0.4840991242249029
0.4619813922137739
0.40095672076954236
0.40391558651789594
0.45265216818026544
0.43169194933987104
0.4384408705709652
0.5256623613636954
0.46961368589937363
0.51253862771353
0.48250812365319945
0.5311066259094451
0.5354507079539521
0.28026303397695135
0.34182447851908354
0.45550821090511057
0.5191197890413028
0.5695971771617222
0.5862873992905179
0.5636559957035335
0.45797167071462497
0.514650323983118
0.51929684260133
0.5449140997879443
0.5514216534109064
0.6418115046240077
0.5954099048466744
0.5811580675931357
0.5826978018417422
0.4352021459448363
0.5645740172685417
0.49918142548030464
0.5099030545739808
0.5141103145183553
0.5421639989750786
0.5829240032486184
0.6428134078923352
0.4329118591011968
0.4746009533456163
0.4181043626577131
0.31191691170102115
0.279315008816245
0.2820036210530632
0.27700768104500556
0.30056457404275316
0.40598114698520155
0.3631148843634608
0.3270044388200801
0.34389609384466735
0.2486600653714043
0.07740893589110673
0.20140701699849062
0.09152540927862464
0.1260939926793267
0.14222850249239746
0.07569881000512911
0.11259327236958319
0.08383309543356884
0.12004036022889802
0.024873187418352153
0.10152603303215157
0.07088893244101063
0.17617305561665586
0.060396109813764455
0.13508406326935124
0.21228316571974243
0.18033312939263083
0.22844089822012315
0.14482177389777662
0.17603938589703172
0.23132224286868505
0.1778677597890977
0.10149648733282668
0.22539589413909347
0.2533381962165607
0.17868809241343594
0.1541932309788174
0.08720390566582459
0.2358833804574255
0.2935542301221483
0.22703181513111848
0.07282849142676953
0.20215027209671965
0.12331242039183142
0.1382942872643567
0.07648859935836946
0.15726557322121426
0.11440115254777161
0.26883938134822516
0.10224156225430163
0.10271082684912995
0.14128643641236402
0.09721514915005931
0.1463462850323485
0.11913741349778247
0.14253613089350958
0.3530846542092347
0.34584296612748916
0.29504149108346317
0.23643496450135412
0.29343635163833226
0.16220212509060747
0.3016764597919709
0.1934437011235259
0.33527692010572474
0.15804464696975787
0.13551403721042624
0.14894565679917376
0.1876961372258859
0.21627663069627295
0.25211835506334096
0.26720516178986015
0.21538919429866818
0.1653598190719099
0.17620812822306853
0.1679600771992002
0.25220050535311495
0.3006594656663166
0.3581822002446715
0.3230918079618456
0.23465472442782892
0.20291512846221058
0.2076794542043474
0.16019501000533506
0.20672179433292107
0.18435084125685072
0.25558640450364645
0.23673543717227877
0.2621101228107023
0.1708085603731647
0.23053868016758708
0.294219211413744
0.24941601546109998
0.18393425120331122
0.12375580309584451
0.10927362377298208
0.15949256305476978
0.19139712404782758
0.18350511099165612
0.182940649862503
0.21985500371391728
0.22198279626588838
0.2591634455900556
0.324517362920262
0.3476849481451376
0.345219078276572
0.3500676137148233
0.2028926984373871
0.16993457275445864
0.17383195035415766
0.28247331322493313
0.28525837090798806
0.3008686948659505
0.28148188714437444
0.4180672292431525
0.38357642141303666
0.3936620673529991
0.3888082743950924
0.36876685921527186
0.321638762248671
0.3372126345974097
0.3434051286552777
0.37813712414712064
0.3545780493735517
0.40743926204754155
0.3297935946447415
0.278991004348876
0.2742172195294306
0.22084842716453376
0.28368541579135764
0.34916147385617585
0.41372579216788957
0.39007488976343213
0.4304258153645575
0.35721464864755315
0.3492539537654548
0.35069199304934723
0.28705534592468024
0.3480597371776477
0.42471929371417305
0.42571613590592244
0.4356367157423496
0.4037598370370463
0.504778422707254
0.36619971785116606
0.20750132619725242
0.28016523705656626
0.1899506297814673
0.32873661589673636
0.17142241076321563
0.3544637973853798
0.3065135794032701
0.20550420929951507
0.08665529367774102
0.16941013489123524
0.1672233082270037
0.2156381815459781
0.33888525110871365
0.31611626400640325
0.3136394808044618
0.2840011619172035
0.24305883448722002
0.2840088907389819
0.28167764392665623
0.27222586247561265
0.3163825576167099
0.3059181472486041
0.2667059849525226
0.36485025279728067
0.2783455014516031
0.3214145084199836
0.379790757692746
0.38705519917281345
0.2670341554802186
0.3035098167421257
0.37202038327121456
0.3073499700665069
0.3246298815128295
0.29912376068895763
0.30682064652364144
0.3001885520810877
0.38555801153245856
0.3066733547532215
0.28787777417413446
0.2853364702293955
0.23518319379545036
0.22847677255684248
0.22621202997416168
0.35562579325478577
0.28855407139972766
0.40290750553763294
0.2678512836980831
0.32850324074195353
0.2732716563780031
0.2846417578119178
0.2236908514666263
0.13687256298653633
0.15179202058088143
0.1479696844925669
0.10280918972522601
0.14113192481397915
0.10181116769350722
0.16000393349731076
0.10243401893719449
0.10132543145299691
0.17093811410008247
0.10619310692673828
0.11842342132220028
0.10315571150829457
0.07739400490224256
0.08550325753746876
0.08158159771940157
0.15190874531934626
0.1808320944858374
0.1462544900019423
0.14659813736842198
0.12229342729863454
0.11827278126299426
0.1435884363288411
0.16779231860330857
0.23277131365416057
0.24443395767328865
0.1748298678015167
0.22250001679630216
0.18253201353302093
0.16732394085693686
0.21367308049451025
0.24172285618578376
0.26701226661172284
0.26528727879980274
0.22836477636568567
0.2805801510413804
0.30545118345650996
0.3246062478118681
0.3132023930737983
0.35484091200403234
0.2841684838592059
0.26243166960874886
0.270905547897262
0.21534037498698863
0.30735862360190597
0.31035649761059103
0.27568560960417204
0.2932348943921734
0.24553607263833424
0.26113925692876705
0.19098913888966684
0.09965872546573962
0.1250369935426676
0.16687307661176942
0.13925131839802007
0.1150456178098037
0.0798029573555078
0.02386173554142263
0.023688841651191787
0.07221779933303901
0.1928680024001214
0.1862688788643064
0.12703607927094238
0.14357589038478086
0.29141423645377534
0.3052252972362551
0.26430880198464923
0.21541793187578295
0.2899213204418718
0.2715516700646572
0.31046647792984033
0.3666131446595973
0.25721609713380406
0.2998362369875594
0.32774300570101994
0.2889332111292264
0.27324174653960837
0.3378297572259753
0.30659888783323075
0.23536481804929446
0.252808061416853
0.25806147187273276
0.22509791488267827
0.21035786835066356
0.2845014956556142
0.23357524866452883
0.29141321581213847
0.2632015345154078
0.18474510721713183
0.09388169010602208
0.023160820216352906
0.22141770449183806
0.1749641178912102
0.14713464760379683
0.18077888761780087
0.13714150315500728
0.16233718480322348
0.024026928121933466
0.20167442721799034
0.2513453800143032
0.19660492177660857
0.24160004487476014
0.27991031070112055
0.24305620970244382
0.1799533389669037
0.3376034922612206
0.25227646205118637
0.23689648238737493
0.32521953106871
0.2697311128851367
0.2867384903650745
0.1657326089433675
0.31147697492600596
0.2583795508956937
0.3043889597159107
0.09389365757444985
0.06998979642505655
0.13765963723249394
0.16147421124820938
0.3190678533371778
0.2497176374682719
0.2797468566364356
0.33565229028799864
0.3054176319823078
0.21126130074603314
0.19101005548285097
0.3294767708570832
0.3291973034771018
0.2842435676928259
0.18466061905201334
0.2560682204033737
0.2636826304400636
0.2956104228896001
0.2844262224086827
0.41542284210282515
0.42538100721609734
0.37746523081371475
0.4252067920557933
0.37743862919305293
0.41597142980440577
0.3773847844562174
0.3736915686476449
0.37547775318894977
0.47264138503299685
0.44239647832494255
0.4915323019416512
0.4762244998597892
0.5760439266359805
0.5294938841379989
0.5682833561651043
0.5140908056469102
0.4454790655448516
0.5208929781112642
0.471774927659596
0.5364428614651028
0.42366480772082626
0.4204874995740234
0.4381422763604156
0.45006631196992686
0.4486008693352389
0.570081073408952
0.5676972701603372
0.6041174202710583
0.6200303373171173
0.584027131097401
0.490575888720611
0.4426286510442309
0.47811199770569546
0.4819940845569806
0.47911096204169984
0.5026738814119895
0.4754595426106245
0.48725124225517913
0.4760402763581015
0.45646345100885444
0.5236465129528891
0.5329627911450068
0.4491895176169014
0.3521038018017963
0.23440780094297367
0.3527857337384271
0.38427302804560043
0.4602617513254796
0.48333048655960037
0.48640560846643877
0.49547146395347985
0.5502456221273903
0.4998259253354819
0.49100863956319907
0.48330684874681756
0.41493823376498956
0.39643008964192544
0.3269174127229019
0.24553185466841554
0.3628913018024804
0.41064143677505854
0.4988233912632027
0.4557086382486122
0.4831831042855075
0.4401970410389188
0.3620654612147711
0.4434500076206998
0.3774814146867716
0.37538406412575936
0.4101757204232181
0.4972759278097419
0.4196600183209162
0.44230690794219285
0.5208425732661118
0.4849256376384346
0.5047988212683157
0.418144923302592
0.4508007519889849
0.38491326024197015
0.36378457735191794
0.35814830027913774
0.5573098901737005
0.5545968521037763
0.4969422581704803
0.47054344761814215
0.5128444735278885
0.4508939608899519
0.47632150213452373
0.5649321126765267
0.5971075935275474
0.5579360874707249
0.5495606667244395
0.2646554275493337
0.45690967396233434
0.4962625615898469
0.5083848937065367
0.46322696963075377
0.5474435151495957
0.5418861508555972
0.479698801741226
0.5661449664831268
0.47989353353248887
0.5114221263501956
0.45656404653479626
0.5016454873259544
0.5331110246132743
0.46373050178398084
0.526712219437423
0.5732844028006727
0.581263876900247
0.5847883174739965
0.5313036784161139
0.3680993984771166
0.3230445378091512
0.25401778826985766
0.3255490323343575
0.300623320659097
0.32102692076212236
0.2993388645425018
0.3012312988123877
0.22076405871623583
0.3758161674304191
0.3640281327678748
0.32154582315153574
0.3543012173765952
0.3433659458076171
0.2508312925219416
0.34061408902564366
0.2493711472763853
0.34804047434491947
0.34151644060850034
0.2896623323012191
0.3516621029761419
0.3707464040899619
0.33229078302835136
0.2625277813509069
0.282700417195366
0.23979552933265758
0.23989052534133176
0.24401286086247564
0.29263692553483195
0.27368307478345305
0.28805092037850555
0.27125065850196173
0.22055383010578244
0.24172589787732274
0.26264316170572605
0.2261096467613738
0.21346564954705924
0.2446016514165978
0.27446100300857657
0.329805418975239
0.32895633360723125
0.36869895842297534
0.38205124790864853
0.3416674391647448
0.3136499437814587
0.35993506693534427
0.25304715737800587
0.2948407076636583
0.3279869335927895
0.42553487495891296
0.41851310376585765
0.40890263385260683
0.3568553542224785
0.33735816708707894
0.3157220665087951
0.29755120119205725
0.3369490134599745
0.3878528286981716
0.4508174929814493
0.48197764422980627
0.43319666719167843
0.4312202924252621
0.32467173967200913
0.39989349911044136
0.4194006246249146
0.41178809213898004
0.44216053989986237
0.4500151117247094
0.3104167319222048
0.35902461483432374
0.35277642085046257
0.38248443430796497
0.4147754454676675
0.3334880824340458
0.41666548643363344
0.37451586468488957
0.401526005370538
0.31127914691580466
0.37720955095726794
0.37369029525167685
0.3774786402520121
0.36232249887856444
0.39020679992613977
0.2912604181400213
0.2874386085704372
0.2859530864112833
0.32892135200792033
0.3334880457080327
0.3714679301819654
0.39908143264567625
0.43965062428718127
0.3381327790298675
0.31773915874201947
0.31146746693941835
0.3188282153870448
0.42430206217418537
0.4689105374060345
0.44975570815925553
0.5229746880145062
0.4462376508200749
0.5237413462916759
0.4853934909365438
0.5281331611367645
0.5204450514678348
0.49917646036735286
0.5272697619130372
0.4803815042612858
0.5296965924793955
0.5057623937570132
0.5147118389646708
0.5917171502949115
0.5765618577652895
0.5870829240675264
0.600947645439033
0.5501193166240587
0.5202063554050456
0.5239069043781642
0.6003013871806545
0.6219426690255307
0.6592867406835143
0.6101071029205124
0.616048800522211
0.6202921282850603
0.6679826505492169
0.7122863859894722
0.7661781186137769
0.7518581739595553
0.7023270106949505
0.7505622595506097
0.5598482786329053
0.5478007068898776
0.6137321383880066
0.7483973033085163
0.5709875911134416
0.640688709040586
0.6022323726665351
0.586739739121767
0.5002936532752335
0.46070930038231706
0.5453257699834724
0.5754189424554129
0.5186744489766962
0.6522737978958736
0.6561042443444378
0.6450057024585333
0.7099442441836334
0.6478048595247
0.48940274221782776
0.4810488852947578
0.4610983239822575
0.5091178326269641
0.5194561111145937
0.4838560921491752
0.6424657377637706
0.5020004951215881
0.4749420670806957
0.4585013728029358
0.44027902931828006
0.4215063819361654
0.4703190950718883
0.48787858395970646
0.49909999019965373
0.5075377507404598
0.5062437037174967
0.443290141784836
0.5270334179024182
0.5297893857164875
0.572371104103664
0.5111010814477249
0.5539359903721468
0.57878101783908
0.668075336086041
0.6273792668621632
0.6638914366984223
0.5517577860472599
0.5850807673144028
0.6269161773583369
0.7674694217545751
0.694769132254048
0.6869252533178604
0.6808831998272858
0.6564471390624805
0.658002350407194
0.7722309452724042
0.7734658221868544
0.7733273014529771
0.7814122898692646
0.8233764246088843
0.8693047570301753
0.897002155363124
0.8609980536591019
0.7983040666533628
0.8736519648593946
0.8164842385882886
0.8706104041842391
0.8137404244946155
0.8456136276598124
0.6165236200602672
0.5657318589344694
0.4385523327893742
0.5064998927338663
0.5721134116211445
0.5989991711207014
0.5771606417306084
0.4579389330417879
0.5173563310261216
0.41433923939988204
0.4704302177538777
0.4952893154690775
0.4760903892887877
0.5329124822027158
0.6279906423445113
0.5958328893086816
0.4770393135119269
0.4326821934810483
0.41180463557186087
0.42164609000495484
0.5529738484014116
0.5109803510373293
0.46917468741644347
0.5499187960478126
0.5016156181245617
0.5163717858594946
0.3634134831268034
0.3355556724762175
0.3095072988638035
0.3196900380318053
0.3171914272144742
0.3052087617826678
0.36889863785455396
0.5382049912899902
0.44798870266629315
0.49759015371518134
0.5409394000200792
0.5468972643264758
0.47881393014968493
0.5078433275037385
0.48757410292883174
0.5502729965888289
0.4957083878459683
0.5413048628059902
0.5301126847872122
0.6127583759795084
0.5865919812636181
0.5247409566637764
0.5490351039523349
0.5600676495069133
0.5832124591579395
0.7326531172566457
0.6985201440437967
0.7241202542055114
0.6950356424362634
0.7370764750693175
0.6946659794352626
0.6703471946206495
0.6568005632317628
0.6743120249425283
0.6689160550859908
0.6195557574835941
0.6482799569664438
0.6440339038693865
0.6042229863838033
0.5538446969078699
0.7171295133200404
0.5885630557743212
0.6067192090869526
0.6958504183255119
0.65332520377078
0.650723983175197
0.7327685369021069
0.718172406867719
0.6510086994178407
0.659235461738177
0.640503345314738
0.5522297973588054
0.5265837944453832
0.593278802597488
0.6692141511503673
0.6170184118815846
0.6577600249651289
0.5989799630233419
0.5719942619707167
0.523837896434677
0.662565802295995
0.6314852936453628
0.6004047754748824
0.5340078582579648
0.5338110957070834
0.5316307048749291
0.4975340828420455
0.4998918277264721
0.4639768176922808
0.43675229584267045
0.4333461931997406
0.4953853954053982
0.4970402669961664
0.5786676290179014
0.6263981707366422
0.5187299340646594
0.4555971761348998
0.5089089333651178
0.5039775579295559
0.5290689752410065
0.49631649673734124
0.5627758998201444
0.6511910026596234
0.6466836259024713
0.5725773486976187
0.6060276246822356
0.5960526065615219
0.5630066956659949
0.5667008589959925
0.5710074495908548
0.5889943614351727
0.5552948361760139
0.5360867949372441
0.6019875887618975
0.5956830235466223
0.5376595661411946
0.5871271837376429
0.6398822391553143
0.606146461842056
0.5833120494271331
0.572926282850053
0.6434294557397174
0.6247457240647556
0.5698569286468723
0.6273315843822115
0.5923241837431036
0.5855353380389284
0.619695940184496
0.6730063026127722
0.7310159203158227
0.6905071990793699
0.6780334859621332
0.6212760857005968
0.6160133985847964
0.6051071423610394
0.6048707495860555
0.599628867779563
0.5930258322937882
0.5943448138287184
0.549857923995119
0.5974785771999189
0.6288766804085106
0.6009627377128715
0.4403987645806252
0.41970374064180077
0.32571358721545884
0.26162895295684907
0.26925785352004994
0.3497769355300822
0.4307280941295359
0.4266159590954554
0.41231161417434664
0.31074467492533264
0.3699528786110231
0.326398065342309
0.33888798525155783
0.30320037075281103
0.3631632863873404
0.37266421677085654
0.27563449698527404
0.28010473654861784
0.24024999136736272
0.30395580299139713
0.3598507878280095
0.2678175570903656
0.30191839023901335
0.2865370211077727
0.28764725448831197
0.2712045202638911
0.3059736023723534
0.2748459709037159
0.32204335169863396
0.20979852871609575
0.22051588583457687
0.14434225669657008
0.1584181202814018
0.1848117464140368
0.20431846441984317
0.21998848630866574
0.2579023943972034
0.3585461120884171
0.11013742953904648
0.16343507028036022
0.15469527713860384
0.1472249196719148
0.0983095473170969
0.04039334672180909
0.014112415237323496
0.062106787358836596
0.05634406813215569
0.1347535055272128
0.15579915647637024
0.12097269365482405
0.10911653501405362
0.15501583607746122
0.17593907461777367
0.1329284480564784
0.16074051086829122
0.1116411865897297
0.06738734223497042
0.05718025474417757
0.08557070478613255
0.0906105794334731
0.13736741537240826
0.1220842531792798
0.18569831562749056
0.12349263340687858
0.2057847741693091
0.1438391572859914
0.19756231745595454
0.118238184127059
0.041598451435661085
0.21422323336033824
0.23918142797230985
0.18520075832952687
0.2620321852814415
0.2313719510014122
0.3898680446276674
0.2718228038277112
0.24089674719733728
0.23281953946387093
0.1714644815729641
0.2088939266823006
0.22275676976474312
0.19650830386306758
0.1840234867167571
0.20317256988010834
0.1719791621881192
0.2366827752043342
0.32547449384926097
0.27633383594401295
0.2098521712824172
0.2459009937153287
0.15021351513492145
0.16209505650451705
0.1873814437886864
0.14680273920682635
0.15707202212357946
0.06968943637850505
0.14325734667551462
0.09600102384871122
0.08335289929818011
0.11412861808823552
0.009455453996318334
0.05775014597846055
0.02086288224333253
0.2625596095006032
0.28436647144059085
0.39291808063582867
0.2801887088177407
0.36703983921233885
0.25593208325885003
0.2691102857429071
0.28138056469188555
0.20370887318716877
0.199465972703332
0.20364414570172
0.2871669677005867
0.29174684039844945
0.27969582600404297
0.2652964961093173
0.3883939219544255
0.2792964061267551
0.28559604932508964
0.11333005158392413
0.27292431420270075
0.24301899518982018
0.22779302490287545
0.1834307695747717
0.20020911732184318
0.27526199228889336
0.2520135978042703
0.4405472078253849
0.36518107576473774
0.33368111034197967
0.25990181308306376
0.1888513628182725
0.22271916081442972
0.2594839612198107
0.3015530624004867
0.2671269783045276
0.22582603057863462
0.18169858585425727
0.21680669856319007
0.1491247789887562
0.20354804391042247
0.21079271474526823
0.36339987368699417
0.299682148061414
0.12664038448744006
0.2813862727226322
0.13129476726211636
0.2615393801397974
0.185259495312013
0.28408987453207046
0.30201059121622426
0.4000068125817163
0.2827342108911279
0.2680310939081013
0.2488066119341062
0.1656442016810747
0.28973651191141747
0.3410540866346326
0.48773768350342106
0.3467799997017381
0.5466986251770696
0.578588215268882
0.6590659557051147
0.6353895566952157
0.6084429118161655
0.6335435535526528
0.6682563442166654
0.6594771778323455
0.5281872501512395
0.5924436604264104
0.5145281808227745
0.3603073759173082
0.48022947910649366
0.5906017810874222
0.5780504079258715
0.7656801585481836
0.5828292457008043
0.7007624561197316
0.5763181039100845
0.6933000927079054
0.5963989450748584
0.6040739420235571
0.5468342757163274
0.5433333527952331
0.4246466828057107
0.28727409260885084
0.15923618900791175
0.5456702935637563
0.5691028067874443
0.5276114190132992
0.5997608367263895
0.47686500092460415
0.4374798847057051
0.4813547552517813
0.54023071487384
0.6026484702583487
0.4045035783008826
0.5677420750233783
0.44439632689943814
0.46149877890901425
0.24319556406933573
0.3785208024870931
0.29647824851944815
0.3325066786076336
0.2943763679344615
0.4498979842708794
0.5934187044532704
0.4917473687401634
0.4531907155539244
0.4520961273744525
0.5178313212622585
0.516656147044465
0.4740311071563664
0.3835702385065694
0.45759205417303755
0.43881881103368353
0.5423801370275104
0.6015396001016649
0.7049153545824705
0.6756047983102673
0.5104107686011786
0.4443301234751383
0.49194456746456905
0.44259828958681824
0.5335354843055464
0.4529302875258884
0.4408966025464002
0.6009395155345836
0.47089639206397843
0.3942927300186386
0.5898217382947968
0.5294446798117599
0.5839810159885082
0.5465010184667297
0.530745792746763
0.6673860776010849
0.5811958726381655
0.6859479138872375
0.5805501233209753
0.5711772526456895
0.4810032414259575
0.5322526709060849
0.43617931079931394
0.4791640643558738
0.4203422245479474
0.39519915090397256
0.646154443072956
0.6377521849392658
0.7069894962602334
0.4866009067340618
0.5643198788008926
0.5773407563694374
0.5243689756341668
0.6957876876452782
0.5921208847819477
0.47131867632265734
0.4897098905450273
0.4975522066901391
0.4683161035453526
0.4947696059590216
0.4845144724810926
0.41494246781930993
0.4763756495038665
0.6373937099552794
0.47729260418029795
0.501814269227422
0.4889383935997843
0.5314861859901493
0.5493274518062374
0.4594231429573801
0.3053670188593866
0.43566388519164956
0.496389048811004
0.3626512512909194
0.4967695913792526
0.3026180210639044
0.38210544691567017
0.4958538951636433
0.34991696414437345
0.44099225936309755
0.1684130619990779
0.2575155329361308
0.2850658207102311
0.42507233844645187
0.390005905273944
0.3847027434439896
0.30412605722675684
0.3128325116049065
0.12525115884934085
0.09280913022451971
0.3100185033113813
0.242440930722682
0.35113378264657985
0.3566470532799411
0.28349355201922416
0.28512597771335263
0.3383002461134932
0.3513095160380833
0.36468618420718557
0.344406907577546
0.3161647330048347
0.26292654034806207
0.1434857782959585
0.16342474960277753
0.13175259689656058
0.3387313827762757
0.5821768132339552
0.5608997139742703
0.6773382891734423
0.6384873797117163
0.5874876485808951
0.3689298070818033
0.48031272032782263
0.40836455655167675
0.42918575585606217
0.5020065766172086
0.5883683638616773
0.5020679980572257
0.5294529308689194
0.41767817564466486
0.6808832596613453
0.3946238050508097
0.5118151436612561
0.47439486414539095
0.49971476520981384
0.5729526087676224
0.5727025697362281
0.33393852181846584
0.4668541914546295
0.48610678976498317
0.3505253811177722
0.39581597947826364
0.3591676370635121
0.4724989557676026
0.4361691152224804
0.26621259425448834
0.3655830996438575
0.5800185985949812
0.32333847320001435
0.5206118150791332
0.5434407486796534
0.6966751472333238
0.74876642107802
0.7396048316792094
0.722098167151385
0.5283574076994805
0.44845794651526644
0.6242309121524706
0.6953956796188512
0.5563394719322944
0.5161365524003905
0.738261114272433
0.5532090689734925
0.4511290904419315
0.3181997788105979
0.3605451822312327
0.19285242756262697
0.1941007546553616
0.21551941724563942
0.1461634382877469
0.3225262953009444
0.3706674064789605
0.39061319328266486
0.3501875080386659
0.38975949295368717
0.38680577726966514
0.29399962842117805
0.2047682389452758
0.24367594040575394
0.27953785550371923
0.32278420510040673
0.27778032676378545
0.3524271234737244
0.3630719478242516
0.39608840471913703
0.3780891478093699
0.37485099561075
0.38606543023654427
0.33960000182245403
0.3330191430172152
0.27293217825393123
0.15043575940401854
0.22232509058827202
0.2967126104358824
0.34131136182177607
0.3382596553200855
0.42868453733438583
0.3817175003522981
0.2672737334432344
0.28962981395345844
0.27936737816741525
0.25411120237661533
0.33913986447995736
0.3905818301691142
0.3725390961636182
0.3192752418022493
0.30449365242835597
0.2567202174346776
0.26069572136945635
0.2890851624482228
0.32327662678726465
0.2621257136078051
0.24586860357108165
0.16835658591104236
0.23065069786694412
0.3073195654388659
0.25968148330099017
0.30152253876830176
0.2524733184048595
0.28090589458147097
0.2873490066154344
0.3834328188790997
0.4021042769676083
0.37406998649577133
0.3747161036884521
0.2763113979749248
0.29586271506113815
0.2247015157295551
0.28925151047951564
0.2795486837927037
0.28726374698252394
0.28735763796974373
0.28071623814903324
0.23371722030254352
0.2124475381695958
0.24579701722125105
0.21828261224436565
0.3479528981645271
0.36685654088664305
0.39856895776962725
0.4214341837690484
0.3195783188964188
0.2979598696745537
0.31130655533675855
0.34960513049515207
0.5692537390330147
0.32063892826353435
0.3068044466284546
0.2582023559578782
0.2523584727532313
0.2943788452880989
0.2592563821013963
0.3210652039226045
0.23014012674680753
0.229523745420923
0.27289012726392714
0.36903933350178786
0.3662167322660265
0.37903693601087407
0.4150529582812885
0.23016501403206793
0.30652526224675036
0.3578745084099128
0.45033802805076323
0.4310229223799536
0.4931635397850104
0.5440525457632502
0.4584502571187544
0.42120533249747544
0.37137300445467564
0.3554197906280707
0.3951248685789099
0.3713021755030907
0.4162209646367502
0.3642136340386775
0.4046321461267181
0.3063035776780759
0.40850187642910796
0.4215657308675927
0.4380657722450913
0.38219900598443185
0.35784518097822365
0.3639746340605204
0.409088907266385
0.44812125831141203
0.4249253744384408
0.38457904732593745
0.2922588598323711
0.45220416452716833
0.4128859592518099
0.35402593191496434
0.3978816728215416
0.31261410218663543
0.3605502722604512
0.3860645855788679
0.30949606558775017
0.3533848581534294
0.3001399345748215
0.33074703951074585
0.3435943437553407
0.4336450692199209
0.4517967952679236
0.29238790691342326
0.3506827311309928
0.24097647872802966
0.2285316458173783
0.4084563042378273
0.36222553250952494
0.23442200804207042
0.2659379782013237
0.24126210796716743
0.18658396714043796
0.344498717310116
0.23520661812139074
0.03580538556523316
0.12080649508068464
0.2608562004215039
0.11986644491083293
0.05651995144320295
0.0982030999005453
0.16226546670595865
0.3232738591858892
0.11545292472026165
0.1631807247920945
0.32482418269268626
0.2326925021863124
0.3345478089766922
0.3895814232880149
0.1464556341830742
0.2039130421061122
0.29678569383449754
0.14397693222446173
0.1639666108329882
0.43660305159218393
0.24467028877290437
0.39294517167214077
0.18876798991066313
0.405765557628493
0.41833520937126223
0.42083294490966505
0.37929634993149436
0.2716984621870759
0.25575846990854834
0.19752557770978113
0.04684881155250912
0.14820802676728545
0.20042672024817845
0.29447269736014864
0.23218908391122242
0.2625650703474746
0.047724789767232136
0.11388469869894033
0.10764418365899922
0.004103151908031575
0.07437043260238273
0.09239341449890233
0.12856079672443865
0.030094267484931672
0.10871673814779388
0.05256078793387075
0.05882263145384243
0.04740075362268088
0.059510518601884
0.17276633309251774
0.2049760005093058
0.2856218767645235
0.3167170527860437
0.3713064002018585
0.293840957478293
0.29916936901021324
0.2804377860869007
0.24805315356793464
0.3870078866205685
0.3329714795152363
0.2933023182924683
0.30369275786380084
0.39928445844394483
0.48883477889521254
0.467982390174821
0.4757949537596348
0.45226628701191524
0.31419651774589974
0.3574047464249351
0.27274400092150786
0.32763689357820475
0.3605362139894094
0.3823781902910309
0.3858853989353354
0.3696513081606935
0.3422712189259963
0.24413383433413127
0.24595843625397565
0.2323515276967293
0.22683883579139585
0.25441705638754647
0.35417504377437653
0.4032379778057575
0.4185286526626586
0.36050560657614555
0.31690149017873226
0.3065810548656321
0.20716187281696857
0.19514925226509702
0.24644344525759918
0.23350725376507903
0.30398429365489865
0.30915911968991683
0.312658157900086
0.1904143858328002
0.20861383486683716
0.11763468081710914
0.08596452360938153
0.10478065736189082
0.1026439428778646
0.13224963476279047
0.1612819517711031
0.10841158840879275
0.11447423679282157
0.14328608041458707
0.1570720522056077
0.1446761776309736
0.031613045425268424
0.05880845213480929
0.014286487698319597
0.016551803751515128
0.04227399206740256
0.06639067389815656
0.18924369704794428
0.07538410950352993
0.15188790233690655
0.07356433421386384
0.08863178063583631
0.1015769494080508
0.06036270577877953
0.06855464000037807
0.027075472572469884
0.06485293812822272
0.09357223316744143
0.09333394985435532
0.08038862911364769
0.23471762635811283
0.12061133156005488
0.1676944948982204
0.1133572125399896
0.11477142412660485
0.08425403242352238
0.12860205401469088
0.0958913209729092
0.13740981281748801
0.009876397151986826
0.17109280715844175
0.15943260552088243
0.17596372135922153
0.3194667968077831
0.24981925133014968
0.21618365036422435
0.13548479870348906
0.17701109253622183
0.11871272424118319
0.1346116826011055
0.173933032519791
0.221754542701073
0.1832833704225836
0.2235008085307618
0.24209928961030455
0.14415287829123488
0.20451865474565017
0.28845472138167444
0.22734120655759482
0.16914159903680143
0.19115787427305905
0.1520102284575555
0.03342226468252155
0.10761390131768293
0.2052872188952797
0.098513304687619
0.11157124429797632
0.1437174385104848
0.19846877112752664
0.15973437856912143
0.1746685432960136
0.20979462026674958
0.2294814077639261
0.18314919263096202
0.21107504783222186
0.2046417180168165
0.2163538995363972
0.21343737106767857
0.2777310433615909
0.2885718599384251
0.29718553334979797
0.2452260276708018
0.3054364176949892
0.25562175889603544
0.2681112078812674
0.2382203060266478
0.25001218966450034
0.25328274493253566
0.24966129173350574
0.22106498637057603
0.2283171750783783
0.19295963731284488
0.2456370168402376
0.21442700525729164
0.1770223980227668
0.10669584976781339
0.07330326699886636
0.16491236812400903
0.23812911411741847
0.17399756847218883
0.11205562189971242
0.1654258016345415
0.025488508430643625
0.03853254770605874
0.05204100043895025
0.0978842285126902
0.09123378302898076
0.25275530451908146
0.04281741110837279
0.16430559408562878
0.1022316317241379
0.10418205604018393
0.08099113162210632
0.14972367521823426
0.17571001831302321
0.1711731519200006
0.12265730688592748
0.11891112787419424
0.12073693841539639
0.18437523153373883
0.15223448117691865
0.08538997776165762
0.17862136069336088
0.22507044479991756
0.3063312351119979
0.31713584466210165
0.3615008421824489
0.3067842115099371
0.3599971261854775
0.33109901123123125
0.4071283913807539
0.3940987343047566
0.4378326308636421
0.4768358153514121
0.41233177816820205
0.36982288564347315
0.3862513924390231
0.40354362420143197
0.33902715990456933
0.34056153709789005
0.34049451455967655
0.37268151147832906
0.3684645747507402
0.3480639117692611
0.3252589494137818
0.3528266600619939
0.33150717723959716
0.2749168163590861
0.1875161999975687
0.2084126837482103
0.19943916493610658
0.2210069101230185
0.20881842799891592
0.2181600876795363
0.19235007045324945
0.19763087045479158
0.1702976271506528
0.11212235107956568
0.20254871975390684
0.13411171692734636
0.056729354982409295
0.0881661573240447
0.03226519482018063
0.08166578933619986
0.06947551218328013
0.2263383948100325
0.15685283088244306
0.16566058188935215
0.13887592117103584
0.11737433880315742
0.06171870217480581
0.08319008180334761
0.08372070739142702
0.12351476893107168
0.19294109428070336
0.1260983810359423
0.2680352948969136
0.11485101476455394
0.1281538263619472
0.27804921606523975
0.2762210015454333
0.3247704788630422
0.28816063277100146
0.3148453844767859
0.2750477882061999
0.25539422708192716
0.2611329372085889
0.18758263033722902
0.18094409740565592
0.12979371189391564
0.1771560961473977
0.14213164936575648
0.1611285501008242
0.12504451628241786
0.11799230626715847
0.07479173313569287
0.07316947193007918
0.17473504311308022
0.06243125113074191
0.09917119095782558
0.0969640491675853
0.04751466421252245
0.06981643689482209
0.07153304961248537
0.1685023690241793
0.1967496297199128
0.15600234239761285
0.1396289718650928
0.1397303320450164
0.06696887872934075
0.14187066323829814
0.19636922484703082
0.209327084742309
0.2776321523516758
0.179981906213658
0.1537892626732129
0.11614351627981155
0.15501558365570758
0.1218247222502626
0.05186426560355319
0.015581930625219379
0.012650183161522706
0.10763785911229894
0.12860763097727634
0.08712152599578099
0.11687429921669625
0.10736782939679351
0.16864004841269817
0.12788182900723263
0.09424490330062275
0.13309454638339932
0.17468382785634853
0.24594286326905007
0.2374790907553256
0.21186594644927598
0.1487928571219773
0.11247887773256776
0.15157727998874077
0.09876653789664928
0.2007211954790532
0.1550872698401373
0.18545788065246063
0.17739189994215346
0.20732655147389087
0.17797198154551744
0.25038983395794207
0.033376803737355104
0.11389619210247347
0.1647596376570805
0.17231347728530702
0.15843652349536078
0.15070037146152984
0.07651574665238378
0.15825098120234937
0.10825225377600466
0.1520714178252963
0.02530488168406017
0.057911698953681257
0.04696547149303524
0.12046179960471692
0.21044436009770934
0.2920859850047334
0.3753576081051551
0.28471374399057725
0.3102354327689573
0.27271053902928444
0.3308698401797757
0.32567649472399957
0.38854924980022043
0.24314558422981822
0.25686231847258656
0.219830792135207
0.17723891672230524
0.017908724794844257
0.13929835930674692
0.17516340469654718
0.17970516919611865
0.13008105715918702
0.12315241417663089
0.18709333016715804
0.14211392493926142
0.1521780137506958
0.2919684494251667
0.25095024297975327
0.18583790657847574
0.26371423276191763
0.1833238775123531
0.18430102878345558
0.14298188752138258
0.2396049353257399
0.23977432647908356
0.1608323270715496
0.10229154253151614
0.13575690219740724
0.17976227653144547
0.13149134241229243
0.18939453433340445
0.08494185812372106
0.06021268034448841
0.07184537003341729
0.08413055112061023
0.013189824422810085
0.046337435674179674
0.10797915279156091
0.1391807081280309
0.20556316753977652
0.2457134621195196
0.23486454491925338
0.2104939281461645
0.15171143836399864
0.1687729214984385
0.1193661096195775
0.1776608403682468
0.09655634059304334
0.1697275670068352
0.11649721180716664
0.12681754477335042
0.16483636978173408
0.05926100478162688
0.2687912837427466
0.1969847087743724
0.22329158719109599
0.22823303168550807
0.2366411065599138
0.2808028680707483
0.2760341968781504
0.35769966585316404
0.3769412618441138
0.33312140903920606
0.20930438807205332
0.24497741381658902
0.2753022644200045
0.33662697345362436
0.2748037724590975
0.28317214181407324
0.2802451882079849
0.25241820037602414
0.16678248880064178
0.33880594160172584
0.3117282040382979
0.3563789331149882
0.333325728919737
0.27211322162109025
0.27255448919526676
0.2819709339307906
0.25037734033486797
0.38475690818704217
0.24051214973443436
0.21753339023782178
0.096233034001
0.21060126160945636
0.2801520196122137
0.35795893856811495
0.3776788306150588
0.10432482996430809
0.26970346532758144
0.2544293839642849
0.13530719727088278
0.1459043583039674
0.22291927093227773
0.2277010329605575
0.17204899554459271
0.25676544153683595
0.1799560595046964
0.20207367305757365
0.25224888836617176
0.2145025753121664
0.29024642911541443
0.2258086935621742
0.2969854590884673
0.25050795323806596
0.2775962786412258
0.30337418521892007
0.27479261360403046
0.24988975680573952
0.28682536291948324
0.341342487518684
0.42594731560582516
0.37982385480229125
0.4457977437261677
0.39792258874460856
0.3942366559224285
0.39282588230185655
0.2031594291875686
0.3790485267616105
0.4126301472793551
0.3571088622099191
0.3900423316572808
0.29182380859236223
0.28980842060113127
0.4075436160565205
0.3794822352581789
0.4423530008935788
0.44183252637532255
0.419885331021408
0.3618484489932738
0.36067407634143145
0.3632141107674285
0.3808319417444928
0.3934329966225077
0.28326542330944443
0.18771278396284574
0.18347309759292746
0.19624413051886605
0.11485345024525417
0.1557594052427742
0.1835979132351661
0.25343261131298
0.19376283808907888
0.07790979739892843
0.2801456010748765
0.10621820488446466
0.24369510009937062
0.25400996853907665
0.20971953680746308
0.2227441462246641
0.24823328550652182
0.31922839708441686
0.30142621916762474
0.21770943916543176
0.17039161190452815
0.10411295020254556
0.09941538039183807
0.13365522034600255
0.16065071361770128
0.1126687924151367
0.01795234332546838
0.07476339597988663
0.05346266118899291
0.037971116990498925
0.06242917781452715
0.060666780961988964
0.0806921412915
0.08888745178987474
0.10755187124556816
0.07875995095646544
0.10923141298598747
0.10787263348189684
0.15953470311443269
0.17897173806849473
0.10371826107299889
0.10481484717509655
0.06607024959765982
0.05242134246812158
0.04236618179743949
0.1602979923297612
0.23235858766901052
0.19317074500139464
0.21525913092713747
0.19474799298487558
0.2581360940657274
0.20181965650426456
0.061940134017540865
0.1306231911394138
0.12160621697682897
0.1019611215352546
0.2194037577161069
0.2629947825044981
0.2983917955474335
0.30620021711260925
0.26746526161585144
0.2674023286106584
0.2949534856923969
0.21824865729623477
0.360417000727206
0.2498496706287556
0.2557741280939719
0.45996692021151164
0.4416340332668439
0.45954320062081716
0.4618738250076815
0.35581623611919694
0.3724628311176219
0.3516245227231893
0.30209864620432636
0.35675008065809166
0.40435622446327857
0.6092607674306865
0.38862240023669437
0.595560003863861
0.34405621404798603
0.258768501918112
0.5043668553741331
0.49065731066712887
0.4289762268018564
0.39891369862506815
0.4786060861652087
0.4728394249834072
0.4152424861706118
0.5155512353206425
0.22254005802832252
0.4262287182703665
0.15828245130264454
0.19007242140577144
0.2475750723647218
0.4145780637131375
0.3454926299580411
0.45041526246458324
0.32096300228940705
0.3671602608903703
0.3814826634942373
0.34327840167530776
0.2533371741527212
0.3965403593860472
0.38718276371996224
0.3281472669777162
0.34198802355826435
0.3968719893400443
0.3316988050503777
0.2243632418141217
0.19662995151101312
0.18059368207533003
0.15551201584103058
0.13985819630998303
0.14469175966260522
0.21489761361027945
0.1834890351889405
0.1458966797302343
0.13065732941729696
0.08958667836553966
0.202393509057221
0.1841349837036074
0.21982688443978207
0.3216202586057615
0.3231419242864628
0.28759435509983533
0.2866956661235048
0.2286438074835745
0.19341503389449283
0.1469321896619931
0.08322269705785124
0.06443655122075094
0.19991094900204692
0.24392388335637127
0.3938001636203033
0.3131484436290246
0.2741635827909883
0.305422820623409
0.38648361082546456
0.3763435104314731
0.4010159058753581
0.39541912559386994
0.3729410429217019
0.4321858873691944
0.37711081000528984
0.22291037321503307
0.13909605599806485
0.2629447866368192
0.2156854691496236
0.2161120976507242
0.3098919438379109
0.30217739948213246
0.32336572006647496
0.2828470141843274
0.14547660135262316
0.06771899790507394
0.0673081977048196
0.05543454050402239
0.08109391087893376
0.12627269477142614
0.15886318508929634
0.09563296573814699
0.053720164472615455
0.10784251784738431
0.2143203558493971
0.2062905993987363
0.19708644458055824
0.21169448056728093
0.23281732786509363
0.22104652978656478
0.29272476633672084
0.2905396072172572
0.1813214487271359
0.0829802731254064
0.2111355357877201
0.2540807869637805
0.30959842332870025
0.18752087861444028
0.16779536998013064
0.12587402640184217
0.14524489076999347
0.23542589306521025
0.3084698024376341
0.2225448811155966
0.23394753414161182
0.1755093709422306
0.21590162156066495
0.2044024009604286
0.1495861476622858
0.21488510157897417
0.1666209346986985
0.1164468049332578
0.14971249499326938
0.05064690170509679
0.019639501292762793
0.09818319759128322
0.08531082842335362
0.09500007665310979
0.06290778331097759
0.1507740609122454
0.09009116245839935
0.18344253243067568
0.191050229567967
0.11956310663696228
0.12028190453390589
0.11325172219278049
0.11437401449303021
0.14555517849822786
0.19000798166555863
0.1226260562604125
0.13456124004823763
0.09516752672789106
0.11794163774920526
0.11617257051535264
0.08440509247160997
0.11556589465488719
0.2019058423390476
0.23053852669874586
0.156267518591277
0.18719040496595615
0.18102982167195586
0.16795047340414276
0.205279205202665
0.17211608256760783
0.20897751216058294
0.269001625630105
0.25615440377809834
0.18627473942653322
0.14222754838055757
0.10069182308899224
0.1124227562219339
0.15175231411289805
0.18579502649084684
0.15608430587399388
0.16565282658470873
0.2612344541244522
0.14218019290075204
0.19897691831071962
0.18009346644289037
0.16146901108291614
0.14556487703414034
0.21090348179755627
0.1164321023904714
0.12536212697107638
0.0924101589859199
0.09322859513686711
0.1670955590439374
0.1957076538996076
0.1977666241739023
0.2088929064202171
0.21657610990663448
0.2811185732532688
0.24808760992620552
0.1567277671748333
0.23638052102489326
0.18549336833936278
0.17681803062852988
0.21620803381076317
0.2628023365662874
0.16954707407017847
0.25374192842186166
0.25633050407521724
0.11637693529310732
0.1836844262528178
0.16203051375472913
0.2007190781231969
0.17613245208480302
0.06423861684031379
0.16748704442569673
0.14925091471864504
0.12990584275952483
0.03841573440012346
0.0993547166541635
0.10601799134421083
0.07449783327717893
0.12455297111793064
0.06758275002579281
0.12915474032104954
0.14482631425130282
0.14383870237349525
0.10199900285025426
0.15911897419068027
0.13548496083229872
0.14821882867848282
0.17366368501023585
0.1652230470435255
0.19725736102290348
0.162669445977088
0.15751728302858972
0.18031574499983827
0.19072760997756705
0.19965375349724457
0.23804526362218212
0.18689891133172745
0.20343052568632963
0.21032468710950353
0.2034517376393805
0.24863869791087434
0.23523905173086113
0.25791944446413284
0.25419628245783776
0.25082321698466975
0.2143574764156547
0.17218412637737143
0.16009785374651647
0.202258686399141
0.2675615525847124
0.2453767070545319
0.26178131716329456
0.3161097570754274
0.2649345681648751
0.2827508799079794
0.2640207570784322
0.2414415560100669
0.22625513339426376
0.22391141931581912
0.2672865677843933
0.24788243333721507
0.36669484834750016
0.2699365545862574
0.26476299480753235
0.2929779129333345
0.23261109429892718
0.2455074735064802
0.23342154399137865
0.16210454000387167
0.2021236681220273
0.07962467664406293
0.0877557545814271
0.20621363591217687
0.2404735317296832
0.3054760716289192
0.3465176325979253
0.23822742565382907
0.24918821549624323
0.09189092518386999
0.18957019236885012
0.23181373231941219
0.25706218413354776
0.1891056853543155
0.26021216746862474
0.2631838781493717
0.23307923958040294
0.18615634867253356
0.10742788709652498
0.17671754350603094
0.29728583823941107
0.20492980227854282
0.1698834346896724
0.142330784345137
0.19955496920538354
0.19842392470972156
0.26643808601200586
0.1303158258839907
0.25880557063592763
0.23056388820805135
0.18215141656508552
0.18625687091101575
0.23255416617410735
0.20719010357477233
0.25422834220846496
0.2524843072059077
0.2723100186570537
0.2244081800633679
0.2660271495548908
0.23104464957473744
0.26913968390676185
0.07571081339173522
0.08294740254072973
0.0648399524505438
0.07910963364481123
0.10438257449256345
0.1716543331681916
0.31241932461054567
0.2801828862689178
0.33018562414489283
0.24549493491234503
0.30614255624181974
0.24284537456342775
0.2688012198654015
0.25837264675393495
0.2983236876516726
0.2960279154906645
0.23933737067663244
0.30312992779031156
0.2793002810714919
0.34241987859055206
0.4113885909178832
0.38771879503023765
0.40688860082390216
0.34842916232063387
0.3563332627616133
0.4071841335947773
0.38875561377281515
0.3901625499103248
0.3939826909583557
0.4212664952335512
0.37606686942309586
0.378432189479909
0.3978787635656422
0.36499824176737283
0.3078678397509626
0.19481868554416454
0.3109108146893798
0.2700571084821628
0.29494724437277786
0.3338964179813069
0.24706932681626656
0.20016266359981877
0.10944178897557162
0.18455986988032783
0.1880336992690791
0.16088065729412687
0.19019672297702203
0.11622100323348535
0.16150141700127257
0.1796181305805646
0.1781902985188987
0.15940027267579618
0.14622452111783166
0.06697153575675531
0.10053700996751692
0.13900834701831943
0.1432057070803886
0.17711932286651283
0.1632284107471608
0.2042015843779755
0.17805211505711768
0.2025457041589327
0.2806635308600132
0.0805801211943324
0.14949060818067977
0.21615629758311986
0.24817529172522235
0.25708018677008754
0.23225734201224352
0.19043410265007524
0.22860925392897224
0.20950424966355297
0.29709171091848774
0.19451250338283307
0.2505072034478294
0.19091847418658703
0.19299977450567374
0.22116815150851454
0.36259210912018
0.32590628664319293
0.22673163569345225
0.3262946617488508
0.3026092159435157
0.19200793457927698
0.2230280924301507
0.2977908549009821
0.18770915708891123
0.18901798696440622
0.1672523607955283
0.19029041771450705
0.11210890124841183
0.2669945967595825
0.21982739375529678
0.20934676730729848
0.18628351700434326
0.1566753364497962
0.2171397629575946
0.19107050384939062
0.12944774739246076
0.31185939974022264
0.08702072652725946
0.14019150824350124
0.050972218982907665
0.06726810063640579
0.22152484581549217
0.21822846636390666
0.24920469573769197
0.2661199230883828
0.18427921940958933
0.11860272137476367
0.12405130578753937
0.17651375467713798
0.22820907739946564
0.20623663109703178
0.25132089725406853
0.20540738204822365
0.19085759694151908
0.15127246884038484
0.26005121653917684
0.3598586790570275
0.3105104705902274
0.30874429673448633
0.3388503419120542
0.30616200416777234
0.22889008853496845
0.14286066920738108
0.0900024715663899
0.05897921993284795
0.1579585336584542
0.14219092416003398
0.12517576874966152
0.06757205073533434
0.01835008323139353
0.13921746977951177
0.2520264933096645
0.20672012331026862
0.2488106857037048
0.25958112767473335
0.3193884838476655
0.210179770676171
0.16710102691724307
0.11318123037490127
0.1705974343978805
0.29386543533731224
0.1255115146982137
0.152015514377953
0.14421077615204003
0.019920087551649552
0.1991410250998668
0.10331093041058327
0.1320759533205156
0.06786364837240653
0.2383596850265629
0.2472392268416091
0.05237396667010951
0.12821771948127805
0.047811319969368125
0.0786283874948791
0.21199976334024595
0.12029612559419277
0.358881393219822
0.3371866878881759
0.28825877558051205
0.1248234387125555
0.11417034079047572
0.13192985519171999
0.13713126578084095
0.11677409827516155
0.14168550074530425
0.15404706388405445
0.18476202280285955
0.19114607753196863
0.20503285766796342
0.32993933924009383
0.2786176872400872
0.2873958950437308
0.05871783503467047
0.15226028075063466
0.24419351206170586
0.38563674692135547
0.29698860669302923
0.24295683853700448
0.19935860069961356
0.2954527170717748
0.1027449416336659
0.20300945700056441
0.33189580107553646
0.2348552525602438
0.33639533835755014
0.190616436718702
0.06284753394327589
0.08072467737102607
0.10117036266416951
0.2140138366870024
0.18924284979654724
0.17019019586596093
0.1490637058208617
0.14145479937560326
0.16398524820385754
0.17760539706566142
0.12874708143273456
0.1563618357459323
0.18157111063789222
0.1834650073772724
0.2008344373343941
0.20762200169649084
0.23753945058714157
0.26555480666260456
0.16007343343955102
0.15796136395933263
0.10879300664112801
0.05892697320458113
0.027295815425054215
0.06504294437598598
0.08567998573742196
0.05680740855051503
0.09199262903044417
0.07796118552570055
0.08632398459560561
0.07555019944682863
0.0267393692677677
0.06576822260999278
0.04860154533902068
0.04828679668979628
0.014734599087589367
0.10279078696447141
0.061182935814491544
0.0299885651522687
0.04904962653913795
0.08005175171992641
0.07909794608312021
0.08151022442014144
0.057538265977570766
0.08465572357984101
0.03358625960005474
0.043055884314795845
0.07754445933919002
0.08606318564762715
0.14120784933754846
0.034217539995374635
0.07673986096234775
0.0331323567419676
0.08328026822669143
0.15756229749624243
0.10557272704939748
0.18267221373763132
0.15330739574208702
0.10171605071542944
0.04214996441985603
0.12842068118884703
0.13383970442564733
0.06345786167820801
0.11604610033280022
0.10811781534675885
0.13144156005355803
0.2336580254887207
0.22802525822939845
0.27623468366694565
0.28383386415611833
0.31213782258345973
0.22343958244892623
0.1932056252580624
0.2317753983975919
0.2534686060701901
0.25702018166205975
0.2397700433404809
0.08882068386662105
0.17611554192726261
0.113394080042097
0.11673918529875744
0.14477512811624207
0.16130472574062032
0.02161269797733378
0.10522973556135441
0.1122091736888512
0.04927069081653444
0.19528588418174672
0.21654987114786095
0.2173318363548002
0.22748756002548406
0.29538894081327693
0.2959637518601481
0.27489298956440067
0.23172618786368768
0.07367052272008999
0.06559471587537752
0.0980300842982896
0.15928033318345125
0.1380512896576171
0.08760396651104958
0.170023043141428
0.20213228980124068
0.2991660470445533
0.25528314391936585
0.2412235760865258
0.24377721336485716
0.2003860579839054
0.15533896576417855
0.2763232812101173
0.22386005574068932
0.1634865622012456
0.26313380103012984
0.08010329021501941
0.030160734287550044
0.13294569078947188
0.05115528970018287
0.11249405724015428
0.1733926396838301
0.0369137979563473
0.1586983939645385
0.24570957095189566
0.23877726469539198
0.24418152203876914
0.27013529750998544
0.2238140333946946
0.28653819958482385
0.18740908033336287
0.2633351364042408
0.044354066352932715
0.2277811548204541
0.09920034200549664
0.05548060900038652
0.027189501131530697
0.1276554715582939
0.2138090773398628
0.2922225984788716
0.2645702932687541
0.3820970308936894
0.3504628997251876
0.4027574096028775
0.37688914678421076
0.3661433260224884
0.2577437515614716
0.24998400352912672
0.14136509234648623
0.1441008350613594
0.15498809634427066
0.13816627420834168
0.2533298825288245
0.31417124176405314
0.3274692620776342
0.4152953441871501
0.3404839133296656
0.36649116236200463
0.4035640566322143
0.2857628147161289
0.2972639706714674
0.23256009200978892
0.09390403787375952
0.04107023956935285
0.0439707591624816
0.15783158547790196
0.08330336765258166
0.19042881886463117
0.11912216449244509
0.1176863486936306
0.16489107842809633
0.15018531786856362
0.31357576179152186
0.33680332637617244
0.2167057024318942
0.31601032055148964
0.29399426059913314
0.28577121423070523
0.04330303913835983
0.11949043119711183
0.1269223626161215
0.15341587276786817
0.17559620966313996
0.2563453302439068
0.33371776389087976
0.30039574876131536
0.24514980448013102
0.15152872735615872
0.1681999525139364
0.18464608606299843
0.14774974514461356
0.2629723711917503
0.12733063122340946
0.16095392170735498
0.14035355107041897
0.11398795510703479
0.255107502069648
0.17469597145222204
0.21224167107853525
0.21240793061935867
0.18475396026731702
0.20188741577346664
0.1908921441192372
0.2182857510928415
0.2853173653460219
0.3760874463953803
0.34098106827130154
0.37147563653554455
0.3315719457063863
0.36079857921339675
0.319277452464538
0.3508228787097385
0.3156144968424859
0.3896882745812038
0.18857308362379588
0.25940685047113016
0.39696499448185946
0.3896954279855833
0.479488604551882
0.4954767484962326
0.42900615865342745
0.4386055224115094
0.24972483890816144
0.36302730762257757
0.32785359230082206
0.43128331710526974
0.41748115151839565
0.42680970189142614
0.48588203163441074
0.32363658846913074
0.44717553981588054
0.39475311142705427
0.4464487443024699
0.4402096170360735
0.4620289024729268
0.377758701878751
0.29944808196912454
0.4191830510336937
0.337870119214049
0.36278287848663243
0.3066885602550332
0.3658978525324385
0.40176631153197206
0.534098355225553
0.4404320606390413
0.3784187026899363
0.31973287207834666
0.3848371728395854
0.27213164778238286
0.37224010788366035
0.2752007080954944
0.24505978371894407
0.16719665237704776
0.14317743937213104
0.24439364454140436
0.20197121395714024
0.48025632045586153
0.24946833271093785
