-1.0121970114513326	0.13255153229668054	0.17985349979247942	1.0584068664841606	-1.9756881130799708	-2.2142974355881804	0.0	2.1515526803625753	2.0605219140835485	2.622446539343269	
0.9272952180015952	0.3639789565096368	-0.21866894587394697	1.0584068664841564	-1.435268612809403	-2.1112158270654837	0.0	2.690139562037233	-2.4668517113662425	2.6224465393432697	
1.5707963267948966	0.5349550737861014	-0.28805544705063046	1.3120254348312028	-1.4773195456363062	-2.21429743558818	3.141592653589793	2.303611428581406	-2.214297435588181	2.8632929945846826	
1.5707963267948966	0.2736593210820887	-0.4182243295792269	0.9272952180016089	-1.5707963267948966	-2.390663591191853	2.5535900500422257	2.343536938358291	-2.3239476077570878	3.0584514217013523	
3.141592653589793	0.34877100358391216	-0.13255153229667355	1.0235119458074595	-1.7359450042095201	-2.8068558162729778	3.141592653589793	2.2716507346793477	-2.356194490192358	-2.8198420991931523	
-1.5707963267948966	0.09495170634275105	-0.16514867741462683	1.2120256565243244	-2.034443935795701	-2.707348332792994	2.5535900500422195	2.3239476077570895	-2.46685171136623	-2.853537206539164	
3.141592653589793	0.08865588186744185	-0.5349550737860955	0.9900399732272258	-2.054243328362107	-2.690139562037237	2.2716507346793517	1.8925468811915425	-2.3805798993650726	-2.976443976175167	
-2.6777170548332254	-0.07393903765794384	-0.3217505543966395	0.8519663271732734	2.4149503129080645	-2.994514298201392	2.151552680362558	1.837048375945822	-2.356194490192318	3.141592653589793	
2.022379474948209	-0.17219081452293564	0.0	0.08314123188844527	2.490515932145317	-2.8809902618424497	1.5707963267948966	2.083185787105629	-1.5707963267948966	2.490515932145309	
2.6516353273360562	-0.17985349979248055	0.0	0.0	2.606637579803694	3.141592653589793	1.5707963267948966	1.7818896600176424	-1.5707963267948966	2.303611428581406	
2.6516353273360544	0.3217505543966395	0.0	0.14707835538840994	3.141592653589793	2.6516353273360664	1.3854483767992127	2.03444393579571	0.0	1.8817946074004406	
2.976443976175168	0.14707835538840222	-0.09495170634275057	0.2186689458739407	3.141592653589793	2.6901395620372357	1.3690339824746065	1.7818896600176424	0.5880026035475922	2.21429743558818	
2.8761742668958834	0.3487710035839111	-0.3217505543966493	0.0	-2.697173443688693	3.141592653589793	1.5707963267948966	1.8622531212727622	0.0	2.490515932145314	
2.8961424078488256	0.32175055439664435	-0.3217505543966475	0.2186689458739453	-2.3996453855838733	3.141592653589793	-2.2142974355882235	1.6951513213416598	0.9272952180016293	2.994514298201391	
2.8975897586283472	-0.21866894587394636	-0.23783592745745114	0.3947911196997637	-2.414950312908069	-2.7522759317566545	-2.2142974355881826	1.2793395323170296	0.0	3.00904112129312	
1.8993537816392188	-0.5603598769048446	-0.4514530915525549	0.16514867741461747	-2.4668517113662403	-2.903756726132339	-1.7196862744043853	1.3597029935721507	0.0	2.77761369708015	
2.466851711366238	-0.6375487981386918	0.0	-0.32175055439664085	-2.9229237077158525	-3.039385935482541	-2.5535900500422284	1.3258176636680283	0.0	2.5535900500422284	
2.8535372065391678	-0.2023216283783013	-0.7266423406817285	-0.7266423406817256	2.85353720653917	3.052936771722356	-2.414950312908067	1.2793395323170325	0.0	1.8622531212727622	
2.6066375798036976	-0.47835243137866607	-0.7700147616168475	-0.3639789565096504	1.8817946074004337	2.4668517113662403	-2.5535900500422257	1.1254952829072136	-1.5707963267948966	1.279339532317031	
2.561056408389671	-0.5603598769048446	-0.761012754224731	-0.4636476090008043	2.44685437739309	2.9533711482850222	-2.2142974355881897	1.0714496051147608	-2.214297435588164	1.4640606541457595	
2.622569566975171	-0.560359876904837	-0.7289492826027226	-0.4491165280455339	2.4805494847391056	2.880990261842453	-1.212025656524323	1.0873493252276945	3.141592653589793	1.3258176636680292	
2.5535900500422257	-0.7853981633974424	-0.7378941517665719	0.07640828950631076	3.0466409472470377	3.141592653589793	-1.5707963267948966	0.9827937232473373	-1.5707963267948966	1.477319545636309	
2.7233683240105653	-1.0303768265243198	-1.827413903607026	0.3217505543966413	3.141592653589793	3.141592653589793	-1.5707963267948966	0.9827937232473223	-1.5707963267948966	1.6124389058934856	
3.058451421701348	-1.0838970949836237	-1.5707963267948966	0.0	-2.9764439761751635	-2.953371148285026	-1.6856729322117974	0.9272952180016151	-1.5707963267948966	1.776191715984664	
-3.0309354324158924	-0.9600703624056894	-1.5707963267948966	-0.2606023917473401	-2.7610862764774295	-2.95337114828502	-1.304544277643968	0.4182243295792269	-1.4464413322481362	1.844963777914556	
3.141592653589793	-0.8621700546672264	-1.5707963267948966	-0.6947382761966936	-2.7868870015788536	-2.92292370771585	-1.5707963267948966	0.9272952180016207	-1.3439974787410078	1.653937558683336	
-2.8198420991931537	-0.6747409422235596	-1.5781975478369883	-0.4182243295792379	-2.5535900500422306	3.141592653589793	-1.5707963267948966	0.9272952180016009	-1.3597029935721516	1.421906379185402	
3.0956479977816738	-0.7610127542247285	-1.691828764846498	-0.5305578870294524	-2.8198420991931457	2.9037567261323405	-1.1324597669369443	0.8519663271732708	-1.3045442776439713	1.259798046189356	
3.0466409472470337	-0.7700147616168607	-1.4056476493802794	-0.48995732625372684	1.5707963267948966	2.8198420991931563	-0.7266423406817168	0.18822150530478102	-1.27933953231703	0.9272952180016094	
-2.976443976175169	-0.6947382761966988	-1.4920123658057516	-0.3217505543966395	1.9756881130799773	2.92292370771585	-0.726642340681726	0.41822432957921885	-1.212025656524325	0.2606023917473534	
-2.8341951804669687	-1.1171986306871244	-1.2649174553900462	0.0	2.0701430484750305	2.81984209919315	-0.2606023917473401	0.7266423406817323	-0.8379812250083886	0.5191461142465142	
-3.07502448981397	-1.0121970114513352	-1.5707963267948966	0.12062366858010214	1.8817946074004348	2.8198420991931528	-0.8699419189104494	0.1325515322966796	-0.23783592745744964	0.7853981633974513	
-2.9325697107835307	-0.9624713181763178	-1.5083775167989426	0.0	2.3906635911918546	-2.976443976175166	-1.0584068664841615	0.1651486774146355	0.06053201978211025	0.9272952180016122	
-2.922923707715847	-0.8176450458327096	-1.8010159140717341	-0.41822432957922734	2.994514298201391	-2.976443976175168	-1.8157749899217461	0.21866894587392943	-0.14189705460416588	1.2375520256832233	
3.141592653589793	-1.1795607476677203	-1.7196862744043957	-0.5448639154515434	3.141592653589793	-2.8198420991931505	-2.083185787105642	0.0	0.0	1.271264337724974	
-2.9617391537973186	-0.8035779784704256	-1.5707963267948966	-0.6947382761967031	-2.6224465393432714	-2.9229237077158525	-1.929566997065447	0.0	0.0	1.4056476493802688	
-2.95337114828502	-1.0743735733900166	-1.6642731079534874	-0.34161549064781443	-3.0090411212931163	3.141592653589793	0.0	0.0	0.07393903765794005	1.0303768265243172	
-2.900746198348384	-1.1189824848972358	-1.7196862744043857	-0.1263081170632393	-2.8198420991931523	3.141592653589793	1.2120256565243464	-0.14707835538839448	0.30587887140485304	0.9770466600841209	
-2.8809902618424466	-1.3258176636680492	-1.9295669970654736	-0.7266423406817285	3.141592653589793	3.141592653589793	0.8176450458327005	0.3217505543966262	0.39852244566641926	0.0	
-2.713644157268311	-1.4019644247837706	-1.8817946074004348	-0.13255153229667355	2.819842099193151	2.7233683240105617	1.1324597669369265	0.0	0.3597069995849539	0.0	
-2.3561944901923466	-1.2490457723982553	-1.735945004209526	0.0	1.8449637779145582	2.880990261842455	0.588002603547588	0.3217505543966422	0.0	-0.21866894587394195	
-2.13628021494972	-1.2966288756752402	-1.794997117645862	-0.3805063771123637	1.6642731079534872	2.5535900500422226	1.212025656524342	0.16514867741463404	0.13255153229667704	-0.13255153229666564	
-2.1930991979821055	-1.1324597669369332	-1.7875520651387526	-0.6181442259351856	1.2679114584199203	2.6066375798036976	1.6642731079534812	0.21866894587392943	0.2074962264352021	0.36397895650964496	
-2.12629006206044	-1.17600520709514	-1.7869808957250832	-0.8176450458327049	1.271264337724975	2.853537206539164	1.5707963267948966	0.2606023917473436	0.07827114052127755	0.50709850439233	
-2.214297435588178	-1.2120256565243208	-1.7869357108235575	-1.2120256565243186	1.5707963267948966	3.141592653589793	1.5707963267948966	0.0	0.4182243295792284	0.7266423406817359	
-2.0626055027835966	-1.3854483767991992	-1.7869321276957497	-0.7853981633974483	1.67753199944403	3.141592653589793	0.0	-0.2606023917473401	0.0	0.8519663271732708	
-1.951302703907262	-1.502719868536896	2.5991466060384876	-0.8519663271732727	1.9295669970654694	3.141592653589793	-0.5880026035475594	0.0	-0.2606023917473401	1.0121970114513366	
-1.8622531212727635	-1.5707963267948966	-2.841365938083281	-0.8379812250083898	2.2142974355881804	-3.009041121293118	-1.5707963267948966	-0.13255153229666658	-0.21293834957939625	0.6375487981386867	
-1.702384468252816	-1.2120256565243324	-3.034354468959894	-0.7266423406817285	2.2142974355881897	3.141592653589793	3.141592653589793	-0.1651486774146355	0.0	0.9272952180016037	
-1.8022850831417385	-1.3854483767991992	-3.0484931411282172	-0.927295218001608	2.0091328866528517	2.7522759317566523	2.3239476077570784	-0.11065722117390085	-0.110657221173895	0.0	
-1.815774989921762	-1.5239556138789296	-3.0496065896731586	-1.0584068664841593	1.6704649792860597	2.581232776684949	2.2142974355881826	0.11065722117390085	-0.2186689458739476	-0.4899573262537298	
-1.7667774604310107	-1.3940874707248598	-3.049694853174225	-1.2793395323170296	1.4920123658057516	2.260596371528506	1.5707963267948966	0.0	-0.4182243295792269	-0.47385133649475103	
-1.5916266468311135	-1.6588037003226386	-3.0497018535281577	-1.2793395323170302	1.3854483767992025	2.2605963715285045	1.3854483767992127	-0.13255153229667868	-0.674740942223551	-0.6871242101414384	
-1.7105052010840607	-1.7561442767905935	-3.049702408763279	-1.2120256565243208	1.132459766936943	2.6516353273360664	1.3854483767991859	0.0	-0.7266423406817227	-0.5880026035475785	
-1.6844350537436066	-2.01609737068258	-3.049702452802061	-1.0714496051147675	1.5367186152078884	2.3349211041682834	1.0584068664841577	-0.2606023917473401	-0.6162969373960706	-0.24870998909352104	
-1.5707963267948966	-1.8817946074004421	-1.514976022915778	-1.3140879963615153	1.5707963267948966	2.376599820878883	0.9272952180016139	0.0	-0.737815060120471	0.08865588186744185	
-1.5707963267948966	-1.9756881130799708	3.141592653589793	-1.2793395323170247	1.5707963267948966	2.3239476077570895	0.9272952180016154	-0.8176450458327147	-0.5880026035475675	1.1071487177940762	
-1.7359450042095237	-2.1112158270654824	-2.8198420991931505	-1.2453004715584173	1.7004988639508085	2.239085745625481	1.0584068664841577	-0.2606023917473401	-0.8176450458327005	0.761012754224731	
-1.1071487177940897	-2.173083672929861	-2.899520959018676	-1.4464413322481333	1.4640606541457615	2.0626055027835952	1.3439974787410116	-0.6181442259351918	-1.0584068664841566	0.7266423406817252	
-0.2606023917473472	-2.183616528960138	-2.630036526419486	-1.7454685258031388	1.1071487177940869	2.0591302778513025	1.5707963267948966	-0.5516549825285463	-1.0427218783685406	0.674740942223551	
-0.9994588469612671	-2.3435369383582922	-2.880990261842452	-1.6102495278919393	0.21866894587394195	2.0344439357957027	1.5707963267948966	-0.7266423406817227	-0.9272952180016085	0.0	
-1.5707963267948966	-3.00904112129312	-2.9229237077158507	-1.523955613878923	-0.18822150530476936	1.9832067683922832	1.435268612809394	-0.8699419189104416	-0.9827937232473318	-0.5880026035475648	
-1.9295669970654692	-2.953371148285024	-2.8637328659728105	-1.7196862744043961	0.14707835538840222	1.9546139500834658	1.3140879963615146	-0.7853981633974483	-0.9272952180016047	-0.588002603547573	
-1.5707963267948966	-2.677945044588985	-2.874406112069761	-1.7196862744043908	0.7266423406817359	1.7818896600176433	1.385448376799196	-0.3217505543966422	-1.2870022175865754	-0.7610127542247257	
1.5707963267948966	-2.7233683240105617	-2.8752445260572594	-1.7196862744043957	0.6947382761966979	1.6539375586833376	1.3258176636680463	0.0	-1.5707963267948966	-0.41822432957924227	
1.1071487177940904	-2.81984209919315	-2.875310974397167	-1.8157749899217583	0.7853981633974424	1.7105052010840607	0.3374560692277828	0.0	-1.282394355526067	-0.3947911196997577	
1.2793395323170291	-2.6901395620372397	-2.8753162444652154	-1.9295669970654736	0.9600703624056918	1.6243165952542105	1.7196862744043926	0.0	-1.9390044174075094	-0.24497866312686625	
1.2120256565243255	-2.994514298201391	-2.875316662461689	-2.2896263264165237	0.8996524913588854	1.5707963267948966	1.411444685890982	0.0	-1.8050515403891436	0.0	
1.3045442776439702	3.141592653589793	-2.8753166956153073	-2.214297435588176	0.6947382761967063	1.6148853841929691	1.612438905893483	0.0	-1.7725586711151866	0.48995732625372684	
1.4352686128093965	2.944197093739912	-2.8753166982449048	-2.1293956421384586	0.34161549064780605	1.3439974787410116	1.7921107691426916	-0.3639789565096348	-2.034443935795704	0.18822150530477122	
1.1659045405098132	2.746801533890033	-2.875316698453472	-2.356194490192344	-0.38931672183314037	1.3352513460740327	1.5707963267948966	0.0	-2.2436288743886608	0.0	
0.32175055439664085	3.141592653589793	-2.8753166984700163	-2.356194490192347	-0.4182243295792368	1.3156139361740788	1.5707963267948966	-0.8621700546672226	-2.1791213354134684	-0.45145309155256	
0.7610127542247312	3.0309354324158977	-2.875316698471329	-2.279422598922566	-0.18822150530476936	1.237552025683223	1.6124389058934883	-1.0584068664841513	-2.2477111786373736	-0.4899573262536929	
0.9272952180016151	3.141592653589793	-2.875316698471434	-2.3561944901923426	0.0	1.2120256565243206	1.6456561745056604	-0.9272952180016293	-2.4905159321453105	-0.9272952180016293	
1.6775319994440303	-2.9392710252114886	0.9382841727609194	-2.523448427654609	0.0	1.1324597669369414	1.492012365805752	-0.9770466600841259	-2.2896263264165198	-1.1071487177940953	
1.9295669970654683	2.944197093739913	0.0	-2.8375917142496476	0.36397895650964157	1.0789871508061997	1.5707963267948966	-0.8760580505981888	-2.5535900500422244	-1.0714496051147686	
1.7561442767905935	2.9037567261323436	1.0665018643346198	3.141592653589793	0.7853981633974527	0.7266423406817227	1.929566997065467	-0.9272952180016122	-2.976443976175166	-0.7266423406817227	
2.5535900500422257	2.6677413170950315	1.0413635887548114	-2.5535900500422226	0.5880026035475675	0.0	2.0344439357957027	-1.5707963267948966	2.976443976175166	-0.9272952180016037	
-2.8198420991931537	2.723368324010563	1.0392238986572166	-2.85353720653917	0.6327488350021838	0.8176450458327005	2.8809902618424665	-0.9272952180016101	2.9764439761751675	-0.7266423406817293	
-1.5707963267948966	3.141592653589793	1.0390532065571245	-2.880990261842448	0.1651486774146153	0.5880026035475922	-2.8809902618424665	-1.2120256565243885	3.141592653589793	-0.1651486774146182	
-2.034443935795699	3.020968985009692	1.0390396618070947	-3.020968985009692	0.0	0.588002603547543	-2.279422598922563	-0.8176450458326863	2.8809902618424497	-0.32175055439664574	
-1.5707963267948966	2.8632929945846812	1.0390385874583594	-2.723368324010563	-0.41822432957922545	0.5880026035475675	-2.446854377393095	-0.5880026035475648	3.141592653589793	0.0	
-1.5707963267948966	3.0466409472470373	1.0390385022455275	-3.039385935482539	-0.46364760900080254	0.26060239174733035	-2.9764439761751604	-0.48995732625372684	3.141592653589793	-0.26060239174733657	
0.0	3.141592653589793	1.0390384954868188	-2.819842099193149	-0.5880026035475675	0.9272952180016293	2.7233683240105617	-0.7266423406817285	2.8809902618424568	-0.5880026035475757	
-2.0344439357957027	2.847358088478605	-0.5936953417885086	-1.764007810642703	-0.36397895650964496	0.1651486774146355	2.723368324010566	-0.9272952180016105	2.8535372065391655	-0.7853981633974394	
-2.2142974355881795	2.8198420991931523	2.7868870015788527	0.16514867741462672	-0.09495170634275057	0.7266423406817035	2.2455372690184476	-1.176005207095136	2.79282165000589	-1.2120256565243301	
-1.9295669970654687	2.553590050042226	3.02096898500969	0.21866894587394142	0.06656816377582003	0.9272952180016186	2.363493630636045	-1.325817663668045	2.5967287381382467	-1.862253121272756	
-0.5880026035475798	3.141592653589793	3.141592653589793	-0.3639789565096494	0.0	0.0	2.606637579803694	-1.4464413322481242	2.2142974355881777	-1.7561442767906075	
-1.2793395323170271	2.777613697080146	3.141592653589793	0.0	-0.07393903765793627	0.36397895650964157	2.6344941491974563	-1.4959364790841236	2.690139562037241	-1.6388727850528928	
-1.0584068664841617	2.5758911849336164	3.141592653589793	0.26060239174734096	-0.5880026035475648	0.0	2.976443976175168	-1.3854483767992056	2.792821650005885	-1.4056476493802699	
-1.3258176636680326	2.872425160804093	3.141592653589793	0.0	-0.6947382761967189	0.3217505543966422	2.8430937220036023	-1.5707963267948966	2.922923707715851	-1.2120256565243301	
-1.1479424006619534	2.9392710252114886	2.684987181697301	0.0	-1.1824776086224227	-0.3217505543966395	3.020968985009695	-1.4773195456363126	2.723368324010566	-0.9272952180016122	
-1.455919721378	2.651635327336065	2.578276392097827	0.16514867741462766	-0.9827937232473318	0.0	3.141592653589793	-1.6539375586833334	2.553590050042225	-0.48995732625372684	
-1.5707963267948966	2.6516353273360695	2.880990261842446	0.0	-0.4182243295792313	0.0	3.141592653589793	-1.5707963267948966	2.466851711366249	-1.0303768265242998	
-1.9756881130799804	2.3412702252022592	2.553590050042226	0.5191461142465255	-0.7853981633974483	0.0	2.761086276477428	-1.5707963267948966	2.504043855451097	-0.7853981633974543	
-1.67753199944403	2.303611428581404	2.9037567261323423	0.6747409422235525	0.0	-0.7853981633974394	3.067653615931857	-1.5707963267948966	2.4379788708103414	-1.0584068664841615	
-1.446441332248138	2.834195180466972	2.7707013647771306	0.5880026035475711	0.0	-0.1651486774146355	3.141592653589793	-1.5707963267948966	2.4149503129080663	-1.2966288756752393	
-1.5707963267948966	2.5040438554510964	3.0466409472470377	0.41822432957922373	0.0	0.32175055439665284	-2.880990261842453	-1.5707963267948966	3.141592653589793	-1.5707963267948966	
-1.0584068664841577	2.9037567261323436	3.0393859354825397	0.5880026035475691	0.0	0.463647609000799	-2.4905159321453056	-1.7196862744043957	2.8198420991931523	-1.6951513213416516	
-0.4182243295792269	3.141592653589793	2.723368324010566	0.5880026035475691	-0.5880026035475594	0.0	3.141592653589793	-1.5707963267948966	2.512796367174355	-2.2142974355881897	
-0.8176450458327021	3.0090411212931194	2.6344941491974554	0.927295218001611	0.0	0.26060239174734984	-2.129395642138471	-2.083185787105629	2.786887001578855	-1.9295669970654608	
-1.0584068664841577	2.5088438185876094	2.606637579803698	1.0789871508061981	-0.8621700546672226	0.588002603547561	-2.16454599350566	-2.0831857871056316	2.7017500707740574	-1.8817946074004417	
-1.0584068664841604	2.020056439406777	2.4668517113662407	0.8649843061493881	-1.4773195456363122	0.2186689458739407	-2.4905159321453043	-2.0091328866528544	2.5849933355795733	-1.9295669970654676	
0.0	2.0831857871056343	2.5535900500422235	0.8519663271732706	-1.8157749899217441	0.0	-1.7561442767905817	-2.5535900500422217	2.323947607757089	-1.5707963267948966	
-1.4219063791853999	1.9295669970654683	2.651635327336065	0.9272952180016104	-1.3854483767992114	0.0	3.141592653589793	-2.0091328866528557	2.3864882501111184	-1.5707963267948966	
-0.9272952180016154	2.009132886652856	3.141592653589793	1.0121970114513494	-1.4464413322481264	0.0	2.8198420991931297	-2.2142974355881897	2.3239476077570926	-1.4219063791853976	
0.0	1.9295669970654699	2.651635327336065	1.2899586021736853	-1.1071487177940833	-0.48995732625372684	2.1112158270654837	-1.9295669970654639	2.214297435588184	-1.2597980461893585	
2.356194490192345	1.9832067683922832	2.651635327336065	1.414194449812885	-0.7853981633974483	-0.2606023917473401	2.4149503129080645	-2.0344439357957027	1.9756881130799746	-1.4464413322481422	
2.260596371528504	2.0160973706825827	2.4468543773930898	1.325817663668029	-0.2606023917473401	0.0	2.2142974355881297	-1.8622531212727573	2.1421338066285296	-1.6642731079534812	
2.0449147573004	1.6856729322117965	2.083185787105633	1.338065152655526	0.0	-0.28805544705062747	1.5707963267948966	-2.034443935795708	1.6775319994440296	-1.7561442767905935	
2.0160973706825818	1.5707963267948966	1.8925468811915425	1.340095270832105	0.48995732625372684	0.48995732625372684	-1.5707963267948966	-1.7561442767905935	1.5707963267948966	-2.7233683240105617	
2.2531128816696455	1.5707963267948966	1.9513027039072603	0.6551005243690702	0.0	0.3217505543966395	1.9295669970654747	-2.1515526803625704	1.1071487177940904	2.880990261842453	
2.1293956421384572	1.3382393849899856	1.9295669970654676	1.1785618732786698	0.06458380306424849	0.48995732625372684	0.0	-2.2142974355881795	0.6510767214444761	-2.6516353273360544	
2.0831857871056356	1.6642731079534878	2.009132886652857	1.5250952775057898	-2.646196255116479	0.0	3.1415926535897647	-2.5127963671743574	0.7266423406817285	3.141592653589793	
2.1290029418375456	1.5027198685368963	2.21429743558818	1.4773195456363122	-1.5707963267948966	0.0	3.141592653589793	-2.414950312908073	0.0	-1.815774989921765	
0.728855756134261	1.3638041325750765	2.214297435588182	1.4475480628669477	-1.9295669970654747	0.0	3.141592653589793	-2.7776136970801484	0.0	-1.9295669970654608	
1.5707963267948966	1.4844729258544331	2.1763409903998663	1.455897357129116	-2.50404385545111	0.0	-2.2142974355881297	-2.5127963671743636	0.0	-1.6539375586833451	
1.9295669970654703	1.377584842947091	1.904040627906568	1.6005038520311947	-2.512796367174351	0.0	3.141592653589793	-2.7233683240105617	-0.278299659005106	-1.5208379310729496	
2.0701430484750265	1.0679531158670337	1.6775319994440336	1.873681195169869	-2.8430937220036094	0.0	0.0	-2.606637579803698	-0.13255153229668054	-1.4114446858909813	
1.5707963267948966	1.279339532317033	1.5707963267948966	1.9756881130799708	-2.5535900500422337	0.0	0.2186689458739545	3.141592653589793	0.0	-1.3854483767992138	
2.3036114285814047	0.8035779784704208	1.3854483767992007	1.9040406279065736	-2.4149503129080725	0.0	0.32175055439662087	-2.553590050042226	-0.8519663271732633	-1.7196862744043966	
2.214297435588177	0.9994588469612733	1.5707963267948966	2.0344439357956956	-2.2142974355881853	0.0	0.9272952180016634	-2.7776136970801515	-1.2793395323170316	-1.929566997065447	
2.173083672929862	0.9994588469612683	1.5707963267948966	1.936396668831384	-1.8157749899217566	0.0	-2.953371148285018	-2.490515932145312	-1.1553042308540082	-2.1112158270654806	
-2.6516353273360664	0.9272952180016101	1.5707963267948966	1.9483815461426868	-1.6642731079534943	1.5707963267948966	3.141592653589793	-2.4149503129080765	-0.4182243295792269	-1.9698050592284544	
-1.9295669970654719	1.003258702010148	1.6539375586833376	2.2416805960242776	-1.742175453184404	0.2186689458739269	-2.9229237077158525	-2.9229237077158525	-0.7610127542247285	2.934393104644699	
-1.5707963267948966	0.9272952180016141	1.7561442767905935	2.356194490192345	-2.111215827065459	1.212025656524342	-2.490515932145317	-2.5535900500422226	-1.1071487177940833	-2.5535900500422173	
-1.5707963267948966	0.8960553845713435	1.6642731079534858	2.169215220273433	-2.2794225989225705	0.36397895650964157	3.141592653589793	-2.9229237077158525	-0.5880026035475757	-2.4379788708103467	
-1.2793395323170271	0.48995732625372684	1.7063240407803968	2.356194490192342	-2.761086276477428	0.9272952180016207	-2.880990261842453	-2.9533711482850222	-0.5191461142465219	-2.2960262390373334	
-1.5707963267948966	0.16514867741463476	1.30454427764397	2.390663591191858	-2.0831857871056316	0.0	0.0	3.141592653589793	-0.15559482797702892	-2.094074648926878	
-0.9272952180016101	0.11065722117388947	0.7266423406817197	2.6516353273360607	-2.0831857871056316	0.0	0.0	3.141592653589793	-0.07393903765793627	-1.876675198199748	
-0.9900399732272281	0.28805544705062425	0.7266423406817242	3.141592653589793	-1.3258176636680377	0.0	0.0	-2.777613697080153	-0.2310906671959008	-2.0940746489268656	
-0.8176450458327005	0.4899573262537298	0.0	-2.553590050042223	-1.2120256565243186	0.5880026035475839	0.3805063771123698	3.141592653589793	-0.5880026035475635	-1.6775319994440412	
-0.5880026035475655	0.21866894587394636	0.418224329579239	3.141592653589793	-1.1324597669369443	0.13255153229668054	0.16514867741462877	-2.9229237077158525	-0.4182243295792203	-2.3961731773156396	
-1.3258176636680326	0.4514530915525524	0.6947382761967085	3.141592653589793	-1.0789871508061923	0.3639789565096272	0.2984989315861739	-2.81984209919315	-0.3347368373168204	-2.7610862764774216	
-1.3854483767992019	0.20232162837831505	0.5880026035475512	2.606637579803694	-1.5707963267948966	0.0	0.21866894587394947	-2.953371148285024	0.0	3.141592653589793	
-1.3854483767992027	0.0	0.808649786207915	2.819842099193151	-1.5707963267948966	-0.26060239174732686	0.27829965900510734	-2.7522759317566527	-0.1526493283952668	2.92292370771585	
-1.5707963267948966	-0.10220671810725852	0.9652516631899257	2.5535900500422257	-1.7561442767905935	0.36397895650963435	-1.4464413322481418	-2.819842099193149	0.2709468503384233	-2.723368324010564	
-1.5707963267948966	-0.1882215053047703	1.1659045405098158	2.279422598922563	-1.929566997065467	0.5880026035475807	-1.6951513213416516	3.141592653589793	0.18822150530477122	-2.819842099193151	
-1.8622531212727642	-0.34877100358390545	0.808649786207905	2.606637579803701	-1.9655874464946572	0.49934672168012556	-1.8622531212727589	-2.953371148285024	0.3217505543966404	-2.613518205163432	
-1.3854483767992025	0.0	0.36397895650964496	2.4329663814621187	-1.781889660017646	0.17985349979248055	-1.8622531212727658	3.141592653589793	0.334736837316814	-2.3561944901923466	
-1.3854483767991999	0.0	0.0	2.6135182051634334	-1.5707963267948966	-0.27094685033842175	-1.5707963267948966	2.9533711482850222	0.33473683731681203	-2.1791213354134737	
0.0	-0.4182243295792368	0.0	2.819842099193151	-1.4773195456363122	-0.1882215053047731	0.32175055439665284	2.2142974355881693	0.5880026035475774	-2.1515526803625598	
-1.5707963267948966	0.0	0.0	3.141592653589793	-1.5172760583355769	0.10220671810725229	1.0303768265243078	2.746801533890035	0.49934672168012784	-2.553590050042226	
-0.5880026035475703	-0.2606023917473401	0.0	-2.8198420991931537	-1.296628875675234	-0.09844615921263314	1.1383885512243634	2.6971734436886954	0.48995732625372684	-2.44685437739309	
-0.5191461142465208	-0.4182243295792269	0.637548798138702	-2.4468543773930875	-1.3494818844471073	0.0	1.3045442776439655	2.466851711366233	0.5880026035475675	3.030935432415898	
-0.4182243295792313	-0.5880026035475566	1.2120256565243186	-2.819842099193151	-1.5707963267948966	0.0	1.3854483767992138	3.141592653589793	0.23783592745745114	2.2142974355881724	
-0.28805544705062425	-0.6287962864154379	0.8035779784704218	-2.777613697080155	-1.5707963267948966	0.05328285155969531	1.9295669970654514	2.5535900500422337	0.6119024344346722	2.5535900500422306	
-0.7266423406817352	-0.26060239174734984	0.9272952180016144	2.7233683240105533	-1.756144276790605	-0.1470783553884088	3.141592653589793	3.141592653589793	0.0	1.9295669970654619	
-0.2186689458739407	-0.48995732625372684	0.6947382761967063	3.020968985009692	3.141592653589793	-0.23783592745744964	-2.6901395620372384	2.953371148285024	0.0	2.2142974355881897	
-0.4182243295792269	-0.32175055439663863	0.3217505543966262	2.953371148285024	0.0	-0.5880026035475798	3.141592653589793	2.466851711366238	-0.48995732625373273	2.3561944901923315	
-0.6510767214444801	-0.29145679447786776	0.23109066719589638	2.723368324010564	-2.5535900500422257	-0.08865588186743716	-2.5337906574758295	2.92292370771585	-0.4899573262537294	3.141592653589793	
-0.9272952180016154	0.0	0.13255153229668054	2.4668517113662354	-1.9295669970654747	0.0	-2.5535900500422257	1.5707963267948966	0.0	-2.5535900500422297	
-0.8176450458327021	-0.48995732625373234	0.20749622643519852	2.5535900500422226	-1.7196862744043957	0.0	-2.6224465393432737	2.414950312908073	-0.3217505543966422	-2.677945044588987	
-0.5880026035475686	-0.48995732625372684	0.15559482797702892	2.5535900500422284	-1.4959364790841336	-0.21866894587394323	2.8535372065391655	1.7561442767905875	-1.1071487177940975	-2.6224465393432714	
-0.32175055439664085	-0.674740942223551	0.5880026035475716	2.7928216500058958	-1.4773195456363126	-0.27829965900510467	2.723368324010551	1.4352686128093985	-0.48995732625372096	-2.5535900500422226	
0.36397895650964324	-0.8176450458327005	0.2186689458739545	2.88099026184244	-1.1071487177940549	-0.1651486774146355	2.553590050042242	1.1071487177940922	-0.9272952180016037	3.141592653589793	
0.7853981633974505	-0.48995732625373234	0.50709850439233	2.5535900500422257	-2.8198420991931403	-0.8760580505981888	2.0344439357957027	1.3258176636680288	-1.2120256565243346	3.141592653589793	
0.8519663271732708	-0.48995732625372684	0.18822150530477122	3.141592653589793	2.2142974355881737	-0.8086497862079098	2.2142974355881795	1.289958602173694	-1.5707963267948966	2.6516353273360607	
0.46364760900080787	-0.6327488350021792	0.5191461142465152	3.141592653589793	2.214297435588201	-0.9272952180016136	2.3996453855838777	1.267911458419925	-1.8157749899217566	2.3239476077570926	
0.0	-0.661043168850695	0.3217505543966422	3.141592653589793	2.2142974355881697	-0.9272952180016207	2.5535900500422146	1.3258176636680388	-1.9295669970654747	1.5707963267948966	
0.10220671810725313	-0.761012754224731	0.3217505543966422	3.141592653589793	2.92292370771585	-0.8379812250083871	3.0090411212931265	1.14794240066196	-2.0468656571176598	1.190289949682533	
-0.6747409422235517	-1.0584068664841513	0.0	3.141592653589793	3.141592653589793	-0.5880026035475594	-2.8198420991931723	1.5707963267948966	-2.214297435588174	1.3854483767991992	
-0.27829965900511133	-1.2120256565243266	0.32175055439664574	-2.85353720653917	-2.7233683240105613	-0.7853981633974483	-1.929566997065463	1.3597029935721472	-1.8993494973463558	1.5083775167989428	
-0.7853981633974483	-1.3258176636680283	0.32175055439662087	-2.6516353273360607	-2.356194490192336	-1.0303768265243156	-1.9936502529278488	1.3854483767991987	-2.380579899365057	1.6642731079534805	
-0.48995732625372823	-1.292496667789786	0.1651486774146355	2.880990261842453	-2.1486982637571423	-0.7266423406817291	-1.9655874464946572	1.3463803177577505	-2.403777593469332	1.8157749899217561	
-0.5880026035475675	-1.304544277643968	0.5880026035475839	3.141592653589793	-2.214297435588188	-1.165904540509804	0.0	1.4640606541457524	-2.651635327336055	2.214297435588188	
-0.11065722117389792	-1.279339532317031	0.0	3.0888119436124346	-2.2142974355881813	-1.5707963267948966	-1.3258176636680326	1.2120256565243301	3.141592653589793	2.4668517113662403	
-0.16514867741462683	-1.3258176636680283	1.5707963267948966	2.215437788114163	-2.553590050042219	-1.3854483767992114	-0.9272952180016037	1.1071487177940869	2.9229237077158468	2.819842099193151	
0.110657221173895	-1.325817663668033	-1.9295669970654425	3.141592653589793	-2.677945044588987	-1.4056476493802736	1.5707963267948966	0.9272952180016122	2.6066375798036976	2.677945044588985	
0.0	-1.4464413322481422	3.141592653589793	2.922540000945964	3.141592653589793	-1.4464413322481242	1.9295669970654659	0.5880026035475757	2.5535900500422257	2.5535900500422337	
-0.09495170634275608	-1.6359214901292787	3.141592653589793	2.3095065829447727	3.141592653589793	-1.464060654145759	2.176340990399865	0.726642340681726	2.5535900500422266	2.4379788708103414	
-0.32175055439664085	-1.8063413075157595	3.141592653589793	2.43296638146213	-2.9764439761751693	-1.446441332248134	2.0988707752212616	0.8176450458327005	2.723368324010565	2.6516353273360664	
-0.1651486774146272	-1.8925468811915434	3.141592653589793	2.634494149197445	2.994514298201392	-1.5707963267948966	2.2142974355881937	0.6947382761967031	2.7610862764774295	2.0344439357957027	
-0.3217505543966422	-1.6332151367908503	0.0	2.677945044588994	3.141592653589793	-1.5707963267948966	-1.2120256565243186	0.6747409422235596	2.92292370771585	2.2142974355881595	
-0.4699766384170076	-1.8157749899217643	0.0	2.214297435588181	2.7776136970801493	-1.9295669970654703	-0.5880026035475635	1.1324597669369265	2.671616015172788	1.815774989921765	
-0.6287962864154338	-1.8157749899217541	3.141592653589793	3.141592653589793	3.141592653589793	3.141592653589793	-1.2120256565243186	0.726642340681752	2.7522759317566567	1.5707963267948966	
-0.41822432957922917	-1.7004988639508105	0.0	3.141592653589793	3.141592653589793	3.00904112129312	-0.9272952180016122	1.4464413322481253	2.4416997838705448	1.0303768265243125	
-0.1470783553884032	-1.8993494973463523	0.0	2.4149503129080645	-2.606637579803698	2.4905159321453043	-0.7266423406817227	0.990039973227232	2.3937707795350693	1.1071487177940886	
-0.12062366858010214	-1.9655874464946532	1.4219063791854119	2.67794504458898	3.141592653589793	2.786887001578857	0.0	1.2597980461893596	2.5127963671743583	1.3597029935721472	
0.2606023917473401	-2.3561944901923404	0.9272952180016065	2.7233683240105995	-2.7233683240105533	2.8198420991931616	2.5535900500422337	0.5880026035475265	2.6516353273360664	1.0303768265243203	
0.0	-2.316215803069057	1.3854483767991987	3.141592653589793	-2.3036114285814047	3.141592653589793	2.3239476077570824	1.147942400661958	2.5127963671743627	1.6495802877840413	
-0.14707835538840222	-2.275290391037115	0.6510767214444761	-2.9105019863939012	-2.24362887438866	3.141592653589793	2.553590050042237	1.212025656524325	2.466851711366238	1.9100889412489404	
-0.3805063771123652	-2.2477111786373687	0.9272952180016156	-3.081060633807683	-2.6779450445889905	3.0913415178970127	2.4329663814621236	1.296628875675241	2.437978870810342	2.0576955586061643	
-0.2186689458739407	-2.214297435588188	0.9272952180016037	3.141592653589793	-2.7776136970801404	2.7848767467619555	2.356194490192336	0.5880026035475594	2.2142974355881853	1.993650252927844	
-0.28379410920832826	-2.250210132202745	1.2597980461893596	-2.723368324010565	2.819842099193149	3.0584514217013523	2.16921522027343	0.3947911196997615	2.332942867381881	1.7894652726688378	
-0.5880026035475672	-2.2142974355881795	1.8157749899217692	-2.976443976175175	2.5535900500422337	3.141592653589793	1.5707963267948966	0.0	2.4149503129080707	1.5707963267948966	
-0.26060239174734096	-2.4149503129080703	2.009132886652851	-2.5535900500422204	1.5707963267948966	3.078185701622958	0.8379812250083877	-0.23109066719589777	2.4379788708103343	1.296628875675237	
-0.21866894587394212	-3.0090411212931176	1.8449637779145538	-2.5535900500422337	1.756144276790594	-2.7928216500058842	1.5707963267948966	-0.12062366858010137	2.589937671061257	1.0584068664841564	
0.0	-2.9764439761751675	1.7921107691426945	-2.723368324010554	2.0831857871056303	-2.8928826644962706	3.141592653589793	-0.278299659005112	2.6224465393432697	1.1479424006619565	
0.3985224456664195	3.141592653589793	1.624316595254209	-2.6135182051634387	2.034443935795708	-3.08609414834408	-2.5535900500422093	0.0	2.7707013647771346	1.2537405735857483	
0.0	3.141592653589793	1.5707963267948966	-2.9764439761751578	3.141592653589793	2.976443976175175	-1.929566997065463	-0.7266423406817234	2.446854377393074	1.3854483767992127	
0.20749622643520224	-3.02096898500969	1.5707963267948966	-3.046640947247042	2.5535900500422257	2.9229237077158525	-1.7725586711151882	-0.4182243295792269	2.7233683240105653	1.4773195456362993	
0.08865588186743799	-3.030935432415896	1.212025656524323	-2.761086276477426	-2.8632929945846826	2.5040438554511053	-1.815774989921758	-0.3217505543966422	2.6135182051634387	1.7561442767905946	
0.8176450458326879	-2.903756726132345	0.0	0.0	-2.994514298201392	2.289626326416506	-1.9295669970654543	-0.3217505543966422	2.723368324010566	1.5707963267948966	
0.0	-2.9829373914033925	0.4182243295792511	0.0	-2.8341951804669714	2.4149503129080694	-1.7561442767905946	-0.3217505543966395	2.880990261842453	1.5707963267948966	
0.3217505543966422	3.141592653589793	0.0	0.0	-2.553590050042224	2.4149503129080645	-0.5880026035475675	-0.4182243295792401	3.141592653589793	1.3854483767992114	
0.0	3.081060633807686	-0.1651486774146355	-0.463647609000799	-2.976443976175165	2.6224465393432737	-0.7853981633974483	-0.5880026035475635	-2.8679333325077025	1.0475180046629116	
0.5880026035475608	3.141592653589793	1.5707963267948966	0.7853981633974394	3.141592653589793	1.815774989921765	-0.5880026035475594	-1.3258176636680283	-2.880990261842455	0.8379812250083982	
0.8288490587889786	2.990374963443353	2.2142974355881897	0.09838618735074185	2.723368324010564	2.8928826644962644	-0.1651486774146182	-1.48765509490646	-3.0393859354825397	0.4182243295792278	
0.8699419189104518	-2.880990261842455	2.553590050042193	0.086755233642477	3.141592653589793	2.303611428581407	1.5707963267948966	-1.5707963267948966	3.141592653589793	0.0	
0.9494727273690832	3.141592653589793	2.7233683240105817	0.5880026035475655	2.1293956421384608	2.7928216500058802	2.214297435588181	-1.4464413322481335	-2.8679333325077034	0.637548798138688	
0.9272952180016139	-3.0466409472470373	2.2142974355881897	0.21866894587394195	1.9936502529278375	2.6344941491974585	2.2142974355881853	-1.2966288756752393	-2.701750070774065	0.5880026035475737	
0.828849058788975	-2.965653028137265	-2.8809902618424736	0.2606023917473534	2.0831857871056343	2.994514298201392	2.4149503129080645	-1.0789871508061997	-2.303611428581394	0.7853981633974483	
0.7266423406817243	2.723368324010564	-2.214297435588147	0.3217505543966262	1.9295669970654687	2.9229237077158388	3.141592653589793	-1.5707963267948966	3.141592653589793	1.2120256565243186	
0.7610127542247305	2.8198420991931528	-1.8449637779145662	0.1651486774146355	2.3036114285814033	3.0209689850096977	1.9295669970654543	-1.2120256565243186	-1.6951513213416602	0.9272952180016154	
0.7610127542247305	2.390663591191853	-1.4464413322481242	0.0	2.819842099193143	-2.9533711482850338	1.2120256565243301	-1.0584068664841644	-1.5707963267948966	0.6181442259351856	
0.999458846961268	2.4416997838705488	-1.2793395323170373	0.0	3.0466409472470373	3.141592653589793	1.0121970114513326	-0.9994588469612617	-1.5707963267948966	0.0	
1.2120256565243266	2.9037567261323423	-1.5707963267948966	0.0	-2.994514298201392	-2.7233683240105466	0.8379812250083923	-1.030376826524325	-1.5707963267948966	-1.212025656524342	
1.0584068664841577	2.761086276477428	-1.5707963267948966	0.0	3.141592653589793	-2.6516353273360664	0.7853981633974572	-1.1071487177940833	-1.2793395323170296	0.0	
1.0584068664841628	2.7776136970801493	-1.9295669970654514	0.0	2.5535900500422297	3.141592653589793	1.3258176636680241	-1.1071487177940869	-1.2120256565243186	0.0	
1.1134182281245768	2.8632929945846812	-2.083185787105652	0.0006095033960659451	2.853537206539167	3.141592653589793	0.7266423406817227	-0.8176450458327147	-1.3597029935721499	0.1651486774146355	
1.0947269964721322	2.4668517113662425	3.141592653589793	0.00032621993970838233	3.141592653589793	2.7233683240105613	1.5707963267948966	-0.41822432957921374	-1.359702993572152	0.32175055439662087	
1.107148717794091	2.260596371528505	3.141592653589793	0.00030306978090136424	2.034443935795701	2.6779450445889905	2.3239476077570997	-0.6947382761967031	-1.264917455390044	0.1022067181072534	
1.3090828243936916	2.1112158270654797	2.3239476077570926	0.6947806879459444	1.9295669970654687	2.3239476077570824	3.141592653589793	-1.1071487177940869	-1.0303768265243152	-0.18822150530476936	
1.289958602173694	2.2142974355881826	2.4668517113662336	0.7509290623979382	1.3258176636680334	2.6066375798036994	3.141592653589793	-0.5880026035475757	-0.8519663271732708	-0.5880026035475675	
1.2597980461893517	2.034443935795699	1.5707963267948966	1.176005207095136	1.5707963267948966	2.9229237077158414	3.141592653589793	-0.5880026035475594	-0.7853981633974438	-1.1071487177940904	
1.39941720040539	2.158798930342465	3.141592653589793	0.8455664145524571	1.6176370397108668	2.976443976175176	3.141592653589793	-0.9272952180016207	-0.7610127542247338	-1.2793395323170276	
1.3258176636680303	2.151552680362568	3.141592653589793	0.5880026035475716	2.214297435588185	3.030935432415892	-2.777613697080166	-0.9272952180016037	-0.5880026035475675	-1.5707963267948966	
1.2597980461893539	2.2404352724715326	-2.3561944901923626	0.7700147616168475	2.380579899365062	2.9229237077158556	-2.9229237077158414	-1.212025656524342	-0.7853981633974424	-1.5707963267948966	
1.2120256565243277	1.9467572806662026	-2.5535900500422093	0.0	2.75227593175665	2.9945142982013837	3.141592653589793	0.7266423406817051	-0.7086262721276719	-1.5707963267948966	
1.5707963267948966	1.837048375945823	0.0	0.1651486774146326	2.44685437739309	3.141592653589793	0.0	0.7853981633974572	-0.41822432957924666	-1.2120256565243186	
1.5707963267948966	1.735945004209523	-2.2142974355881897	0.0	1.8370483759458207	3.0090411212931265	3.141592653589793	0.837981225008393	-0.7266423406817256	-0.4182243295792313	
1.5707963267948966	1.5707963267948966	1.5707963267948966	0.11018391568960417	2.214297435588181	2.5535900500422297	0.0	0.5880026035475594	-0.9272952180016122	-0.5880026035475594	
1.5265194096910455	1.6176370397108661	0.26060239174733657	0.08824441050742424	1.7196862744043961	3.030935432415892	-1.2120256565243224	1.2120256565243255	0.08314123188844086	-0.9272952180016136	
1.535586463096702	1.7196862744043966	0.4182243295792313	-0.11784305830906953	1.5707963267948966	-2.5535900500422013	-1.2793395323170316	0.9272952180016037	0.3217505543966422	-1.212025656524342	
1.5363516281815706	1.5707963267948966	0.23783592745746332	-0.5880026035475675	1.2120256565243186	-2.976443976175175	-1.1902899496825354	1.3258176636680292	0.48995732625372684	-1.929566997065467	
1.313509939513142	1.5707963267948966	0.17593962545251804	0.0	1.4219063791854027	-2.356194490192345	-1.3258176636680283	1.5707963267948966	0.6510767214444826	-1.9295669970654667	
1.5083775167989344	1.5707963267948966	0.2186689458739407	0.3040009393401431	1.3896883877151625	2.5535900500422257	-0.7266423406817359	1.5707963267948966	0.28805544705062536	-2.4416997838705528	
1.5707963267948966	1.27933953231703	0.5880026035475594	0.5880026035475594	1.3846638700817961	2.4149503129080645	1.2120256565243595	1.5707963267948966	0.7853981633974572	-2.2716507346793438	
0.9272952180016634	1.1760052070951326	0.7266423406817285	0.5349550737861107	1.3842658530299263	2.6516353273360584	1.1071487177940904	1.5707963267948966	0.2821237321427119	-2.3239476077570895	
-0.9272952180015952	0.9900399732272274	0.0	0.8519663271732595	1.3842342872781552	2.4905159321453123	1.5707963267948966	1.5707963267948966	0.0	-2.1211822744717015	
-1.5707963267948966	1.1189824848972432	1.9295669970654514	0.5603598769048408	1.3842317836424762	2.4668517113662336	1.7921107691426843	1.8449637779145645	0.4182243295792269	-2.1669954680923738	
1.929566997065498	1.2490457723982562	3.141592653589793	0.5880026035475675	1.3842315850652949	3.141592653589793	1.6775319994440334	1.5707963267948966	0.6747409422235544	-2.3036114285813976	
1.7301479676988125	1.19028994968253	-2.5535900500422173	0.08314123188843682	1.3842315693150296	-2.985997825612756	1.7725586711151835	1.929566997065459	0.667306134978358	-1.8793649705534168	
1.8157749899217608	1.2490457723982562	3.141592653589793	0.9272952180016037	1.3842315680657875	-2.4149503129080645	2.2142974355881724	2.7233683240105795	0.7509290623979348	-2.2605963715285036	
1.8157749899217566	1.1978086049948353	-1.5707963267948966	-0.5191461142465197	-2.2887323738230525	-2.7776136970801515	-0.9272952180016207	-2.99451429820139	0.9272952180016133	-2.2142974355881844	
1.799170456307205	1.0303768265243152	0.0	-0.4182243295792313	2.2142974355881897	-2.819842099193151	-1.2120256565243186	3.141592653589793	0.651076721444481	-2.466851711366231	
1.8024552101942872	0.9579761246296536	-1.7791394690727014	-0.9272952180016122	1.5707963267948966	-2.6224465393432648	-1.385448376799205	-2.9945142982013873	0.8455664145524571	-2.723368324010564	
1.8027056272057405	0.7266423406817246	1.4997025960489125	-0.7853981633974483	0.5880026035475675	-2.9229237077158627	-1.2120256565243186	-2.819842099193151	0.463647609000799	-2.799977162941986	
1.8027254280196965	0.5191461142465246	1.5707963267948966	-1.1583858851975097	1.1071487177940904	-2.553590050042225	-1.2899586021736977	-2.7653506429524213	0.5070985043923377	-2.566168003054507	
-1.5897553848566683	0.5880026035475675	0.0	-1.0584068664841413	0.9272952180016186	-2.8198420991931683	-1.2793395323170178	-2.6516353273360664	0.1651486774146355	-2.4149503129080743	
-2.0831857871056316	0.7551044034786706	0.0	-1.5707963267948966	1.2120256565243186	-2.3805798993650606	-1.5707963267948966	-2.746801533890028	0.5880026035475652	-2.4468543773930884	
2.8198420991931297	0.6375487981386969	0.0	-2.8198420991931723	1.5707963267948966	-2.4905159321453016	-0.9272952180016251	-2.677945044588987	0.41822432957924227	-2.3127435948008137	
2.62244653934329	0.7665324773757827	-1.5707963267948966	-1.5707963267948966	1.815774989921765	-2.083185787105635	-1.4464413322481395	-2.7610862764774295	0.5191461142465164	-2.553590050042225	
2.323947607757065	1.0584068664841513	-0.9272952180016634	-2.1112158270654837	2.111215827065476	-2.0344439357957134	-1.5707963267948966	-2.8809902618424568	0.7266423406817168	-2.6516353273360695	
2.289626326416525	0.9994588469612699	0.0	-1.929566997065463	1.768191886644778	-1.9756881130799762	-1.6332151367908507	-2.903756726132339	0.5191461142465317	-3.0209689850096906	
2.0626055027835934	0.4182243295792316	0.11065722117390214	-1.8622531212727715	1.7561442767905886	-1.8157749899217608	-1.8157749899217588	-2.6779450445889905	0.9652516631899313	2.5535900500422275	
2.5535900500422337	0.6146629519221603	0.3547056520109336	-1.6176370397108697	1.6642731079534878	-1.9756881130799817	-1.5707963267948966	-2.523448427654608	0.47385133649475103	2.575891184933615	
1.5707963267948966	0.8176450458327005	0.2186689458739407	-1.9295669970654514	1.3854483767991987	-1.929566997065461	-1.385448376799205	-2.2142974355881853	0.6747409422235596	2.93927102521149	
0.0	0.45145309155255764	0.3947911196997653	-1.9295669970654747	1.1324597669369374	-2.173083672929863	-1.2120256565243288	-2.38648825011112	0.28805544705062536	2.8430937220036125	
-1.5707963267948966	1.1583858851975102	0.0	-2.2142974355881897	0.7266423406817418	-2.0831857871056356	-0.9272952180016009	-2.289626326416515	0.4636476090007919	2.6516353273360664	
-3.0758691437952748	0.6651026864694917	-0.16514867741462683	-2.622446539343269	0.0	-1.8449637779145545	-0.7853981633974483	-2.5234484276546048	0.0	2.99969559898563	
-2.368951167200575	0.7853981633974572	-0.3217505543966422	-1.9295669970654747	0.9272952180016207	-1.9295669970654703	-0.8379812250083982	-2.356194490192345	0.5880026035475798	2.8632929945846812	
-2.3198209316121168	0.8850668158886112	-0.47385133649476413	-2.81984209919315	1.0789871508061966	-1.6775319994440323	-0.3313965574643224	-2.6901395620372384	0.10220671810725285	2.613518205163434	
2.264283651316579	0.4366271598135429	0.0	-2.819842099193151	1.0584068664841615	-1.645656174505663	-1.0584068664841582	3.141592653589793	0.4182243295792353	2.214297435588183	
3.141592653589793	0.46364760900079544	0.0	3.141592653589793	1.5707963267948966	-2.083185787105637	-1.2793395323170218	3.141592653589793	0.463647609000799	1.5707963267948966	
3.141592653589793	0.0	-0.08314123188843682	3.141592653589793	1.0584068664841513	-1.695151321341658	-2.1421338066285225	3.141592653589793	0.3217505543966395	1.892546881191538	
-2.723368324010542	0.0	0.1651486774146153	3.141592653589793	1.5707963267948966	-1.5707963267948966	3.141592653589793	3.141592653589793	0.0	2.0831857871056316	
3.141592653589793	0.26060239174733923	0.13255153229668054	3.141592653589793	1.5707963267948966	-1.8817946074004384	2.6516353273360664	3.141592653589793	-0.45145309155254987	2.062605502783598	
-2.2142974355881897	0.5349550737860991	-0.1651486774146355	-2.953371148285024	0.3217505543966262	-1.9295669970654703	2.7233683240105466	2.976443976175166	-0.3805063771123575	2.446854377393085	
3.141592653589793	0.45660547189249434	-0.14707835538840336	-2.7522759317566527	0.9272952180016122	-1.6951513213416585	2.5535900500422324	3.052936771722352	-0.6435011087932929	2.4905159321453145	
2.7233683240105706	0.4366271598135429	-0.5880026035475628	-2.55359005004223	-0.5880026035475675	-1.6033934719128493	2.553590050042223	-2.976443976175162	-0.36397895650964496	2.663240222211135	
2.2142974355881897	0.16514867741461675	-0.7853981633974483	-2.6516353273360607	-0.32175055439662087	-1.5707963267948966	2.11121582706548	3.141592653589793	-0.8379812250083759	3.141592653589793	
2.111215827065476	0.26060239174734673	-0.4636476090008061	-2.799977162941987	-0.9272952180016171	-1.5291537476963084	2.3380146751193713	3.141592653589793	-0.5880026035475635	2.723368324010564	
2.034443935795698	0.0	-0.18822150530476936	3.141592653589793	-0.26060239174732686	-1.608278763486558	2.009132886652853	3.141592653589793	-0.444419209901104	2.303611428581406	
1.8370483759458278	-0.5880026035475798	-0.4182243295792511	3.141592653589793	-0.2606023917473534	-1.5707963267948966	1.7561442767905882	1.9295669970654585	-0.41822432957922473	2.0344439357957027	
2.0831857871056263	-0.34877100358390545	0.2606023917473534	3.141592653589793	0.2880554470506232	-1.4773195456363077	1.8010159140717428	2.819842099193151	-0.4182243295792282	1.881794607400436	
2.214297435588178	-0.5880026035475675	-0.07460159375132332	2.622446539343269	0.6747409422235544	-1.4959364790841292	1.97001709637015	1.9295669970654747	-0.8086497862079098	1.421906379185402	
2.0834329286200495	-0.4398425828157374	1.0621478258633614	2.994514298201392	0.7454194762741578	-1.4410937896389842	2.323947607757089	2.0344439357957027	-0.7853981633974543	1.385448376799203	
2.100586712794863	-0.28805544705061886	-0.9272952180016037	2.976443976175166	0.18822150530476142	-1.4056476493802708	2.490515932145309	3.141592653589793	-0.4636476090007919	1.0303768265243125	
2.1019790771578757	-0.7509290623979423	0.9272952180016037	2.684987181697297	0.661043168850695	-1.2120256565243241	2.6516353273360664	2.2142974355882066	-0.4636476090008132	1.304544277643968	
2.1020897170767148	-0.48995732625372684	0.0	2.8375917142496503	0.0	-0.9994588469612695	2.44685437739309	-1.5707963267948966	0.0	1.455919721378	
2.1020984938292924	-0.9994588469612691	0.0	3.141592653589793	-0.6947382761967189	-1.107148717794094	1.8157749899217523	0.0	3.141592653589793	1.359702993572145	
-1.7327680627084348	-1.2375520256832295	-0.5880026035475757	2.5535900500422297	-0.23109066719589194	-1.0789871508061981	1.993650252927844	-1.5707963267948966	3.141592653589793	1.5707963267948966	
3.141592653589793	-1.446441332248136	1.9295669970654747	2.2142974355881777	-0.39852244566641926	-0.7610127542247306	1.3597029935721516	-0.48995732625372096	3.141592653589793	1.6642731079534878	
2.4668517113662425	-1.5707963267948966	2.5535900500422173	2.634494149197459	-0.07827114052128172	-0.9272952180016109	1.2120256565243186	-0.36397895650964496	3.141592653589793	1.8925468811915354	
2.6516353273360664	-1.2422431562434344	3.141592653589793	2.356194490192345	0.12062366858010928	-1.030376826524313	0.9272952180016151	0.0	0.0	1.7561442767905946	
2.3239476077570926	-1.1659045405098158	2.5535900500422257	2.634494149197452	0.28805544705062425	-0.8621700546672262	0.7853981633974483	-0.08314123188844086	0.7266423406817168	1.8817946074004375	
0.0	-1.1824776086224427	2.9229237077158614	2.3561944901923626	0.46364760900079544	-0.9272952180016112	1.0303768265243094	0.16514867741462683	0.0	1.5707963267948966	
1.5707963267948966	-1.1948353729235859	2.5535900500422173	2.5167189007351527	0.4514530915525589	-0.6119024344346666	1.147942400661954	0.12630811706324016	0.9272952180016037	1.446441332248135	
-0.32175055439665284	-1.0873493252276945	1.5707963267948966	0.5980699208489689	-0.1651486774146182	-0.28805544705062536	1.7561442767905817	0.674740942223544	0.9272952180016207	1.2120256565243244	
0.16454327883513523	-1.0966778962893966	2.1112158270654935	0.8176450458327005	-0.507098504392348	-0.5349550737860967	1.9295669970654659	0.4899573262537296	0.9272952180016037	0.5880026035475655	
-0.00262208994347038	-1.2597980461893574	1.9295669970654659	0.21866894587394195	-0.5880026035475675	-0.28805544705062536	2.723368324010566	0.519146114246524	0.0	0.48995732625372684	
0.13416011294876212	-1.4959364790841285	1.5707963267948966	-0.13255153229666658	-0.7853981633974438	-0.5349550737860953	-2.7776136970801515	0.26060239174733657	0.0	0.785398163397466	
0.12602677072772495	-1.3994172004053906	1.5707963267948966	0.36397895650964496	-0.9272952180016094	-0.5880026035475706	2.9682831129414424	0.4182243295792313	-1.5707963267948966	0.588002603547543	
-1.793402572627578	-1.481038152604943	1.5707963267948966	0.14707835538839334	-0.21866894587394323	-0.6119024344346666	-2.6317644990793814	1.3258176636680303	-1.8622531212727658	0.927295218001608	
-0.6510767214444761	-1.1071487177940904	3.141592653589793	0.0	-0.4182243295792225	-0.6375487981386944	0.0	1.5707963267948966	0.0	0.9272952180016122	
-0.16514867741462683	-1.325817663668034	1.5707963267948966	0.23783592745746332	-0.32175055439662087	-0.26060239174733923	3.141592653589793	1.3854483767992127	3.141592653589793	1.2793395323170325	
-0.15559482797702892	-1.245300471558422	-1.5707963267948966	0.0	0.17593962545251968	-0.06656816377582357	-1.5707963267948966	1.0121970114513326	2.723368324010542	1.385448376799203	
0.0	-1.355438627097157	-0.9272952180016037	0.28805544705062536	0.6871242101414331	0.0	1.5707963267948966	0.8176450458326863	2.356194490192345	1.3045442776439655	
-0.5880026035475757	-1.3090828243936925	-1.5707963267948966	0.9272952180016122	0.5880026035475675	0.0	0.0	0.9272952180016272	1.5707963267948966	1.5707963267948966	
-0.8379812250083923	-1.3854483767991987	-1.5707963267948966	0.7036137827794536	0.0	-0.304000939340145	0.9272952180015867	0.0	1.5707963267948966	1.2120256565243288	
-0.7266423406817168	-1.405647649380267	0.0	0.18822150530476142	0.0	0.0	-1.5707963267948966	-0.5191461142465186	1.3258176636680492	0.41822432957924666	
-0.44441920990109574	-1.7126933813990624	-2.5535900500422586	0.0	-0.5880026035475621	0.0	0.0	-0.1106572211738963	1.3258176636680283	-0.2186689458739545	
-0.5191461142465273	-1.6951513213416602	-2.2142974355881524	0.0	-0.7853981633974483	-0.38050637711236124	0.0	-0.9272952180016037	1.5707963267948966	-0.7853981633974483	
-0.622670788757063	-1.6388727850528921	-1.4464413322481395	0.10858919144777927	-0.7853981633974527	-0.0739390376579402	0.0	-0.2186689458739407	1.1071487177940904	-0.651076721444485	
-0.6375487981387007	-1.7063240407803995	-0.9272952180016165	0.08913709175571932	-0.6947382761967031	0.0	0.0	0.0	1.2966288756752429	-0.8379812250083871	
-0.6087799031372847	-1.7063240407803943	-0.990039973227232	-0.6902504239000529	-0.5191461142465197	0.0	-0.1651486774146261	0.0	1.4959364790841232	-0.6871242101414384	
-0.6135192250153612	-1.862253121272767	-1.4464413322481242	-0.5542440399703629	-0.3217505543966422	0.4182243295792269	0.0	0.0	1.5707963267948966	-0.8176450458327005	
-0.613898196852569	-1.7126933813990626	-1.2120256565243186	-1.364213880374072	-0.14707835538840222	-0.13255153229667355	0.17593962545252723	1.2120256565243186	1.2120256565243264	-0.36397895650964324	
-0.6139282746720224	-1.727398203776909	-1.5707963267948966	-0.7610127542247259	0.0	-0.16514867741462683	0.0	1.030376826524325	1.2120256565242953	0.0	
2.465558730609448	-1.9513027039072603	0.0	-0.5880026035475675	-0.2736593210820956	-0.2880554470506261	0.0	2.2142974355881555	1.5707963267948966	0.4636476090008114	
0.0	-2.214297435588186	0.0	-1.107148717794101	-0.5880026035475594	-0.4182243295792269	-1.1071487177941046	3.141592653589793	1.5707963267948966	0.2606023917473251	
0.0	-2.3162158030690527	-1.5707963267948966	-0.2186689458739407	-0.7266423406817285	-0.46364760900080787	-1.3597029935721376	-1.5707963267948966	0.0	0.2310906671959008	
0.0	-2.214297435588181	-1.5707963267948966	-0.5880026035475675	-1.0303768265242998	0.4182243295792225	-1.446441332248144	0.0	0.0	-0.41822432957923494	
2.453777261259782	-2.2896263264165277	-1.5707963267948966	-0.4444192099010999	-0.9600703624056942	0.9272952180016104	-1.1659045405098105	3.141592653589793	-0.9272952180016037	-0.32175055439664085	
2.4553296268089695	-1.9936502529278242	-0.5880026035475839	-0.534955073786098	-0.9272952180016037	1.7561442767905935	-0.9272952180016293	-2.2142974355881897	-0.5880026035475757	-0.9272952180016186	
-0.687131977685272	-2.034443935795704	-1.5707963267948966	-0.637548798138688	-0.6871242101414384	1.776191715984664	-0.7853981633974483	-2.723368324010566	-0.5880026035475839	-0.7266423406817227	
-0.6883255007041119	-2.151552680362569	0.0	-0.559691950326369	-0.7266423406817238	1.9295669970654694	-0.3217505543966555	3.141592653589793	-1.2120256565243186	-0.7610127542247285	
-0.6878220115987473	-2.2142974355881835	0.0	-0.5708073512796616	-0.3805063771123637	1.8817946074004388	-0.26060239174732686	-3.00904112129312	1.5707963267948966	-0.5191461142465219	
-0.6877961737664369	-2.5535900500422257	0.0	-0.5716943799330272	-0.48995732625372684	1.9295669970654667	0.0	3.141592653589793	-1.5707963267948966	-0.2880554470506232	
-0.6877941816834818	-2.7233683240105604	-0.03207774704243344	2.946051882332707	-1.0789871508061981	2.0091328866528544	0.507098504392339	2.6516353273360664	1.5707963267948966	-0.4398425828157426	
1.9017436976563868	-2.9229237077158525	0.018318782782303204	3.141592653589793	-1.3854483767991992	1.8370483759458214	0.50709850439233	2.93927102521149	-1.4219063791853968	0.3547056520109431	
0.0	-2.92292370771585	0.0	3.141592653589793	-1.7359450042095368	2.1692152202734354	0.0	3.141592653589793	-0.8519663271732696	1.0303768265243187	
0.0	-2.723368324010566	0.005170926307490406	3.141592653589793	-1.6421037915801828	2.0183163019520656	0.0	2.3239476077570895	-0.9624713181763249	0.43662715981353567	
1.5707963267948966	-2.8706458032513713	1.7983967872326478	-2.8198420991931563	-1.5707963267948966	2.214297435588181	0.0	2.651635327336072	-1.2120256565243244	0.43662715981353706	
0.0	-2.7610862764774295	0.0	-2.7776136970801426	-1.6856729322117974	2.4149503129080676	0.0	2.4149503129080645	-1.2793395323170345	0.0	
1.5707963267948966	-2.8198420991931497	0.0	-2.3239476077570926	-1.5707963267948966	2.1421338066285243	-2.5535900500422257	2.7233683240105617	-1.411444685890982	0.0	
0.0	-2.8198420991931537	-1.7561442767905768	3.141592653589793	-1.6775319994440263	2.2142974355881804	-2.5535900500422257	2.356194490192345	-1.4464413322481242	-0.32175055439663686	
1.5707963267948966	3.141592653589793	-1.2120256565243186	-2.279422598922563	-2.0831857871056356	2.103300425096746	-2.622446539343264	2.7610862764774344	-1.5707963267948966	-0.7853981633974438	
0.0	3.141592653589793	-1.5707963267948966	-2.2142974355881964	-2.0542433283620967	1.9700170963701515	-2.5535900500422257	2.976443976175165	-2.2142974355881897	-1.0303768265243218	
0.0	2.6901395620372406	-1.4773195456363122	-2.4668517113662354	-2.237868707686811	2.0652034618661714	-2.752275931756655	3.0466409472470377	-2.0831857871056387	-0.5603598769048408	
-1.5707963267948966	2.7522759317566527	-1.2120256565243108	-2.7610862764774295	-2.0659295902633033	2.0091328866528544	-2.2716507346793517	3.141592653589793	-2.4805494847391127	-0.6747409422235481	
-1.5707963267948966	3.141592653589793	-0.9272952180016207	-2.5601893173505146	-2.236765564174003	1.9700170963701502	-2.3561944901923537	3.141592653589793	-2.296026239037323	-0.667306134978358	
-1.5707963267948966	3.141592653589793	-1.1733010905751873	-2.5876395167165245	-2.4149503129080707	1.892546881191539	-1.5707963267948966	3.141592653589793	-2.2967210305475145	-0.2606023917473401	
-1.570789601930053	3.141592653589793	-1.288759361572963	1.9730630480417355	-2.466851711366241	1.8033532685998057	-1.5707963267948966	2.9229237077158525	2.829994658319032	-0.5349550737860991	
-1.570791608219493	3.141592653589793	-0.4899573262537386	2.2142974355881724	-2.356194490192347	1.7761917159846627	-1.30454427764397	2.9229237077158525	2.7610862764774295	-0.6947382761966988	
-1.570791763184902	3.141592653589793	0.0	2.3239476077571	-2.0831857871056303	1.8622531212727644	-1.5707963267948966	3.141592653589793	2.356194490192339	-1.058406866484157	
-1.5707917754504832	2.6901395620372397	0.0	2.046865657117656	-2.3380146751193656	1.8533512792644853	-1.3045442776439724	2.723368324010564	2.105390650235895	-1.2490457723982544	
-1.5707917764231234	2.596728738138249	-0.9272952180016207	1.8817946074004348	-2.504043855451104	1.719686274404392	-1.5707963267948966	2.6516353273360638	2.1383339515796433	-1.6456561745056644	
-1.5707917765003008	2.5535900500422257	0.0	2.3715778919729456	-2.4905159321453105	1.5985669633883202	-1.5707963267948966	2.214297435588181	2.106607564755361	-1.5172760583355844	
-1.5707917765064403	2.4805494847391074	3.141592653589793	1.8817946074004337	3.141592653589793	1.435268612809394	0.0	2.356194490192345	2.1645459935056675	-1.5707963267948966	
-1.5707917765069221	2.723368324010565	1.5707963267948966	2.356194490192348	3.141592653589793	1.4019644247837761	-2.3561944901923537	2.5535900500422226	1.9546139500834645	-1.4827889532671545	
-1.5707917765069241	2.5535900500422235	2.2142974355881555	2.7776136970801515	2.903756726132345	1.5707963267948966	-2.88099026184244	2.6516353273360664	1.6951513213416602	-1.3690339824746023	
-1.5707917765069244	2.651635327336065	1.5707963267948966	2.4905159321453145	2.985997825612763	1.3854483767992012	3.141592653589793	2.6677413170950355	1.8622531212727622	-1.231503712340853	
-1.5707917765069244	2.9229237077158525	0.0	2.792821650005882	-2.8809902618424568	1.030376826524318	0.0	2.7233683240105617	1.6951513213416602	-1.2120256565243324	
-1.5707917765069244	2.553590050042225	1.929566997065498	2.880990261842453	-2.9764439761751675	1.1410340476982064	0.0	2.6901395620372357	1.7725586711151806	-1.1479424006619547	
-1.5707917765069244	2.356194490192345	0.0	2.783255881892933	-2.761086276477427	0.9272952180016133	0.0	2.4668517113662425	1.7921107691426916	-1.3405767395180528	
-1.5707917765069244	2.1112158270654784	0.7896991503536124	2.8031170901293443	-2.92292370771585	0.6747409422235474	-0.651076721444481	1.929566997065463	1.9295669970654747	-1.4773195456363126	
-1.5707917765069244	2.0542433283620976	0.6183761634819191	-1.6353798657742895	2.7928216500058864	0.5880026035475675	-0.29849893158617236	1.5707963267948966	1.887852080004044	-1.7561442767905875	
-1.5707917765069244	2.0542433283620953	-0.8765737335625852	-2.4468543773930893	2.490515932145313	0.4182243295792284	-0.5880026035475807	2.2142974355881795	1.6388727850528921	-2.289626326416523	
-0.4655273322491527	2.2142974355881777	-1.5707963267948966	-2.553590050042231	2.9037567261323436	0.5880026035475757	-1.3258176636680326	0.0	1.2793395323170276	-2.356194490192345	
-2.5535900500422586	2.4149503129080685	-1.0121970114513534	-2.9229237077158414	2.7522759317566523	0.337456069227784	-1.2793395323170276	0.0	1.3258176636680241	-2.279422598922565	
-0.9148540311399229	2.0988707752212563	-1.2120256565243233	-2.03444393579571	2.976443976175166	0.41822432957922473	-1.5707963267948966	-0.5880026035475675	0.5516549825285542	-2.1421338066285243	
-1.0272191384199416	2.390663591191853	-1.1071487177940904	-0.3217505543966395	3.141592653589793	0.4636476090008073	-1.2793395323170267	-0.4182243295792368	0.48995732625372684	-2.062605502783601	
-0.4182243295792313	2.187093264190968	-1.3854483767991987	-0.38931672183314037	-2.9945142982013917	0.43662715981353706	-0.927295218001618	0.0	0.9272952180016037	-1.9655874464946532	
-0.739764222297291	1.9295669970654705	-0.9272952180016037	0.46364760900079544	3.141592653589793	-0.11065722117388979	-0.588002603547543	1.5707963267948966	0.0	-2.1112158270654784	
-0.6982544893364308	1.8622531212727629	-0.9272952180016378	0.06656816377582711	2.9533711482850222	-0.06656816377582003	-0.41822432957924666	1.5707963267948966	0.6747409422235596	-1.7126933813990626	
-0.6950443112531504	1.6642731079534863	-1.0121970114513326	0.0	2.466851711366244	0.0	0.0	1.8622531212727622	0.120623668580095	-2.111215827065482	
-0.6947902113990028	1.6456561745056648	-0.927295218001544	-0.4636476090008061	2.4149503129080614	0.0	0.32175055439665284	1.5707963267948966	0.0	-2.0831857871056405	
2.4699243317067427	1.899349497346346	-0.8379812250083982	0.0949517063427556	2.142133806628525	0.0	1.5707963267948966	1.7818896600176433	0.17700200144347863	-2.3805798993650593	
1.9756881130799837	1.6388727850528972	-0.8937257243866595	-0.045479819298337616	2.3239476077570913	0.11542666036691836	2.5535900500422586	1.7004988639508085	0.15535943372979377	-2.976443976175166	
2.2449808734885743	1.8370483759458207	-0.8814849741891585	-0.030777644086852077	2.446854377393092	0.0	3.141592653589793	1.5707963267948966	-0.8274786583128128	2.880990261842453	
2.217959951408777	1.6359214901292825	-0.880557337352426	-0.029620561908404463	2.634494149197454	0.0	1.929566997065463	1.8157749899217608	0.0	3.141592653589793	
2.215922102338905	1.505671163460511	-0.21094114479797238	-0.6305647061411733	2.8198420991931523	-0.24870998909352268	0.0	1.6124389058934858	-2.2142974355881555	-2.9764439761751658	
2.215761102497939	1.1071487177940857	-1.4464413322481242	-0.2186689458739407	2.2142974355881777	-0.5349550737860921	0.0	1.7561442767905817	0.0	3.141592653589793	
2.215748336672826	0.9900399732272281	-1.2375520256832198	0.0	3.141592653589793	-0.6375487981386918	0.0	1.6775319994440334	-1.5707963267948966	-2.553590050042224	
2.2157473241690133	1.0584068664841577	-1.4773195456363055	0.41822432957923167	2.723368324010566	-0.34877100358390545	-0.38931672183313654	1.3690339824746116	0.0	-2.5535900500422284	
2.215747243861843	0.0	2.5535900500422586	0.15142216756639873	-2.2142974355881724	2.2142974355881897	1.5707963267948966	2.214297435588181	-0.9272952180016378	-1.5707963267948966	
2.215747237492234	1.3090828243936916	-1.3045442776439724	0.9498663695440355	2.3805798993650673	-0.48995732625372684	-0.9272952180016122	1.3597029935721527	-2.2142974355881297	-2.2565258377011825	
2.215747236987028	1.2793395323170353	-1.3854483767991987	0.7853981633974394	2.2142974355881595	-0.588002603547573	-1.4219063791853879	1.0303768265243078	0.0	-2.214297435588186	
2.21574723694696	1.1479424006619536	-1.3597029935721536	0.7266423406817207	1.7561442767905946	-0.588002603547566	-1.7561442767905922	1.2120256565243186	-0.7266423406817168	-2.677945044588987	
2.215747236943777	1.22944044154105	-1.2870022175865683	0.6998928697192485	1.6456561745056644	-0.6375487981386969	-1.929566997065467	1.4056476493802756	-0.48995732625373273	-2.799977162941985	
2.215747236943535	1.0235119458074566	-1.3940874707248598	0.5516549825285463	1.9295669970654639	-0.927295218001605	-1.9513027039072663	1.1659045405098105	-0.1882215053047577	2.5127963671743605	
-1.0098266251505803	0.7610127542247364	-1.304544277643977	0.4182243295792313	1.9295669970654687	-1.2793395323170276	-1.7196862744043846	1.5707963267948966	-0.3217505543966582	2.490515932145317	
-1.0194318649911507	0.7765488368811891	-1.5707963267948966	-0.4182243295792269	1.7975951748487815	-0.8938814749524225	-1.6102495278919398	1.3258176636680241	0.14707835538840222	2.2605963715285045	
-1.0167631772467833	0.7509290623979423	-1.7196862744043913	-0.9685089806599313	2.1587989303424684	-0.8938814749524217	-1.5707963267948966	1.5707963267948966	-0.03519393576068622	2.723368324010564	
-1.0165890227230847	0.927295218001608	-1.7561442767905981	-0.6510767214444761	2.034443935795699	-0.674740942223544	-1.4959364790841223	1.212025656524339	-0.002384557224560623	2.4149503129080614	
-1.0165754035314982	1.030376826524314	-1.8860110265456038	-0.8979637792011349	2.4905159321453114	-0.9272952180016154	-1.4219063791853999	1.5707963267948966	-1.3970397501725358	3.141592653589793	
-1.0165743245205119	0.7478218740547271	-1.7952123358320429	-0.8519663271732684	2.2655346029916017	-0.6998928697192441	-1.4677147182721952	1.0584068664841513	-0.5880026035475652	-2.9533711482850205	
-1.0165742389456915	1.0251412722679036	-1.9546139500834667	-1.176005207095136	2.356194490192345	-0.6651026864694968	-1.4288992721907356	1.2120256565243244	-0.48995732625372684	-2.7776136970801515	
-1.016574232158324	0.7419472680059177	-1.9295669970654667	-1.435268612809394	1.862253121272767	-0.9994588469612636	-1.190289949682533	1.132459766936948	-0.23783592745744817	-2.553590050042224	
-1.0165742316199766	0.6947382761967085	-2.0032041023654346	-1.8622531212727687	1.5707963267948966	-1.0873493252277115	-1.212025656524323	0.9272952180016293	-0.13255153229668054	-2.5535900500422266	
-1.0165742315772794	0.4342443207967989	-2.0778948311872334	-1.4219063791854007	1.3258176636680292	-0.9944211062037057	-1.0584068664841615	1.1071487177940904	-0.519146114246524	3.141592653589793	
2.1438322390628475	0.39852244566641926	-2.253112881669646	-1.5172760583355769	1.1479424006619556	-1.0175020014726093	-0.9685089806599272	0.7853981633974572	-0.9272952180016156	2.922923707715851	
-0.5880026035475594	0.48995732625372684	-2.356194490192347	-1.4773195456363126	1.4219063791854027	-0.5880026035475675	-0.9272952180016151	0.5880026035475348	-1.2120256565243264	2.7233683240105613	
-1.325817663668045	0.2606023917473401	-2.2974386674766234	-1.5707963267948966	1.5083775167989382	-0.990039973227218	-0.9272952180016131	0.9272952180016122	-1.1583858851975066	2.1112158270654837	
-0.9272952180016037	0.5880026035475708	-2.29743866747662	-1.8736811951698678	1.5707963267948966	-0.8035779784704333	-1.3439974787410078	0.4182243295792291	-1.2120256565243215	1.7818896600176424	
2.165496112106314	0.3762420106373727	-2.4515565370947527	-2.5535900500422257	1.6332151367908547	-0.750929062397935	-1.5707963267948966	0.46364760900082386	-1.2793395323170345	1.9756881130799786	
-0.4279630011536074	0.6078019961139565	-2.642245931909664	-1.9913987661550845	1.9295669970654707	-1.0584068664841644	-1.9756881130799786	0.13255153229666658	-1.1479424006619492	2.1112158270654837	
1.5052589975141786	0.0	-2.7233683240105653	1.71955368184966	1.756144276790587	-1.2120256565243186	-1.9295669970654747	0.0	-1.5707963267948966	2.034443935795701	
1.0561409692942272	0.11065722117389531	-2.553590050042225	2.5535900500422257	1.9295669970654707	-1.1071487177940904	-1.9295669970654676	0.5880026035475635	-1.5707963267948966	2.3036114285814047	
1.012782712633028	-0.09495170634275583	-2.6162257797744775	2.325419310606923	1.8157749899217597	-1.176005207095134	-2.003204102365433	0.5880026035475675	-1.677531999444034	2.4905159321453123	
1.0093117866421717	-0.06656816377582003	-2.6971734436886945	2.428981044430535	2.0344439357957063	-1.212025656524325	-2.16921522027344	0.4182243295792269	-1.7359450042095255	2.7868870015788514	
2.33805456360791	0.19739555984987597	-2.7739225418966846	2.8535372065391655	1.3854483767991999	-1.1324597669369374	-1.7818896600176322	0.41822432957924666	-1.8925468811915425	2.5535900500422235	
2.2259663165230474	0.0	3.141592653589793	2.5535900500422337	1.2120256565243244	-1.4219063791853968	-1.5707963267948966	0.588002603547543	-1.8157749899217481	2.4149503129080707	
2.2539862645381423	0.0	-3.02096898500969	2.7430702079233753	0.8699419189104455	-1.176005207095136	-1.4464413322481418	0.7266423406817227	-1.7818896600176468	2.2142974355881853	
-0.8867792731164448	0.4182243295792313	-2.8809902618424523	2.5040438554510924	0.48995732625372684	-1.5707963267948966	-1.3258176636680137	0.4182243295792511	-1.9295669970654659	3.141592653589793	
3.141592653589793	0.3805063771123698	-3.0750244898139685	2.7610862764774344	0.5880026035475635	-1.5707963267948966	-1.8157749899217817	1.0303768265242998	-1.7561442767905817	1.5707963267948966	
-1.4485835626245958	0.0	-2.976443976175166	2.5967287381382467	0.9272952180016151	-1.7196862744043961	-2.083185787105629	0.6947382761966979	-1.7196862744043957	1.5707963267948966	
-1.4972736860987133	-0.4636476090008132	3.141592653589793	2.5535900500422257	0.7853981633974438	-1.9295669970654654	3.141592653589793	0.0	-1.8622531212727715	1.5707963267948966	
-1.5008221405515614	-0.21866894587394195	3.0676536159318526	2.5234484276546048	1.2120256565243273	-1.9487646382911723	3.141592653589793	0.7266423406817301	-1.9040406279065663	1.369033982474607	
2.0029222304747076	-0.32175055439663686	2.6224465393432714	2.3239476077570926	1.2120256565243301	-1.9546139500834667	3.141592653589793	0.0	-2.2142974355881897	1.4640606541457666	
2.0739988527084305	-0.1022067181072534	2.7610862764774278	2.367429972450307	1.5707963267948966	-2.2142974355881804	2.41495031290807	0.7266423406817227	-2.2716507346793517	1.7818896600176424	
2.0533693070824275	0.0	2.896613990462929	2.338014675119364	1.5707963267948966	-2.1112158270654784	1.5707963267948966	0.0	-2.129395642138453	1.3258176636680303	
2.052047258608967	-0.09495170634275153	2.922923707715851	2.466851711366249	1.5707963267948966	-2.034443935795701	1.5707963267948966	-0.9272952180015952	-1.9295669970654747	1.7561442767905946	
2.0519439959108685	-0.35470565201094056	2.6677413170950337	2.1587989303424626	1.5707963267948966	-2.260596371528509	-2.3561944901923537	-0.41822432957924666	-2.214297435588176	1.8622531212727622	
2.051935815459549	-0.18822150530478102	2.6224465393432674	2.214297435588181	1.5707963267948966	-2.3239476077570824	-1.5707963267948966	0.0	-2.214297435588181	2.214297435588178	
2.051935166684462	-0.13255153229666658	2.7776136970801497	2.2896263264165206	1.6642731079534838	-2.4502557248203325	-1.6951513213416505	-0.4514530915525654	-2.062605502783591	2.414950312908067	
2.051935115226886	-0.3805063771123698	2.723368324010564	2.3805798993650646	1.5707963267948966	-2.3937707795350676	0.0	-0.8176450458326863	-2.03444393579571	2.3239476077570944	
2.05193511114549	-0.5349550737860991	2.5535900500422297	2.5535900500422257	1.5707963267948966	-2.3805798993650646	0.0	-0.21866894587393193	-2.5535900500422133	2.0831857871056263	
2.0519351108217734	-0.7266423406817207	2.2142974355881795	2.8198420991931523	1.4464413322481373	-2.4610714289225784	0.0	-0.6375487981386905	-2.4149503129080707	2.0091328866528584	
2.0519351107960992	-0.9900399732272288	2.6516353273360664	3.141592653589793	1.5707963267948966	-2.7233683240105653	0.0	-0.726642340681755	-2.976443976175175	1.6951513213416558	
2.0519351107940613	-0.7266423406817227	1.8622531212727629	3.141592653589793	0.0	-2.3715778919729376	0.0	-0.9272952180016037	-2.8198420991931297	1.9936502529278355	
2.051935110793907	-0.588002603547566	2.183616528960138	3.141592653589793	1.0303768265243218	-2.6677413170950337	0.0	-0.7266423406817168	-2.6779450445889905	1.2490457723982544	
2.051935110793885	-0.4636476090008061	2.1471715473860806	3.141592653589793	0.927295218001608	-2.7233683240105626	0.0	-0.7853981633974483	-2.880990261842453	0.9272952180016133	
2.051935110793891	-0.9272952180016186	2.083185787105633	3.141592653589793	0.3217505543966262	-2.777613697080155	0.0	-1.5707963267948966	3.141592653589793	1.5707963267948966	
2.051935110793891	-0.9272952180016037	2.2142974355881795	3.141592653589793	0.7853981633974527	-2.6066375798036927	-2.2142974355881897	-1.1071487177940762	-2.651635327336072	1.1071487177940869	
2.051935110793891	-0.7266423406817285	2.303611428581405	3.141592653589793	0.6610431688506831	-2.677945044588987	-2.356194490192345	-0.21866894587394947	-2.9037567261323423	1.1479424006619556	
2.051935110793891	-0.674740942223544	2.0831857871056316	-2.5535900500422257	1.2490457723982598	-2.4905159321453154	-2.5535900500422173	0.0	3.141592653589793	1.3258176636680388	
2.051935110793891	-1.1071487177941046	2.083185787105634	-2.214297435588178	0.9272952180015952	-2.6066375798036963	-1.5707963267948966	-0.26060239174732686	3.141592653589793	1.3597029935721465	
2.051935110793891	-1.1324597669369374	2.1112158270654806	-2.690139562037242	1.1071487177940904	-2.582993338246231	-0.7266423406817285	-1.1071487177941046	2.976443976175166	1.5707963267948966	
2.051935110793891	-1.385448376799202	1.7681918866447783	-2.994514298201383	1.4219063791854036	-2.8198420991931505	-0.6510767214444794	-0.5880026035475621	2.85353720653917	1.5707963267948966	
2.051935110793891	-1.2120256565243233	1.7561442767905882	-2.6344941491974634	1.2120256565243186	-2.9945142982013917	-0.38050637711236857	-0.5880026035475839	2.976443976175175	2.083185787105637	
2.051935110793891	-1.2490457723982509	1.67046497928606	-2.5535900500422257	1.2120256565243264	-2.723368324010564	-0.32175055439664113	-0.5880026035475675	2.922923707715848	1.9295669970654703	
2.051935110793891	-1.3854483767992114	1.5707963267948966	-1.9756881130799828	1.0584068664841513	-2.9859978256127615	-0.1325515322966717	-0.9272952180015781	3.0309354324158924	1.5707963267948966	
-1.1088416386892839	-1.4219063791853968	1.7561442767905915	-2.0344439357956885	0.9272952180016406	-2.7430702079233753	-0.7853981633974572	-0.5880026035476004	2.8198420991931616	1.5707963267948966	
-1.3854483767991859	-1.2490457723982562	1.6775319994440336	-1.6539375586833391	0.1651486774146182	-2.9229237077158507	-0.507098504392339	-1.1071487177940904	3.141592653589793	1.5707963267948966	
0.0	-1.3258176636680283	1.756144276790587	-0.9272952180016122	-0.7853981633974483	-2.8198420991931514	-1.5707963267948966	-0.9272952180015952	3.141592653589793	1.2490457723982535	
-1.5707963267948966	-1.3494818844471077	1.8817946074004381	-1.3405767395180528	-0.8288490587889797	3.141592653589793	-1.5707963267948966	-1.5707963267948966	-3.0750244898139734	1.1071487177940953	
1.5707963267948966	-1.4959364790841287	1.7196862744043948	-1.2120256565243226	-0.7509290623979348	2.819842099193152	-1.9295669970654796	-1.1071487177940904	3.0393859354825463	0.6871242101414384	
3.141592653589793	-1.5707963267948966	2.0831857871056316	-1.2120256565243266	-0.1651486774146355	3.141592653589793	-2.129395642138448	-1.5707963267948966	2.819842099193151	0.4899573262537047	
3.141592653589793	-1.6951513213416591	1.6642731079534878	-1.0584068664841615	0.0	-2.880990261842453	-2.0344439357957063	-1.9295669970654747	2.8198420991931563	0.9272952180016122	
-3.0731801202590163	-1.6683121300824424	1.6243165952542125	-1.0714496051147686	0.1206236685801085	-2.9533711482850227	-1.7818896600176468	-1.5707963267948966	2.8679333325077025	1.3258176636680346	
1.5193090643141278	-1.5707963267948966	1.5707963267948966	-1.4219063791853968	1.0121970114513326	3.141592653589793	-1.1071487177940904	-1.5707963267948966	2.819842099193151	1.0303768265243094	
1.7292405255164742	-1.4513674007765605	1.2120256565243235	-1.187499363861307	0.9505468408120746	-2.9037567261323423	-0.9272952180016183	-1.3854483767991987	2.7776136970801457	1.292496667789786	
1.6766928135375494	-1.7725586711151724	1.446441332248133	-0.4050984351971622	0.9272952180016122	3.141592653589793	-0.9272952180016151	-1.5707963267948966	2.6516353273360664	1.5707963267948966	
1.673132315684869	-1.6020361602251676	1.212025656524326	-0.6771562553197822	0.7853981633974461	3.141592653589793	-0.7266423406817083	-1.5707963267948966	3.141592653589793	1.5707963267948966	
1.6728531941759277	-1.5707963267948966	1.2120256565243266	-1.269074911946904	0.7853981633974616	3.141592653589793	-1.5707963267948966	0.0	3.009041121293111	1.5707963267948966	
1.6728310759030074	-1.7396282288060219	1.3854483767992003	-1.2597980461893585	0.6610431688506831	3.141592653589793	-1.4959364790841339	-1.3854483767992114	3.00904112129312	1.46406065414576	
1.67282932170769	-1.8157749899217481	1.3258176636680283	-0.9272952180016136	0.7853981633974394	3.141592653589793	-1.6642731079534807	-1.3854483767991859	2.9945142982013846	1.5707963267948966	
1.672829182573477	-2.0131705497716372	1.4056476493802708	-0.1882215053047703	0.34161549064780605	-3.02096898500969	-2.0831857871056507	-1.5707963267948966	2.804136584362017	1.107148717794094	
1.6728291715379942	-2.1587989303424724	1.4773195456363055	0.3217505543966422	0.0	-2.8809902618424523	-2.08318578710562	-1.5707963267948966	2.5535900500422297	1.0584068664841513	
1.6728291706626923	-2.0701430484750247	1.4587673643689087	0.5880026035475686	0.1651486774146355	2.976443976175166	-2.00913288665286	-1.1071487177940904	2.7468015338900353	0.5516549825285542	
-2.311800079332384	-1.8622531212727687	1.2966288756752393	1.1071487177940904	0.32175055439662353	2.976443976175165	-2.0831857871056303	-1.5707963267948966	2.5535900500422297	0.3639789565096238	
-2.503361819703278	-1.8157749899217555	1.1324597669369374	0.7853981633974483	0.8379812250083923	2.6516353273360633	-2.2142974355881693	-1.3258176636680326	2.4905159321453123	0.651076721444481	
-0.7659594324154648	-1.9936502529278386	1.0121970114513366	0.891382521387049	0.8035779784704294	2.8535372065391678	-2.634494149197459	-1.3258176636680283	2.8679333325076968	0.4182243295792269	
0.0	-1.9295669970654732	0.7853981633974572	0.7610127542247259	1.0584068664841513	2.880990261842453	-2.5535900500422297	-1.0584068664841817	3.141592653589793	0.7266423406817359	
-2.0831857871056316	-2.1112158270654784	0.6947382761966958	0.8519663271732734	0.9272952180016236	2.5040438554511013	3.141592653589793	-1.2120256565242953	-2.922923707715851	0.9900399732272274	
-1.5707963267948966	-1.8157749899217588	1.0303768265243152	0.6871242101414391	0.999458846961261	2.667741317095032	2.819842099193149	-1.3258176636680283	-2.8198420991931465	0.7980557152315022	
3.141592653589793	-2.0831857871056356	1.0303768265243078	0.5880026035475675	0.7266423406817293	2.214297435588184	3.00904112129312	-1.4464413322481395	-2.9229237077158525	1.0789871508061997	
3.141592653589793	-2.083185787105639	1.212025656524326	0.23783592745744964	1.0584068664841615	3.141592653589793	3.141592653589793	-1.2120256565243128	3.141592653589793	1.2120256565243268	
2.46685171136623	-2.6516353273360607	1.1071487177940975	0.13255153229668146	0.4182243295792511	0.0	-2.922923707715851	-1.5707963267948966	3.141592653589793	1.3854483767991987	
2.8809902618424665	-2.2142974355881835	1.121536214183011	-0.05549850524571946	0.23783592745743892	1.5707963267948966	-2.9037567261323423	-1.9295669970654747	3.020968985009691	1.3759324071060244	
2.5535900500422173	-2.5535900500422195	1.3854483767992045	0.2606023917473432	0.0	1.5707963267948966	3.141592653589793	-2.2142974355881897	2.953371148285023	1.1659045405098105	
1.5707963267948966	-2.214297435588181	1.2793395323170276	0.0	-0.7266423406817168	1.9295669970654696	3.141592653589793	-1.5707963267948966	2.8632929945846777	1.1071487177940975	
-2.356194490192345	-2.279422598922565	1.190289949682533	0.21866894587394153	-0.38931672183314037	1.6951513213416578	-2.9229237077158525	-2.214297435588181	2.976443976175164	1.2793395323170247	
-2.859593080447025	-2.3239476077570913	1.0714496051147644	0.43662715981353994	0.20232162837830348	1.8449637779145553	-2.613518205163432	-1.929566997065463	3.0466409472470373	0.5448639154515462	
-2.7329077772812567	-2.512796367174366	0.9272952180016122	0.0	0.0	1.7561442767905908	-2.976443976175168	-1.8622531212727658	2.93927102521149	0.6747409422235492	
-2.723701012565674	-2.1645459935056626	0.4899573262537239	0.7610127542247211	0.0	2.0831857871056356	3.141592653589793	-2.5535900500422257	2.9037567261323436	0.4182243295792225	
-2.722975948452485	-2.4764899671203042	0.4899573262537298	0.808649786207915	0.26060239174733657	1.3854483767992019	2.553590050042226	-2.2142974355881897	2.3906635911918546	-0.18822150530477122	
-2.7229184720518247	-2.9037567261323423	0.3639789565096593	0.9272952180016207	0.7266423406817285	1.5707963267948966	2.819842099193151	-1.929566997065467	2.880990261842453	0.3217505543966395	
-1.0156469087513889	-2.4668517113662403	0.36397895650964157	0.9900399732272227	0.7266423406817285	1.5707963267948966	2.356194490192347	-2.723368324010564	2.5535900500422257	0.0	
-1.3597029935721656	-2.922923707715851	0.2606023917473401	0.8938814749524152	0.661043168850695	1.4219063791853992	2.446854377393091	-2.0626055027836054	2.316215803069051	0.48995732625372684	
-1.3854483767992114	-2.723368324010566	1.1071487177940904	1.0789871508062117	0.32175055439662087	1.3854483767992007	2.8809902618424514	-2.214297435588181	2.6516353273360664	0.8176450458327005	
-1.6775319994440274	-2.690139562037237	0.7266423406817256	0.5070985043923344	-0.16514867741462683	1.3854483767992027	2.8809902618424514	-1.464060654145769	2.3996453855838804	0.5880026035475716	
-2.0344439357956743	-2.6901395620372406	1.1071487177940762	1.0584068664841413	-0.6747409422235596	1.3854483767992003	2.5535900500422297	-1.5707963267948966	3.141592653589793	0.5880026035475675	
-2.03444393579571	-2.553590050042225	1.0475180046629244	0.7266423406817285	-0.5349550737860955	1.5395564933646284	2.8198420991931505	-1.5707963267948966	2.606637579803692	0.9994588469612706	
-2.2142974355881897	-2.6901395620372406	0.8379812250083923	0.9272952180016037	-0.5880026035475594	1.2966288756752362	3.141592653589793	-1.3854483767991859	2.553590050042228	0.9272952180016009	
3.141592653589793	-2.3805798993650606	1.165904540509804	0.4899573262537386	-0.4182243295792313	0.8699419189104478	2.939271025211491	-1.5707963267948966	2.2142974355881755	0.8176450458327005	
3.141592653589793	-2.553590050042225	0.8699419189104494	0.13944005709133578	-0.4182243295792313	0.8176450458327027	2.7430702079233726	-1.5707963267948966	2.343536938358299	0.687124210141445	
-2.0831857871056	-2.922923707715851	0.7266423406817335	0.5880026035475675	0.4514530915525549	0.8884797719201494	2.613518205163434	-1.3439974787410078	2.2605963715284965	0.0	
-2.5535900500422337	3.141592653589793	0.5880026035475594	0.5880026035475798	0.0	0.5880026035475655	2.6779450445889834	-1.5707963267948966	2.0344439357957134	0.0	
-1.5707963267948966	3.141592653589793	0.0	0.36397895650964496	0.4182243295792284	0.6998928697192449	2.0032041023654337	-1.3854483767992127	2.2142974355881826	-0.4182243295792269	
-1.5707963267948966	3.0309354324158977	0.0	0.0	0.0	0.8621700546672242	2.062605502783601	-1.4219063791854072	2.4149503129080676	-0.7853981633974483	
-1.695572326663234	3.030935432415898	0.0	0.3186743199049269	-0.3217505543966422	0.5070985043923357	1.993650252927833	-1.4219063791853863	2.4149503129080707	-0.41822432957924666	
-1.0019697842352486	-2.7610862764774287	0.0	0.4597796685306422	-0.46364760900080254	0.4899573262537296	1.9040406279065705	-1.5707963267948966	2.2142974355881786	-0.1651486774146254	
-1.233265723668616	-3.009041121293119	0.0	0.3805063771123698	-0.4182243295792284	0.32175055439664085	2.0626055027835952	-1.5707963267948966	2.0344439357957045	-0.16514867741462683	
-1.1890656319483517	-2.553590050042225	0.0	0.1882215053047633	-0.6747409422235665	0.26060239174734584	2.2142974355881795	-1.5707963267948966	2.150928443201262	0.0	
-2.8940239655616247	-2.953371148285022	0.7266423406817168	1.0584068664841413	-0.26060239174733657	0.36397895650964407	2.0344439357957027	-1.5707963267948966	0.37381562384630135	0.0	
-2.4149503129080765	-2.9533711482850222	0.4182243295792291	0.0	-0.4182243295792269	0.4514530915525524	2.77761369708015	-1.8622531212727589	1.4219063791853994	0.38931672183313654	
2.8198420991931297	2.8809902618424514	0.7266423406817285	0.6747409422235457	0.0	0.3639789565096477	2.2142974355881777	-1.5707963267948966	1.8622531212727609	0.5880026035475675	
2.380579899365083	2.651635327336064	0.7980557152315022	-0.6747409422235596	0.1759396254525364	0.5880026035475663	2.5040438554511035	-1.6388727850529021	1.5707963267948966	0.7266423406817293	
2.6516353273360544	2.651635327336065	0.7610127542247257	3.141592653589793	0.32175055439662087	0.7509290623979423	1.8622531212727622	-2.0831857871056263	1.7921107691426892	0.0	
