0.007370297759419203	0.015763277031689133	0.017469281074217247	0.019122458073631107	0.007933096985274906	0.020833333333333284	0.0031249999999999334	0.009967530838023268	0.6610294295143202	0.012597277731716415	
0.0013020833333334148	0.01755641019862827	0.014405538214520015	0.01912245807363102	0.01156437672457001	0.02429563289518877	0.004687499999999956	0.009550583760881358	0.010004881620988813	0.012597277731716539	
0.0031249999999999334	0.01634620294424504	0.014666799833675867	0.01831823478653027	0.016739748624987758	0.0234375	0.0015624999999999112	0.01401419171570177	0.01041666666666663	0.011375171702000796	
0.0010416666666667185	0.015417458453766375	0.020518453753741915	0.01953124999999991	0.01874999999999999	0.02137321305071166	0.007511565157216618	0.014548414295274396	0.011422766770552845	0.012543327686241985	
0.0007812500000000666	0.018288593610499414	0.01576327703168912	0.019517356169324783	0.019008632907181914	0.019024680721696732	0.006250000000000089	0.010903344487217847	0.004419417382415886	0.013176156917368252	
0.0010416666666667185	0.021973982405967662	0.012672421938121247	0.017800007802744794	0.013975424859373685	0.0198070800727151	0.007511565157216649	0.011422766770552784	0.005002440810494419	0.014666799833675742	
0.0007812499999999556	0.01176495520632971	0.01634620294424498	0.019935061676046566	0.011764955206329735	0.019101167521762677	0.010903344487217883	0.00988211768802622	0.007552083333333298	0.0126724219381213	
0.0004967614682459765	0.014101027469459291	0.013176156917368304	0.01660960283239781	0.003135831921560472	0.014215983399954443	0.00996753083802322	0.011876827344782645	0.004419417382416024	0.014062500000000033	
0.0025624609631354173	0.01823846489051364	0.015625	0.01254332768624199	0.006875197282522971	0.008085507654301986	0.011458333333333293	0.009561229036815532	0.002083333333333326	0.013750394565045886	
0.00442708333333348	0.017469281074217136	0.017187500000000022	0.010156250000000033	0.008173101472122444	0.0031250000000000444	0.015625	0.014914396940912868	0.002083333333333326	0.01401419171570177	
0.004427083333333232	0.006588078458684152	0.004687499999999956	0.007107991699977174	0.005468750000000022	0.00442708333333333	0.00847855239380194	0.006987712429686843	0.0	0.007659083942631675	
0.012672421938121355	0.028431966799908663	0.010986991202983886	0.01920738428602689	0.013281250000000022	0.009550583760881345	0.02339115788842251	0.014914396940912868	0.0018778912893041852	0.02213541666666664	
0.0077795855483915825	0.018288593610499466	0.009882117688026115	0.012499999999999956	0.01211427432251348	0.008593750000000067	0.010416666666666685	0.01087531928011517	0.0	0.013750394565045974	
0.00845839011276092	0.01647019614671032	0.01317615691736834	0.014405538214520125	0.016957104787603837	0.010156249999999978	0.0013020833333333703	0.012597277731716497	0.0013020833333333814	0.014215983399954332	
0.008512361816092837	0.019207384286026915	0.008842670232473728	0.013541666666666691	0.02508665537248398	0.010977728598103208	0.006510416666666652	0.010875319280115118	0.0	0.01576327703168912	
0.041923354649029534	0.01567915960780238	0.009550583760881333	0.012672421938121283	0.02000976324197766	0.00884267023247362	0.01053320230008161	0.014914396940912868	0.0	0.011704273465752188	
0.020009763241977695	0.017500310017095212	0.007812500000000111	0.013176156917368252	0.009603692143013445	0.010209529054121265	0.011267347735824973	0.012884705080055157	0.0	0.011267347735824973	
0.014666799833675727	0.010367723561142994	0.009407495764681417	0.012543327686241931	0.007333399916837917	0.011764955206329704	0.012543327686242008	0.010875319280115224	0.0	0.01087531928011517	
0.01634620294424498	0.015840527422651657	0.011970671806834615	0.01170427346575228	0.007659083942631658	0.01000488162098883	0.007511565157216618	0.012696480982550943	0.0010416666666667185	0.01087531928011517	
0.016894296551122474	0.01567915960780238	0.015104166666666592	0.013975424859373685	0.00813567674573607	0.01113414496168324	0.005208333333333348	0.013052045923064168	0.0013020833333333814	0.014666799833675758	
0.023319614696023668	0.015679159607802563	0.012555488753246061	0.0127986756292166	0.011876827344782723	0.008085507654302094	0.00445000195068626	0.011764955206329683	0.0015624999999999944	0.01288470508005521	
0.02253469547164985	0.013258252147247719	0.012957196084048573	0.018211190511601093	0.010986991202983892	0.010937500000000044	0.01041666666666663	0.011267347735825065	0.002083333333333326	0.0167397486249877	
0.02564806719217734	0.018221724671391614	0.025419296251117846	0.019764235376052354	0.007812499999999889	0.012499999999999956	0.010416666666666685	0.011267347735824912	0.004166666666666652	0.01876626898353798	
0.02508665537248398	0.02003685839757422	0.020833333333333315	0.015625	0.012672421938121363	0.011134144961683459	0.013631512841981677	0.007812499999999956	0.01041666666666663	0.01915257917520509	
0.018865385704453005	0.01907274314958403	0.016666666666666663	0.016171015308604188	0.016828640022295317	0.011134144961683131	0.011876827344782712	0.005129613438435479	0.012597277731716549	0.017313302227702772	
0.0234375	0.01920738428602678	0.01874999999999999	0.016271353491472153	0.014996020884258273	0.00960369214301345	0.01041666666666663	0.013020833333333481	0.013897566733464834	0.01881499152936295	
0.013176156917368304	0.010004881620988882	0.01848714310463297	0.007694420157653164	0.009389456446520842	0.004687500000000067	0.006250000000000033	0.0078124999999999	0.007457198470456462	0.010533202300081566	
0.045360367437089454	0.030208333333333268	0.011808078435715099	0.022644273654508783	0.009882117688026168	0.017685340464947463	0.018406871924033587	0.01660960283239785	0.02375365468956529	0.015318167885263334	
0.010986991202984006	0.011970671806834613	0.009504316453590976	0.00885416666666666	0.001041666666666663	0.006588078458684206	0.006271663843121027	0.005567072480841631	0.010875319280115233	0.007812499999999989	
0.031681054845303216	0.016271353491472223	0.01985324849223532	0.013176156917368304	0.007933096985274928	0.009603692143013336	0.012543327686242008	0.007694420157653221	0.01780000780274491	0.008085507654302123	
0.034426255978459816	0.023177083333333258	0.020755061297053443	0.01718749999999991	0.013052045923064217	0.009882117688026212	0.008085507654302094	0.012543327686242004	0.014014191715701752	0.012597277731716408	
0.03131936745494356	0.0221108932782577	0.016666666666666663	0.017313302227702793	0.015318167885263263	0.009882117688026203	0.01090334448721781	0.007881638515844622	0.017685340464947564	0.013258252147247757	
0.035139849569652055	0.017771410331586277	0.012524390267094794	0.012500000000000067	0.010686606525355889	0.012672421938121247	0.004780614518407742	0.006336210969060632	0.0172190367237672	0.014322916666666685	
0.03361292250054704	0.01713415015582912	0.017118310864109133	0.012824033596088547	0.007107991699977166	0.012672421938121355	0.006442352540027605	0.00960369214301342	0.022097086912079622	0.014330017179372516	
0.03437499999999999	0.022536200141999994	0.021066404600163256	0.010048844469570252	0.010156249999999978	0.013176156917368263	0.009561229036815538	0.010937499999999933	0.021874999999999978	0.01853354515485228	
0.03493856214843418	0.020259010769559035	0.016666666666666663	0.01627135349147214	0.012597277731716464	0.009603692143013445	0.004450001950686221	0.009375000000000022	0.021875000000000033	0.01900863290718176	
0.03340243488504996	0.02132397509993156	0.016739748624987703	0.012437452016937068	0.015763277031689126	0.0078125	0.0	0.008593750000000011	0.028202054938918517	0.012147816447594429	
0.03056985539756077	0.019683434875725866	0.010533202300081583	0.016537996155528634	0.013176156917368252	0.004687500000000011	0.004450001950686221	0.007107991699977158	0.0311325919455801	0.012567633866680883	
0.016171015308604215	0.00966352881004149	0.008900003901372442	0.006271663843120944	0.006250000000000033	0.003124999999999989	0.005711383385276372	0.0032940392293420327	0.01610588135006897	0.004687499999999956	
0.03263011480766063	0.023247201985908073	0.015318167885263263	0.01576327703168912	0.0131761569173682	0.005129613438435428	0.009203435962016839	0.012500000000000067	0.03255208333333329	0.010156250000000033	
0.02651650429449548	0.019764235376052354	0.019008632907181935	0.015625	0.008656651113851421	0.008085507654302148	0.0037557825786082933	0.0131761569173682	0.029687500000000033	0.00960369214301339	
0.03207673768783921	0.01731330222770276	0.015714667341025203	0.016828640022295317	0.008369874312493879	0.007511565157216633	0.0022250009753430845	0.012672421938121374	0.03152655406337825	0.007881638515844606	
0.029485791363996157	0.01840687192403368	0.016207476384709325	0.014379622596123446	0.01309613641737514	0.00817310147212249	0.00836987431249382	0.00960369214301342	0.030338262248355598	0.011704273465752138	
0.03555426701224175	0.02031249999999995	0.016246601012151522	0.017134150155829198	0.018533545154852157	0.007333399916837871	0.004166666666666652	0.008085507654301986	0.026644074088393088	0.010724614730194775	
0.01562500000000005	0.008900003901372468	0.01624970443083806	0.008900003901372416	0.011458333333333348	0.004687500000000011	0.002083333333333326	0.0031250000000000444	0.015388840315306384	0.006271663843121059	
0.033088292029726143	0.016957104787603865	0.016249950581702415	0.017677669529663625	0.014666799833675753	0.0078125	0.0	0.008085507654302094	0.0234375	0.01660960283239785	
0.033657280044590655	0.022969871949166585	0.02342905444362854	0.016609602832397968	0.013350005852058656	0.010937500000000044	0.003755782578608355	0.009375000000000022	0.02425652296290628	0.0147405955188385	
0.054376596400575815	0.029166666666666674	0.01140540624385517	0.02802838343140362	0.023437499999999976	0.015763277031689123	0.008333333333333304	0.015763277031689105	0.029574208173043296	0.017500310017095146	
0.017862761082960945	0.00890000390137243	0.012191412012467349	0.012543327686241888	0.007812500000000023	0.004687499999999956	0.0015625000000001332	0.006336210969060632	0.01171875	0.005208333333333348	
0.03745747733773521	0.016957104787603865	0.012271775060475854	0.020833333333333325	0.018406871924033612	0.010977728598103156	0.0057113833852762965	0.009432692852226502	0.018865385704452994	0.006249999999999978	
0.038654115240165494	0.016684967166293065	0.012278253361028965	0.019122458073631117	0.01570293065800145	0.01567915960780244	0.006510416666666652	0.009432692852226502	0.019207384286026804	0.008854166666666611	
0.03610787662464079	0.022221035395824807	0.01227876784236492	0.021750638560230236	0.01985324849223532	0.013504054335900179	0.011458333333333348	0.007812499999999889	0.020518453753741915	0.011413857812922507	
0.03750813713799312	0.01777713350612084	0.012278808652843417	0.02175063856023029	0.016957104787603858	0.013504054335900201	0.00847855239380194	0.007881638515844678	0.020009763241977625	0.013137498182947295	
0.01683065482505888	0.00847855239380196	0.012278811889775802	0.008900003901372468	0.00920343596201677	0.00885416666666666	0.008478552393801927	0.006249999999999978	0.012543327686241971	0.005633673867912471	
0.04822773238508052	0.02539296196510186	0.012278812146515147	0.02610409184612843	0.02292997956112505	0.025969953341554133	0.01912245807363107	0.016171015308604188	0.03063633577052656	0.016927083333333395	
0.03125	0.015318167885263271	0.04695294578175569	0.021539150501825238	0.014583333333333282	0.027074567892442895	0.020833333333333304	0.009375000000000022	0.023228232417685173	0.01176495520632971	
0.016666666666666663	0.007933096985274906	0.006249999999999978	0.010875319280115134	0.009375000000000022	0.011422766770552784	0.010416666666666675	0.0057113833852762965	0.007511565157216618	0.003493856214843372	
0.019008632907181928	0.01822172467139155	0.016470196146710313	0.02198786607063723	0.02416127813488164	0.025216080076896248	0.01912245807363107	0.008085507654302094	0.022845533541105488	0.015104166666666592	
0.017469281074217115	0.030338262248355653	0.02172724154543362	0.025194555463432942	0.029333599667351513	0.04136036503715777	0.027795133466929873	0.01437962259612351	0.028683687110446655	0.018814991529363074	
0.008085507654302096	0.020374171868821508	0.017022965620212667	0.017981954689200073	0.013975424859373661	0.028308860831239777	0.01874999999999999	0.011925263689432586	0.021706943733515324	0.010004881620988813	
0.008668394258902713	0.014548414295274375	0.01617101530860419	0.019807080072715064	0.00960369214301339	0.027950849718747395	0.01874999999999999	0.012543327686241971	0.01822916666666665	0.010937499999999933	
0.004166666666666652	0.01576327703168912	0.019207384286026783	0.016684967166293068	0.01113414496168335	0.027287889369645237	0.023128753449140158	0.010903344487217883	0.022534695471649945	0.011267347735824973	
0.008900003901372428	0.01113414496168335	0.017838445362656007	0.0210664046001632	0.014215983399954332	0.029208489360020753	0.021539150501825182	0.00883883476483197	0.020833333333333235	0.011267347735825033	
0.00416666666666668	0.013975424859373649	0.017998526330786448	0.021066404600163183	0.012543327686242119	0.029828793881825744	0.021196380984504774	0.0065880784586841	0.019531250000000125	0.015104166666666516	
0.002083333333333326	0.005129613438435428	0.018011310164346955	0.010533202300081628	0.008135676745736033	0.018814991529362952	0.009663528810041382	0.0031249999999999334	0.012499999999999956	0.005129613438435574	
0.006987712429686849	0.019764235376052423	0.018012324662995214	0.01932705762008279	0.013258252147247719	0.03366130965011776	0.015730977406811467	0.006250000000000089	0.016244919692110345	0.013541666666666598	
0.010875319280115148	0.019101167521762778	0.01801240513194512	0.017800007802744884	0.019072743149583994	0.02920848936002085	0.03159960690024481	0.006249999999999978	0.03020020591996886	0.012884705080055264	
0.017800007802744846	0.014215983399954332	0.018012411514407724	0.016609602832397905	0.022612805568846154	0.029166666666666563	0.014770469700507587	0.009375000000000022	0.023560153600382393	0.010156249999999978	
0.011876827344782705	0.014062500000000089	0.018012412020636536	0.015624999999999955	0.016271353491472254	0.03545111682342006	0.01876626898353792	0.008593749999999845	0.02339115788842251	0.01328124999999999	
0.011564376724570075	0.015934435979977343	0.01801241206078832	0.014740595518838454	0.01243745201693703	0.027795133466929873	0.021354166666666608	0.005852136732876224	0.02096313728906053	0.01113414496168324	
0.007933096985274876	0.013541666666666731	0.018012412063972964	0.017677669529663646	0.010977728598103096	0.026781166942046717	0.018750000000000155	0.006249999999999978	0.02131125006517164	0.007812500000000111	
0.006588078458684126	0.014062499999999978	0.01801241206422564	0.017677669529663743	0.010259226876871003	0.024760134008343232	0.01458333333333317	0.009603692143013348	0.017771410331586256	0.009550583760881233	
0.007552083333333375	0.018865385704452883	0.01801241206424566	0.0192073842860268	0.01113414496168335	0.028660034358744917	0.01876626898353815	0.009561229036815538	0.018708359432981055	0.004427083333333376	
0.003906249999999978	0.010937500000000155	0.018012412064247328	0.008838834764831832	0.0078124999999999445	0.013350005852058614	0.010445922458401714	0.00651041666666663	0.006875197282523004	0.002604166666666763	
0.0073333999168378496	0.02073544712228566	0.06556030130186134	0.014379622596123567	0.010937500000000044	0.018406871924033674	0.01985324849223543	0.012567633866680975	0.01660960283239781	0.010481568644530264	
0.011125004876715552	0.01593443597997745	0.0007812500000000666	0.013919508348846544	0.01170427346575224	0.016544146014863165	0.017708333333333326	0.01220351511860408	0.011267347735825002	0.01305204592306424	
0.00847855239380196	0.01768534046494768	0.01813925727622617	0.012500000000000067	0.017677669529663705	0.009407495764681478	0.013350005852058585	0.01041666666666663	0.012672421938121247	0.012543327686241971	
0.003755782578608309	0.011413857812922446	0.016991711196235756	0.007511565157216633	0.007511565157216618	0.002343749999999978	0.003493856214843471	0.0031250000000000444	0.0063362109690606235	0.005208333333333348	
0.003294039229342076	0.02051845375374182	0.016901186170698315	0.014666799833675834	0.01937612003931071	0.011422766770552744	0.004042753827151033	0.010416666666666784	0.01900863290718198	0.012543327686242046	
0.001041666666666663	0.007031249999999933	0.016894009457238207	0.00808550765430199	0.006336210969060723	0.0037557825786083705	0.004042753827151033	0.002225000975343046	0.0031250000000000444	0.006336210969060614	
0.006987712429686867	0.017313302227702904	0.016893440253145715	0.017313302227702904	0.010937499999999822	0.0037557825786082473	0.009603692143013433	0.005711383385276448	0.0161710153086042	0.00988211768802622	
0.002083333333333326	0.0227503434040016	0.016893395106527206	0.02051845375374182	0.015388840315306485	0.0056336738679125635	0.008135676745736033	0.011267347735824973	0.017187500000000022	0.014062499999999867	
0.002083333333333326	0.021973982405967672	0.016893391525697896	0.020419058108242308	0.013975424859373734	0.004042753827150979	0.0063362109690607415	0.00885416666666666	0.01718749999999991	0.008085507654302201	
0.0	0.009374999999999967	0.016893391241682373	0.006588078458684104	0.007511565157216618	0.0013020833333333814	0.005129613438435428	0.006271663843120944	0.008085507654302201	0.0037557825786082625	
0.0069877124296868175	0.017959312134965304	0.030170494131275007	0.09765034704381638	0.011704273465752138	0.006336210969060632	0.010259226876870958	0.006510416666666652	0.014666799833675621	0.00883883476483189	
0.007812500000000033	0.016470196146710303	0.014996020884258278	0.025344843876242605	0.010986991202983886	0.0062716638431209535	0.020009763241977625	0.010156250000000021	0.01828859361049953	0.008900003901372378	
0.008900003901372397	0.015023130314433298	0.017313302227702793	0.01920738428602689	0.015659683727471778	0.010416666666666718	0.02522817960152788	0.0064423525400275515	0.020097688939140285	0.010875319280115208	
0.0037557825786083397	0.006250000000000033	0.0078125	0.0058521367328760185	0.0078125	0.0015624999999999667	0.008173101472122444	0.006298638865858228	0.010416666666666675	0.004239276196900964	
0.010875319280115127	0.011704273465752146	0.020312499999999956	0.008593750000000067	0.014101027469459227	0.00585213673287612	0.021449229460389508	0.010445922458401887	0.019101167521762767	0.011484935974583206	
0.009561229036815545	0.01943378459042254	0.020312500000000067	0.008085507654302096	0.011267347735824973	0.005468750000000022	0.012672421938121355	0.016957104787603844	0.018288593610499445	0.009504316453591104	
0.012884705080055143	0.023502513994517735	0.020312499999999956	0.015625	0.008135676745736176	0.0065880784586841	0.010626148834949695	0.012500000000000011	0.01920738428602678	0.008900003901372378	
0.011422766770552798	0.020735447122285776	0.016537996155528603	0.015625	0.012380067004171512	0.006588078458684152	0.008656651113851225	0.008369874312493874	0.020518453753741915	0.01041666666666663	
0.01363151284198167	0.017708333333333333	0.01755641019862834	0.012672421938121247	0.011267347735824973	0.007031249999999933	0.009375000000000022	0.009407495764681443	0.01877891289304162	0.00885416666666666	
0.005208333333333343	0.00885416666666671	0.008085507654301993	0.006250000000000089	0.005129613438435428	0.0023437500000000333	0.006249999999999978	0.005208333333333315	0.0100048816209889	0.006073908223797147	
0.015866193970549815	0.024677828626004417	0.018778912893041608	0.012597277731716424	0.00883883476483197	0.0078125	0.008414320011147782	0.014583333333333337	0.017500310017095202	0.013258252147247877	
0.014666799833675727	0.021021287573552695	0.01768534046494757	0.02000976324197765	0.009374999999999911	0.004419417382415867	0.014101027469459227	0.012500000000000011	0.022540713550398352	0.009561229036815484	
0.01259727773171649	0.01721312798922989	0.020117924912320787	0.01877891289304152	0.008593749999999956	0.006336210969060632	0.015625	0.012500000000000011	0.018814991529362952	0.008656651113851352	
0.0062500000000000056	0.008750155008547639	0.010986991202983892	0.010259226876871063	0.005468750000000022	0.0032940392293421203	0.008085507654302094	0.004166666666666652	0.006250000000000033	0.006249999999999978	
0.009561229036815534	0.017685340464947564	0.020419058108242308	0.015023130314433251	0.010937500000000044	0.006987712429686793	0.013750394565045919	0.010533202300081628	0.016470196146710303	0.006298638865858215	
0.005129613438435479	0.009375000000000022	0.010259226876870958	0.0075115651572166256	0.003755782578608355	0.005468749999999967	0.005468750000000022	0.004166666666666652	0.010626148834949549	0.005208333333333348	
0.011422766770552763	0.023644915547533653	0.021449229460389584	0.01562500000000001	0.004687499999999956	0.004042753827151115	0.01474059551883837	0.009561229036815532	0.014996020884258325	0.00890000390137243	
0.009561229036815534	0.01937612003931071	0.016346202944245044	0.016544146014863117	0.009603692143013348	0.009389456446520764	0.012567633866680913	0.009561229036815484	0.01467835486566866	0.015318167885263297	
0.019122458073631044	0.03237975217160324	0.030014644862966473	0.03011051872143041	0.00836987431249382	0.009603692143013445	0.0068751972825230375	0.018406871924033636	0.027604166666666687	0.017800007802744846	
0.0015625000000000222	0.009561229036815498	0.011267347735824941	0.008304801416198965	0.00322117627001383	0.0015624999999999667	0.004239276196900943	0.003755782578608386	0.011422766770552706	0.006249999999999978	
0.010533202300081597	0.026700011704117302	0.017708333333333333	0.015625	0.004239276196900943	0.006249999999999978	0.0015625000000000222	0.009203435962016792	0.018238464890513735	0.014583333333333337	
0.005208333333333337	0.009203435962016854	0.008593750000000011	0.007370297759419191	0.006298638865858339	0.0015625000000000222	0.003294039229342015	0.005208333333333348	0.005711383385276372	0.010533202300081628	
0.0	0.02002500877808796	0.022135416666666664	0.01409381159139041	0.006987712429686843	0.00885416666666666	0.006073908223797242	0.0066750029260293445	0.015624999999999977	0.015318167885263263	
0.008838834764831853	0.027287889369645237	0.017708333333333333	0.020036858397574346	0.008838834764831813	0.008085507654302094	0.003135831921560472	0.013975424859373635	0.015866193970549957	0.012597277731716485	
0.013504054335900162	0.02539296196510192	0.016271353491472216	0.01932705762008279	0.008085507654302094	0.006250000000000033	0.0013020833333333482	0.010875319280115155	0.017336788517805332	0.00836987431249382	
0.02224543736380438	0.027263025683963295	0.019122458073631044	0.01789566998434063	0.010156249999999978	0.0073333999168378105	0.007291666666666585	0.013975424859373736	0.014666799833675808	0.00847855239380196	
0.012696480982550953	0.010416666666666685	0.00988211768802622	0.01822083631888389	0.00442708333333333	0.00442708333333333	0.002083333333333326	0.00847855239380196	0.004166666666666652	0.002564806719217714	
0.01610588135006898	0.021875000000000033	0.016828640022295317	0.0072746972471880835	0.006249999999999978	0.006588078458684152	0.004450001950686208	0.009967530838023236	0.0069877124296868175	0.004042753827151047	
0.014740595518838438	0.02033919186434024	0.017800007802744846	0.012778045238291357	0.006167625378492629	0.00885416666666666	0.0	0.010416666666666652	0.006875197282522971	0.004427083333333232	
0.009561229036815534	0.016739748624987647	0.018406871924033657	0.02989023019738704	0.005219788229650966	0.0	0.003906250000000111	0.010626148834949532	0.006271663843120944	0.0031250000000000444	
0.012615526787170534	0.01148493597458332	0.009114583333333292	0.00836987431249382	0.004166666666666652	0.0	0.0007812499999999556	0.0062716638431210454	0.0007812500000000111	0.006442352540027578	
0.008957880410010556	0.0266096905156801	0.01692708333333336	0.01589426299873828	0.004450001950686208	0.0	0.0007812500000000666	0.011704273465752138	0.006249999999999978	0.00890000390137243	
0.012500000000000011	0.027184556433882665	0.016470196146710313	0.015177527069694831	0.008750155008547618	0.0	0.0013020833333333482	0.010626148834949624	0.007812500000000056	0.009407495764681454	
0.008900003901372402	0.02441258676095406	0.014330017179372507	0.019157303054098674	0.010626148834949582	0.0007812499999999556	0.004687499999999956	0.010259226876870855	0.01137517170200078	0.015644519058203743	
0.013052045923064252	0.01783236282892697	0.014666799833675758	0.013096136417375122	0.010626148834949558	0.0	0.0015625000000000222	0.008173101472122553	0.007881638515844567	0.014770469700507534	
0.00520833333333337	0.010875319280115339	0.01041666666666663	0.007933096985274906	0.003755782578608355	0.0	0.00480184607150668	0.0031249999999999334	0.0039062499999999445	0.0042392761969009965	
0.014014191715701752	0.020259010769558976	0.01695710478760386	0.014330017179372533	0.009407495764681499	0.0007812500000000111	0.00658807845868417	0.011267347735824988	0.00830480141619898	0.010533202300081573	
0.005208333333333368	0.008668394258902744	0.006250000000000033	0.006987712429686793	0.0052083333333331925	0.0	0.0013020833333333482	0.00585213673287612	0.0054376596400574975	0.004450001950686221	
0.015169131124177773	0.026005182776708182	0.020833333333333315	0.010060002867236852	0.019327057620082924	0.0	0.0055670724808417945	0.020625591847568858	0.019355108516731393	0.012147816447594332	
0.00442708333333333	0.010416666666666647	0.00833333333333336	0.00968031620766837	0.00836987431249383	0.0010416666666667185	0.004687499999999845	0.006271663843121027	0.005129613438435479	0.008850122720020484	
0.004450001950686204	0.0247066666982877	0.018814991529362952	0.011094215972531981	0.013742994585373603	0.004801846071506764	0.009603692143013445	0.009603692143013445	0.015104166666666634	0.00925973975797777	
0.004166666666666652	0.011718750000000012	0.00847855239380196	0.008838834764831813	0.0060739082237972804	0.0022250009753430845	0.006875197282522971	0.007511565157216633	0.006987712429686843	0.0037557825786082625	
0.00833333333333336	0.02000976324197766	0.016739748624987703	0.013868257245514957	0.009603692143013348	0.00585213673287612	0.008593749999999956	0.009603692143013445	0.011267347735824988	0.011270356775199202	
0.0054376596400575634	0.01770833333333332	0.011564376724570075	0.01325825214724768	0.008414320011147782	0.002604166666666641	0.008085507654302094	0.01113414496168324	0.012597277731716464	0.015311525620926142	
0.007291666666666696	0.012672421938121318	0.011876827344782591	0.01068660652535593	0.009561229036815484	0.004687500000000067	0.0	0.009375000000000022	0.013443655728271173	0.015633678145628847	
0.0052083333333333235	0.01886538570445293	0.006271663843121006	0.008854166666666562	0.009561229036815484	0.004687499999999956	0.0	0.012499999999999956	0.014101027469459227	0.02075506129705339	
0.009967530838023268	0.01466679983367578	0.01254332768624195	0.012500000000000067	0.012884705080055183	0.003124999999999989	0.0031249999999999334	0.011704273465752353	0.013643944684822619	0.015633678145628736	
0.005711383385276372	0.008854166666666611	0.004687500000000011	0.00563367386791244	0.004450001950686208	0.0018778912893042084	0.00841432001114768	0.004687499999999845	0.007511565157216664	0.007333399916837885	
0.00751156515721664	0.019207384286026915	0.01025922687687095	0.010937500000000044	0.018406871924033587	0.007881638515844567	0.019008632907181987	0.009603692143013445	0.01538884031530639	0.013821723447620478	
0.0128847050800552	0.019101167521762767	0.008135676745736104	0.010156250000000089	0.01654414601486317	0.005852136732876029	0.02125229766989905	0.009882117688026212	0.019024680721696705	0.008414320011147565	
0.0042392761969009506	0.010367723561142853	0.005633673867912502	0.008173101472122444	0.006250000000000033	0.0023437500000000333	0.004801846071506789	0.005567072480841675	0.007031250000000044	0.006249999999999978	
0.012717828590702905	0.013281250000000022	0.01584052742265158	0.0131761569173682	0.01041666666666663	0.008085507654302066	0.011375171702000728	0.010977728598103096	0.0205514788093218	0.00960369214301345	
0.008333333333333331	0.020419058108242374	0.016470196146710327	0.013145239025129181	0.00847855239380196	0.011704273465752148	0.006298638865858215	0.013176156917368209	0.019459939262780574	0.010259226876870968	
0.0062500000000000056	0.011134144961683296	0.007933096985274928	0.009603692143013433	0.0066750029260292925	0.009389456446520887	0.006298638865858215	0.0031250000000000444	0.01113414496168324	0.0065880784586841	
0.010875319280115148	0.018288593610499428	0.015840527422651577	0.01634620294424508	0.010156250000000021	0.019578068884596334	0.010875319280115103	0.01113414496168335	0.019764235376052406	0.014471295822343508	
0.008478552393801929	0.014062499999999978	0.005852136732876069	0.0144055382145201	0.01491439694091288	0.017469281074217136	0.01087531928011524	0.009375000000000022	0.019024680721696722	0.013258252147247778	
0.00423927619690098	0.012500000000000011	0.009375000000000022	0.014471295822343496	0.013541666666666674	0.01945993926278068	0.0031249999999999334	0.01113414496168324	0.019024680721696826	0.01777141033158632	
0.00390625	0.010259226876871003	0.005468749999999967	0.0065880784586841	0.00836987431249382	0.011134144961683131	0.0032940392293421203	0.0052083333333333036	0.009389456446520734	0.009967530838023198	
0.005208333333333315	0.01874999999999999	0.009375000000000022	0.015625	0.014604244680010373	0.02041905810824253	0.012147816447594238	0.013541666666666721	0.019578068884596483	0.011267347735824988	
0.005633673867912491	0.016171015308604188	0.010937499999999989	0.013176156917368304	0.017313302227702786	0.02119638098450474	0.014914396940912967	0.012114274322513593	0.01770833333333332	0.00813567674573607	
0.006298638865858243	0.020518453753741915	0.017500310017095344	0.016271353491472174	0.02135416666666664	0.018749999999999933	0.011876827344782607	0.010004881620988743	0.015023130314433236	0.009432692852226497	
0.002564806719217714	0.011267347735824912	0.008900003901372416	0.0065880784586841	0.004166666666666707	0.007031250000000155	0.008478552393801993	0.004687500000000067	0.008842670232473728	0.005208333333333282	
0.00733339991683789	0.021252297669899098	0.020259010769558956	0.011704273465752344	0.01041666666666663	0.019559008052734684	0.004450001950686169	0.00751156515721671	0.018134052456826744	0.007511565157216725	
0.0031358319215604906	0.00808550765430223	0.010416666666666751	0.005129613438435326	0.004239276196901017	0.007107991699977229	0.0007812500000000666	0.0015624999999999112	0.006250000000000089	0.008900003901372404	
0.009603692143013445	0.01770833333333332	0.016271353491472254	0.008656651113851452	0.005468749999999911	0.017685340464947564	0.009550583760881333	0.005567072480841675	0.010937500000000044	0.005208333333333348	
0.005129613438435479	0.00988211768802608	0.006588078458684065	0.005567072480841675	0.0	0.007511565157216679	0.0031250000000000444	0.005002440810494424	0.008854166666666562	0.004419417382415886	
0.013750394565045914	0.03262595784034548	0.027287889369645265	0.020518453753741936	0.007511565157216618	0.023529910412659408	0.021888946447065488	0.004801846071506668	0.01770833333333347	0.015625	
0.005208333333333337	0.0078125	0.007881638515844567	0.010004881620988726	0.004450001950686208	0.006249999999999978	0.007511565157216618	0.001041666666666663	0.006249999999999978	0.005633673867912548	
0.011422766770552763	0.01770833333333337	0.015169131124177787	0.015023130314433267	0.010533202300081628	0.012500000000000067	0.01259727773171651	0.0062716638431210454	0.0065880784586841	0.013975424859373635	
0.007511565157216656	0.01770833333333332	0.013443655728271173	0.011267347735824973	0.010445922458401825	0.009603692143013336	0.0073333999168378105	0.008478552393801922	0.006987712429686793	0.012597277731716525	
0.006588078458684126	0.020009763241977625	0.015023130314433343	0.009144296805249747	0.008369874312493874	0.011375171702000834	0.005129613438435574	0.011564376724570044	0.008854166666666758	0.007511565157216633	
0.005852136732876094	0.011422766770552744	0.00480184607150668	0.004042753827151062	0.0034938562148434707	0.006336210969060632	0.003755782578608201	0.006987712429686843	0.005208333333333348	0.004687500000000067	
0.008838834764831872	0.01770833333333337	0.010724614730194775	0.007511565157216618	0.0032940392293421203	0.01220351511860408	0.013975424859373635	0.012884705080055184	0.008900003901372482	0.004687499999999956	
0.008304801416198925	0.01770833333333332	0.01113414496168324	0.004687499999999956	0.0078125	0.015840527422651653	0.015625000000000066	0.014093811591390433	0.008333333333333304	0.004427083333333343	
0.006987712429686855	0.019376120039310645	0.012597277731716608	0.0078125	0.003906250000000044	0.015625000000000066	0.01695710478760392	0.01309613641737515	0.012884705080055129	0.005711383385276372	
0.003124999999999989	0.011876827344782792	0.0065880784586841	0.006249999999999978	0.003906250000000022	0.005208333333333282	0.005633673867912471	0.006442352540027618	0.008900003901372416	0.0072916666666666685	
0.010209529054121182	0.015104166666666592	0.0131761569173682	0.011718750000000111	0.009603692143013336	0.01401419171570177	0.007881638515844553	0.011422766770552763	0.018751808361869546	0.016828640022295317	
0.005002440810494445	0.009561229036815538	0.006249999999999978	0.007031249999999933	0.0031250000000000444	0.003755782578608355	0.003294039229342085	0.008333333333333304	0.00651041666666654	0.008478552393801932	
0.01137517170200077	0.017800007802744898	0.00988211768802622	0.014666799833675834	0.01025922687687098	0.013258252147247797	0.008900003901372378	0.01491439694091288	0.012105874269968236	0.012524390267094824	
0.008838834764831853	0.012884705080055157	0.003294039229342085	0.008854166666666562	0.004419417382415867	0.0060739082237970905	0.005711383385276453	0.008478552393801906	0.007552083333333256	0.008369874312493874	
0.017708333333333333	0.022750343404001592	0.006336210969060632	0.016171015308604188	0.02860318795363746	0.018814991529362987	0.010156250000000021	0.024574559256955404	0.023228232417685263	0.012884705080055157	
0.003755782578608309	0.011876827344782712	0.003755782578608417	0.003906250000000111	0.010416666666666718	0.007933096985274847	0.0	0.007333399916837913	0.008854166666666588	0.010416666666666718	
0.0094326928522265	0.02175063856023034	0.0015624999999999112	0.008950037389878256	0.013020833333333325	0.013541666666666785	0.006442352540027687	0.008900003901372378	0.009375000000000022	0.01000488162098883	
0.0063362109690606235	0.012884705080055157	0.0010416666666666075	0.007228474420823796	0.005633673867912456	0.004239276196900943	0.002604166666666674	0.006987712429686892	0.009603692143013457	0.0065880784586841	
0.009432692852226497	0.02576941016011034	0.004450001950686273	0.012500000000000067	0.0069877124296868175	0.01900863290718197	0.004166666666666652	0.01041666666666663	0.01634620294424498	0.013975424859373649	
0.0078125	0.012597277731716485	0.0031250000000000444	0.009106847460355554	0.0015625000000000222	0.006298638865858228	0.004450001950686312	0.0037557825786082625	0.007511565157216618	0.005633673867912532	
0.010986991202983836	0.024009230357533582	0.0031250000000000444	0.010003598327492778	0.004687499999999956	0.014666799833675704	0.016470196146710296	0.012543327686242008	0.015023130314433359	0.011270356775199176	
0.013176156917368252	0.02678116694204671	0.00390625	0.014405538214520112	0.006336210969060733	0.012597277731716552	0.010853471866757718	0.011422766770552744	0.015388840315306384	0.00442708333333333	
0.012672421938121303	0.01976423537605239	0.002343749999999978	0.010724614730194884	0.007107991699977221	0.012499999999999956	0.005208333333333226	0.00813567674573607	0.016828640022295317	0.0069877124296868175	
0.0065880784586841	0.01252439026709485	0.0007812499999999556	0.006987712429686793	0.005468749999999911	0.008333333333333304	0.002225000975343104	0.005002440810494441	0.009603692143013336	0.002604166666666685	
0.01840134461138492	0.01932705762008279	0.0	0.005208333333333315	0.01170427346575225	0.00890000390137252	0.007511565157216664	0.009203435962016839	0.018401344611384957	0.006442352540027578	
0.010626148834949585	0.01610588135006896	0.0007812499999999556	0.003124999999999989	0.006250000000000089	0.006249999999999978	0.004450001950686208	0.003135831921560389	0.010977728598103198	0.004166666666666707	
0.01538884031530639	0.0241612781348817	0.002343749999999978	0.006250000000000033	0.014062499999999867	0.01576327703168912	0.01041666666666663	0.006298638865858283	0.01940584741933471	0.012147816447594332	
0.014215983399954333	0.024211748539936385	0.0007812500000000666	0.006271663843120944	0.008173101472122553	0.013750394565046075	0.006271663843120986	0.009967530838023176	0.02450823849933477	0.01397542485937371	
0.017313302227702793	0.02031249999999995	0.005266601150040943	0.006987712429686843	0.010156250000000089	0.014996020884258254	0.0	0.007659083942631658	0.021252297669899188	0.01491439694091288	
0.008085507654302094	0.008838834764831853	0.003906249999999933	0.0025648067192177927	0.005129613438435326	0.0032940392293419798	0.003755782578608355	0.00187789128930427	0.00885416666666666	0.006073908223797138	
0.017187500000000022	0.01842896459682727	0.008478552393801906	0.010937499999999933	0.01401419171570179	0.014062500000000089	0.011422766770552787	0.011422766770552713	0.021252297669899122	0.019853248492235374	
0.014215983399954332	0.020506882419385464	0.013750394565045941	0.013643944684822646	0.021311250065171664	0.014062499999999978	0.011267347735824912	0.011125004876715552	0.020009763241977695	0.018778912893041597	
0.016828640022295328	0.018708359432980985	0.013020833333333393	0.0172190367237672	0.013975424859373734	0.012378114259322552	0.014405538214520184	0.008656651113851405	0.022540713550398276	0.020036858397574294	
0.009603692143013445	0.010416666666666718	0.002604166666666674	0.007812500000000056	0.005852136732876026	0.010151565396505614	0.00883883476483189	0.003755782578608355	0.010416666666666663	0.011422766770552758	
0.026041666666666637	0.03481411451472582	0.015318167885263316	0.015388840315306384	0.013176156917368209	0.02508665537248397	0.013868257245514926	0.013541666666666619	0.03168105484530323	0.028811076429040277	
0.009389456446520804	0.010416666666666652	0.006442352540027471	0.006336210969060614	0.003755782578608355	0.008593749999999956	0.005208333333333259	0.004687500000000067	0.012543327686241971	0.006250000000000033	
0.01617101530860419	0.018814991529363036	0.009203435962016893	0.005633673867912517	0.014583333333333337	0.016439285523006865	0.007007095857850806	0.013643944684822553	0.02254071355039842	0.017313302227702772	
0.009603692143013447	0.00788163851584445	0.008656651113851352	0.003755782578608355	0.008478552393801932	0.009144296805249785	0.0031250000000001554	0.008656651113851452	0.011925263689432574	0.00956122903681551	
0.014843750000000044	0.01900863290718198	0.010677083333333426	0.01025922687687095	0.009561229036815508	0.016927083333333287	0.0015624999999999667	0.011375171702000744	0.018895916597574745	0.017134150155829142	
0.016105881350069032	0.015625	0.014604244680010313	0.014471295822343515	0.013975424859373736	0.018778912893041653	0.005633673867912625	0.009375000000000022	0.02011792491232076	0.017540952207342617	
0.007031249999999933	0.007812500000000111	0.008333333333333304	0.006336210969060632	0.003124999999999989	0.006336210969060614	0.004450001950686189	0.0062716638431210645	0.008135676745736176	0.00847855239380194	
0.015169131124177856	0.017313302227702682	0.016666666666666607	0.010986991202983831	0.007511565157216618	0.01920738428602689	0.011695578944211173	0.010259226876870958	0.020518453753741863	0.016739748624987717	
0.011764955206329595	0.018865385704452887	0.00890000390137252	0.008414320011147731	0.011375171702000796	0.017500310017095302	0.009663528810041408	0.0065880784586841	0.014471295822343515	0.016957104787603813	
0.005711383385276458	0.008842670232473837	0.0015625000000000222	0.0	0.007107991699977221	0.008304801416198953	0.004450001950686293	0.0065880784586841	0.010259226876870958	0.004166666666666652	
0.014062499999999978	0.019779670158081502	0.005129613438435473	0.0	0.017213127989229953	0.015679159607802445	0.008478552393801906	0.013176156917368304	0.016171015308604188	0.018750000000000155	
0.0065880784586841	0.0078125	0.0015625000000000222	0.0031250000000000444	0.009389456446520748	0.006271663843120944	0.003755782578608309	0.005129613438435326	0.01171875	0.008478552393801886	
0.012499999999999956	0.01721903672376714	0.006336210969060632	0.006987712429686793	0.012672421938121304	0.01259727773171651	0.008838834764831813	0.011267347735825096	0.01541745845376627	0.015633678145628754	
0.007511565157216718	0.008593750000000067	0.0031249999999999334	0.004419417382415867	0.004687500000000011	0.006442352540027578	0.003755782578608355	0.006442352540027578	0.008085507654302148	0.007007095857850888	
0.025435657181405807	0.027659388553863785	0.005208333333333348	0.0038451759844706085	0.010259226876870968	0.016927083333333315	0.006336210969060614	0.018814991529362945	0.020419058108242308	0.02564806719217734	
0.010903344487217841	0.008085507654302148	0.0037557825786083245	0.01968495201073914	0.003124999999999989	0.007007095857850963	0.0031249999999999334	0.00833333333333336	0.007812500000000056	0.0078125	
0.028184014089082658	0.020312499999999956	0.0051296134384353825	0.01502313031443328	0.007370297759419203	0.00914429680524968	0.005208333333333315	0.012597277731716497	0.015417458453766323	0.017500310017095302	
0.031249999999999955	0.021973982405967672	0.005208333333333348	0.00960369214301339	0.011422766770552787	0.010724614730194678	0.010416666666666663	0.008656651113851352	0.014678354865668639	0.015023130314433298	
0.025435657181405873	0.023804989337555083	0.00404275382715114	0.008085507654302123	0.014341843555223277	0.014215983399954443	0.006271663843120944	0.008272073007431583	0.014014191715701915	0.017677669529663625	
0.01254332768624199	0.010259226876870968	0.0039062499999999558	0.0032940392293420327	0.008900003901372397	0.00480184607150668	0.004687500000000011	0.001041666666666663	0.004687499999999983	0.008900003901372416	
0.030208333333333323	0.019764235376052406	0.008656651113851381	0.006336210969060632	0.01401419171570181	0.01731330222770278	0.004450001950686293	0.008900003901372416	0.012597277731716441	0.02083333333333335	
0.030208333333333323	0.02137321305071166	0.006298638865858228	0.007812500000000056	0.006588078458684118	0.011134144961683329	0.004450001950686189	0.009561229036815532	0.010416666666666519	0.014379622596123446	
0.03467357703561089	0.019405847419334717	0.010875319280115208	0.010937499999999933	0.010986991202983836	0.009374999999999967	0.014740595518838407	0.008668394258902742	0.010416666666666852	0.007031250000000044	
0.017800007802744898	0.008842670232473728	0.004166666666666652	0.004687500000000067	0.007107991699977221	0.005129613438435523	0.007007095857850926	0.006073908223797185	0.004166666666666652	0.004450001950686169	
0.03824491614726214	0.016828640022295328	0.008333333333333304	0.014062499999999978	0.013281249999999967	0.00885416666666666	0.013258252147247837	0.006987712429686843	0.010875319280115118	0.007812500000000111	
0.019122458073631016	0.01170427346575225	0.004450001950686169	0.006249999999999978	0.007511565157216664	0.003124999999999989	0.006442352540027471	0.006987712429686892	0.004450001950686208	0.006249999999999978	
0.03715206791248112	0.0227503434040016	0.004780614518407796	0.008817259828026655	0.014666799833675675	0.01171875	0.006271663843120986	0.0057113833852762965	0.014914396940912929	0.012672421938121264	
0.018751808361869498	0.010004881620988813	0.002343749999999978	0.008576816262398231	0.004687500000000067	0.007694420157653266	0.004166666666666652	0.0025648067192178153	0.0074571984704563474	0.00658807845868417	
0.0489139870078079	0.027008108671800382	0.006249999999999978	0.008557745372549474	0.013975424859373685	0.02096313728906048	0.00571138338527641	0.00813567674573607	0.0207550612970534	0.020419058108242308	
0.030194860501324472	0.024295632895188716	0.005711383385276372	0.021134867400814696	0.008900003901372397	0.011422766770552787	0.006249999999999978	0.006987712429686892	0.012147816447594441	0.01113414496168335	
0.028187623182780865	0.020833333333333353	0.005002440810494441	0.010686606525355732	0.012884705080055197	0.01634620294424503	0.009374999999999967	0.0037557825786082625	0.01660960283239785	0.009389456446520672	
0.015318167885263297	0.006987712429686867	0.0010416666666666075	0.010156250000000021	0.004166666666666652	0.009603692143013468	0.005468750000000022	0.003755782578608355	0.008838834764831853	0.003493856214843471	
0.027485989170747314	0.02253469547164993	0.0031249999999999334	0.015311525620926178	0.016684967166293124	0.012672421938121283	0.010156250000000033	0.005208333333333282	0.01510416666666671	0.01087531928011524	
0.012884705080055264	0.00996753083802322	0.0015625000000000222	0.007511565157216572	0.009114583333333325	0.009432692852226449	0.005852136732876029	0.005208333333333348	0.007511565157216618	0.002083333333333326	
0.030636335770526456	0.023914418539084353	0.004419417382415906	0.011970671806834615	0.007552083333333296	0.0144055382145201	0.009603692143013468	0.0022250009753430845	0.013258252147247719	0.008333333333333304	
0.026700011704117274	0.02127781064147446	0.0018778912893042084	0.01171875	0.010977728598103167	0.014215983399954403	0.009374999999999967	0.0031358319215605552	0.014405538214520144	0.004166666666666652	
0.01666666666666672	0.011876827344782705	0.0	0.0063362109690607415	0.00813567674573607	0.003124999999999989	0.0	0.004419417382415867	0.005129613438435523	0.004450001950686208	
0.023958333333333415	0.019008632907181924	0.002604166666666674	0.009374999999999911	0.011876827344782698	0.015763277031689105	0.003124999999999989	0.007007095857850847	0.012543327686241931	0.005129613438435428	
0.009374999999999911	0.014583333333333337	0.002083333333333326	0.008672043025830457	0.005208333333333315	0.007511565157216664	0.0	0.003755782578608355	0.005208333333333315	0.003755782578608355	
0.016460933163293667	0.03336993433258613	0.008085507654302201	0.00870584348056026	0.0210664046001632	0.018865385704452953	0.013350005852058604	0.017800007802744846	0.02508665537248397	0.015625000000000066	
0.015543682512463637	0.010533202300081573	0.005129613438435428	0.023496535567237076	0.004166666666666707	0.0037557825786083705	0.0054376596400574975	0.002604166666666674	0.0065880784586841	0.004450001950686169	
0.015470988444189454	0.025000000000000022	0.008842670232473754	0.007511565157216618	0.013350005852058623	0.006336210969060614	0.016828640022295418	0.01288470508005521	0.01770833333333332	0.013350005852058585	
0.032805841993012036	0.025000000000000022	0.01190249466877752	0.01171875	0.01053320230008162	0.004419417382415985	0.012884705080055157	0.011458333333333348	0.013750394565046007	0.017800007802744898	
0.012524390267094912	0.022916666666666585	0.009603692143013445	0.013919508348846648	0.01080404209468511	0.007511565157216618	0.006271663843121059	0.007291666666666696	0.014666799833675727	0.019405847419334724	
0.006249999999999978	0.010875319280115233	0.003755782578608355	0.003755782578608355	0.010816701751999277	0.006271663843120944	0.0022250009753431886	0.002083333333333326	0.004419417382415945	0.01090334448721781	
0.0013020833333333482	0.02031249999999995	0.006271663843120944	0.016346202944245002	0.010817717533779707	0.008854166666666762	0.0069877124296868175	0.007291666666666641	0.01870835943298101	0.022845533541105568	
0.0013020833333334148	0.009967530838023205	0.0007812499999999556	0.008304801416198859	0.010817798174443269	0.006875197282522926	0.008333333333333304	0.001041666666666663	0.007031250000000044	0.01344365572827115	
0.002083333333333326	0.019683434875726043	0.0022250009753430845	0.01567915960780247	0.010817804570965399	0.010004881620988882	0.010677083333333401	0.008656651113851435	0.015388840315306435	0.026435819243263478	
0.0022250009753431235	0.009882117688026203	0.0015625000000000222	0.0056336738679125635	0.010817805078312145	0.004687500000000011	0.007333399916837907	0.004166666666666652	0.01000488162098877	0.014014191715701736	
0.014770469700507478	0.03365728004459055	0.0037557825786082625	0.012543327686241924	0.010817805118552628	0.01344365572827119	0.01169557894421116	0.011125004876715514	0.02188119951833343	0.043732170225974566	
0.006442352540027687	0.009882117688026203	0.0015625000000000222	0.002604166666666674	0.010817805121744377	0.006271663843120944	0.002604166666666641	0.0025648067192178153	0.010686606525355772	0.013504054335900123	
0.012884705080055129	0.025727268823392612	0.006249999999999978	0.01259727773171651	0.07418166469670713	0.01170427346575224	0.002604166666666641	0.007107991699977111	0.02083333333333338	0.023437500000000045	
0.010122851843577842	0.012147816447594441	0.0	0.005129613438435428	0.002604166666666674	0.0065880784586841	0.004450001950686208	0.004687500000000067	0.006875197282522926	0.01000488162098876	
0.010501675874550167	0.020374171868821463	0.0021632565162589597	0.01041666666666663	0.006250000000000033	0.012597277731716542	0.008478552393801896	0.014215983399954338	0.015311525620926178	0.02051845375374181	
0.010531727182940341	0.009407495764681457	0.006299054686124482	0.008838834764831813	0.003755782578608309	0.004801846071506683	0.006675002926029312	0.0065880784586841	0.006987712429686793	0.012437452016937153	
0.01053411074799383	0.025194555463433032	0.002083333333333326	0.01364394468482271	0.013975424859373635	0.020656804182345775	0.014093811591390417	0.022680183718544803	0.021449229460389706	0.03445480792374984	
0.03225547020985916	0.007511565157216618	0.0	0.004780614518407796	0.005208333333333359	0.006588078458684091	0.005437659640057636	0.00442708333333333	0.006336210969060632	0.015679159607802525	
0.004780614518407742	0.018238464890513662	0.0	0.008333333333333304	0.008900003901372416	0.01510416666666673	0.004166666666666652	0.01354166666666664	0.013145239025129027	0.024407030237208242	
0.003294039229342015	0.008750155008547639	0.0	0.003294039229342085	0.00833333333333336	0.006875197282523015	0.005208333333333404	0.0069877124296868175	0.005129613438435574	0.01271782859070292	
0.006298638865858324	0.01952256751457435	0.002083333333333215	0.006250000000000089	0.012884705080055157	0.014341843555223253	0.0062986388658581045	0.016828640022295317	0.01259727773171636	0.02253469547164993	
0.005711383385276377	0.009561229036815538	0.0013020833333333482	0.006073908223797242	0.0060739082237972145	0.006987712429686731	0.006250000000000089	0.008085507654302201	0.006271663843121027	0.00885416666666671	
0.008304801416198942	0.017336788517805395	0.005468750000000022	0.008900003901372378	0.015934435979977343	0.015866193970549967	0.012524390267094794	0.01768534046494747	0.012597277731716471	0.017313302227702738	
0.008272073007431583	0.017953647034524123	0.009432692852226393	0.010875319280115028	0.012717828590702956	0.012884705080055143	0.01288470508005525	0.013975424859373734	0.016470196146710265	0.01877891289304159	
0.003755782578608355	0.016256759411472477	0.014996020884258358	0.016684967166293235	0.008369874312493824	0.015866193970549763	0.012499999999999956	0.014379622596123446	0.011413857812922507	0.019433784590422557	
0.0010416666666666075	0.011422766770552744	0.009603692143013445	0.0066750029260292535	0.004239276196900953	0.006675002926029397	0.008478552393801896	0.007812500000000066	0.005002440810494441	0.010367723561142884	
0.0	0.019101167521762816	0.01354166666666664	0.008900003901372416	0.009203435962016792	0.015169131124177782	0.008900003901372501	0.018238464890513697	0.014666799833675727	0.02125229766989915	
0.0010416666666666075	0.013643944684822587	0.006250000000000089	0.005208333333333348	0.0062716638431210186	0.009561229036815505	0.0078124999999999	0.00830480141619887	0.006987712429686892	0.00885416666666666	
0.00028236249253286863	0.016878937940727912	0.012672421938121247	0.012597277731716415	0.004687500000000067	0.01731330222770282	0.013258252147247797	0.014379622596123477	0.012499999999999956	0.022097086912079643	
0.00028986765884628614	0.00883883476483189	0.0065880784586841	0.004450001950686208	0.002604166666666641	0.008900003901372402	0.007007095857850888	0.008838834764831813	0.007511565157216679	0.011375171702000744	
0.0002961870827963895	0.029609730007399797	0.022827715625844916	0.019764235376052423	0.016544146014863072	0.029333599667351513	0.02561234655409274	0.01910116752176279	0.02041905810824242	0.028942591644687113	
0.008696498122987176	0.017242651413798812	0.012500000000000067	0.0131761569173682	0.004780614518407742	0.020891844916803765	0.014341843555223253	0.014062499999999978	0.012824033596088592	0.018229166666666696	
0.0015624999999999112	0.006987712429686843	0.0078125	0.007812500000000111	0.008333333333333415	0.004780614518407755	0.005437659640057514	0.004687500000000067	0.006987712429686793	0.00833333333333336	
0.003906250000000111	0.01640625000000001	0.012543327686241924	0.014062499999999867	0.004780614518407769	0.01889591659757466	0.00866839425890276	0.014062499999999867	0.013176156917368304	0.019764235376052354	
0.0025648067192177364	0.008593749999999956	0.006336210969060723	0.0031250000000000444	0.004166666666666652	0.01041666666666674	0.003124999999999989	0.006250000000000089	0.006249999999999978	0.009561229036815484	
0.004687499999999956	0.016171015308604243	0.015763277031689133	0.012499999999999956	0.007291666666666696	0.015318167885263223	0.00885416666666666	0.012499999999999956	0.009550583760881434	0.016544146014863145	
0.002604166666666674	0.008173101472122444	0.006336210969060632	0.005567072480841675	0.0032940392293420327	0.008900003901372402	0.005129613438435523	0.0063362109690606235	0.008414320011147638	0.008135676745736104	
0.004687499999999956	0.016537996155528624	0.014215983399954222	0.010977728598103096	0.005208333333333315	0.018895916597574718	0.018778912893041528	0.011764955206329822	0.015625000000000045	0.013750394565045895	
0.005129613438435529	0.017242651413798812	0.013145239025129273	0.013145239025129273	0.007511565157216618	0.02397106772076731	0.022534695471649963	0.012672421938121254	0.011704273465752138	0.015840527422651657	
0.002604166666666674	0.012672421938121337	0.008838834764831813	0.008854166666666562	0.003294039229342085	0.007291666666666696	0.012147816447594457	0.007031249999999989	0.00700709585785088	0.003124999999999989	
0.012147816447594429	0.016171015308604215	0.013975424859373635	0.01243745201693703	0.009114583333333337	0.01876626898353798	0.020259010769558956	0.010937499999999989	0.015023130314433327	0.010259226876870906	
0.010481568644530264	0.015625	0.01113414496168335	0.013281250000000022	0.004042753827151033	0.02084797662460981	0.018406871924033685	0.007812500000000056	0.012114274322513505	0.007007095857850885	
0.011876827344782607	0.007511565157216679	0.005129613438435473	0.0031249999999999334	0.004042753827151062	0.008333333333333304	0.008478552393801896	0.004450001950686241	0.007694420157653118	0.003493856214843471	
0.00956122903681558	0.018288593610499428	0.008085507654302123	0.012500000000000067	0.007333399916837917	0.016739748624987758	0.017118310864109226	0.0065880784586841	0.012824033596088795	0.007659083942631605	
0.007812499999999956	0.015023130314433236	0.0075602887305124674	0.012597277731716415	0.01000488162098877	0.02089184491680371	0.018089119777929374	0.004450001950686208	0.015840527422651653	0.005266601150040783	
0.009106032568682684	0.01467835486566861	0.010186380177931248	0.014215983399954443	0.013821723447620456	0.024161278134881642	0.011422766770552706	0.0069877124296868175	0.013258252147247719	0.008478552393801955	
0.008912823812313385	0.007333399916838024	0.002604166666666674	0.0063362109690606235	0.00556707248084161	0.00950431645359099	0.006875197282523082	0.0015624999999999667	0.006987712429686892	0.006073908223797166	
0.008897614232372357	0.021373213050711697	0.005208333333333348	0.016537996155528572	0.011876827344782792	0.022250009753431055	0.01328124999999999	0.0026041666666667073	0.006987712429686843	0.011876827344782712	
0.008896408615461758	0.01770833333333332	0.0031250000000000444	0.013919508348846648	0.009375000000000022	0.017336788517805464	0.01627135349147214	0.002083333333333326	0.0015624999999999112	0.01363151284198167	
0.00889631299592271	0.008668394258902635	0.0	0.003124999999999989	0.008135676745736176	0.006987712429686867	0.006442352540027673	0.0	0.0007812499999999556	0.007457198470456359	
0.03492858775772754	0.014330017179372602	0.0037557825786082625	0.007511565157216664	0.013643944684822646	0.016544146014863117	0.011422766770552758	0.004166666666666652	0.00390625	0.01666666666666672	
0.009375000000000022	0.018895916597574655	0.004450001950686208	0.010416666666666675	0.01610588135006897	0.015104166666666682	0.014914396940912924	0.004427083333333379	0.004687499999999956	0.016739748624987647	
0.010004881620988813	0.018750000000000044	0.0037557825786082625	0.010724614730194803	0.01332203704419655	0.015624999999999962	0.013350005852058623	0.005852136732876069	0.0031250000000000444	0.01976423537605251	
0.00442708333333333	0.01210587426996813	0.0015625000000000222	0.004419417382415906	0.008656651113851348	0.012147816447594394	0.007812499999999956	0.00390625	0.0	0.008478552393801906	
0.005711383385276372	0.015866193970549856	0.0056336738679125635	0.010724614730194782	0.01466679983367578	0.01920738428602682	0.008838834764831813	0.012543327686241985	0.006271663843121027	0.01531816788526322	
0.0	0.01238006700417153	0.004801846071506656	0.004419417382415906	0.006987712429686843	0.005208333333333354	0.006073908223797242	0.0063362109690606235	0.0031249999999999334	0.004166666666666652	
0.0010416666666667185	0.021277810641474503	0.0037557825786082625	0.006857714050442225	0.019101167521762764	0.01813405245682674	0.005711383385276306	0.016537996155528527	0.005208333333333348	0.01259727773171644	
0.0032940392293421203	0.011764955206329683	0.0031250000000000444	0.00767537075528502	0.006336210969060614	0.0073333999168378634	0.004239276196900943	0.0100048816209889	0.005208333333333282	0.0044500019506861985	
0.0010681384021976204	0.02224543736380447	0.006073908223797147	0.005711383385276372	0.010724614730194884	0.016346202944245058	0.004450001950686312	0.017708333333333347	0.002604166666666674	0.00751156515721664	
0.0013762485940062648	0.01531816788526321	0.004450001950686312	0.00960369214301339	0.011267347735824926	0.014666799833675727	0.005129613438435479	0.012597277731716415	0.0	0.00885416666666666	
0.029869703277841518	0.020891844916803657	0.00520833333333337	0.007881638515844553	0.008838834764831853	0.016346202944245044	0.00585213673287612	0.008085507654302201	0.0	0.00883883476483197	
0.014118738741132906	0.013742994585373713	0.0010416666666666075	0.005852136732876069	0.007812499999999989	0.007511565157216633	0.004228094852864823	0.005129613438435428	0.0010416666666666075	0.0037557825786082473	
0.010363686052185945	0.026146922703069325	0.006249999999999978	0.007107991699977213	0.009603692143013336	0.01813405245682674	0.0014939870605532686	0.006442352540027632	0.00543765964005762	0.010416666666666663	
0.006875197282522971	0.010481568644530165	0.0015625000000000222	0.00390625	0.005129613438435529	0.008750155008547622	0.0	0.002083333333333326	0.0	0.005208333333333315	
0.012672421938121247	0.016105881350069094	0.0010416666666667185	0.008842670232473754	0.00658807845868417	0.016171015308604243	0.0031250000000000444	0.00847855239380194	0.00390625	0.010875319280115224	
0.013443655728271173	0.021987866070637196	0.00520833333333337	0.006250000000000033	0.011902494668777411	0.01565968372747178	0.0010416666666667185	0.007370297759419203	0.0025648067192177364	0.01695710478760391	
0.010937500000000044	0.02559115524087367	0.002604166666666674	0.0073333999168378634	0.013137498182947382	0.015625	0.0010416666666667185	0.005711383385276448	0.0044194173824158274	0.011876827344782607	
0.0037557825786082625	0.01509743025066229	0.0031249999999999334	0.005208333333333315	0.007511565157216618	0.0078124999999999445	0.0	0.005208333333333326	0.002083333333333326	0.0031249999999999334	
0.014014191715701852	0.016957104787603813	0.0010416666666667185	0.011270356775199195	0.012499999999999956	0.013919508348846657	0.0026041666666667073	0.007031249999999933	0.006249999999999978	0.008900003901372501	
0.006271663843121027	0.00950431645359094	0.0	0.00556707248084161	0.006250000000000089	0.008593750000000011	0.002083333333333326	0.006298638865858379	0.00644235254002766	0.005129613438435523	
0.012114274322513458	0.02209708691207965	0.0018778912893041466	0.010156250000000089	0.011267347735824818	0.012499999999999956	0.0015624999999999667	0.009432692852226386	0.012884705080055157	0.00480184607150668	
0.006298638865858283	0.012597277731716441	0.003906250000000111	0.0031250000000000444	0.00883883476483197	0.008414320011147709	0.0	0.005208333333333348	0.007291666666666696	0.004419417382415985	
0.01250271237933098	0.022969871949166634	0.0062986388658581045	0.006106779888365589	0.017677669529663705	0.01410102746945923	0.0078125	0.009603692143013445	0.010481568644530165	0.013750394565045962	
0.008750155008547594	0.023128753449140102	0.005208333333333437	0.005760633478962309	0.01627135349147214	0.017187500000000022	0.010937499999999989	0.0078125	0.008656651113851459	0.01401419171570177	
0.00973643947193165	0.02312875344914014	0.009967530838023176	0.03129210941492439	0.01259727773171651	0.017187499999999967	0.0126724219381213	0.006249999999999978	0.010445922458401832	0.013137498182947295	
0.009663325176477184	0.010875319280115188	0.006298638865858228	0.016394757689061835	0.0065880784586841	0.010259226876870958	0.007031249999999989	0.004687499999999956	0.004166666666666652	0.005711383385276372	
0.009657535440252794	0.022097086912079594	0.004450001950686208	0.008212716757945274	0.014215983399954332	0.01576327703168912	0.01190249466877754	0.004450001950686208	0.0066750029260292925	0.011704273465752188	
0.009657076283389103	0.020036858397574294	0.004166666666666763	0.015104166666666674	0.016406249999999956	0.012672421938121247	0.005468749999999967	0.006073908223797185	0.0022250009753431235	0.014062499999999978	
0.025584249086479147	0.016828640022295317	0.0	0.007511565157216618	0.015417458453766407	0.01466679983367579	0.0023437500000000333	0.0013020833333333038	0.004166666666666763	0.013975424859373736	
0.0	0.01041666666666674	0.0	0.006987712429686843	0.00751156515721671	0.005129613438435479	0.003493856214843446	0.0007812499999999556	0.004166666666666652	0.00808550765430212	
0.0	0.018428964596827198	0.002083333333333326	0.009603692143013445	0.012543327686241888	0.013975424859373649	0.007457198470456371	0.004166666666666707	0.0031249999999999334	0.013643944684822619	
0.0	0.01041666666666663	0.002083333333333326	0.007511565157216618	0.006073908223797147	0.0025648067192177645	0.006298638865858325	0.0	0.0	0.007694420157653215	
0.0012324317844419452	0.016609602832398	0.002083333333333215	0.01211427432251348	0.019072743149583963	0.009114583333333348	0.007933096985274824	0.006249999999999978	0.005208333333333348	0.013176156917368252	
0.0009692860278412014	0.011422766770552718	0.0018778912893042084	0.008173101472122567	0.007812500000000023	0.00423927619690098	0.0013020833333333814	0.005208333333333348	0.0037557825786082625	0.010416666666666718	
0.0022017171585339613	0.02096313728906053	0.0010416666666667185	0.008750155008547651	0.013137498182947295	0.01915257917520509	0.008838834764831813	0.010259226876870958	0.003755782578608417	0.012543327686241971	
0.00046109871272586445	0.019935061676046518	0.004687499999999956	0.008964926009901173	0.015679159607802445	0.013350005852058656	0.006588078458684188	0.014062500000000089	0.004450001950686208	0.015104166666666634	
0.0006941796109039612	0.02083333333333337	0.005468750000000022	0.008914108215582974	0.016828640022295317	0.015318167885263254	0.008085507654302066	0.01576327703168912	0.002083333333333326	0.012597277731716464	
0.0007126665617615264	0.007511565157216618	0.0007812500000000666	0.008910125004156782	0.00885416666666666	0.008900003901372449	0.004687499999999956	0.007812499999999889	0.002083333333333326	0.007333399916837917	
0.0007141328649601167	0.015388840315306294	0.002840832142991807	0.036569404097323566	0.016544146014863117	0.018406871924033636	0.010724614730194829	0.00885416666666666	0.002083333333333326	0.014678354865668708	
0.006139208304048508	0.01920738428602689	0.004973963866642325	0.006249999999999978	0.016957104787603865	0.023753654689565345	0.010724614730194775	0.010367723561142884	0.010533202300081573	0.014996020884258292	
0.0	0.00960369214301345	0.0015625000000000222	0.0031250000000000444	0.009504316453591012	0.013868257245515011	0.003124999999999989	0.002343749999999978	0.008304801416198786	0.006073908223797338	
0.0	0.015388840315306497	0.0028917464665460736	0.005468749999999911	0.021930732574403464	0.028886301299712546	0.004687500000000011	0.011422766770552784	0.017771410331586458	0.017242651413798816	
0.0010416666666667185	0.019459939262780567	0.01281555204022594	0.003294039229342103	0.019791666666666652	0.033854166666666685	0.0015624999999999667	0.008854166666666758	0.017800007802744794	0.017242651413798767	
0.0	0.008414320011147659	0.0	0.00585213673287614	0.013631512841981677	0.012543327686241931	0.0	0.006271663843120944	0.010875319280115103	0.006249999999999978	
0.0010416666666666075	0.01976423537605231	0.0007812499999999556	0.005711383385276372	0.024999999999999967	0.03467357703561094	0.007511565157216618	0.010259226876870855	0.014770469700507587	0.012499999999999956	
0.0	0.013176156917368304	0.004239276196901051	0.00390625	0.014666799833675748	0.013020833333333348	0.003755782578608309	0.004419417382415985	0.006298638865858228	0.006588078458684206	
0.0010416666666667185	0.014843750000000044	0.004450001950686208	0.009603692143013433	0.01912245807363107	0.03385416666666666	0.012597277731716518	0.008414320011147761	0.014583333333333393	0.017677669529663546	
0.0	0.010156249999999867	0.004166666666666652	0.006510416666666719	0.011764955206329732	0.018089119777929447	0.007511565157216618	0.006336210969060569	0.005208333333333348	0.012147816447594523	
0.0	0.019101167521762826	0.00836987431249382	0.010004881620988726	0.02651778303026623	0.03786802196674141	0.010977728598103146	0.010986991202983892	0.014341843555223279	0.01567915960780247	
0.0010416666666667185	0.02195545719620625	0.0066750029260293315	0.008414320011147659	0.029595984677448752	0.03681374384806727	0.010903344487217883	0.012499999999999956	0.011876827344782655	0.015007322431483184	
0.0010416666666666075	0.014062499999999978	0.005208333333333282	0.00842622407052314	0.027819521585570058	0.036178239555858874	0.008838834764831735	0.01171875	0.01531152562092615	0.02188119951833343	
0.0010416666666667185	0.007812500000000056	0.005922299561306255	0.008457711856629193	0.012543327686241971	0.0197642353760523	0.005208333333333481	0.00390625	0.013228881110095875	0.008085507654302094	
0.0009516560613111817	0.020312499999999956	0.0029909454172607985	0.015524421991788601	0.020009763241977643	0.04067838372868058	0.009375000000000022	0.009603692143013445	0.018680362846070324	0.016346202944244888	
0.0009753518931414407	0.021874999999999978	0.004427083333333232	0.010416666666666564	0.017677669529663743	0.038305158350410165	0.011876827344782591	0.009603692143013445	0.016828640022295317	0.016271353491472223	
0.0009772313417215248	0.009375000000000022	0.0015625000000000222	0.005711383385276488	0.009561229036815508	0.01631297892017274	0.0010416666666667185	0.0015624999999999667	0.013258252147247877	0.009561229036815635	
0.0009773804112705098	0.019101167521762778	0.003906250000000111	0.018751808361869446	0.020259010769559074	0.03362502581576864	0.011876827344782698	0.010259226876870906	0.023000851527866083	0.0197642353760523	
0.000977392234807877	0.020097688939140317	0.005208333333333282	0.015318167885263263	0.01750031001709532	0.03159960690024492	0.008333333333333304	0.008854166666666736	0.02470666669828767	0.020891844916803768	
0.0009773931725986108	0.0206568041823458	0.0007812499999999556	0.011970671806834615	0.013750394565045869	0.028135848602139184	0.00520833333333337	0.01041666666666663	0.02907467822801316	0.014604244680010313	
0.0009773932469801115	0.011876827344782705	0.0007812499999999556	0.007659083942631658	0.007812500000000111	0.011564376724570079	0.0	0.004419417382415906	0.012567633866680975	0.009374999999999967	
0.0009773932528797256	0.015388840315306384	0.0010416666666667185	0.013258252147247757	0.014062499999999867	0.023247201985908163	0.004419417382415867	0.009389456446520826	0.029208489360020618	0.01777713350612084	
0.0009773932533476846	0.011267347735824941	0.0026041666666666075	0.00585213673287612	0.008842670232473837	0.01041666666666663	0.004042753827151062	0.00442708333333333	0.012597277731716441	0.011695578944211292	
0.000977393253384766	0.017708333333333333	0.0010416666666666075	0.013750394565045895	0.013443655728271064	0.021196380984504753	0.0039062499999999445	0.011413857812922482	0.02175063856023034	0.018778912893041597	
0.0009773932533877637	0.009603692143013445	0.0	0.009144296805249733	0.008085507654302201	0.01214781644759455	0.0007812499999999556	0.002564806719217714	0.012597277731716441	0.00890000390137243	
0.0009773932533879857	0.02253469547164993	0.0022250009753431235	0.016171015308604188	0.01900863290718198	0.020625591847568705	0.007031249999999989	0.009550583760881408	0.023391157888422647	0.022845533541105523	
0.0009773932533879857	0.017677669529663705	0.002343749999999978	0.012700201623986142	0.025242960033442882	0.02083333333333338	0.009375000000000022	0.010004881620988813	0.021354166666666608	0.01711831086410916	
0.0009773932533879857	0.01214781644759438	0.0010883572844688563	0.013147310119330062	0.00960369214301345	0.010004881620988856	0.006875197282522926	0.004450001950686189	0.008900003901372416	0.008369874312493874	
0.0009773932533879857	0.023529910412659415	0.0011897122068359098	0.010925848020646299	0.018288593610499438	0.015023130314433236	0.010626148834949577	0.004166666666666652	0.017540952207342673	0.016957104787603844	
0.0009773932533879857	0.023529910412659387	0.004613761414816453	0.008135676745736148	0.013750394565045914	0.015388840315306384	0.009389456446520887	0.007812500000000033	0.011484935974583317	0.01660960283239793	
0.0069942164492805695	0.010416666666666675	0.002083333333333215	0.005633673867912409	0.008842670232473782	0.007511565157216725	0.006442352540027457	0.003124999999999989	0.00543765964005762	0.008838834764831813	
0.0018778912893041466	0.018814991529362994	0.007370297759419238	0.004801846071506734	0.010977728598103156	0.015730977406811415	0.01087531928011524	0.004687500000000011	0.006442352540027471	0.01920738428602682	
0.002145802288434291	0.021706943733515307	0.011125004876715501	0.006987712429686843	0.012672421938121247	0.017953647034524126	0.012500000000000067	0.007511565157216618	0.011925263689432643	0.01733678851780547	
0.006532784220451216	0.02137321305071166	0.006987712429686942	0.006588078458684152	0.014062499999999978	0.02096313728906053	0.01087531928011501	0.005129613438435501	0.00442708333333333	0.01654414601486317	
0.005129613438435428	0.0229772518278949	0.008478552393801906	0.010977728598103096	0.014215983399954387	0.017242651413798767	0.007812500000000078	0.003124999999999989	0.005208333333333348	0.02031249999999995	
0.00460719268160824	0.011125004876715562	0.005208333333333348	0.006987712429686843	0.006250000000000033	0.009432692852226436	0.0037557825786082473	0.0020833333333333814	0.0031249999999999334	0.01214781644759438	
0.004714918676013375	0.02175063856023029	0.0026041666666666075	0.015659683727471785	0.01113414496168324	0.015659683727471778	0.005129613438435523	0.006249999999999978	0.005002440810494441	0.022097086912079594	
0.004723802141950536	0.02510962293748158	0.007370297759419203	0.01171875	0.010004881620988873	0.017187500000000022	0.009374999999999967	0.01087531928011517	0.008656651113851445	0.018221724671391576	
0.004724508818608568	0.010445922458401828	0.0013020833333333259	0.0069877124296868175	0.006271663843120962	0.009375000000000022	0.0032940392293421203	0.008333333333333304	0.0031249999999999334	0.009561229036815562	
0.01623598070834184	0.024211748539936392	0.007007095857850888	0.010986991202983892	0.017336788517805447	0.014843749999999989	0.0010416666666667185	0.022371595411369335	0.005089544735875953	0.015104166666666632	
0.007933096985274949	0.02296987194916653	0.0049338130378712075	0.009736324289547224	0.011422766770552763	0.018089119777929395	0.0037557825786082933	0.02416127813488164	0.004895202555855405	0.012672421938121247	
0.00742660482624266	0.011876827344782698	0.005146770930798085	0.00980630979924172	0.008135676745736129	0.010937500000000044	0.003124999999999989	0.008333333333333304	0.005075818142512459	0.008085507654302208	
0.007781167553909331	0.02400923035753353	0.0051636933478652015	0.009811950768751222	0.010724614730194768	0.015625	0.004450001950686189	0.01932705762008283	0.0007812500000000666	0.014062499999999867	
0.00780952114398182	0.02400923035753364	0.013298718700981467	0.01591186781099706	0.013176156917368252	0.016927083333333287	0.0007812499999999556	0.018766268983537924	0.0026041666666666075	0.01267242193812136	
0.007811771408085415	0.01048156864453019	0.006298638865858228	0.009603692143013445	0.005208333333333337	0.00817310147212254	0.0007812500000000111	0.004239276196900943	0.0	0.006249999999999978	
0.007811949897746193	0.019935061676046535	0.014330017179372533	0.012499999999999956	0.015625	0.017500310017095212	0.007031249999999989	0.014666799833675814	0.004166666666666652	0.015023130314433251	
0.00781196405481117	0.01912245807363101	0.016739748624987647	0.015388840315306407	0.010259226876870958	0.018288593610499428	0.010977728598103198	0.01169557894421127	0.0	0.015023130314433343	
0.007811965177687221	0.0015624999999999944	0.0018778912893041466	0.01282998805830576	0.002604166666666641	0.002604166666666674	0.002083333333333326	0.0013020833333332593	0.0026041666666666075	0.002083333333333326	
0.00781196526674883	0.030194860501324472	0.023753654689565397	0.01042781731727849	0.015104166666666674	0.02656249999999998	0.011718749999999889	0.022371595411369377	0.0026041666666666964	0.02960973000739978	
0.007811965273812794	0.01087531928011533	0.008478552393801906	0.00883883476483189	0.002604166666666685	0.011267347735825033	0.00526660115004085	0.006073908223797119	0.0015624999999999112	0.00520833333333337	
0.007811965274373114	0.02284553354110547	0.014914396940912802	0.018814991529362998	0.008478552393801906	0.01877891289304159	0.008478552393802014	0.013350005852058623	0.006271663843121027	0.013975424859373635	
0.00781196527441762	0.02100353651190541	0.01953125000000005	0.01940584741933471	0.010445922458401884	0.017500310017095278	0.013350005852058585	0.009504316453591094	0.008854166666666562	0.012437452016937038	
0.007811965274421059	0.01951735616932469	0.022221035395824807	0.011925263689432586	0.0066750029260293445	0.018229166666666564	0.01682864002229536	0.007933096985274824	0.011134144961683438	0.010626148834949577	
0.09405795779466028	0.007552083333333335	0.011876827344782683	0.005129613438435428	0.008900003901372397	0.01087531928011524	0.005266601150040833	0.002083333333333437	0.006588078458684136	0.006875197282522971	
0.037732721124455616	0.020808904948930142	0.02083333333333337	0.010259226876870958	0.013897566733464936	0.018708359432980944	0.019807080072714898	0.006442352540027471	0.014215983399954332	0.013504054335900201	
0.045263235141087745	0.021373213050711697	0.02106640460016313	0.015169131124177903	0.011267347735824957	0.018708359432981096	0.017708333333333437	0.008333333333333304	0.010484355959889068	0.010259226876870906	
0.045860533559920244	0.010416666666666663	0.012717828590702923	0.006875197282522971	0.006987712429686867	0.0100048816209889	0.010445922458401721	0.004450001950686293	0.010934693433086761	0.006271663843120962	
0.04590790868749921	0.018221724671391548	0.02519993834042274	0.021311250065171528	0.01375039456504593	0.02083333333333335	0.02633300575020409	0.012499999999999956	0.020750809506573677	0.010937500000000044	
0.04591166627345434	0.024508238499334842	0.024574559256955404	0.016609602832397884	0.012203515118604121	0.01940584741933464	0.030369541118986	0.009561229036815538	0.013145239025129027	0.0111341449616833	
0.045911964308555785	0.025591155240873742	0.029208489360020764	0.010156250000000021	0.008838834764831813	0.01687893794072798	0.022097086912079577	0.008900003901372397	0.01328124999999999	0.01170427346575224	
0.04591198794738182	0.01695710478760388	0.031150013654803483	0.011564376724570079	0.010875319280115188	0.017336788517805332	0.016828640022295317	0.009203435962016868	0.008842670232473837	0.015023130314433251	
0.04591198982230902	0.008135676745736104	0.014914396940912815	0.005437659640057567	0.005208333333333315	0.011764955206329829	0.00890000390137252	0.0013020833333333814	0.007881638515844567	0.007511565157216679	
0.04591198997101989	0.019807080072715037	0.03217384419058438	0.015799803450122406	0.01288470508005521	0.018635719440432085	0.014341843555223225	0.0069877124296868175	0.012597277731716415	0.010937499999999989	
0.3893986050981543	0.01610588135006897	0.032211762700138036	0.014604244680010373	0.011422766770552787	0.02081379291946681	0.015169131124177813	0.004419417382415945	0.013020833333333393	0.00960369214301339	
0.003755782578608355	0.00885416666666666	0.017677669529663743	0.008369874312493874	0.01053320230008162	0.007511565157216618	0.007812499999999956	0.0037557825786082933	0.0066750029260292925	0.00512961343843549	
0.0064423525400275515	0.016171015308604188	0.037629983058725905	0.014583333333333282	0.012524390267094797	0.019935061676046535	0.013020833333333348	0.005208333333333315	0.013643944684822608	0.012147816447594386	
0.002604166666666674	0.018778912893041653	0.03762998305872589	0.013096136417375174	0.00833333333333336	0.02025901076955904	0.013897566733464949	0.010259226876870906	0.013350005852058727	0.014914396940912868	
0.01756490446095699	0.022680183718544755	0.04254605858001935	0.007511565157216618	0.012524390267094853	0.021373213050711704	0.015625	0.0069877124296869415	0.010875319280115103	0.015866193970549804	
0.00995772204400361	0.021888946447065516	0.039156137769192745	0.009747237110978654	0.013350005852058604	0.019122458073631065	0.015866193970549804	0.007881638515844553	0.011422766770552758	0.012147816447594386	
0.003714903995861249	0.0078124999999999445	0.020518453753741926	0.015316857547095202	0.00847855239380195	0.008900003901372416	0.008900003901372416	0.0015624999999999667	0.006249999999999978	0.006987712429686843	
0.0029778853071864854	0.01886538570445294	0.04131360836469149	0.007511565157216618	0.017800007802744867	0.020963137289060577	0.017800007802744846	0.007511565157216664	0.008333333333333415	0.01401419171570179	
0.002951422360402363	0.021973982405967728	0.04153951954498009	0.006643439760254334	0.012884705080055197	0.020312499999999938	0.014914396940912865	0.003755782578608309	0.014666799833675704	0.013750394565045851	
0.0029495631827405823	0.015659683727471778	0.03634282296754067	0.005343108775465691	0.0069877124296868305	0.022250009753431103	0.01386825724551502	0.005129613438435479	0.009504316453590993	0.014996020884258346	
0.03061036149225718	0.015934435979977495	0.037674111139794804	0.0073333999168378105	0.00847855239380196	0.018406871924033584	0.00745719847045639	0.005129613438435523	0.00988211768802622	0.013145239025129134	
0.014159750308849445	0.006249999999999978	0.016406250000000067	0.00751156515721671	0.0044500019506861985	0.010533202300081573	0.0031250000000000444	0.0037557825786082473	0.0064423525400275515	0.006271663843120986	
0.016339986720098287	0.018750000000000044	0.034626604455405476	0.016105881350069018	0.010903344487217847	0.020312500000000042	0.01259727773171643	0.006271663843120986	0.014914396940912827	0.010416666666666663	
0.02008572216884563	0.010259226876870855	0.01617101530860419	0.008750155008547594	0.00442708333333333	0.012499999999999956	0.006442352540027659	0.005129613438435473	0.004450001950686312	0.003124999999999989	
0.0031250000000000444	0.00841432001114768	0.015659683727471726	0.008414320011147761	0.007511565157216664	0.00833333333333336	0.006442352540027605	0.006073908223797147	0.008478552393801886	0.00833333333333336	
0.0020426390866466635	0.014062500000000089	0.03168105484530323	0.020097688939140285	0.007812499999999956	0.0210664046001632	0.009561229036815532	0.008135676745736033	0.021066404600163256	0.01041666666666663	
0.0022088039194127318	0.006987712429686843	0.012500000000000011	0.007511565157216618	0.008838834764831853	0.013350005852058637	0.0031249999999999334	0.003124999999999989	0.005437659640057514	0.00833333333333336	
0.002222189375974763	0.01920738428602678	0.02820205493891852	0.014379622596123477	0.004450001950686312	0.019053176795667037	0.006249999999999978	0.006271663843121102	0.014330017179372496	0.01169557894421128	
0.016276502208553822	0.006588078458684206	0.012597277731716525	0.005711383385276372	0.004450001950686189	0.014604244680010382	0.0031250000000000444	0.0015624999999999667	0.005208333333333348	0.007333399916837847	
0.006139981772124773	0.020419058108242308	0.025242960033442934	0.016389707268291222	0.006249999999999978	0.023437499999999976	0.0062716638431210645	0.006271663843120986	0.010903344487217883	0.014914396940912868	
0.0074913667246538215	0.0078125	0.0128847050800552	0.01012950538477948	0.002083333333333326	0.01214781644759438	0.003124999999999989	0.0	0.007370297759419297	0.006442352540027632	
0.007598662866558887	0.010986991202983775	0.00960369214301339	0.0100048816209889	0.004166666666666652	0.013975424859373685	0.003124999999999989	0.0026041666666665516	0.008900003901372416	0.008478552393801906	
0.007607173681808037	0.014996020884258398	0.02282771562584499	0.0225346954716499	0.01041666666666663	0.02700810867180043	0.004419417382415945	0.005129613438435523	0.013020833333333237	0.01087531928011517	
0.007607848725500276	0.011134144961683261	0.01259727773171643	0.01041666666666663	0.004166666666666763	0.01142276677055271	0.001041666666666663	0.0015625000000000222	0.007812500000000111	0.007812499999999956	
0.007607902267002122	0.015763277031689105	0.02340854693150444	0.016609602832397968	0.016739748624987755	0.029408640976123016	0.006298638865858269	0.009550583760881382	0.016544146014863016	0.012543327686242008	
0.007607906513677343	0.01682864002229536	0.020518453753741873	0.015104166666666634	0.014583333333333282	0.024508238499334808	0.002343750000000089	0.005711383385276448	0.013975424859373685	0.011422766770552763	
0.0076079068505048725	0.008173101472122444	0.007511565157216664	0.007511565157216618	0.008333333333333304	0.015104166666666712	0.0	0.004801846071506656	0.007511565157216679	0.00478061451840779	
0.007607906877220551	0.018814991529362998	0.020833333333333304	0.013176156917368252	0.012597277731716436	0.028144283512721427	0.0031249999999999334	0.008750155008547528	0.012543327686241971	0.009203435962016804	
0.007607906879339479	0.009967530838023328	0.008854166666666722	0.007812500000000056	0.004166666666666652	0.01282403359608867	0.0031250000000000444	0.0031358319215605457	0.006336210969060614	0.006298638865858218	
0.0076079068795076	0.012543327686241971	0.010875319280115144	0.009374999999999967	0.003124999999999989	0.011970671806834554	0.0031250000000000444	0.005208333333333348	0.003294039229342015	0.005711383385276418	
0.007607906879520887	0.01877891289304159	0.020374171868821508	0.01874999999999999	0.012147816447594523	0.02282771562584499	0.007031249999999933	0.006271663843121027	0.013975424859373734	0.00988211768802615	
0.007607906879521928	0.013975424859373635	0.018635719440432134	0.014062499999999978	0.010416666666666663	0.02564806719217725	0.005468750000000022	0.0044194173824158274	0.016171015308604188	0.01041666666666669	
0.007607906879522077	0.010416666666666718	0.009561229036815522	0.006250000000000033	0.006588078458684065	0.011704273465752344	0.0	0.0010416666666667185	0.006249999999999978	0.004166666666666652	
0.007607906879522077	0.010416666666666696	0.010416666666666652	0.0078125	0.00883883476483193	0.0163462029442449	0.005208333333333348	0.003493856214843372	0.008854166666666758	0.0069877124296868305	
0.007607906879522077	0.018814991529362834	0.021021287573552674	0.009375000000000022	0.011876827344782612	0.027950849718747395	0.008838834764831813	0.004801846071506789	0.017685340464947456	0.011422766770552787	
0.007607906879522077	0.0100048816209889	0.009561229036815545	0.007511565157216618	0.009882117688026309	0.013750394565045957	0.0037557825786082625	0.0007812499999999556	0.007812500000000111	0.006442352540027618	
0.007607906879522077	0.006987712429686892	0.009561229036815558	0.007812499999999956	0.007812499999999933	0.016346202944244995	0.004166666666666707	0.004042753827151033	0.007812499999999889	0.007457198470456413	
0.007607906879522077	0.018406871924033584	0.018221724671391562	0.019101167521762816	0.013975424859373635	0.029481191037676907	0.006271663843120944	0.0034938562148435705	0.012672421938121247	0.015625	
0.007607906879522077	0.021196380984504864	0.015934435979977457	0.014215983399954293	0.010533202300081675	0.02964635306407851	0.013750394565045974	0.005633673867912409	0.014666799833675834	0.016666666666666663	
0.007607906879522077	0.011125004876715501	0.008478552393801896	0.010724614730194775	0.006675002926029312	0.014215983399954387	0.008414320011147555	0.0018778912893042084	0.006336210969060614	0.00956122903681551	
0.007607906879522077	0.01976423537605244	0.015702930658001393	0.013145239025129181	0.013350005852058585	0.03077768063061284	0.016470196146710303	0.007511565157216618	0.014405538214520125	0.017800007802744804	
0.007607906879522077	0.008478552393801886	0.007291666666666696	0.007933096985274824	0.004780614518407769	0.013443655728271123	0.00788163851584467	0.0026041666666665854	0.009432692852226502	0.0062500000000002	
0.18558551749508004	0.010533202300081573	0.008478552393801901	0.003493856214843446	0.003906250000000111	0.016105881350069018	0.004419417382415867	0.0037557825786083245	0.0032940392293419798	0.007291666666666585	
0.004239276196900964	0.019764235376052406	0.014666799833675758	0.018814991529362952	0.006336210969060614	0.02881107642904023	0.010724614730194829	0.0069877124296866934	0.015625	0.011458333333333237	
0.0	0.012884705080055157	0.00847855239380195	0.005208333333333315	0.004419417382415985	0.013176156917368257	0.003124999999999989	0.0026041666666668296	0.006249999999999978	0.009882117688026212	
0.0010416666666666075	0.021354166666666695	0.01531816788526328	0.01711831086410916	0.01271782859070292	0.02812500000000001	0.01041666666666663	0.006249999999999978	0.015659683727471778	0.01048156864453039	
0.0010416666666666075	0.020891844916803768	0.021066404600163197	0.017800007802744867	0.010686606525355772	0.026352313834736508	0.006675002926029384	0.003493856214843471	0.010209529054121258	0.013137498182947295	
0.0007812500000000666	0.012499999999999956	0.009561229036815545	0.008900003901372449	0.006336210969060632	0.012499999999999956	0.007370297759419144	0.0031250000000000444	0.0065880784586841	0.004427083333333278	
0.002343749999999978	0.012597277731716552	0.008369874312493824	0.004780614518407742	0.003124999999999989	0.016171015308604188	0.006987712429686892	0.004450001950686208	0.006588078458684206	0.005208333333333315	
0.0012178289317012034	0.024072700309138655	0.014604244680010372	0.01305204592306424	0.008656651113851404	0.022268289923366647	0.007457198470456413	0.004166666666666652	0.01541745845376627	0.01288470508005525	
0.008427751378093068	0.013541666666666785	0.010416666666666685	0.005266601150040786	0.007370297759419203	0.010937499999999989	0.003493856214843471	0.004166666666666652	0.0065880784586841	0.006073908223797242	
0.0038125303923910265	0.026228496483362812	0.02002500877808796	0.008093180929902999	0.02688226645950819	0.035370680929895086	0.00911458333333326	0.008478552393801906	0.023408546931504414	0.022750343404001592	
0.004412777878145632	0.011695578944211247	0.006298638865858221	0.01795801756915553	0.01041666666666663	0.009375000000000022	0.003906249999999978	0.002083333333333326	0.00885416666666666	0.006249999999999978	
0.0044608325264135825	0.025012204052472033	0.013350005852058646	0.011405054245147409	0.017677669529663664	0.018750000000000017	0.006271663843121129	0.006250000000000089	0.012500000000000067	0.018749999999999933	
0.004464646401008855	0.012499999999999956	0.008900003901372449	0.012152816421040128	0.008838834764832009	0.010937499999999989	0.0062500000000000056	0.0	0.007881638515844457	0.01041666666666674	
0.004464948915548758	0.02324720198590818	0.016957104787603806	0.015318167885263263	0.011876827344782612	0.01874999999999999	0.010445922458401851	0.004239276196900943	0.01576327703168912	0.014666799833675814	
0.004464972909757652	0.0064423525400275515	0.006442352540027578	0.007812500000000033	0.004419417382415867	0.007812500000000028	0.008369874312493848	0.004239276196900964	0.007107991699977229	0.006249999999999867	
0.004464974812872817	0.021899787543363164	0.01900863290718198	0.011134144961683296	0.01243745201693703	0.01731330222770274	0.009561229036815616	0.006249999999999867	0.015730977406811432	0.013975424859373734	
0.0044649749638194175	0.011267347735824988	0.008369874312493824	0.0065880784586841	0.007031250000000044	0.008085507654302125	0.009561229036815453	0.002083333333333437	0.007511565157216664	0.004780614518407769	
0.004464974975791764	0.02610409184612848	0.020964754752686218	0.015023130314433312	0.012672421938121264	0.019008632907181928	0.01840687192403368	0.0069877124296866934	0.013541666666666598	0.011925263689432643	
0.024948987193605967	0.010875319280115134	0.008656651113851352	0.0069877124296868175	0.006588078458684117	0.006336210969060652	0.009561229036815508	0.002083333333333437	0.007511565157216664	0.005852136732876081	
0.00968465545924109	0.012884705080055183	0.009203435962016792	0.00883883476483189	0.007007095857850926	0.008854166666666642	0.0052083333333333036	0.006442352540027687	0.006875197282522926	0.006875197282522926	
0.009708367422386212	0.022845533541105523	0.0147405955188385	0.01740705725736292	0.010129505384779558	0.014666799833675772	0.010724614730194803	0.006442352540027578	0.015417458453766353	0.010259226876870958	
0.0	0.013350005852058675	0.004419417382415945	0.007552083333333337	0.004780614518407769	0.008085507654302094	0.005633673867912548	0.004780614518407687	0.007812500000000056	0.006271663843121059	
0.004780614518407742	0.01214781644759438	0.008135676745736056	0.008304801416198906	0.007812500000000043	0.008750155008547625	0.004687499999999956	0.0022250009753431235	0.00960369214301339	0.009967530838023205	
0.004166666666666763	0.019327057620082765	0.012147816447594441	0.013137498182947375	0.01733678851780536	0.011413857812922458	0.013176156917368209	0.006442352540027578	0.01976423537605239	0.014548414295274474	
0.006249999999999978	0.01912245807363107	0.012147816447594238	0.015023130314433236	0.012543327686242046	0.0039062499999999944	0.01576327703168912	0.0062986388658581045	0.01920738428602689	0.016544146014863044	
0.0015624999999999112	0.009561229036815586	0.00890000390137251	0.008842670232473782	0.009561229036815484	0.0007812499999999972	0.006250000000000089	0.0022250009753432276	0.0078124999999999445	0.011125004876715604	
0.005002440810494597	0.008854166666666562	0.006987712429686918	0.007881638515844511	0.005129613438435473	0.0	0.00960369214301339	0.004166666666666763	0.009375000000000022	0.008478552393801906	
0.004042753827151033	0.02083333333333337	0.01618987608580148	0.01877891289304166	0.008842670232473702	0.001041666666666663	0.01768534046494757	0.004450001950686208	0.017313302227702793	0.020173469173816978	
0.0037557825786082625	0.007511565157216649	0.012717828590702956	0.008085507654302215	0.005468750000000022	0.00416666666666668	0.0078125	0.002604166666666674	0.011134144961683296	0.007933096985274824	
0.0010416666666667185	0.01041666666666663	0.01087531928011524	0.009374999999999911	0.006271663843121027	0.004450001950686229	0.006249999999999978	0.002083333333333326	0.011375171702000812	0.006987712429686918	
0.004419417382415985	0.01920738428602682	0.016828640022295317	0.014405538214520112	0.010977728598103096	0.012597277731716467	0.01920738428602689	0.01041666666666663	0.019008632907181935	0.010875319280115134	
0.0022658491498305923	0.022845533541105526	0.013052045923064142	0.01724265141379879	0.010367723561142884	0.01731330222770277	0.014471295822343508	0.008900003901372378	0.021973982405967728	0.010048844469570205	
0.0024501730057500974	0.010626148834949606	0.005208333333333315	0.002343749999999978	0.0015625000000000222	0.008478552393801929	0.006336210969060677	0.00543765964005762	0.010367723561142884	0.005002440810494328	
0.002466337514303077	0.012567633866680868	0.00885416666666671	0.007552083333333455	0.004687499999999956	0.009561229036815534	0.006249999999999978	0.0056336738679125635	0.008842670232473782	0.005129613438435529	
0.0024676284966461044	0.016878937940728016	0.008854166666666611	0.01584052742265158	0.008085507654302201	0.016957104787603886	0.015023130314433298	0.007812500000000023	0.02137321305071162	0.01113414496168324	
0.0024677309471522074	0.008842670232473728	0.00585213673287616	0.005208333333333282	0.006271663843120944	0.008333333333333331	0.0065880784586841	0.0066750029260292925	0.008085507654302094	0.006588078458684152	
0.030120237493646135	0.01000488162098883	0.00585213673287612	0.009967530838023236	0.006271663843120944	0.008333333333333331	0.008838834764831872	0.0025648067192175898	0.007511565157216618	0.003124999999999989	
0.007457198470456553	0.019207384286026894	0.008085507654302094	0.018708359432981124	0.011876827344782792	0.021066404600163194	0.0162713534914722	0.008272073007431636	0.018428964596827316	0.01328124999999999	
0.004239276196900943	0.010259226876870958	0.0069877124296868175	0.00827207300743153	0.003294039229342085	0.00847855239380193	0.00808550765430204	0.0013020833333332593	0.00885416666666666	0.005711383385276372	
0.0073333999168377914	0.019101167521762677	0.012543327686241931	0.010724614730194803	0.012672421938121247	0.02543565718140581	0.016171015308604195	0.007333399916838012	0.016957104787603802	0.015023130314433343	
0.0034938562148434213	0.009550583760881446	0.003493856214843496	0.004780614518407796	0.010004881620988882	0.008478552393801903	0.007511565157216664	0.0010416666666666075	0.0062500000000000056	0.007511565157216618	
0.006987712429686843	0.02253469547164987	0.015633678145628764	0.012543327686241888	0.01634620294424498	0.025012204052472085	0.019764235376052364	0.007291666666666696	0.01634620294424504	0.01733678851780552	
0.002604166666666674	0.009550583760881446	0.007007095857850926	0.005208333333333348	0.00751156515721671	0.00865665111385136	0.006249999999999978	0.004239276196900964	0.00751156515721664	0.0078124999999999	
0.0031249999999999334	0.015104166666666613	0.007933096985274847	0.004427083333333232	0.005129613438435428	0.010903344487217899	0.010367723561142938	0.004166666666666652	0.007812500000000078	0.005711383385276372	
0.005468750000000133	0.01877891289304162	0.01090334448721781	0.014989235865789903	0.005129613438435428	0.017134150155829156	0.01610588135006898	0.011458333333333293	0.014548414295274276	0.013137498182947367	
0.0047806145184077845	0.01920738428602678	0.009407495764681532	0.015023130314433236	0.009550583760881333	0.01610588135006899	0.014471295822343556	0.013897566733464949	0.01350405433590033	0.010937500000000044	
0.003755782578608355	0.007812500000000111	0.003755782578608355	0.007511565157216679	0.003906250000000111	0.00751156515721664	0.0069877124296868305	0.004166666666666652	0.006987712429686731	0.004687499999999956	
0.01041666666666663	0.02031250000000001	0.009374999999999967	0.011704273465752138	0.015388840315306384	0.01940584741933471	0.014914396940912839	0.00847855239380194	0.015624999999999962	0.010259226876870958	
0.004166666666666652	0.009432692852226442	0.006250000000000033	0.004687500000000067	0.006249999999999978	0.009603692143013409	0.008272073007431584	0.0052666011500407785	0.006271663843120966	0.008838834764831813	
0.00580555888969786	0.009432692852226497	0.004687500000000011	0.007960628403986186	0.0065880784586841	0.010724614730194778	0.0057113833852763815	0.005266601150040795	0.006271663843120986	0.005129613438435523	
0.01294457846532985	0.016828640022295324	0.0078124999999999445	0.003769096035808647	0.013975424859373734	0.017708333333333347	0.01433001717937249	0.006250000000000033	0.018229166666666706	0.012672421938121355	
0.008484821587922863	0.015763277031689123	0.009375000000000022	0.00841432001114768	0.015388840315306384	0.019764235376052378	0.016544146014863117	0.008333333333333304	0.013975424859373649	0.012672421938121247	
0.009043314208856889	0.011267347735824934	0.003124999999999989	0.005567072480841555	0.010004881620988795	0.008085507654302135	0.007812500000000033	0.004166666666666707	0.013637721864827078	0.006249999999999978	
0.009596277146682746	0.011134144961683298	0.006271663843121027	0.004780614518407796	0.008085507654302201	0.011704273465752162	0.0069877124296868175	0.002083333333333326	0.0029946105591426406	0.007031249999999933	
0.006271663843121027	0.022268289923366647	0.010259226876870906	0.012499999999999845	0.010259226876870958	0.019101167521762767	0.011704273465752188	0.010875319280115103	0.01053320230008157	0.010977728598103198	
0.003294039229342015	0.008085507654302097	0.006271663843120944	0.005002440810494528	0.007031249999999933	0.011704273465752207	0.010416666666666675	0.00520833333333337	0.005437659640057612	0.007511565157216618	
0.007552083333333379	0.01770833333333334	0.014548414295274474	0.005002440810494441	0.011902494668777559	0.024412586760954053	0.017500310017095257	0.011484935974583268	0.013541666666666674	0.012543327686242046	
0.004427083333333232	0.008854166666666666	0.007552083333333258	0.0007812500000000666	0.00658807845868417	0.010686606525355849	0.01087531928011517	0.00478061451840779	0.010677083333333299	0.006249999999999978	
