0.50140625	0.6115624999999999	
0.5016406250000001	0.6140625000000001	
0.50328125	0.6165624999999999	
0.5053125	0.6180208333333332	
0.50609375	0.6178125000000001	
0.508515625	0.6176041666666667	
0.5117968749999999	0.6169791666666666	
0.5140625	0.6179166666666667	
0.515390625	0.6173958333333334	
0.5185937500000001	0.616875	
0.5198437499999999	0.6176041666666665	
0.5215625000000002	0.6188541666666666	
0.5235860986533443	0.6194589510621853	
0.5254188637466071	0.6195628607011534	
0.5265625	0.6167708333333333	
0.527109375	0.6123958333333335	
0.52734375	0.6067708333333333	
0.527734375	0.6017708333333334	
0.527421875	0.5997916666666667	
0.5272656250000001	0.5970833333333333	
0.5278124999999999	0.5954166666666666	
0.528359375	0.5958333333333334	
0.529140625	0.5959374999999999	
0.5302552860169123	0.5967823223402013	
0.5305547937364925	0.5949554625158535	
0.5313732763086434	0.5912753541365616	
0.532421875	0.5884375000000001	
0.533671875	0.5848958333333332	
0.535390625	0.5804166666666666	
0.5357812500000001	0.5784374999999999	
0.537578125	0.5733333333333333	
0.5396093750000001	0.5696875	
0.541328125	0.5675	
0.543046875	0.5644791666666666	
0.5449866680764907	0.5646284072524915	
0.5466842879040004	0.5643496977044966	
0.5483812892088904	0.5640700932017909	
0.54765625	0.5634374999999999	
0.5482812499999999	0.5618749999999999	
0.5489843750000001	0.559375	
0.5493750000000001	0.5565624999999998	
0.54875	0.5529166666666665	
0.5492187500000001	0.5517708333333334	
0.5487500000000001	0.5479166666666667	
0.549140625	0.5479166666666666	
0.54859375	0.5470833333333333	
0.548359375	0.5461458333333333	
0.5482329677618056	0.5469024678517422	
0.5481915904999969	0.5465952594955622	
0.5487623059215553	0.546117608420258	
0.5486217905354612	0.5456372018373952	
0.550078125	0.5438541666666666	
0.549609375	0.5442708333333334	
0.549296875	0.5441666666666667	
0.549765625	0.5440624999999999	
0.549765625	0.5419791666666668	
0.549765625	0.5422916666666666	
0.5502343750000002	0.5411458333333333	
0.5515625000000001	0.5382291666666668	
0.553046875	0.5373958333333333	
0.553515625	0.5376041666666667	
0.5556199676426381	0.5370995901181279	
0.5555127232650142	0.5363646012026781	
0.5548437500000001	0.5365624999999999	
0.554921875	0.5364583333333335	
0.556015625	0.5378125	
0.5575781250000001	0.5370833333333334	
0.5594531250000001	0.5367708333333333	
0.5603125	0.53625	
0.5611718750000001	0.5354166666666667	
0.5614843749999999	0.5362499999999999	
0.561328125	0.5371875	
0.56171875	0.5378125	
0.5639062499999999	0.5390624999999999	
0.565234375	0.5399999999999998	
0.567421875	0.540625	
0.5685156250000001	0.5386458333333333	
0.570234375	0.5366666666666666	
0.5714843749999999	0.5347916666666667	
0.5725781249999999	0.5342708333333334	
0.573515625	0.5325	
0.575234375	0.5303125	
0.577421875	0.528125	
0.5792187500000001	0.5251041666666667	
0.58046875	0.5241666666666667	
0.582578125	0.52125	
0.5846742589977317	0.5187891604920581	
0.5872388413579344	0.518378878591867	
0.5883190247935823	0.5177576637327486	
0.589765625	0.5116666666666667	
0.5906250000000001	0.5098958333333333	
0.59046875	0.5077083333333333	
0.590546875	0.5048958333333334	
0.5907812499999999	0.5035416666666667	
0.590703125	0.5008333333333332	
0.5908593750000001	0.4977083333333335	
0.5914062499999999	0.4960416666666667	
0.5900000000000001	0.49281250000000004	
0.59015625	0.4901041666666666	
0.5898913502750147	0.48594525534224015	
0.589765625	0.4835416666666667	
0.5890190429562919	0.48009022567737086	
0.58734375	0.47906250000000006	
0.5870312500000001	0.47843750000000007	
0.586796875	0.4766666666666667	
0.5865625	0.47406250000000005	
0.58625	0.4720833333333333	
0.586875	0.46739583333333334	
0.587578125	0.4651041666666667	
0.587109375	0.46343749999999995	
0.5865625	0.46239583333333323	
0.5867968749999999	0.4633333333333334	
0.586640625	0.46260416666666665	
0.5863473180044142	0.4634251745465924	
0.5846093749999999	0.4616666666666667	
0.5834375	0.45864583333333336	
0.5821875	0.45552083333333326	
0.58046875	0.4535416666666666	
0.578828125	0.4520833333333333	
0.57796875	0.4507291666666666	
0.576328125	0.44885416666666667	
0.5740625	0.44750000000000006	
0.5715625	0.4455208333333333	
0.5692399497215661	0.4432873112442433	
0.5667460610908892	0.4418714589209082	
0.564609375	0.4414583333333334	
0.561640625	0.43999999999999995	
0.5609375000000001	0.4390625	
0.5585156250000001	0.43781250000000005	
0.55609375	0.43635416666666665	
0.55359375	0.4341666666666667	
0.5503125	0.43229166666666663	
0.5487500000000001	0.43187499999999995	
0.5450781250000001	0.4309374999999999	
0.54140625	0.4307291666666666	
0.5393749999999999	0.43145833333333333	
0.5363281249999999	0.43187499999999995	
0.534453125	0.4317708333333333	
0.5310937499999999	0.43114583333333345	
0.526484375	0.4302083333333334	
0.5221875	0.428125	
0.519765625	0.42802083333333324	
0.5165624999999999	0.4273958333333333	
0.5140625000000001	0.42833333333333334	
0.5108593750000001	0.42833333333333334	
0.507734375	0.4286458333333333	
0.5061718749999999	0.42843749999999997	
0.503125	0.42770833333333336	
0.49976562500000005	0.4272916666666666	
0.4965625	0.42770833333333325	
0.49382812499999995	0.42645833333333333	
0.49109375	0.4260416666666666	
0.486953125	0.425	
0.48218750000000005	0.4221875	
0.47734375	0.42010416666666667	
0.47203125	0.4192708333333332	
0.47000000000000003	0.41875	
0.463984375	0.4180208333333334	
0.45921875000000006	0.4180208333333334	
0.45648437500000005	0.4169791666666667	
0.4516406249999999	0.41531250000000003	
0.445703125	0.4139583333333333	
0.442578125	0.4146875	
0.43742187499999996	0.4166666666666667	
0.4323437500000001	0.41833333333333333	
0.42921875	0.42052083333333334	
0.426640625	0.4211458333333334	
0.423359375	0.4226041666666666	
0.41984374999999996	0.42385416666666664	
0.418125	0.4239583333333333	
0.4147656250000001	0.42729166666666674	
0.411640625	0.43052083333333335	
0.408828125	0.4330208333333333	
0.40812499999999996	0.4345833333333333	
0.40531249999999996	0.43604166666666666	
0.40226562499999996	0.43895833333333334	
0.40054687499999997	0.43979166666666664	
0.3938281250000001	0.4457291666666666	
0.3910937500000001	0.448125	
0.386015625	0.4538541666666666	
0.38179687500000004	0.4576041666666667	
0.37679687500000003	0.46062499999999995	
0.371484375	0.4622916666666666	
0.36929687499999997	0.4646875	
0.36265625	0.47135416666666663	
0.360390625	0.4741666666666666	
0.35554687500000004	0.47854166666666664	
0.35156249999999994	0.4836458333333333	
0.34976562499999997	0.4869791666666667	
0.3453125	0.4927083333333333	
0.34171874999999996	0.4966666666666667	
0.33914062500000003	0.5004166666666665	
0.337890625	0.5041666666666667	
0.338046875	0.5092708333333333	
0.338359375	0.5125	
0.33851562500000004	0.5130208333333333	
0.338984375	0.5153125	
0.33984375	0.516875	
0.340703125	0.5185416666666667	
0.3415625	0.5210416666666665	
0.341875	0.5219791666666665	
0.34390624999999997	0.5245833333333333	
0.3465625	0.526875	
0.348046875	0.5271874999999999	
0.34921875	0.5287499999999999	
0.35203125	0.5309375000000001	
0.35328573451655354	0.5332900860302769	
0.35812499999999997	0.5348958333333333	
0.36242187500000006	0.5385416666666666	
0.367109375	0.5394791666666666	
0.37296875	0.5401041666666667	
0.3759375000000001	0.5404166666666667	
0.38421875	0.5417708333333333	
0.38617187499999994	0.5432291666666667	
0.39234375000000005	0.5452083333333333	
0.39773437500000003	0.5480208333333334	
0.40054687499999997	0.5486458333333333	
0.40703125	0.5501041666666667	
0.4134375	0.5498958333333333	
0.42109374999999993	0.5495833333333333	
0.42828125000000006	0.5501041666666666	
0.43578125000000006	0.5513541666666667	
0.443203125	0.5520833333333333	
0.44976562499999995	0.5510416666666667	
0.453125	0.5508333333333334	
0.46195312499999996	0.5488541666666666	
0.47515625000000006	0.5432291666666667	
0.4844106582306632	0.5401801442422149	
0.48812499999999986	0.538125	
0.4972019237030052	0.5353335441027255	
0.5050175313758423	0.5333485730661184	
0.5117322949817421	0.5305281391940704	
0.5183593750000001	0.5263541666666667	
0.5263281249999999	0.5226041666666666	
0.534296875	0.51875	
0.5420312500000001	0.5142708333333333	
0.5465625000000001	0.5115624999999999	
0.5534375	0.50625	
0.559921875	0.5004166666666667	
0.5653125	0.4958333333333333	
0.5719531250000001	0.49135416666666665	
0.5785633088241121	0.4871115357159585	
0.58182267189457	0.4846804035623123	
0.5878170884500148	0.47891090144076587	
0.5928740588198879	0.473245166502308	
0.595234375	0.4679166666666667	
0.601328125	0.45947916666666666	
0.605234375	0.45437500000000003	
0.61	0.45093750000000005	
0.6153125000000002	0.4459375	
0.6194856298945528	0.4410821647361737	
0.620859375	0.43885416666666666	
0.624296875	0.43395833333333333	
0.6273437499999999	0.4304166666666666	
0.630625	0.4286458333333332	
0.6338072907114786	0.42801809368459115	
0.63671875	0.4304166666666667	
0.6404687500000001	0.43197916666666664	
0.6439062499999999	0.4333333333333333	
0.646015625	0.4326041666666667	
0.65046875	0.43291666666666667	
0.6528124999999999	0.4341666666666667	
0.6543750000000002	0.43510416666666674	
0.656640625	0.43739583333333343	
0.6578125	0.44052083333333336	
0.6587500000000001	0.4413541666666667	
0.6596875000000001	0.44354166666666667	
0.662578125	0.4442708333333333	
0.664609375	0.44354166666666667	
0.6665901123154901	0.4433003397983334	
0.6684278769291975	0.4421280426283586	
0.6692082367770488	0.443322473246608	
0.6699999999999999	0.44791666666666663	
0.6703124999999999	0.45062500000000005	
0.6700781250000001	0.4569791666666666	
0.668828125	0.45906249999999993	
0.6682812499999999	0.4602083333333334	
0.666953125	0.4602083333333333	
0.666328125	0.45979166666666665	
0.66625	0.45947916666666666	
0.665390625	0.45927083333333335	
0.6628125	0.4574999999999999	
0.6613185546398707	0.45545080789478193	
0.658671875	0.45479166666666665	
0.6582031250000001	0.4538541666666667	
0.65734375	0.4532291666666667	
0.65546875	0.4543749999999999	
0.654765625	0.4576041666666667	
0.6532812499999999	0.4603125	
0.651171875	0.4613541666666666	
0.650859375	0.46208333333333335	
0.6500781250000001	0.4613541666666666	
0.6495312500000001	0.4608333333333333	
0.6482812499999999	0.4586458333333333	
0.645859375	0.45635416666666656	
0.6414309398921815	0.456443076953191	
0.6396875000000001	0.4564583333333333	
0.6375781250000001	0.45666666666666667	
0.635546875	0.456875	
0.634609375	0.45635416666666667	
0.633828125	0.45541666666666664	
0.633125	0.45489583333333333	
0.6321875	0.4533333333333333	
0.63171875	0.45166666666666666	
0.6311473566153627	0.4508864619430307	
0.6301361166281564	0.44863542895798936	
0.6291305050199574	0.44580261833009666	
0.6297135660801441	0.4434196614955259	
0.628984375	0.43979166666666664	
0.629140625	0.4390625	
0.630703125	0.43947916666666664	
0.6323437500000001	0.440625	
0.6325000000000001	0.44020833333333326	
0.6340625000000001	0.43947916666666664	
0.6352912915065172	0.43871916153618074	
0.6367968750000002	0.4382291666666666	
0.6380940873248857	0.4402419232880894	
0.6397490483898546	0.44043728267796345	
0.6416266152522259	0.4401923231669981	
0.6434634237969455	0.4405466634940553	
0.6453237351608746	0.44012847163877533	
0.6473968700112482	0.4403849968469339	
0.649765625	0.44677083333333323	
0.6508593749999999	0.4492708333333333	
0.6513281249999999	0.45249999999999996	
0.6514843750000001	0.4530208333333333	
0.6525000000000001	0.4546875	
0.65421875	0.4552083333333333	
0.6542968750000001	0.45489583333333333	
0.655078125	0.453125	
0.655625	0.4543749999999999	
0.6552312776469733	0.45382794481606137	
0.6555295315386649	0.45414585471308183	
0.6542644011603957	0.4541537735004247	
0.6534375	0.4572916666666667	
0.653046875	0.45875000000000005	
0.6534375000000001	0.45927083333333335	
0.6544531250000001	0.4609375	
0.6543749999999999	0.46270833333333333	
0.6542187500000001	0.46499999999999997	
0.653359375	0.4658333333333333	
0.6518750000000001	0.4694791666666666	
0.651171875	0.47437499999999994	
0.650625	0.47802083333333334	
0.6507133880417418	0.48137260512513896	
0.650390625	0.48270833333333335	
0.6506731105513154	0.48615219939896226	
0.6497866853746347	0.4896482194949764	
0.6465625	0.49447916666666664	
0.6454687500000001	0.5	
0.6434375	0.505625	
0.6426562500000002	0.5111458333333333	
0.641328125	0.5153125	
0.6412500000000001	0.5167708333333334	
0.6397656250000001	0.52	
0.6379687500000001	0.5240625000000001	
0.6363281250000001	0.5264583333333334	
0.6346875000000001	0.5276041666666667	
0.6324218750000001	0.5304166666666666	
0.6307812500000001	0.5321875	
0.6300903993129329	0.5328210807513114	
0.6277343750000001	0.53375	
0.6251562500000001	0.533125	
0.622890625	0.5322916666666666	
0.620078125	0.530625	
0.61765625	0.5284374999999999	
0.614921875	0.5269791666666667	
0.613203125	0.5257291666666666	
0.60859375	0.5247916666666667	
0.6032031250000001	0.5232291666666666	
0.592578125	0.5214583333333332	
0.58828125	0.5213541666666666	
0.5821875000000001	0.5201041666666667	
0.5747464805111633	0.5199960111353337	
0.568671875	0.519375	
0.561796875	0.5185416666666667	
0.553828125	0.518125	
0.5446093750000001	0.5170833333333333	
0.536484375	0.5164583333333332	
0.52796875	0.5176041666666666	
0.5239843750000001	0.5186458333333333	
0.5154687499999999	0.5202083333333334	
0.507224698408096	0.5232107090449428	
0.5038935666774541	0.5253765770359318	
0.4925148496648137	0.5320213599152274	
0.4828125	0.5335416666666666	
0.473515625	0.5372916666666667	
0.46382812500000004	0.5420833333333335	
0.4550781250000001	0.5452083333333334	
0.4448437500000001	0.5484375	
0.4404687500000001	0.5501041666666666	
0.4261718750000001	0.5557291666666666	
0.42125	0.5575	
0.41078125000000004	0.5619791666666668	
0.401171875	0.5658333333333333	
0.39210937500000004	0.5672916666666666	
0.38734375	0.5665625000000001	
0.378359375	0.5664583333333333	
0.36921875000000004	0.5668750000000001	
0.36085937500000004	0.5688541666666667	
0.35390625000000003	0.5725	
0.347265625	0.5744791666666667	
0.34164062500000003	0.5747916666666667	
0.335625	0.5753125	
0.332421875	0.5746874999999999	
0.325625	0.576875	
0.32359375	0.5757291666666665	
0.319140625	0.5743750000000001	
0.3153125	0.5736458333333333	
0.31231396279235396	0.5718952805748778	
0.3085580141350094	0.5701038722690853	
0.30523437499999995	0.5670833333333334	
0.30140625000000004	0.5639583333333333	
0.298984375	0.5619791666666666	
0.29679687499999996	0.5579166666666666	
0.2959375000000001	0.55625	
0.29421875000000003	0.5518750000000001	
0.293359375	0.5482291666666665	
0.2934375	0.5434374999999999	
0.294609375	0.5395833333333332	
0.2953125	0.5353125	
0.296171875	0.5297916666666667	
0.29734374999999996	0.5261458333333333	
0.302109375	0.516875	
0.30515624999999996	0.5110416666666666	
0.31	0.5078125	
0.31460937499999997	0.5055208333333334	
0.32062500000000005	0.5038541666666666	
0.32390625	0.5033333333333333	
0.32976562500000006	0.5016666666666667	
0.33601562500000004	0.49906249999999996	
0.34406250000000005	0.4964583333333333	
0.35265625	0.49458333333333326	
0.360859375	0.49468750000000006	
0.36921875000000004	0.4942708333333332	
0.37828125	0.49416666666666664	
0.38859375	0.4953125	
0.39359374999999996	0.4958333333333333	
0.40406249999999994	0.4965625	
0.41593750000000007	0.4988541666666667	
0.42859375	0.49916666666666665	
0.44078124999999996	0.49958333333333327	
0.446875	0.4997916666666667	
0.45968749999999997	0.5010416666666666	
0.47203125	0.5028125	
0.47859375000000004	0.5040625000000001	
0.49781249999999994	0.5066666666666666	
0.5039062500000001	0.5062500000000001	
0.5157031249999999	0.5043749999999999	
0.52859375	0.5052083333333333	
0.5410937499999999	0.5058333333333332	
0.55359375	0.5076041666666666	
0.5584375	0.5088541666666667	
0.578046875	0.5104166666666666	
0.5921875	0.5093749999999999	
0.6044531250000001	0.5070833333333333	
0.617578125	0.5053124999999999	
0.6236718750000001	0.5045833333333334	
0.6373437500000001	0.5042708333333332	
0.6505468750000001	0.5053124999999999	
0.663828125	0.5065625	
0.683828125	0.5077083333333333	
0.6965625	0.506875	
0.7094531250000001	0.5054166666666667	
0.7150781249999999	0.5040625000000001	
0.7281250000000001	0.5027083333333333	
0.7409375	0.5026041666666666	
0.7537499999999999	0.5028125	
0.7660156250000001	0.5037499999999999	
0.7787500000000002	0.5058333333333332	
0.7849999999999999	0.5064583333333333	
0.7983593749999999	0.50625	
0.8103125	0.506875	
0.8210220620930293	0.5062593299853688	
0.8312744925272506	0.5049511516397753	
0.8411392654693255	0.5046949170891175	
0.8514062499999999	0.5044791666666666	
0.8606250000000001	0.50625	
0.8656249999999999	0.5066666666666666	
0.8745312500000001	0.5085416666666666	
0.8823859829389411	0.5091930976503477	
0.8891406250000001	0.5107291666666667	
0.8949999999999999	0.5117708333333333	
0.9008870414740018	0.5120819187397055	
0.9049100382277535	0.5111592887045403	
0.9103481649686967	0.5105988733864323	
0.9148647015581071	0.5110417520818067	
0.9182431657628214	0.5074517564547094	
0.9209928306543667	0.506621815532591	
0.9236800016120034	0.5076250412760891	
0.9214119990779768	0.5086635706884166	
0.9221870180927818	0.5099300891679566	
0.9221026620984837	0.5116132743093531	
0.9224089311034636	0.5119422927837014	
0.9210745751083861	0.5114379779246858	
0.9195058441133039	0.5098919963990014	
0.9185554511806615	0.5089725517467137	
0.9105332774225967	0.5071376526857622	
0.9054131561974679	0.5063995568862774	
0.8994189477760027	0.5077723742320647	
0.8930210032271267	0.5088740360349562	
0.8854140950099157	0.5094776516114211	
0.8749262770961035	0.508129145102161	
0.878671875	0.505625	
0.87109375	0.5033333333333333	
0.8638281250000001	0.5019791666666666	
0.8603906250000002	0.5008333333333332	
0.8526562499999999	0.49916666666666665	
0.8446093749999999	0.49822916666666667	
0.836328125	0.4977083333333333	
0.8316852485488944	0.4970725839498987	
0.8239723631435828	0.4962456608627295	
0.8151217070482042	0.49402915519653146	
0.806350966930963	0.4906679778787206	
0.7948437500000001	0.484375	
0.7848437500000001	0.48291666666666666	
0.7742968749999999	0.48322916666666665	
0.7632812500000001	0.48343749999999996	
0.7510633056657211	0.48382383963428327	
0.7445481190477398	0.48342010688724857	
0.7327343749999999	0.4820833333333332	
0.7204275637124875	0.4800415343036673	
0.7066406250000001	0.4767708333333333	
0.6934217731534079	0.47490022361428963	
0.6865625000000001	0.47510416666666666	
0.6724469796949988	0.4754582307954648	
0.657265625	0.47802083333333334	
0.641953125	0.4802083333333333	
0.626015625	0.4822916666666666	
0.6104687500000001	0.4826041666666666	
0.595078125	0.48125	
0.5869531250000002	0.480625	
0.5703125000000001	0.4804166666666666	
0.554375	0.48135416666666664	
0.53828125	0.4844791666666667	
0.5299218750000001	0.48656249999999995	
0.5138281250000001	0.4917708333333334	
0.49781249999999994	0.49520833333333336	
0.48179687499999996	0.4966666666666667	
0.46640625	0.49624999999999997	
0.4582812499999999	0.4961458333333333	
0.441875	0.4954166666666667	
0.42585937499999993	0.4965625	
0.409765625	0.49958333333333327	
0.39390625	0.5036458333333333	
0.37796875	0.5057291666666666	
0.36984374999999997	0.506875	
0.355	0.5070833333333333	
0.33960937499999994	0.5081249999999999	
0.324765625	0.5085416666666667	
0.3098437500000001	0.5102083333333333	
0.29539062499999996	0.5115625	
0.288203125	0.5129166666666667	
0.27375	0.5163541666666667	
0.259375	0.5185416666666667	
0.24617187499999998	0.5188541666666666	
0.23249999999999998	0.5197916666666667	
0.2203125	0.5228124999999999	
0.20859375	0.5251041666666667	
0.197265625	0.5268749999999999	
0.186484375	0.5289583333333333	
0.18117187499999998	0.5299999999999999	
0.170703125	0.5331249999999998	
0.16023437499999998	0.5337500000000001	
0.1509375	0.5370833333333334	
0.143359375	0.5383333333333333	
0.1371875	0.5410416666666666	
0.12986625239057076	0.5438051755912878	
0.12719916188989475	0.5438236209718642	
0.12	0.5414583333333333	
0.11578124999999999	0.5395833333333332	
0.1109375	0.538125	
0.106171875	0.5382291666666668	
0.10133115093838214	0.5400795785546277	
0.09697894341864231	0.5417259136641173	
0.0937220536935817	0.5422267530513795	
0.08922111544001572	0.5427525732019928	
0.08890624999999999	0.5416666666666667	
0.0868020450722293	0.5400868807858877	
0.085643331280848	0.5380501052763809	
0.08479775131106229	0.5377809648611952	
0.08625000000000001	0.5380208333333332	
0.0853125	0.5392708333333334	
0.08570312500000002	0.5410416666666666	
0.08656249999999999	0.5420833333333334	
0.08921875	0.540625	
0.09117187499999999	0.5405208333333333	
0.09304425601423975	0.53893791761212	
0.09492460780535056	0.53803488689897	
0.09621131165119842	0.5377456964307732	
0.09733998800175928	0.5371093052386272	
0.09871396042935966	0.5357052961441278	
0.09881094320411046	0.5339165397213386	
0.09868324142647568	0.5339455164902546	
0.09846468324958399	0.5336958981234755	
0.09913408693268563	0.5339830752750533	
0.09734374999999999	0.5356249999999999	
0.09632812500000001	0.5338541666666666	
0.09695312499999999	0.5315625	
0.09617187500000002	0.5296875	
0.09519308207664555	0.5295016624147955	
0.094609375	0.5307291666666666	
0.09343749999999999	0.5314583333333334	
0.094140625	0.5305208333333334	
0.09573856951308753	0.5287879805442822	
0.09664062500000001	0.5263541666666667	
0.09828125	0.5251041666666666	
0.09994897814773335	0.5240510785977698	
0.10234375	0.5234375	
0.103125	0.523125	
0.105625	0.5230208333333334	
0.10843749999999999	0.5230208333333334	
0.11109374999999999	0.5216666666666667	
0.11374999999999999	0.5214583333333331	
0.11570312499999999	0.5209374999999999	
0.12078124999999998	0.5209374999999999	
0.126171875	0.5207291666666667	
0.132421875	0.5197916666666667	
0.139609375	0.5214583333333334	
0.14664062500000002	0.5215624999999999	
0.155078125	0.521875	
0.163984375	0.5209374999999999	
0.173984375	0.51875	
0.17890624999999996	0.5183333333333333	
0.188671875	0.5152083333333334	
0.199609375	0.5145833333333333	
0.210859375	0.5140625	
0.222578125	0.5129166666666667	
0.23523437499999997	0.5116666666666666	
0.24859374999999995	0.5120833333333332	
0.25546875	0.5118750000000001	
0.268984375	0.5092708333333332	
0.29085937500000003	0.5065624999999999	
0.298203125	0.5053124999999999	
0.3134375	0.5045833333333334	
0.32921874999999995	0.5034375	
0.34453125	0.5037499999999999	
0.361171875	0.503125	
0.36890625	0.5038541666666667	
0.39531249999999996	0.5032291666666666	
0.41140625000000003	0.5013541666666667	
0.41968749999999994	0.5000000000000001	
0.4362500000000001	0.4982291666666666	
0.45343750000000005	0.4965625	
0.47109375	0.4951041666666668	
0.48820312499999996	0.49385416666666665	
0.506171875	0.4923958333333333	
0.523828125	0.49177083333333327	
0.5328906250000001	0.49135416666666665	
0.55109375	0.49135416666666665	
0.5682812500000001	0.48979166666666674	
0.5765625	0.48947916666666674	
0.5939062500000001	0.48968749999999994	
0.6118750000000001	0.48989583333333336	
0.6283772731499297	0.4891291612769154	
0.64453125	0.48968749999999994	
0.66078125	0.489375	
0.66921875	0.48947916666666663	
0.6852343750000001	0.4887499999999999	
0.7010156249999999	0.48770833333333324	
0.71578125	0.4887499999999999	
0.731171875	0.49020833333333325	
0.73828125	0.4914583333333334	
0.7515625	0.4930208333333333	
0.76515625	0.49354166666666666	
0.77171875	0.49416666666666664	
0.7861718750000002	0.4959375	
0.8041406250000002	0.49416666666666664	
0.81015625	0.49302083333333335	
0.8221093749999999	0.49208333333333326	
0.8334374999999999	0.49083333333333334	
0.83890625	0.49124999999999996	
0.8486718750000002	0.4890625	
0.8582812500000001	0.48791666666666667	
0.8681519579667654	0.48748702102396424	
0.8768681017096721	0.4868770478048837	
0.882125153699778	0.48650009709265474	
0.8870580737280644	0.4868189429942582	
0.8931509827728247	0.48718564982594537	
0.8996178688548302	0.48638066014754705	
0.9035899980010174	0.4830868145295966	
0.907894938773967	0.4817120819705928	
0.9109724881270603	0.4808677316765041	
0.9131073293864542	0.48109661842528767	
0.9164062500000002	0.47489583333333335	
0.9181250000000001	0.4742708333333333	
0.91921875	0.4728125	
0.9203125	0.47114583333333326	
0.920703125	0.47041666666666665	
0.9209375000000002	0.4691666666666666	
0.9210377550065753	0.46834029888248735	
0.9212333961798276	0.4672514369291413	
0.9221638011067059	0.46669751163308615	
0.9216585182801558	0.4675422660932459	
0.9167814032334866	0.4621263100131966	
0.9149218750000001	0.4602083333333333	
0.9145312500000001	0.45947916666666655	
0.9132812500000002	0.4585416666666666	
0.912109375	0.45822916666666663	
0.9106249999999999	0.45812500000000006	
0.9100781249999998	0.45822916666666663	
0.9080468750000001	0.45895833333333336	
0.9080468750000001	0.45854166666666674	
0.9077788716811444	0.4584674116953843	
0.9070360808382079	0.45657576874020667	
0.9070611730096333	0.4555536061609998	
0.9068672779520133	0.4542189557694781	
0.90656590289707	0.45217952915563425	
0.9072354486203196	0.4501165011047236	
0.9073226471304855	0.4474705174385815	
0.907498747909935	0.4451849031257435	
0.906953125	0.4453125	
0.9063281249999999	0.4442708333333332	
0.9057812500000001	0.4429166666666666	
0.9055468750000001	0.44177083333333333	
0.9035937500000001	0.4378124999999999	
0.9028125000000001	0.4372916666666666	
0.901106568272936	0.43643636852769	
0.8996432621752583	0.4367594686347836	
0.8977943810075653	0.4375449073508907	
0.8925648371851992	0.43560996602177154	
0.8879076670287681	0.43560447975858063	
0.8825	0.4348958333333333	
0.8800000000000001	0.4333333333333333	
0.8742968750000001	0.4306249999999999	
0.8685937500000002	0.4273958333333333	
0.8631250000000001	0.42354166666666665	
0.8599218750000002	0.42250000000000004	
0.8507031250000001	0.4195833333333333	
0.846328125	0.4194791666666665	
0.83671875	0.4213541666666666	
0.8300000000000001	0.4230208333333333	
0.8254174165352912	0.4237029986965057	
0.8139409417249386	0.4248652676067145	
0.8099743046220584	0.425018342297735	
0.7928906249999998	0.4291666666666666	
0.78859375	0.4306249999999999	
0.7799218750000001	0.43281249999999993	
0.7710156250000002	0.4354166666666666	
0.767890625	0.4377083333333333	
0.7592968750000001	0.44020833333333337	
0.749765625	0.44281250000000005	
0.741015625	0.44437499999999996	
0.731953125	0.4451041666666667	
0.722421875	0.446875	
0.7168750000000002	0.446875	
0.706484375	0.44854166666666667	
0.69609375	0.4503125	
0.68453125	0.4535416666666666	
0.672578125	0.45770833333333333	
0.6612499999999999	0.46031249999999996	
0.6492187500000001	0.4614583333333333	
0.64265625	0.4616666666666667	
0.6289843749999999	0.46229166666666666	
0.6159375	0.4622916666666666	
0.609453125	0.46312499999999995	
0.58875	0.46624999999999994	
0.5818749999999999	0.46791666666666665	
0.568359375	0.4708333333333333	
0.554765625	0.4729166666666666	
0.54109375	0.47385416666666663	
0.5269092480879305	0.47407279377794326	
0.513671875	0.47520833333333334	
0.49273437500000006	0.4769791666666666	
0.48570312499999996	0.47791666666666666	
0.47171874999999996	0.47750000000000004	
0.456640625	0.47885416666666664	
0.44906250000000003	0.47927083333333337	
0.43468750000000006	0.4809374999999999	
0.41937500000000005	0.48239583333333336	
0.4046874999999999	0.48374999999999996	
0.3896875000000001	0.4860416666666666	
0.3759374999999999	0.48739583333333325	
0.368984375	0.4880208333333333	
0.3565625	0.49124999999999996	
0.344375	0.49489583333333326	
0.33812499999999995	0.4966666666666667	
0.321484375	0.5001041666666667	
0.31132812500000007	0.5027083333333333	
0.30656249999999996	0.5033333333333333	
0.294609375	0.5047916666666667	
0.283671875	0.506875	
0.27804687499999997	0.5077083333333334	
0.260703125	0.5114583333333333	
0.254765625	0.5125	
0.24390625	0.5137499999999999	
0.2340625	0.515	
0.224609375	0.5160416666666666	
0.21985230308111783	0.5173687011580659	
0.20992187499999998	0.5169791666666667	
0.199296875	0.5180208333333334	
0.18820312499999997	0.5198958333333333	
0.17867187499999998	0.521875	
0.17429687499999996	0.5228124999999999	
0.16625	0.5245833333333334	
0.15859375	0.5258333333333333	
0.15453125	0.5259374999999998	
0.142265625	0.5241666666666667	
0.13874999999999998	0.5232291666666666	
0.1315625	0.521875	
0.12546875000000002	0.5225	
0.119140625	0.5233333333333334	
0.11312499999999999	0.5263541666666666	
0.11078125000000001	0.5273958333333333	
0.106640625	0.5289583333333333	
0.10304687499999998	0.5303124999999999	
0.10067212815917284	0.5310041738094631	
0.09932005156064662	0.5307777315393766	
0.09554665875958032	0.5323236600494632	
0.0915625	0.5307291666666666	
0.09020885339568355	0.5311521602767769	
0.08604266864496454	0.531971301117079	
0.08304835586864165	0.5323721477797656	
0.08110977023013818	0.5331067789636115	
0.08046875	0.5337499999999998	
0.0796875	0.5332291666666666	
0.077421875	0.5331250000000001	
0.075390625	0.5317708333333333	
0.07304687499999998	0.5307291666666667	
0.070078125	0.5294791666666666	
0.06875	0.5290625	
0.06679178157011988	0.528820288825327	
0.06515625	0.5305208333333333	
0.06483582359969908	0.5316822765765254	
0.06384584548571501	0.5348507066684391	
0.062293818122387525	0.5364374688618663	
0.06066753302639159	0.5369330391902551	
0.05990133210698382	0.5370225583836046	
0.05936059453220923	0.5389650243399274	
0.057890624999999994	0.5377083333333332	
0.056718750000000005	0.5379166666666666	
0.055781250000000004	0.5383333333333333	
0.05453125000000001	0.538125	
0.054296875	0.5373958333333333	
0.054453125000000005	0.5363541666666667	
0.0548607970826885	0.5359546078817798	
0.05437499999999999	0.535625	
0.05421410580219242	0.5348025980992928	
0.05437185500411503	0.5353529621037221	
0.055646639863505175	0.5348609554793654	
0.05633810763016014	0.5345326926129443	
0.05781250000000001	0.5357291666666667	
0.0596708919530801	0.5357989522330772	
0.061796874999999994	0.5359375	
0.06285023348024202	0.5367574700652423	
0.06488544590549142	0.5366602872396268	
0.069453125	0.5351041666666666	
0.07390625000000002	0.533125	
0.07929687499999999	0.531875	
0.08515625	0.531875	
0.092734375	0.5316666666666666	
0.09671874999999999	0.5307291666666667	
0.10594038030309154	0.528160647048719	
0.11617368046761507	0.5265059842897745	
0.12164062499999999	0.5243749999999999	
0.13390625	0.5220833333333333	
0.14890625	0.5203125	
0.16351562499999997	0.5217708333333333	
0.17101562500000006	0.5219791666666667	
0.185859375	0.5210416666666667	
0.202734375	0.5197916666666667	
0.22007812499999999	0.5173958333333333	
0.23695312499999996	0.5161458333333334	
0.25406249999999997	0.5147916666666666	
0.272890625	0.5129166666666667	
0.29226562500000003	0.5121874999999999	
0.30156250000000007	0.5125	
0.32109375000000007	0.511875	
0.34140625	0.5104166666666666	
0.36171875	0.5078125	
0.3828125	0.5053125	
0.39281249999999995	0.5044791666666667	
0.4130468749999999	0.5028124999999999	
0.43375	0.5004166666666667	
0.45546875	0.5006250000000001	
0.47601562499999994	0.5003124999999999	
0.49710937499999996	0.49885416666666665	
0.5184374999999999	0.49822916666666667	
0.528515625	0.49781249999999994	
0.54875	0.4966666666666667	
0.5689062500000001	0.4955208333333333	
0.58859375	0.4934374999999999	
0.5990624999999999	0.49364583333333323	
0.61875	0.49333333333333335	
0.636953125	0.49406249999999996	
0.65515625	0.49406249999999996	
0.67328125	0.49135416666666665	
0.69015625	0.49041666666666667	
0.70671875	0.4901041666666666	
0.72359375	0.4898958333333333	
0.7317968749999999	0.49031249999999993	
0.74765625	0.4897916666666666	
0.761328125	0.4883333333333334	
0.775625	0.4872916666666667	
0.7821875	0.48604166666666665	
0.7973437499999999	0.4844791666666667	
0.80953125	0.484375	
0.8149218750000001	0.48374999999999996	
0.8276562500000001	0.48197916666666674	
0.839609375	0.4808333333333333	
0.84546875	0.4802083333333333	
0.86015625	0.4786458333333332	
0.8712500000000001	0.4760416666666666	
0.8764843750000001	0.47468749999999993	
0.88546875	0.47437499999999994	
0.894765625	0.4725	
0.9018997443639376	0.47104319902265523	
0.9104451552707609	0.4708614799616012	
0.9174208982826026	0.46956451859222526	
0.9215871515160993	0.46874620695324437	
0.9259592761878913	0.46921422686194336	
0.9285156250000002	0.47052083333333333	
0.931953125	0.4708333333333333	
0.9349430321151649	0.4717428792908561	
0.9371875978987771	0.47340637320358175	
0.93881620716663	0.47488032909647926	
0.9401487733992777	0.473542297549124	
0.9407794756152759	0.47292499197808874	
0.9415801886264848	0.4720515956121963	
0.9411263622820994	0.4721844588766859	
0.9387709365752313	0.47035587070715523	
0.9378501177909545	0.4699277613455326	
0.9377150297480943	0.4691002691908649	
0.9371055922163032	0.46798018903500493	
0.9366066246296849	0.4665718145724732	
0.9358659501993776	0.46788490076685213	
0.931953125	0.4663541666666666	
0.930078125	0.4659375	
0.926794753881801	0.46468905282326106	
0.9235510603101231	0.46351255823281584	
0.9197007044979435	0.4618868652435535	
0.9189767038625355	0.46239262643850765	
0.9156582779024088	0.4626287613784933	
0.9129514451472259	0.4645510889791328	
0.9110368264759515	0.4652260313075689	
0.9067277402054691	0.46607655971563344	
0.901015625	0.465	
0.8961173550826063	0.4656063552676072	
0.8921875000000001	0.4661458333333333	
0.88765625	0.46708333333333335	
0.8860156250000001	0.46708333333333335	
0.8819531250000001	0.46677083333333336	
0.879643667672046	0.46570748277556195	
0.875390625	0.46364583333333326	
0.874609375	0.4630208333333333	
0.8717328681054346	0.4611998058035427	
0.869411379997105	0.4595471165414445	
0.8671592774889918	0.4568427743478768	
0.8654863457644731	0.45661314002189224	
0.8654948858051416	0.4546027322525714	
0.86359375	0.4564583333333333	
0.8610932358381745	0.45844564438710284	
0.8602343749999999	0.45906250000000004	
0.8582812499999999	0.4613541666666666	
0.8571875	0.46312499999999995	
0.8564843680505521	0.4636569911220122	
0.8559097664386129	0.46478285991848695	
0.856171861010975	0.4641679826595153	
0.8557315665563683	0.46507238687728664	
0.8549218750000002	0.465625	
0.8543909623227253	0.46519780239259695	
0.8537500000000001	0.4659375	
0.8529687499999999	0.4661458333333333	
0.8530468750000001	0.4647916666666666	
0.851953125	0.4632291666666667	
0.8514062500000001	0.46270833333333333	
0.8500647010157923	0.46116373177022324	
0.8491164344183894	0.45856061764071	
0.8467968749999999	0.4564583333333333	
0.8458593749999999	0.45562499999999995	
0.8419751861117074	0.45341261817235934	
0.83406912259506	0.4499541215909387	
0.8276435639137114	0.4469640233198818	
0.8244479335720614	0.4431167366614021	
0.8186718749999999	0.4379166666666666	
0.8121875	0.43239583333333326	
0.8053125	0.4270833333333333	
0.8026191763434047	0.42474143208998977	
0.7977343750000001	0.4175	
0.793046875	0.4103125	
0.79078125	0.4061458333333333	
0.7866406250000001	0.3988541666666666	
0.782109375	0.3908333333333333	
0.7800120064877404	0.3866226233205011	
0.7730255859120192	0.3788356752690346	
0.7673726334379146	0.37272370726978077	
0.7636533970470275	0.368827619468958	
0.7568881466198573	0.36455993652784124	
0.7509099151106431	0.35872477991880103	
0.7445410584403029	0.35080628973725314	
0.7386409517571828	0.3427836328700681	
0.7359439700730492	0.3386151426680452	
0.7301219883888352	0.3303841524659029	
0.7246125067046149	0.32454899559708456	
0.7169936500203937	0.31798467206159875	
0.7139060433361729	0.3145453485261129	
0.707615311651952	0.30912685832396036	
0.6991406250000001	0.3191666666666667	
0.692265625	0.3145833333333333	
0.6846875000000001	0.309375	
0.6766406250000001	0.3053125	
0.6725000000000001	0.3038541666666667	
0.6642187500000001	0.30062500000000003	
0.656875	0.2985416666666667	
0.6529687500000001	0.2970833333333333	
0.64640625	0.29427083333333337	
0.640703125	0.29000000000000004	
0.63828125	0.2875	
0.632578125	0.28343749999999995	
0.6271875	0.28041666666666665	
0.62265625	0.27729166666666666	
0.6173437500000001	0.27645833333333336	
0.61359375	0.27458333333333335	
0.6100000000000001	0.27249999999999996	
0.607890625	0.27177083333333335	
0.6060937500000001	0.2710416666666666	
0.6034375	0.27	
0.6028906250000001	0.26875	
0.599453125	0.2658333333333333	
0.5951562499999999	0.26208333333333333	
0.594140625	0.26020833333333326	
0.5898437500000002	0.25687499999999996	
0.586875	0.25260416666666663	
0.5840625000000002	0.2504166666666666	
0.57984375	0.24791666666666665	
0.5763281250000001	0.24593749999999998	
0.5721875000000001	0.24354166666666668	
0.568359375	0.24156249999999996	
0.56640625	0.24083333333333332	
0.56265625	0.23854166666666665	
0.55859375	0.23562499999999997	
0.55640625	0.23427083333333334	
0.5525781249999999	0.23135416666666667	
0.5475000000000001	0.23041666666666671	
0.54515625	0.2292708333333333	
0.5404687499999999	0.22729166666666661	
0.53546875	0.22562500000000002	
0.53296875	0.22447916666666665	
0.5279170185010659	0.22234679401139051	
0.5223819851961422	0.22167382567395127	
0.515234375	0.2203125	
0.5084375	0.22041666666666665	
0.501953125	0.221875	
0.49890625	0.22302083333333336	
0.49375	0.22510416666666666	
0.48882812500000006	0.22562500000000002	
0.48500000000000004	0.22510416666666666	
0.4835937500000001	0.2255208333333333	
0.48070312499999995	0.22604166666666664	
0.47874999999999995	0.22750000000000004	
0.4771875	0.22885416666666666	
0.47328125000000004	0.23041666666666666	
0.47046874999999994	0.23395833333333335	
0.46804687500000003	0.23833333333333334	
0.46687500000000004	0.24333333333333332	
0.4648437500000001	0.2475	
0.46343750000000006	0.24927083333333333	
0.4593749999999999	0.25375	
0.45609374999999996	0.2573958333333334	
0.4528125	0.26052083333333337	
0.45148437500000005	0.2625	
0.4503125	0.26697916666666666	
0.45	0.27093750000000005	
0.45078125	0.27583333333333326	
0.45140625000000006	0.28250000000000003	
0.45078125	0.2892708333333333	
0.45031250000000006	0.2930208333333334	
0.4489062500000001	0.3	
0.44734375000000004	0.31375000000000003	
0.44703125000000005	0.32	
0.44585937500000006	0.33229166666666665	
0.44562500000000005	0.3444791666666667	
0.4446875	0.35750000000000004	
0.4439062500000001	0.36395833333333333	
0.443046875	0.3779166666666667	
0.4409375	0.39187500000000003	
0.43984375	0.3985416666666666	
0.43802788786553987	0.41175010831037717	
0.437890625	0.4220833333333333	
0.43929687500000003	0.43322916666666667	
0.44054687500000006	0.4452083333333333	
0.44164062500000006	0.45739583333333333	
0.4415625	0.46833333333333327	
0.4415625	0.47437500000000005	
0.44125000000000014	0.48583333333333334	
0.44085937500000005	0.4966666666666667	
0.44195312499999995	0.5016666666666667	
0.4437499999999999	0.5114583333333333	
0.44593750000000004	0.5205208333333333	
0.446171875	0.5247916666666667	
0.44671875000000005	0.5329166666666666	
0.44671875000000016	0.5397916666666667	
0.44773437500000013	0.5451041666666667	
0.4484375	0.5505208333333333	
0.44929687500000004	0.5529166666666667	
0.45304687500000007	0.5605208333333334	
0.4557812500000001	0.5622916666666666	
0.45671875	0.5633333333333332	
0.45726562500000006	0.5633333333333334	
0.45687500000000003	0.5617708333333333	
0.45648437500000005	0.5584374999999999	
0.45596668457405737	0.5552127081264211	
0.45617000574346883	0.5550917333399918	
0.4568364037471933	0.5514236019160903	
0.4588055516762779	0.5476913992846288	
0.45968750000000014	0.5398958333333334	
0.46085937500000007	0.5383333333333333	
0.4624345315714066	0.5337438271207643	
0.46343749999999995	0.5310416666666666	
0.46421874999999996	0.5272916666666667	
0.4658593750000001	0.5223958333333334	
0.46734375000000006	0.5180208333333334	
0.46859375	0.5148958333333333	
0.46921875	0.5134375	
0.47179687500000006	0.5110416666666666	
0.47289062499999995	0.5081249999999999	
0.4732657634322356	0.5045547314908172	
0.473828125	0.49864583333333334	
0.47453124999999996	0.49333333333333335	
0.47578125	0.48760416666666667	
0.4765625	0.4851041666666667	
0.47773437499999993	0.4804166666666666	
0.47921874999999997	0.4742708333333333	
0.4807812499999999	0.4695833333333333	
0.48273437500000005	0.4654166666666666	
0.48414062499999994	0.4616666666666667	
0.4840625	0.45968749999999997	
0.48367187500000003	0.4559375	
0.4832812500000001	0.4523958333333333	
0.48234374999999996	0.45145833333333324	
0.48000000000000015	0.4502083333333333	
0.47804687500000015	0.44854166666666667	
0.476875	0.4473958333333333	
0.47671875	0.4454166666666667	
0.47718750000000004	0.44499999999999995	
0.4777343750000001	0.44385416666666666	
0.4767968749999999	0.4430208333333333	
0.47578125	0.44260416666666663	
0.47515624999999995	0.4453125	
0.47453125000000007	0.44718749999999996	
0.473828125	0.4505208333333333	
0.4738281250000001	0.45458333333333334	
0.473046875	0.459375	
0.47351562499999994	0.46125	
0.473828125	0.4642708333333334	
0.47328125	0.4679166666666667	
0.4731249999999999	0.4683333333333334	
0.472265625	0.47104166666666664	
0.4721875	0.47385416666666663	
0.4733593750000001	0.4770833333333333	
0.47476562500000014	0.48239583333333336	
0.47515625000000006	0.4885416666666667	
0.47492187500000005	0.49395833333333333	
0.47445312500000003	0.4970833333333333	
0.47289062500000006	0.503125	
0.4714843749999999	0.510625	
0.4709265354958652	0.5153490433108197	
0.4705803903854619	0.5246479845412292	
0.46890432134968013	0.5354045900452615	
0.4679266272271825	0.54176408691272	
0.468359375	0.5495833333333333	
0.4671875000000001	0.5580208333333333	
0.4660937500000001	0.5671875	
0.4664843750000001	0.5759375	
0.46742187500000004	0.5807291666666667	
0.468359375	0.5888541666666666	
0.4702343750000001	0.5994791666666666	
0.47210937499999994	0.6088541666666666	
0.4723437500000001	0.6141666666666666	
0.4739062499999999	0.6220833333333333	
0.47546875	0.6290625000000001	
0.4776030874802018	0.6364614336108184	
0.47843749999999996	0.64	
0.4816213672569315	0.6465593546230345	
0.4856632614525731	0.6542502327906514	
0.4892362987259554	0.6600649759691133	
0.4930437025187371	0.6655671291252553	
0.4953125000000001	0.6708333333333333	
0.497578125	0.673125	
0.499375	0.6742708333333333	
0.500390625	0.6734375000000001	
0.50328125	0.6715625	
0.506238477946032	0.6692370574587365	
0.5081054402769324	0.6661813982028084	
0.5104414289738299	0.6612506556617175	
0.5126993145908559	0.6546532398481488	
0.513515625	0.6451041666666667	
0.514218364653571	0.6347032956554441	
0.5145312500000001	0.6297916666666665	
0.5145312500000001	0.6177083333333333	
0.5155468750000001	0.6047916666666666	
0.51609375	0.5914583333333334	
0.51671875	0.5688541666666667	
0.5160156249999999	0.5530208333333333	
0.514978615316136	0.5372776836670606	
0.5143471820851557	0.5286152276371354	
0.5127174374004009	0.5123556186151139	
0.51046875	0.4966666666666667	
0.5099857396824626	0.48022754610911367	
0.5092968749999999	0.46281249999999996	
0.50921875	0.4458333333333334	
0.51	0.4372916666666667	
0.5099218750000001	0.4195833333333333	
0.5087499999999999	0.4029166666666666	
0.5083593750000001	0.3947916666666667	
0.5059375	0.37687499999999996	
0.5046875	0.3597916666666666	
0.5039621559517826	0.3452601051940404	
0.5033827616431956	0.3308585189842622	
0.5042281358595843	0.31617819688012866	
0.503922491512798	0.30147596965324963	
0.5035970355444502	0.2888943078023501	
0.5028809549136362	0.2810001448849997	
0.5003679993095937	0.2689393152163966	
0.49918316870767476	0.2567743188744177	
0.4990139631059242	0.2449218225319068	
0.4987666325041872	0.2383818261893537	
0.49976930190245117	0.22715432984679712	
0.500225096300715	0.2139476668375737	
0.5007907580172268	0.20199681237580075	
0.500824185097243	0.19065934081912678	
0.5003634502065843	0.1809762143183189	
0.5001192648412728	0.17607493221778225	
0.4986236656381494	0.16752703772518326	
0.498662987690299	0.160332688782233	
0.49904065708856293	0.1562926924396762	
0.498871451486827	0.15152352943045272	
0.5001866208850909	0.14894186642122925	
0.499704915283355	0.14542270341200583	
0.49930133468161897	0.14346604040278238	
0.499913379079883	0.14234271072689225	
0.501462923478147	0.14299021438433548	
0.5034812178764109	0.14624188470844535	
0.504483887274675	0.14886855503255522	
0.5055497063010391	0.16045446624297782	
0.5065993975525875	0.16472166162123034	
0.510579557617165	0.17316131881370456	
0.5102343749999999	0.19187500000000002	
0.51078125	0.19979166666666667	
0.51328125	0.21531249999999996	
0.5154687499999999	0.2328125	
0.516875	0.2519791666666667	
0.5176562500000002	0.27395833333333336	
0.51796875	0.2845833333333333	
0.518046875	0.3059375	
0.518828125	0.3291666666666667	
0.5200188197859839	0.3515433828780563	
0.5212679976431097	0.366245510009797	
0.5241304447864513	0.38813377569554286	
0.5257812500000001	0.42541666666666667	
0.52671875	0.45093750000000005	
0.5275000000000001	0.46395833333333336	
0.5279687500000001	0.4883333333333334	
0.52828125	0.5133333333333334	
0.528125	0.5263541666666665	
0.5293749999999999	0.5516666666666666	
0.5316406250000001	0.5765624999999999	
0.5328125000000001	0.6009375	
0.533125	0.6129166666666666	
0.5332812499999999	0.6369791666666667	
0.5335767409506997	0.6609760890973548	
0.5338646834924747	0.6833839302400332	
0.5340781761405482	0.7036388467832803	
0.535697917712485	0.7251439944640531	
0.5375000000000001	0.7454166666666666	
0.5381250000000001	0.7648958333333334	
0.53859375	0.7734375	
0.5389843750000001	0.7904166666666665	
0.5384375	0.8067708333333334	
0.539140625	0.8142708333333333	
0.5407031250000001	0.8284374999999999	
0.5421874999999999	0.8392708333333332	
0.5423867211343223	0.846166543332086	
0.543035933871588	0.8541641117790724	
0.5430820641577886	0.8607799872508831	
0.542889444600382	0.865071444523493	
0.5422899266844782	0.8711302411540414	
0.542057237095383	0.8752868319095745	
0.5415774481328943	0.877747652041009	
0.5413320344382303	0.877708467775229	
0.540617870764809	0.8778776164940147	
0.5414662070930726	0.8744009318518046	
0.5423145434214699	0.8682159138740667	
0.5423035047498777	0.8610933958961547	
0.5432299660782864	0.852200044584896	
0.5464685864007757	0.8310909054301595	
0.547681768099636	0.8208579324101812	
0.5485231605952934	0.8027572895860343	
0.5490035602331708	0.782728373419834	
0.551095717889322	0.7504747438373065	
0.5528148547843995	0.7355977552187969	
0.5544558771507998	0.7111373988960655	
0.5557062753477392	0.6867812065138537	
0.5563316736105531	0.6612791805820827	
0.5428125	0.6678124999999999	
0.5410937499999999	0.6435416666666667	
0.54046875	0.6318750000000001	
0.5404687499999999	0.6070833333333333	
0.5413353509192376	0.5823199019307961	
0.54078125	0.5565625000000001	
0.5406249999999999	0.54375	
0.539296875	0.5190625000000001	
0.5372557537729754	0.49410690251476347	
0.534726767733097	0.4682958236598441	
0.532977515590803	0.44394132145397025	
0.531875	0.41572916666666665	
0.53203125	0.3910416666666667	
0.531640625	0.37895833333333334	
0.53	0.35354166666666664	
0.528671875	0.3303125	
0.5277343750000001	0.318125	
0.526484375	0.2953125	
0.5239062499999999	0.2729166666666667	
0.5237499999999999	0.2622916666666667	
0.5228124999999999	0.24135416666666668	
0.52234375	0.221875	
0.520703125	0.20229166666666668	
0.5183723205902492	0.1780857902063559	
0.5164062500000001	0.1704166666666667	
0.5148827472420482	0.15539404880908098	
0.5134375	0.1440625	
0.512421875	0.13374999999999998	
0.5119487441715774	0.12949892320415324	
0.5116271841733148	0.12297421992509379	
0.510992753043995	0.117596780846932	
0.5112957924782014	0.11503195525885701	
0.5110519545776369	0.11194630533898045	
0.5116674914918885	0.11052732279973224	
0.513125	0.11583333333333334	
0.514375	0.11572916666666666	
0.5151822057342449	0.11695399999109216	
0.515390625	0.11833333333333333	
0.516015625	0.12052083333333334	
0.5174218750000001	0.12614583333333332	
0.5170687455433479	0.13509520356806543	
0.5170115022211806	0.1400981438915297	
0.5178125	0.154375	
0.518828125	0.16916666666666666	
0.519921875	0.17812500000000003	
0.5203278984425166	0.195831544045956	
0.5221176234492686	0.21559452828839257	
0.522889935013822	0.2355637128194889	
0.5228808547270499	0.24626189483358235	
0.5240625000000001	0.27197916666666666	
0.5249999999999999	0.2966666666666667	
0.5259375	0.3202083333333333	
0.527578125	0.3455208333333334	
0.529375	0.37083333333333335	
0.53046875	0.3845833333333334	
0.532421875	0.4098958333333333	
0.5345312499999999	0.43531249999999994	
0.5349999999999999	0.46187500000000004	
0.53609375	0.47479166666666667	
0.5359961910737059	0.4996264021402693	
0.5368971130694591	0.5255211427080971	
0.5375	0.5519791666666667	
0.5382236548362458	0.565113890794772	
0.5404687500000002	0.600625	
0.54140625	0.6121875	
0.5421874999999999	0.6482291666666666	
0.5425	0.6711458333333333	
0.5425781250000001	0.6929166666666667	
0.542734375	0.7041666666666666	
0.54296875	0.7229166666666667	
0.5430468749999999	0.7416666666666667	
0.5430468749999999	0.7572916666666667	
0.542109375	0.7647916666666668	
0.5410663486262848	0.778169099751002	
0.5392585219508568	0.7901320120526897	
0.5385936226639104	0.8003106559000074	
0.539018479231042	0.8106947811561047	
0.5402390032426868	0.8152483791445218	
0.5416950558820011	0.8240731792968445	
0.5428310933755949	0.8308394101663528	
0.54203125	0.8324999999999999	
0.5420001555562115	0.8341245517920759	
0.5416835006421551	0.8340099569260998	
0.5423445083240492	0.8310951547974235	
0.5426867272710226	0.8309512056276865	
0.5433414174657081	0.8295571390773165	
0.5429023553798893	0.8284755632168338	
0.5423070431131909	0.828018986617914	
0.5420242308321461	0.8255832432937578	
0.5414749941727381	0.8241535315848415	
0.5410722339070726	0.8221615376798489	
0.5407468234421852	0.8214162562343817	
0.5401762030231434	0.8197086775646699	
0.5389476671765575	0.8144281195083967	
0.5388880999202972	0.8133554642248232	
0.5447996107298038	0.8117707972991497	
0.547357133994291	0.8099619829582787	
0.5502172958326589	0.8085858805351052	
0.552879479683156	0.8075235507502787	
0.5553101753836802	0.8068779885721643	
0.5577411000563808	0.8057116010668345	
0.5592345428901415	0.8042327141965145	
0.5598686121643573	0.8018163273765607	
0.5623776815528237	0.8004416072272683	
0.563793000950352	0.796566887078293	
0.5660676953485988	0.7934213335960092	
0.5691236397469028	0.789859113447061	
0.5719452091452113	0.7870260599647793	
0.5748449035435201	0.7836721731491647	
0.5768852229418291	0.7808391196668832	
0.579159917340138	0.7788393995179351	
0.5797939867384468	0.7764230127023202	
0.5817561811367558	0.7735899592200387	
0.5837965005350646	0.7725277390710906	
0.5851838602109786	0.7697181553973957	
0.5866271393316824	0.7668616321065276	
0.5874955837299912	0.7626744119575795	
0.5896921531283	0.7607788584752979	
0.5902357780929585	0.7608607790239781	
0.5918184797222054	0.7565602590148619	
0.5943386813514523	0.7514264056724123	
0.5966245079806993	0.7474383856632961	
0.5994572096099461	0.7417836989875133	
0.6026024112391929	0.7391498456450636	
0.6053569878684398	0.7332868256359474	
0.6075646894976867	0.7280488056268309	
0.6101630161269337	0.7248941189510483	
0.6120582177561806	0.7171560989419319	
0.6145002943854275	0.7087930789328156	
0.6167079960146744	0.6991800589236993	
0.6203219476439215	0.6938378722479164	
0.6241702794661409	0.6832576216382267	
0.6284295890610021	0.6724940967499686	
0.6331490034879979	0.6609366437203728	
0.638684020133916	0.6508237248566419	
0.644016705790156	0.6381686055356685	
0.6495837824194028	0.6256389188598855	
0.6543696090486498	0.6201925655174358	
0.6600929356778967	0.608912878841653	
0.6645902399495183	0.598853018971355	
0.6694302139363907	0.5871868388234206	
0.6739035405656375	0.5756988188143042	
0.6801329438998056	0.56513934216897	
0.6857289750403363	0.5563325666541175	
0.6926360204533782	0.5462347587869555	
0.6977343470826252	0.5357884054445059	
0.701270173711872	0.530758718768723	
0.7063685003411189	0.5206248654262734	
0.7113105769703659	0.5118451787504904	
0.7163307785996127	0.5044196587413742	
0.7201791052288596	0.49678580539892464	
0.7250430568581065	0.49113111872314175	
0.7294382584873536	0.4877680987140255	
0.57	0.48166666666666663	
0.5010533974493108	0.478879708007977	
0.42070034008580215	0.4728382492535368	
0.3406368044092265	0.46898228116354534	
0.26034083784081724	0.4652303203686114	
0.5824218749999999	0.46343749999999995	
0.6190171956947794	0.46096439789929883	
0.5865625	0.4588541666666666	
0.5896874999999999	0.4542708333333333	
0.5925781250000001	0.4480208333333332	
0.596875	0.44302083333333336	
0.60078125	0.43927083333333333	
0.6045200912879987	0.4355096915102218	
0.6068558418124823	0.4333819016538129	
0.6096132018416217	0.43220439820938433	
0.6142969064814501	0.4299196823088689	
0.6167149241279218	0.427634950137448	
0.6222579368573544	0.42514188334215736	
0.6278125	0.42250000000000004	
0.63250363023007	0.4196574526776889	
0.6359057127294256	0.4184694368441296	
0.6407171446649517	0.4141554585019291	
0.6445913224340469	0.4104664038178002	
0.648359375	0.40802083333333333	
0.6513281249999999	0.40822916666666675	
0.6528906250000001	0.40927083333333336	
0.6565070520453256	0.40939262560220724	
0.6592187500000001	0.41031249999999997	
0.6611718750000001	0.40822916666666664	
0.6621093749999999	0.4062499999999999	
0.664375	0.40437499999999993	
0.6649218749999999	0.4021875	
0.6653906250000001	0.4022916666666666	
0.66609375	0.40197916666666667	
0.666953125	0.4013541666666667	
0.66734375	0.4016666666666667	
0.6674999999999999	0.40145833333333336	
0.6679687499999999	0.4017708333333333	
0.668125	0.40249999999999997	
0.6678124999999999	0.40427083333333336	
0.666484375	0.40895833333333326	
0.66359375	0.4133333333333333	
0.6615625	0.41687499999999994	
0.658828125	0.4222916666666666	
0.6565625	0.4272916666666666	
0.65453125	0.4338541666666667	
0.6528125	0.4377083333333333	
0.650703125	0.4458333333333333	
0.6484375	0.453125	
0.6467968749999999	0.45927083333333335	
0.64328125	0.46572916666666664	
0.6403125000000001	0.4726041666666667	
0.6391406250000001	0.4756250000000001	
0.63640625	0.4817708333333333	
0.633125	0.48718749999999994	
0.62984375	0.49250000000000005	
0.6289062500000001	0.49510416666666657	
0.626328125	0.49822916666666667	
0.62359375	0.5004166666666667	
0.6227343750000001	0.5008333333333332	
0.61921875	0.5013541666666667	
0.615703125	0.5011458333333333	
0.612109375	0.5025	
0.6103125	0.5029166666666667	
0.60734375	0.5035416666666668	
0.6049218749999999	0.5034375	
0.6015625000000001	0.5020833333333333	
0.6006250000000002	0.5020833333333332	
0.5971093749999999	0.5000000000000001	
0.5934373792402405	0.49747997901905255	
0.5893850750574422	0.4946771919003157	
0.5866617141399006	0.4900017631400241	
0.5844852931235404	0.485534854767627	
0.5815625000000001	0.4814583333333332	
0.579921875	0.4769791666666666	
0.57890625	0.4716666666666667	
0.577578125	0.46739583333333334	
0.575	0.4616666666666666	
0.572890625	0.4571875	
0.5704687500000001	0.4539583333333333	
0.56859375	0.45249999999999985	
0.56765625	0.45083333333333336	
0.5658593749999999	0.4491666666666666	
0.565625	0.44781249999999995	
0.56421875	0.4455208333333333	
0.564765625	0.445	
0.5634375	0.44281249999999994	
0.563125	0.4413541666666666	
0.561796875	0.44260416666666663	
0.561015625	0.44333333333333325	
0.5608593749999999	0.4442708333333333	
0.559609375	0.4451041666666667	
0.5596093750000001	0.44572916666666657	
0.559765625	0.4469791666666666	
0.5606250000000002	0.4489583333333333	
0.5602343750000001	0.45010416666666664	
0.55984375	0.4522916666666667	
0.5595312500000001	0.4542708333333333	
0.559375	0.45499999999999996	
0.5603124999999999	0.45583333333333326	
0.56078125	0.45645833333333324	
0.5617968750000001	0.4564583333333333	
0.5635937500000001	0.4559375000000001	
0.563671875	0.4555208333333335	
0.564765625	0.4541666666666666	
0.563828125	0.4523958333333332	
0.5625781249999999	0.4470833333333332	
0.56171875	0.44291666666666674	
0.56046875	0.4373958333333333	
0.5590625	0.4310416666666666	
0.5572656250000001	0.4253125	
0.5566406249999999	0.4222916666666666	
0.5546875	0.4169791666666667	
0.5526562499999998	0.4116666666666666	
0.5508593750000002	0.4067708333333333	
0.55	0.4038541666666666	
0.54796875	0.3971874999999999	
0.5454687500000001	0.39208333333333334	
0.5446875	0.38708333333333333	
0.5434375	0.3860416666666666	
0.5432031250000001	0.38260416666666663	
0.5435156250000001	0.3796875	
0.5440625000000001	0.37520833333333337	
0.5435937500000001	0.37124999999999997	
0.5431250000000001	0.369375	
0.541875	0.3677083333333333	
0.53953125	0.3667708333333334	
0.539296875	0.36604166666666665	
0.53921875	0.3656249999999999	
0.5390625	0.36375	
0.537734375	0.36260416666666667	
0.5380468749999999	0.361875	
0.5362500000000001	0.36114583333333333	
0.536171875	0.3606249999999999	
0.5372656249999999	0.36	
0.5389062500000001	0.35791666666666666	
0.5403906249999999	0.3545833333333333	
0.54078125	0.3539583333333333	
0.5418750000000001	0.3509375	
0.5415625000000002	0.34927083333333336	
0.54234375	0.3486458333333334	
0.541796875	0.34677083333333336	
0.54359375	0.34510416666666666	
0.543828125	0.34427083333333336	
0.54515625	0.3448958333333333	
0.544620596501657	0.3454306237229458	
0.5453906249999998	0.3464583333333333	
0.5453125	0.3470833333333334	
0.545390625	0.34677083333333325	
0.545	0.345	
0.54484375	0.34375	
0.544765625	0.3436458333333333	
0.5434375	0.3441666666666666	
0.5426562500000001	0.34520833333333323	
0.5426562500000001	0.3455208333333334	
0.5425781250000001	0.34427083333333336	
0.54125	0.343125	
0.540390625	0.33989583333333334	
0.5396997446446844	0.33744608787667074	
0.53984375	0.33677083333333335	
0.5396874999999999	0.3354166666666666	
0.53859375	0.33510416666666665	
0.5385937500000001	0.33291666666666664	
0.5385156249999999	0.33135416666666667	
0.5389062499999999	0.3296875	
0.539296875	0.32645833333333335	
0.539765625	0.323125	
0.5409375	0.32145833333333335	
0.5412500000000001	0.3196875	
0.5426562500000001	0.3171875	
0.543671875	0.314375	
0.5435937500000001	0.31354166666666666	
0.544296875	0.31166666666666665	
0.5447656249999999	0.30791666666666667	
0.5452343749999999	0.30385416666666665	
0.5453125	0.30041666666666667	
0.5463281249999999	0.2992708333333333	
0.5490625	0.29822916666666666	
0.549765625	0.2979166666666667	
0.551953125	0.29958333333333337	
0.55234375	0.29791666666666666	
0.55234375	0.2980208333333333	
0.5519531249999999	0.2964583333333334	
0.553515625	0.29427083333333337	
0.554453125	0.29333333333333333	
0.55609375	0.2934375	
0.557578125	0.29385416666666664	
0.5591406250000001	0.2944791666666667	
0.5619531249999999	0.29572916666666665	
0.5639062499999999	0.29552083333333334	
0.566171875	0.29583333333333334	
0.569921875	0.29541666666666666	
0.573828125	0.29416666666666663	
0.57625	0.2934375	
0.5764843749999999	0.2935416666666667	
0.577109375	0.29229166666666667	
0.57875	0.29020833333333335	
0.5796875000000001	0.2879166666666667	
0.582421875	0.2857291666666667	
0.58453125	0.2833333333333333	
0.58671875	0.2805208333333334	
0.5882031249999999	0.27697916666666667	
0.590078125	0.2765625	
0.5907812499999999	0.2754166666666667	
0.5928125	0.27270833333333333	
0.5928125	0.2711458333333333	
0.593125	0.26906250000000004	
0.5931249999999999	0.26729166666666665	
0.5948437500000001	0.26625	
0.5952343750000001	0.2655208333333333	
0.596796875	0.2648958333333334	
0.5987500000000001	0.26333333333333336	
0.5986718750000001	0.26312500000000005	
0.5992968750000001	0.26135416666666667	
0.598359375	0.25802083333333337	
0.59765625	0.25531249999999994	
0.5974999999999999	0.2516666666666666	
0.5971875000000001	0.2483333333333333	
0.59828125	0.24447916666666664	
0.59859375	0.24427083333333335	
0.5985937499999999	0.2416666666666667	
0.5990624999999999	0.2386458333333333	
0.599375	0.23729166666666668	
0.5984375	0.2375	
0.5982812499999999	0.23718749999999997	
0.5979687499999999	0.23645833333333335	
0.59765625	0.23614583333333336	
0.5992270357440808	0.23556165524738648	
0.5992968750000001	0.23395833333333332	
0.59984375	0.23260416666666667	
0.600234375	0.23052083333333329	
0.5997656250000001	0.22875	
0.5996874999999999	0.2248958333333333	
0.598828125	0.22166666666666668	
0.5977343750000002	0.21989583333333335	
0.596484375	0.2185416666666667	
0.5965625	0.21875	
0.5965624999999999	0.2192708333333333	
0.5971875	0.22052083333333333	
0.595546875	0.2219791666666667	
0.59109375	0.22489583333333335	
0.58984375	0.22697916666666668	
0.5870312500000001	0.2285416666666667	
0.585078125	0.23000000000000004	
0.581328125	0.23208333333333334	
0.58015625	0.234375	
0.5769531250000002	0.23781250000000004	
0.57484375	0.24145833333333333	
0.574140625	0.24364583333333334	
0.572109375	0.246875	
0.56984375	0.24885416666666665	
0.5687713674226832	0.250406325764748	
0.5639062499999999	0.24979166666666663	
0.5597656249999999	0.2501041666666667	
0.55546875	0.2496875	
0.5532812500000001	0.24958333333333335	
0.5509375000000001	0.24854166666666666	
0.5458593749999999	0.24645833333333336	
0.5416406250000001	0.2446875	
0.5377343750000001	0.24333333333333332	
0.5357812500000001	0.24291666666666667	
0.5322656250000001	0.24083333333333332	
0.52796875	0.23927083333333338	
0.5262499999999999	0.23750000000000004	
0.523046875	0.23197916666666668	
0.51828125	0.22583333333333333	
0.5159374999999999	0.22291666666666665	
0.5108593750000001	0.21791666666666668	
0.50609375	0.21385416666666668	
0.503515625	0.21187499999999998	
0.5025000000000001	0.21083333333333334	
0.49929687500000003	0.20729166666666665	
0.4960937500000001	0.20187500000000003	
0.49234374999999997	0.19718750000000002	
0.4886718750000001	0.1933333333333333	
0.48578124999999994	0.19041666666666665	
0.481328125	0.18927083333333333	
0.47890625	0.18947916666666664	
0.4750000000000001	0.18958333333333333	
0.4703125	0.19125	
0.4639062500000001	0.1930208333333333	
0.458125	0.19541666666666668	
0.451328125	0.20020833333333332	
0.44812499999999994	0.2033333333333333	
0.44148437499999993	0.20833333333333334	
0.434765625	0.21375000000000002	
0.42765624999999996	0.21968750000000004	
0.42093749999999996	0.22510416666666666	
0.41382812499999994	0.230625	
0.40687500000000004	0.2364583333333333	
0.4007031249999999	0.24322916666666666	
0.3978125	0.2457291666666667	
0.3910937500000001	0.2533333333333333	
0.385625	0.26208333333333333	
0.37953125000000004	0.27291666666666664	
0.37703125000000004	0.2785416666666667	
0.37	0.29041666666666666	
0.362890625	0.30072916666666666	
0.356640625	0.30937500000000007	
0.353984375	0.31250000000000006	
0.348046875	0.31770833333333337	
0.34273437500000004	0.32395833333333335	
0.336875	0.3309375	
0.33210937500000004	0.33916666666666667	
0.32921875	0.3435416666666667	
0.3229687500000001	0.3527083333333333	
0.316875	0.36020833333333335	
0.3109375	0.36635416666666665	
0.304921875	0.373125	
0.3	0.3809375	
0.298203125	0.3848958333333333	
0.29414062500000004	0.3934375	
0.29	0.40302083333333333	
0.28546875	0.41208333333333325	
0.281171875	0.4214583333333334	
0.27718750000000003	0.43062500000000015	
0.273984375	0.4416666666666666	
0.27117187499999995	0.4513541666666666	
0.2701491809803369	0.46222865908832544	
0.26999999999999996	0.47375000000000006	
0.27078125000000003	0.4834375000000001	
0.26953125	0.4930208333333333	
0.26937500000000003	0.5042708333333333	
0.269296875	0.5152083333333334	
0.27023437499999997	0.5209374999999998	
0.271015625	0.5331249999999998	
0.27265625000000004	0.5451041666666667	
0.273828125	0.5515625	
0.27781249999999996	0.5675	
0.27999999999999997	0.5766666666666667	
0.28328125	0.5868749999999999	
0.2853125	0.591875	
0.289453125	0.6004166666666667	
0.29507812499999997	0.6104166666666666	
0.30124999999999996	0.620625	
0.30421875000000004	0.6245833333333333	
0.310390625	0.6329166666666666	
0.317109375	0.6405208333333333	
0.321328125	0.6453125	
0.32820312500000004	0.6523958333333333	
0.3353125	0.6616666666666666	
0.33968750000000003	0.6661458333333334	
0.35320312499999995	0.6783333333333333	
0.35812499999999997	0.681875	
0.367578125	0.6878124999999999	
0.3772210346092879	0.6946710988731122	
0.38664062499999996	0.6998958333333334	
0.39609375	0.7041666666666666	
0.400234375	0.7069791666666665	
0.4106249999999999	0.7132291666666666	
0.4208593749999999	0.7178125	
0.4250781249999999	0.72	
0.4350781250000001	0.7209375	
0.44453125	0.7246875	
0.4496875	0.7257291666666666	
0.45867187499999995	0.7292708333333333	
0.4678125000000001	0.7308333333333333	
0.478359375	0.7340625	
0.48812846838113344	0.7367120913499685	
0.4936099079012376	0.736403355654709	
0.501015625	0.7378125	
0.5103125000000001	0.7366666666666666	
0.51890625	0.7367708333333334	
0.52890625	0.7351041666666667	
0.5328906250000001	0.7353125	
0.5428125	0.7332291666666666	
0.5524218750000001	0.7317708333333333	
0.55671875	0.7302083333333333	
0.564921875	0.7269791666666667	
0.5724999999999999	0.7220833333333333	
0.5806029168397783	0.7167915360374961	
0.5900000000000001	0.7097916666666666	
0.5959618500967929	0.7055494380257049	
0.602802239905339	0.6981513740353765	
0.6111124138917658	0.6904312793261829	
0.6147166579703135	0.6867369353918514	
0.6248437499999999	0.6765625	
0.62765625	0.6725000000000001	
0.6334375	0.6620833333333334	
0.6403906250000001	0.6517708333333333	
0.6434375	0.6472916666666667	
0.6498437499999999	0.6391666666666667	
0.65515625	0.63125	
0.6603125	0.6223958333333334	
0.665234375	0.6145833333333333	
0.66953125	0.6064583333333333	
0.6708183491625459	0.601619887998958	
0.6746059490449722	0.5932333538209706	
0.6777919328024129	0.5836599851945627	
0.6799232645844547	0.5772131142850698	
0.6805975383468367	0.573594149844172	
0.682485769920763	0.5646317628930305	
0.6857424319099077	0.5545341868689794	
0.6866406250000001	0.5454166666666665	
0.6879687499999999	0.5371875	
0.68890625	0.5278125	
0.6891406250000001	0.5239583333333333	
0.6882812500000001	0.5155208333333333	
0.687734375	0.5063541666666667	
0.686796875	0.4984375	
0.6853125	0.48927083333333343	
0.68390625	0.4852083333333333	
0.6817968750000001	0.4766666666666667	
0.6795312499999999	0.4690625	
0.6764062500000001	0.4619791666666667	
0.67359375	0.45854166666666674	
0.66921875	0.449375	
0.6646093750000002	0.4423958333333333	
0.6591406250000001	0.4375	
0.6564062500000001	0.43510416666666674	
0.65046875	0.4289583333333333	
0.6450781250000001	0.42354166666666676	
0.639140625	0.41729166666666667	
0.6322656249999999	0.41145833333333337	
0.6253533261460598	0.405991807062377	
0.617421875	0.4016666666666667	
0.6093704738289668	0.39599318504683834	
0.60546875	0.39385416666666667	
0.594140625	0.38656250000000003	
0.5903906250000001	0.3848958333333333	
0.5821875	0.3803125	
0.5745312499999999	0.3770833333333333	
0.5675	0.3740625	
0.5640625	0.37197916666666664	
0.5574840264636333	0.3693897049871845	
0.5511311425479286	0.3677009250180406	
0.54384006181479	0.3660174868242954	
0.5372656250000001	0.363125	
0.53078125	0.36249999999999993	
0.524296875	0.3630208333333333	
0.51875	0.3646875	
0.5155468750000001	0.36541666666666667	
0.50828125	0.36645833333333333	
0.50203125	0.3689583333333334	
0.49632812500000006	0.37135416666666676	
0.49289062499999997	0.3730208333333333	
0.4871875	0.3745833333333334	
0.481640625	0.37625	
0.47632812499999994	0.3796875	
0.47062500000000007	0.3859375	
0.46773437500000004	0.3885416666666667	
0.46375	0.39145833333333335	
0.45890624999999996	0.39645833333333336	
0.4547839805251045	0.39951105889237776	
0.45203090746256364	0.40067947312861085	
0.4477905204733297	0.403826315498567	
0.44328125000000007	0.40812499999999996	
0.4403125	0.41281249999999997	
0.43734375	0.41656249999999995	
0.43570312499999997	0.4184374999999999	
0.43257812500000004	0.421875	
0.42906249999999996	0.4246875	
0.42609375000000005	0.42822916666666666	
0.42359375000000005	0.4338541666666667	
0.42085937500000004	0.43947916666666675	
0.4195312500000001	0.44302083333333336	
0.41851562500000006	0.4486458333333334	
0.41796875	0.45395833333333335	
0.4171875000000001	0.4586458333333333	
0.41632812500000005	0.4647916666666667	
0.4175	0.4692708333333333	
0.418359375	0.47375	
0.42125	0.48031250000000003	
0.42265625000000007	0.4851041666666666	
0.4248437500000001	0.48687500000000006	
0.4272656250000001	0.4911458333333333	
0.430859375	0.49624999999999997	
0.43531249999999994	0.5015625	
0.43953125000000004	0.5054166666666667	
0.44234375000000015	0.5079166666666666	
0.44796874999999997	0.5107291666666667	
0.45171875000000006	0.5139583333333333	
0.455078125	0.5147916666666666	
0.45953125000000006	0.516875	
0.46515625000000005	0.51875	
0.46820312500000005	0.5202083333333334	
0.473515625	0.5223958333333333	
0.477734375	0.5238541666666665	
0.48	0.5247916666666665	
0.48468750000000005	0.5266666666666667	
0.48890625	0.5273958333333333	
0.49265625	0.5265625	
0.4973437499999999	0.5265625	
0.5021093750000001	0.5260416666666666	
0.505703125	0.524375	
0.5094531250000001	0.5234375000000001	
0.5123437500000001	0.5221875	
0.51375	0.52125	
0.5164843749999999	0.5192708333333333	
0.520625	0.515625	
0.5217187499999999	0.5145833333333334	
0.5240625000000001	0.5112500000000001	
0.5265624999999999	0.5087499999999999	
0.5278125	0.5076041666666666	
0.528125	0.5044791666666667	
0.529140625	0.5023958333333333	
0.5298437500000001	0.49906249999999996	
0.530546875	0.4964583333333333	
0.53109375	0.495	
0.531328125	0.4926041666666666	
0.5325	0.4917708333333334	
0.532421875	0.49156249999999996	
0.5321093750000001	0.49041666666666667	
0.532109375	0.4882291666666667	
0.53109375	0.4882291666666667	
0.5298437500000001	0.48656250000000006	
0.5294531250000001	0.48343749999999996	
0.5288281250000001	0.4820833333333333	
0.527109375	0.47895833333333326	
0.5261718750000001	0.4767708333333334	
0.524921875	0.4736458333333333	
0.5235156249999999	0.4732291666666667	
0.5220312500000001	0.47062500000000007	
0.519609375	0.4692708333333333	
0.519140625	0.4694791666666666	
0.517109375	0.46760416666666665	
0.514609375	0.4664583333333333	
0.513125	0.4648958333333334	
0.5107812500000001	0.4633333333333334	
0.50875	0.46177083333333335	
0.50734375	0.4604166666666667	
0.5049999999999999	0.458125	
0.5013281249999999	0.45510416666666664	
0.5006250000000001	0.45499999999999996	
0.4971875	0.4544791666666666	
0.49507812500000004	0.4543749999999999	
0.49117187500000004	0.45437500000000003	
0.48820312499999996	0.45281249999999995	
0.48578124999999994	0.45114583333333325	
0.48375	0.45166666666666666	
0.48125	0.4496875	
0.47843749999999996	0.44875	
0.477421875	0.4490625	
0.47523437500000004	0.4510416666666666	
0.47273437500000004	0.45395833333333335	
0.4696874999999999	0.4565625	
0.46656249999999994	0.45666666666666667	
0.46460937500000005	0.45666666666666667	
0.46296875000000004	0.45822916666666663	
0.462734375	0.458125	
0.46125	0.4601041666666667	
0.45921874999999995	0.46187500000000004	
0.459140625	0.4625	
0.45726562500000006	0.46552083333333333	
0.454765625	0.4691666666666666	
0.4534375	0.47177083333333336	
0.4525	0.47510416666666666	
0.450703125	0.4774999999999999	
0.448828125	0.4778124999999999	
0.4487500000000001	0.4796875	
0.44718750000000007	0.48270833333333335	
0.44585937499999995	0.48562500000000003	
0.44406249999999997	0.4888541666666667	
0.44281250000000005	0.4920833333333333	
0.44234375000000004	0.49520833333333336	
0.44195312500000006	0.49781250000000005	
0.4421875	0.5001041666666667	
0.44242187499999996	0.5008333333333332	
0.44203125	0.5036458333333333	
0.44039062500000004	0.50625	
0.43999999999999995	0.5086458333333332	
0.43929687500000003	0.5112500000000001	
0.43968750000000006	0.5152083333333333	
0.43937500000000007	0.5175	
0.441015625	0.5209375	
0.44109375	0.52125	
0.4424218750000001	0.5220833333333332	
0.44320312500000003	0.5235416666666668	
0.44281249999999994	0.5276041666666667	
0.443046875	0.5295833333333333	
0.443359375	0.5332291666666666	
0.4446875	0.5383333333333333	
0.44554687499999995	0.5393749999999999	
0.44664062499999996	0.5432291666666667	
0.44789062500000004	0.5443749999999999	
0.4482812500000001	0.5447916666666666	
0.44953125000000005	0.5459375000000001	
0.4504687499999999	0.5464583333333334	
0.451953125	0.54875	
0.45257812499999994	0.5506249999999999	
0.4546875000000001	0.5520833333333334	
0.456875	0.554375	
0.45765625000000004	0.5557291666666667	
0.458828125	0.55625	
0.46023437500000003	0.5576041666666667	
0.46109375	0.5582291666666668	
0.462109375	0.5588541666666667	
0.46382812500000004	0.5601041666666667	
0.46640625	0.5605208333333332	
0.46804687500000003	0.5633333333333332	
0.46921875	0.5652083333333333	
0.47062500000000007	0.5657291666666666	
0.471796875	0.5666666666666667	
0.47234375	0.5679166666666666	
0.47203124999999996	0.5683333333333332	
0.47210937500000005	0.5671875	
0.47281249999999997	0.565625	
0.47273437500000004	0.5648958333333333	
0.474609375	0.5651041666666666	
0.4756250000000001	0.5652083333333333	
0.4765625	0.565625	
0.47750000000000004	0.5646875	
0.478046875	0.5651041666666667	
0.477734375	0.5663541666666667	
0.47671874999999997	0.5665625000000001	
0.476171875	0.5654166666666666	
0.47539062500000007	0.5643750000000001	
0.47484375000000006	0.5625	
0.4751562500000001	0.5619791666666666	
0.47515625000000006	0.5598958333333333	
0.476875	0.5591666666666667	
0.47750000000000015	0.560625	
0.47718750000000004	0.5618749999999999	
0.4770312499999999	0.5625	
0.4759375	0.561875	
0.47554687500000004	0.56125	
0.474921875	0.560625	
0.4750781249999999	0.5589583333333332	
0.47546875	0.5573958333333334	
0.47484374999999995	0.5552083333333334	
0.47554687500000004	0.5544791666666666	
0.47515624999999995	0.5544791666666666	
0.47562499999999985	0.55375	
0.4756250000000001	0.5544791666666666	
0.47625	0.5549999999999999	
0.47609375	0.5545833333333332	
0.47679687499999995	0.5535416666666666	
0.47664062500000004	0.5526041666666667	
0.47554687500000004	0.55	
0.475390625	0.5488541666666668	
0.47429687499999995	0.5459375000000001	
0.47375	0.5452083333333333	
0.4735937499999999	0.5432291666666667	
0.475703125	0.5423958333333333	
0.47609375	0.5415625	
0.4761718750000001	0.5426041666666667	
0.476953125	0.54375	
0.47671875	0.5444791666666665	
0.47585937500000003	0.5464583333333333	
0.47453124999999996	0.5458333333333333	
0.47375	0.5454166666666667	
0.4728125	0.5446875	
0.472265625	0.5425	
0.47289062499999995	0.5417708333333333	
0.4728906249999999	0.5405208333333333	
0.47320312500000006	0.5415625	
0.473828125	0.5419791666666667	
0.47453124999999996	0.5442708333333333	
0.47406249999999994	0.5450000000000002	
0.47296875	0.5456249999999999	
0.47203125	0.5452083333333333	
0.47046875000000005	0.5442708333333333	
0.46929687500000006	0.5425	
0.46859375000000014	0.5413541666666667	
0.4682812500000001	0.5397916666666667	
0.4680468749999999	0.5385416666666666	
0.46851562499999994	0.5390625	
0.46859375	0.5389583333333332	
0.46859375000000003	0.5393749999999999	
0.46749999999999997	0.5389583333333333	
0.46687500000000004	0.5391666666666667	
0.46554687499999997	0.5384374999999999	
0.4641406250000001	0.5379166666666666	
0.46296875000000004	0.5370833333333334	
0.4622018702788527	0.5365779521119528	
0.46171875	0.5359375	
0.46104292468495184	0.535582271087338	
0.46023437500000003	0.5328125	
0.458984375	0.5334375	
0.45812500000000006	0.5327083333333332	
0.45718749999999997	0.5328125	
0.45648437499999994	0.5335416666666667	
0.45539062500000005	0.5340625	
0.45414062499999996	0.5335416666666666	
0.45226562500000006	0.5336458333333333	
0.45109375000000007	0.5322916666666666	
0.45084966835239315	0.5322543949699928	
0.4502343750000001	0.5320833333333334	
0.4479687500000001	0.5322916666666666	
0.446953125	0.5327083333333332	
0.44523437500000007	0.5340624999999999	
0.44320312500000003	0.5359375	
0.442265625	0.5383333333333332	
0.44125	0.5399999999999999	
0.440546875	0.5392708333333334	
0.43914062499999995	0.5394791666666666	
0.43796875	0.5379166666666666	
0.43656249999999996	0.5381250000000001	
0.43601562500000013	0.5381249999999999	
0.435703125	0.5404166666666667	
0.43531249999999994	0.5420833333333333	
0.43499999999999994	0.5441666666666667	
0.43515625	0.5459375	
0.435078125	0.5460416666666666	
0.43500000000000005	0.5463541666666667	
0.434375	0.5465625000000001	
0.434375	0.5473958333333333	
0.43375	0.5496874999999999	
0.43359375	0.5532291666666667	
0.43289062500000003	0.5548958333333334	
0.432734375	0.5584375000000001	
0.43265624999999996	0.5613541666666667	
0.43335937500000005	0.5622916666666666	
0.43390625	0.5655208333333335	
0.43390625	0.5665625	
0.434921875	0.5673958333333334	
0.435703125	0.5705208333333334	
0.43578125000000006	0.5717708333333332	
0.437109375	0.5739583333333333	
0.43812500000000004	0.5771875000000001	
0.438828125	0.5781249999999999	
0.43914062499999995	0.5799999999999998	
0.43921875000000005	0.5806250000000001	
0.439453125	0.580625	
0.43859375	0.5822916666666668	
0.4382812499999999	0.58375	
0.43687499999999996	0.585	
0.43703125	0.5863541666666667	
0.43796875	0.5886458333333333	
0.43859375	0.5894791666666667	
0.44125000000000003	0.5894791666666668	
0.4415625	0.5898958333333333	
0.44171875	0.5903124999999999	
0.440625	0.5894791666666666	
0.440078125	0.5898958333333334	
0.439296875	0.589375	
0.43882812499999996	0.5882291666666666	
0.43867187499999993	0.5876041666666667	
0.43890624999999994	0.5866666666666667	
0.43968749999999995	0.585625	
0.441875	0.5850000000000001	
0.442890625	0.5841666666666667	
0.44210937499999997	0.5833333333333333	
0.44117187500000005	0.5815624999999999	
0.44117187500000005	0.5817708333333332	
0.44039062500000004	0.5827083333333334	
0.440078125	0.5828125	
0.439453125	0.5828125	
0.43968749999999995	0.5829166666666666	
0.44117187500000005	0.5813541666666666	
0.4423437499999999	0.58125	
0.44250000000000006	0.5808333333333333	
0.44296875	0.5820833333333334	
0.443203125	0.5848958333333333	
0.44281250000000016	0.586875	
0.441875	0.5876041666666667	
0.4423437499999999	0.5873958333333333	
0.442578125	0.585625	
0.4421875	0.585	
0.4426562500000001	0.5841666666666665	
0.44312500000000005	0.5843749999999999	
0.44359375000000006	0.5857291666666666	
0.443828125	0.5877083333333333	
0.4441406249999999	0.5883333333333332	
0.44429687500000004	0.5890625	
0.44546875	0.5894791666666667	
0.44515625	0.5896875	
0.44453125	0.5891666666666666	
0.44429687500000004	0.5873958333333333	
0.443515625	0.5851041666666668	
0.44343750000000004	0.5839583333333332	
0.44273437499999996	0.5836458333333334	
0.44195312500000006	0.5836458333333333	
0.44164062499999995	0.5845833333333333	
0.44148437500000004	0.5854166666666666	
0.44148437500000004	0.5843749999999999	
0.441015625	0.5833333333333333	
0.4406250000000001	0.5836458333333333	
0.43921875000000005	0.5829166666666666	
0.4382031250000001	0.5813541666666666	
0.437109375	0.5817708333333333	
0.43718749999999995	0.5819791666666666	
0.43679687500000003	0.5818749999999999	
0.43640625	0.5813541666666666	
0.43679687500000003	0.5815625	
0.43656249999999996	0.5814583333333332	
0.436328125	0.5823958333333333	
0.43617187500000004	0.5833333333333333	
0.43492187499999996	0.5830208333333334	
0.4340625	0.5829166666666666	
0.43429687499999997	0.5818749999999999	
0.43515625	0.5816666666666667	
0.43531250000000005	0.5811458333333335	
0.4346875	0.5817708333333333	
0.43460937499999996	0.5810416666666666	
0.4346875	0.5813541666666666	
0.43539062500000003	0.58125	
0.43515625	0.5826041666666668	
0.435234375	0.5826041666666667	
0.43492187499999996	0.5830208333333333	
0.4345312499999999	0.5827083333333334	
0.4340624999999999	0.5835416666666666	
0.43367187500000004	0.58375	
0.43429687499999997	0.5851041666666666	
0.436015625	0.5855208333333334	
0.4364843749999999	0.5865625	
0.4371875	0.5871875	
0.43695312499999994	0.5875000000000001	
0.43679687500000003	0.58625	
0.43562500000000004	0.5876041666666666	
0.435390625	0.5882291666666667	
0.43484375000000003	0.5898958333333334	
0.434921875	0.589375	
0.435078125	0.5885416666666667	
0.43523437499999995	0.5875	
0.434921875	0.5878125	
0.43374999999999997	0.5873958333333332	
0.43257812500000004	0.5873958333333333	
0.43109374999999994	0.5880208333333334	
0.428203125	0.5873958333333333	
0.42523437499999994	0.5862499999999999	
0.423984375	0.5844791666666667	
0.420703125	0.5804166666666666	
0.41789062499999996	0.5772916666666666	
0.41500000000000004	0.5746875	
0.4130468749999999	0.5728125	
0.41015625	0.5718750000000001	
0.40890624999999997	0.5697916666666667	
0.405625	0.5684375	
0.4013281249999999	0.5660416666666667	
0.39875	0.5658333333333333	
0.39671874999999995	0.5659375	
0.395390625	0.5664583333333333	
0.39289062500000005	0.5671875	
0.39265625000000004	0.5680208333333333	
0.39140625	0.5690625	
0.39015625	0.5702083333333334	
0.38898437500000005	0.5710416666666667	
0.38609374999999996	0.5739583333333333	
0.38536626259684403	0.5780510304785875	
0.38460937500000003	0.5821875	
