-1.2333059058028732
0.9005000810040744
0.25504970534596205
-1.3017013616683168
-0.6019888450432019
-0.9794631900751704
-0.2284821923208318
-0.3882224232099246
-0.02241546861499296
1.0069677145807603
1.441077197580091
-0.4870713829700266
-0.5511232028103573
-1.2178828335510545
-1.4212769306969824
-1.7908985182416641
-1.882783549517277
-2.0867275249919253
-2.0204689985069364
-2.7861985741392212
2.2080932060890253
2.6064638088408363
2.3576689566692535
3.128139631976311
-2.3312306861106964
-2.0561396956748115
-1.8362989858207794
-1.3505258583723712
-1.3440087811920673
-1.2487457246312283
-1.079855787229102
-2.255577660564594
-1.734673399174207
-2.996135100903797
2.182717413836145
2.2428380100910723
2.828384957024245
2.9837189472294354
-2.8566585961224917
-2.814076903617888
-2.6412063434856647
-2.0415283323290105
-2.1648465506069936
0.2665960008921333
2.6891903780290933
2.5724493423122463
2.0471919279621296
2.037784957873182
1.5217735280449591
3.0365048758129656
-1.297188756011238
-0.336809947762513
2.194408801763565
-1.906711638497648
-1.7989602293739102
-0.6444441849855633
-1.4608686367060484
-0.7302683425266911
0.060450468410769606
1.2176983518122164
0.34959797548285976
-0.15912645287374955
-0.9715160070852563
0.3458190242959341
-2.7092983190213102
-1.292913496325466
-0.5268666027294002
-0.6575308307501215
-0.866868243965108
-2.494779250316867
-2.3930956846607456
-1.8566034387775177
-1.16656130037912
2.8811678213917467
-0.11354955554557755
-0.6076920243370605
-0.5774311787725698
-1.4203045793996396
-0.15850655623645435
-0.38211665165114245
-1.4033457845657786
-0.8760690990547984
-0.5274573977442701
-0.6228704144549178
-0.8170387583714513
-1.2258772618455034
0.19361968089579346
0.5631908899065281
-1.3641178146010755
-0.03903652672190984
-1.1390637242488844
-0.9781658646862108
-1.4090805778591753
-1.144944430078721
-0.8361515470426812
-0.8272100658852463
-1.9456960657066238
-1.7911545894471996
-0.9214526122228749
-0.7946938189872211
-1.4956846050823611
-2.1491933681726594
0.7761914535533552
-0.8192270656164632
-1.459625256797805
-1.1477971281508694
-1.2251079940967968
-1.4330936123325682
-1.6067635975708858
-1.7361095091332257
0.20919689464234897
-1.4455426077801041
-2.9826383798846248
-2.343125690255972
-1.6612098848173762
-1.9507819610266934
-2.0742345150601773
-1.9067544485941945
-1.85833960919476
-2.0260227842915177
-2.0892438964579867
-2.045516761460525
-1.8132889230244955
-2.0582261073365595
-1.6454928394219908
-2.0391889686073745
-2.1045531598393885
-2.0887166481559394
-2.1285074638644046
-2.053361614409972
-2.030761786667045
-2.3995653284128156
-2.02177292121986
-2.2642227947052547
-3.1052069211895272
2.823637570771397
-1.9712852591377705
-2.375841961965435
-2.477619897119526
-2.3453754214732006
-2.784786763373267
-2.2996894394231373
-2.6829641189449087
-2.608959181530576
-2.7126314842223027
-2.631512717526068
-2.482259302281453
-2.3132412802836235
-2.886612182403244
-2.4563774601199655
-2.228808195084752
-2.3121155543617777
-2.331561899338855
-2.399858651124457
-2.4325811715205963
-2.51606498499658
-2.560242855012687
-2.6513367333808993
-2.6394239699296653
-2.6026845247570183
-2.709386161167358
-2.9463096464189276
-3.1085964467963945
3.1014677813630787
2.8176036493997914
3.0575598824100236
-3.022955057075308
-3.128705073244593
2.950537203549263
2.6857387604698926
2.807350886334196
2.910822452432126
2.8760190688770706
2.878121234757017
2.677795321473158
2.715132629069103
2.2956133179286224
2.3272295052480607
2.381793458199918
2.2405446617821196
2.4039552036421257
2.8481501569243552
2.3713196786495
2.2015238895375595
2.052050566020592
2.2186544541666477
2.040573489418806
1.8651156988808901
1.9855135140528457
1.9824319552897631
1.9239342135174509
1.8576113654680775
1.5238047767077212
1.7478666227383797
1.4718282266015428
1.678123341737899
1.333190327267507
0.8040222892529312
0.9635971317080074
1.0746057074618003
0.9830294530092082
0.7748992745080965
0.7753862066604602
1.2697241042635183
1.173383294981482
0.9087550753049046
0.526869148861484
0.9661947315099344
0.2816293208015986
0.1677049385953875
0.030078599682611326
0.13226996548201464
0.4603493082068261
0.16879125625524952
0.5862451930165646
0.41540363088879445
0.09528567973092136
-0.3884177190226925
-0.3112962227805945
-0.0040427881259981965
0.027198326078032766
-0.04789131673079047
-0.4074040702754934
-0.4002719027302694
-0.36054842343022114
-0.5567884491961068
-0.44192945020242935
-0.7526718074770645
-0.3976886248937503
-0.2685701798298096
-0.5612763506101545
-1.0184993593701608
-0.5405723714367755
-0.44388218927378514
-0.5965778622648729
-0.37434937086663106
-0.7233230684228567
-0.7860520681512037
-0.6045325684661322
-0.5540885605858391
-0.5568387641430642
-0.5029110292647307
-0.9614540504825039
-0.8983514500892654
-0.9131230567011857
-0.8114687032455935
-0.8957705535353678
-0.7926791167955229
-0.825543418027232
-0.6739631685110602
-0.6633320317618275
-0.7818710015788446
-0.5444148335417033
-0.3020915765265572
-0.3976547367745484
0.5404770950619019
0.3207349783082941
0.458336552216142
0.2681014141212952
0.07351395637600328
0.513806783572188
0.49024438860739794
0.7783818614275845
0.9313117370502733
0.4017640228352848
0.5799613425347541
0.41302853017061314
-0.18045537366909234
-0.04572227088691041
-0.3253789178125623
0.17341595867338963
0.8904043438516439
0.9133286660522828
1.1366765104903018
0.8760056111850391
0.7764416774861924
0.4667015490992103
-0.4495914972368417
-0.46745979624952044
-0.09775602687414323
-0.31174553006526856
-0.8078533352139428
0.2536335726764722
-0.381343444353985
-0.5378474729610863
1.4433968708500662
1.2740063459230038
1.6039309294489903
1.8078332567859163
1.0483833647685517
-0.16628161455713494
-0.014266211362744564
-1.7966835989493553
-2.6421976942539853
3.0648017652044577
-2.2687045847237375
2.3362548994054926
2.2299251582996247
2.619418416677538
0.8213286032809551
-1.9206924773019445
-1.9424451969357446
-1.7198878646639355
0.17848450662641227
-2.48907023951429
-1.4422803278758427
0.7980373703103768
-2.1926731063449063
-1.2951541939916154
0.28489265787703116
-0.04355911711133996
-0.6795900406694433
-0.6553051862841763
-1.3085969246224625
-0.3146760052726957
-0.07298905628811503
-0.37237734881476003
-0.2658395785244207
-0.5852986722596871
-0.6188624034075847
-0.06953032314689654
0.8809743584424145
0.6323881054543291
2.628020028820572
0.25168428723538183
-0.7460939470939003
-0.927410491884599
-1.742068554390617
-0.6421857029929137
2.2879574950200587
-1.7695119394257832
-2.1431174982076175
-2.4431084420717473
2.709494921347539
2.9696705493972253
-1.9444032641563376
-1.1347893583693967
-2.029001407036304
-2.9677296254374825
-3.0139400951820607
2.9326161189295497
2.6655376218303855
1.9665878995846247
2.6595714382599223
2.7394295648146083
1.6177139602230415
0.14111609342398024
2.7162310565334478
2.1480627534214007
2.065465837035728
1.945158278805277
2.2907324646604574
1.6515352313882528
1.7758897135014515
2.361254769269751
2.8058570854886113
2.994872735292338
2.496416423798413
2.8400233772782335
2.647154822565423
3.1130819823142475
-2.4714198302529953
-2.1473605383482623
-2.384959704538393
-2.245901833290105
-2.433833666697574
-2.3123166784356046
-2.519280811270907
-2.5548966406475593
-2.6703147396126385
-2.900878804358251
-2.7199947106688565
-3.0418165139968223
-2.923730270389893
-2.7870356129294187
-2.947839864948338
-2.893992012370196
-2.9938091962041113
3.0205532519156626
2.830100086929148
2.949340098838574
2.533864726977781
2.3536112041549266
2.4695684787995846
2.85546425301121
2.7298795060529777
2.605185441871543
2.6845994355826477
2.7663579305519805
2.720241178068987
2.5926973178750465
2.6742888723331584
2.547712925477185
2.7630512828894593
3.059980678336429
-2.8444600890129044
-2.929618145703866
3.034073858145559
3.0043376208678225
2.720472179850243
3.0754603311067945
-3.0377108497151615
3.1048756144307634
-1.5634381987008144
2.1099985298622173
-2.1087529532000535
-2.8084595204234133
-1.6993105456748476
-1.7361649624155877
-1.8203095065704156
-1.9117694825611276
-2.0775908066612465
-1.8442846223315523
-1.619485807955381
-1.5825211328215514
-1.7279111379493142
-1.380212719405324
-1.4671076261514997
-0.8946901901510782
-1.3322071669057536
-1.0647137650694305
-0.9184647934056136
-0.826725167043958
-1.033396855327766
-0.5506908789504517
-0.4439642765948064
-0.2324917105150205
-0.08056527979466814
-0.21773333680892462
-0.46416424405530865
-0.0798376120367647
-0.005227312163269853
0.12230248410068272
0.04265435598110585
0.053518072231253766
0.1421422336620876
0.2126493746604423
0.1738132940270652
0.2467042351051539
0.1315442289122629
0.10199940597723837
0.08187542584622742
0.17613527818291802
0.14524534707394557
0.19490798787111366
0.08960594086195355
-0.06634743158103526
-0.11173261687213328
0.10453598103171347
0.11273484104148399
0.16932206376147405
0.2996076268814748
0.19076819348272758
0.013228217702166553
-0.15127425105304287
-0.14490416128704903
-0.07823772055970062
-0.04851553854171916
0.11612841445489182
0.14621324546231834
0.03716218147674877
-0.0804099227194529
-0.12147858468518825
-0.17920133887952439
-0.12259868327030128
-0.056293768420899455
-0.004512797311608866
0.0779382061587157
0.14698800563784456
0.09711633528179012
-0.03512849780221984
0.03435317671242227
-0.035100901068682896
-0.1042368000706217
-0.04145770484812102
0.05390303205761157
0.20670517791602885
0.15904428400141735
0.20806709426157297
0.11200099739630866
0.3172812025025883
0.3362170297652993
0.19287949879401434
-0.3473458241906423
-0.165014984151805
0.08194755272333573
-0.7788150970581097
-0.3579689535196592
0.45520152283074
0.813975911227262
1.5039417098730163
1.4101333791053474
-2.8543194129771283
-3.0074399055403807
-2.2699546289739767
-2.7071436758003045
-3.05675821375591
3.084024865104034
2.772581248410703
2.781796840638275
2.9535760689879273
-3.0407142341594766
3.089588268769097
-3.05770779910662
3.139195545116124
-2.625661270596917
-2.8272701401946647
-2.931573655042864
-2.981011200317414
-2.871388878271778
-2.879048198016882
-2.8834455135676467
-2.743670338333467
-2.7356113656634116
-3.016917566103175
3.1121755495132972
-3.1175715368106287
-3.106098781616407
-3.084531432171649
-3.002888305775998
-2.95454707618019
-2.9124178097858353
-2.990892016056443
3.061368789102453
-3.1365912580286723
2.978986430001619
2.9854940939161674
3.021097809464932
3.1070574871669168
-3.0456520915932397
-3.0537170657620765
3.137000239092835
3.074052293103711
2.94729568183326
2.8876432359035564
2.819252078450488
2.944744886562138
3.0534357420278413
-3.0952816832836842
-3.136431492405195
-3.096320472844236
3.0569626422477496
2.9387747479672113
2.8883376302396093
3.030732281739452
3.006953704328337
3.129085336097894
3.075430210762173
3.102816873448723
3.030512599017368
3.046088096635396
2.949941350676441
2.907166924059826
2.9902072359254355
3.133639393879872
3.087212790903989
2.916051821801415
2.9613481545260685
3.0005286787577954
2.931080707269535
2.946942810750787
2.792004123115851
2.990231029668406
2.789653287867038
2.9593258894678667
2.7236489344823482
2.805715292779719
-3.0645825652650602
-2.4750598767342207
-2.393260567945081
-2.6537463890897808
2.703674969386593
2.4872177145805576
2.2174927839827876
2.9923465489339414
3.0302209109882674
-1.9301317035387802
-1.3947165614885173
-2.160743403229417
-1.4587107639673278
0.2113336057225746
2.1137582663457195
2.0328313561104525
1.3670177002360173
-0.11301591823944541
-0.12134628112464849
-0.4821612971448504
0.008524698835679483
-0.16439070197185
-0.5218201545979213
-0.056087216821709515
-0.6946089441173392
-0.08505584852844235
-0.31194315428259467
-0.09586891479484191
0.9008068477498944
-0.6804755507345464
-0.9689777286946174
-1.1591770068060852
0.45588698534503336
1.737831499050606
1.017712447242676
-0.5517349816343223
-1.019046116860745
-0.8652981424267108
-0.8677226547703745
-0.36656442179907534
-0.3819226034032016
-0.2237495845941673
-0.009176808703365097
0.22420003536420388
-0.2673613727797139
0.2889596049215102
-0.16684783696091524
0.026303005561439018
-0.08354723629203922
-0.1680898623525743
0.2009591082010718
-0.051371124679427484
0.11610948807188873
-0.03651801561396593
-0.22044247829448466
-0.010397282321474277
-0.343861785326398
-0.05145577144686927
-0.03622194952697547
-0.08628170449359276
-0.07368120420462375
0.04222869925841221
0.02796531617143798
-0.12471487722910811
-0.14019493833005311
-0.16179139426480618
-0.07793694513631017
-0.08099392832789536
0.026653154294756582
-0.025328979272548995
0.10121566838618068
-0.01439619722219966
-0.11582911745586247
-0.16686646119684223
-0.11749909090964174
-0.1168887245101038
-0.08288368097532421
-0.06384489572695294
-0.07319179331138076
-0.025496733091062016
-0.04827196097504863
0.003300688253046797
-0.08202669741344347
-0.02840643616345553
0.04314937004803903
0.026437128689214422
-0.03475507698921781
0.007174493395864095
-0.01324818097599998
-0.0063916258385016715
-0.06388071416027724
-0.056596797727296665
0.0771020358211914
0.1195833745227264
0.12467909221924539
0.10563048767787848
0.042051369697935236
0.051270244936792206
0.10308575825910188
-0.11030157759810598
-0.18167602034990005
-0.06820560383102718
-0.09442750824526304
0.06461981628429839
-0.19460396862515944
-0.10477735798206438
-0.054359786858833976
-0.03680396429836054
-0.1492265710803892
0.029439408052476003
0.006664713250640072
-0.06948538324027081
-0.2780856861379219
-0.13549578884265218
-0.1488021587757412
-0.06792748696939709
-0.6453724906528275
-0.6779728078148408
-0.940439370465557
-1.1730424866933162
-0.38014244483052023
-1.275585070406147
-1.0670278706643461
-0.6552317956660177
-0.4633366685636138
-3.1128407674549647
-3.013241888899845
-2.587247062748308
-1.0342486394423576
-2.6129977418361707
-1.823614631035122
-2.0968609572377925
0.3794450488599235
1.3017638266469622
-0.4378564990617746
0.6539920084268742
-1.1360508243353389
-1.5055335943846042
-1.5483212561242008
-2.070314598688826
-0.3532713227725914
-1.4793644577484077
-0.9272300602439273
-0.32807452174246443
-0.21215572952312836
-0.5790227797088252
-0.7780210061762561
-1.5062983784935378
-0.16734274265305518
-2.847756011238864
3.065268544884499
2.9301327119392995
-2.8289611302064923
-3.125086993613565
-3.128160202447923
-2.659781035115093
-2.866379304303025
-2.86743253907452
-2.759709662779572
-2.9921930815118394
-3.0508370900340953
3.0369764840387963
2.8658284993995964
2.9638825573666456
3.1154401624300605
-3.1021723081957666
-3.090382483994911
3.0748823792185633
2.823022146270646
3.03102068093692
2.942670222020912
2.6341450311276478
2.8771577639265358
2.845176533223311
3.010073301336136
3.0631940556372177
2.9992963630661684
3.1313264878603144
3.041556785794437
3.051611921174773
2.8512261867083595
2.875748692244758
2.9629042155286704
3.0493711061391537
3.055882430396959
3.034915547180165
3.0878759456758176
2.971926665664624
2.9686834213872637
2.896338553969209
2.9801194066898224
3.0035120665471817
3.114970754540673
-3.131105825541101
3.0690207141481585
3.0892297052832416
3.030813727932664
-3.079340894660597
3.1319818111992355
3.11175922404385
3.042661026352586
3.064937699217049
3.0660340721853143
2.9918742388669726
3.056498533761212
3.0425846673073957
2.825212782570718
2.841052688806536
2.8852167632570977
2.946234669426394
2.8966124840331484
3.0539389316277554
2.9940583967569565
2.9802402994171175
2.9874899262571115
2.9273341388383716
2.9703807572253464
3.0110313206634958
2.8459165807580376
3.043497383071767
2.8485171645611853
-3.021522396462695
2.9928653417989963
2.9782585635382732
2.8928146625662903
2.900710050561854
2.9277235965157224
3.021397587644487
3.1008854519947837
-3.0177536528496436
-2.878097129146144
-3.0205267385836723
2.9142786766826103
3.001822205525419
2.5899411729850206
2.6581482472923534
2.475433929791469
2.6560879070004
2.549862046068586
-2.358042710803222
2.5859397534543973
3.1364175290590466
2.0822611778071494
2.940361915758821
-3.0937749371375736
1.3372844366631653
0.36437463426909067
-1.1821864579341614
-2.656613044552601
-1.619835281008349
-0.8107416809761797
-1.8696190092801903
-1.0557069090492437
-1.1970064207573967
1.3121623196375767
1.16119284319827
1.1835583571260613
0.8797898342138225
1.0578016682481173
1.8203655276025525
1.281481613744302
-1.3635237508967741
0.8603548641572991
-0.021437521702671006
1.8260961464361936
-0.8783695747618158
-0.1796090222192479
0.09581782332272429
2.1891787176695257
-1.8440717462560108
-0.05021514853035541
0.06408387263590815
0.049454489371067945
0.47816503094666973
0.1894956131564257
-0.046588716404036896
0.38999775190202896
0.11911118183155828
-0.32851080188914994
-0.2748971237710859
-0.08448300241715051
0.0818341517093198
-0.16535310642604847
-0.2775066883144933
-0.3605765453899199
-0.22104137674159968
-0.3248250494953108
-0.14913439722248342
-0.12498937895844048
0.0855528716274788
0.06018439530614345
-0.06246049867631057
-0.06787963572769347
-0.134003567300676
-0.06640311555950142
-0.06914425705289269
-0.09323041417555006
-0.04943865571054371
0.03308152806761808
-0.028804459544935598
-0.07095133500747312
-0.12762300795054082
-0.11569342341746602
-0.07308614572365948
-0.08076776833101804
-0.12200948270696937
0.007213409689491262
-0.015643695199393542
-0.060624839422296656
-0.037563837860161736
-0.036073330433139095
-0.049679794613563116
-0.05739277008954389
-0.10456746942175353
0.023906292837888126
-0.01842021159844903
0.035624990031767154
-0.0047677205519884615
-0.1402645995720328
-0.04427716023739931
-0.02402911474102829
-0.01931900339983039
0.04348247597506156
-0.034571080922602644
-0.1008059536637528
-0.05066442126802864
-0.2086950944990766
-0.08557481259431356
0.00568165949777665
-0.04325001531648598
-0.13135466652461797
-0.10090116343539426
-0.10611736689963948
-0.08664206580593287
-0.23570280381917452
-0.21530075814277946
-0.043943084637189975
-0.18238336758145895
-0.09984204801358093
0.03266532384493788
-0.16198194678030298
-0.07780702618422823
0.1477873947934096
0.3968663449084548
0.21167531097945141
0.44298550042337886
0.4570979754876669
0.3478486755359104
0.05249388736575444
-0.8312107506279258
-0.6470755644485189
0.280713498954352
-2.446311981377428
-1.0541887263781566
-1.12382048996822
-1.4024311855722498
-1.6249195802493817
2.828806606646743
-2.4969855839558655
-3.088473206867667
-2.6265584725824054
-1.8243898710395128
-2.500062627473168
-3.108230697715532
-3.121774481494935
3.1182981001203323
2.307042120524772
3.066704254945833
-2.7193842787311624
2.9737411999585333
3.0118917754107795
2.980299477493402
3.110251262101808
-2.9578375935934096
-2.840334391805726
-2.754715968715273
-1.6839295294416796
-3.0605244575846857
-3.1001256382862947
-2.5896779915960035
2.9031282326225534
-1.9578487725372968
2.4037890190025664
2.5877637174250827
2.083145148524554
1.6083212448400315
1.8118368833531369
1.771213874763109
1.8106225115445633
-0.24163427617981886
0.7083234006813462
-1.543261401141122
-0.9641085966861446
0.4155259474523354
1.0035637285452683
0.1298935685127762
1.4454305228788613
1.0793994651712158
-2.2517742976728874
-0.3130262857626086
-2.3463448299657372
0.7152155330442433
2.9002158396488142
-2.8389326773418175
-2.8636971881405047
-2.826845134580738
-2.5337912771256126
-2.712461097535235
-2.819873488783151
-2.846929114261704
-2.185278651544291
-2.277867241436526
-2.162632317604433
-2.092101389926222
-2.1944445735993043
-2.1619754937882707
-2.4253029472584693
-2.476617681430196
-2.7306524095003972
-2.7168429003735834
-2.5663289723143072
-2.3727609323533962
-2.427422860565841
-2.161002890788215
-2.2447798428624917
-2.5610993727599722
-2.5488790661769083
-2.633929347299637
-2.4541924081449635
-2.8612426132550444
-2.4623760602431437
-2.750195717034052
-2.837048973989665
-2.9421147997851147
-3.0272335872492953
-3.1178526663579675
-2.674936260562361
-2.855763432351997
-2.3664405387495333
-2.2518597158003484
-2.3393764941397235
-2.3048087144407505
-2.1975460724749163
2.743225924135937
-2.895428397014855
-2.7298301057816694
-2.8717049493635662
-2.1953329985586842
-2.6444539074893036
-1.1858645649657837
-2.0819403149927322
-1.6810027866975197
-0.8128578169209072
-2.5465074393121867
-1.6172744860832478
-2.0377988230570376
-2.494301931257227
-2.1920087707034983
-2.5446719014506094
-2.2878871899755717
-1.6768820325768212
-2.1799816338143505
-2.0112093847062202
-1.4623517657859146
-2.1737393559924145
-2.149305044863392
-1.4464575617637152
-1.1071860940838238
-2.5866998477635734
-1.4912580923869365
-1.3951875357523917
-2.7846051566728995
-2.860124566609759
3.1070099265619393
2.8842150231435806
2.6573460179344615
2.1812801135546906
2.6480860605354035
-2.200943752337454
0.8997277779814429
0.4119968207109127
-0.7230932011100244
2.508991886428798
2.7809834449512723
-2.9238589530249826
2.1744061262671184
1.1551405519542053
2.797625843390689
1.2838741513943863
2.146831279845982
2.209541870267854
2.498289135170769
2.3665017558008477
2.335719809910563
1.0796409042618618
1.3343123077021959
1.0919868805649304
1.5516062785241131
1.4272938944824025
1.770850033609229
1.9171925697976642
1.5473891178179597
1.5018375996417086
1.0851432225080593
1.3955540987335586
1.2475903626999738
1.511802480024123
1.5612754318092223
1.3835284724404502
1.429990193594117
1.2168397191190032
1.42603536143644
0.9630723880997782
0.9788732125613931
1.5657209485783834
1.7266308905125713
1.5130808370461537
1.5533949440986496
0.9313465801321172
1.009853649655996
1.5706918495937108
1.2760259846435376
0.9581361073868199
1.026701362543238
0.5950951208499501
1.4101875857929063
0.7138441384210631
0.8891319378931518
0.6430629170081691
0.7579721026528556
-0.08584561103324605
-1.6997235050028248
-0.12843795456871052
-0.22131940607028044
0.22639882210788764
-0.6511753704919695
0.2837863147409052
-0.4674992264085556
-0.08410618309653688
-0.3040836486532648
-0.6204957921515222
-2.261621171959791
-0.68860980272486
-0.6438405726073295
-0.35734973129594516
-0.7782209535026551
-0.3791090167788598
-1.6912358553073734
-1.2378024715323532
-1.2741549601655386
-1.058829583546857
-0.977418653476723
-0.9552118189574252
-1.2152867709104151
-1.1864122314500007
-1.0520425501034294
-0.6496868844496828
-0.3953764172160942
-1.2696405122122778
-1.609509934683551
-0.6317121597377574
-2.5591594160119464
2.404932031072556
-2.7903033836330167
-0.293151335608804
-1.4145455958189128
-0.5676740906371626
-0.8661387196801441
-1.6578102653661664
-2.492493048864345
1.8329164815383756
1.686400221499113
2.3827064181180826
2.229486135928911
2.3827843764109837
1.3669704339069062
2.0103069524753625
2.6276818216413296
2.544817489550976
2.5912504813566715
2.1006144515944225
0.9906513169591608
1.0515155842509094
1.4300028953679766
1.444425899651907
2.3330064593268487
2.0023597335623924
2.054560080500215
1.753626387965913
1.816807976407548
1.8886035791396238
1.752423809355778
1.218587110899261
1.8087440821563525
1.7624787569045082
1.4759026804904958
1.3416913389494007
1.3838716200921426
1.5614123186363427
1.2904219960622711
1.4230330544092633
1.1577184038373944
1.3456530773577047
1.1129987108293613
1.1625465687788514
0.9785883193025371
0.8710063705406599
0.7489431988162774
1.0287172410551702
1.041200580504902
0.6951848480764453
0.29857119884773475
-1.4114597544928738
-0.9280728616399382
-0.9123650535122656
-1.0054543232072772
-0.9427584501666952
-1.1725368737686312
-1.3331310324234973
-1.4559293728993536
-1.1496455018242642
-1.5782725620178473
-1.4591007401138223
-1.4192580030071056
-1.4303743784797522
-1.708612705807139
-1.4856535352007676
-1.7255410225119565
-1.715982571121234
-1.7867809270470496
-1.6829819073060297
-1.6791628447440314
-1.6962864405633444
-1.438944996888156
-1.6665479393028486
-1.6610898909945855
-1.505541558046885
-1.740962553417797
-1.6543077240726665
-1.5962403136645127
-1.527165926932802
-1.390726889841276
-1.6226598871379043
-1.6819427049247946
-1.5224270328865055
-1.7658970189666883
-1.5599332385049964
-1.6354385242733822
-1.5870846896467845
-1.3094218813767642
-1.3525309089482707
-1.313454477702207
-1.5961553849481047
-1.6004842684281548
-1.4319195583322601
-1.565002353729664
-2.0658710903521147
-1.646363117661923
-1.1679960929663376
-0.4301887474297456
-1.4146122953097595
-0.8947714603201963
-0.1999838032560142
0.05430854597421415
0.9246008565949914
1.3148948883253906
1.1947575922143945
1.508350658813871
1.3621144617869654
1.5369892605434903
1.3901874589768333
1.4459342160743962
1.4730668290625346
1.52971529311924
1.5576165412711898
1.5573704148489147
1.5612593953394729
1.5378030445908404
1.5070295034933523
1.4537146509501222
1.4362137322501338
1.5100626034934663
1.5324177241441952
1.5063751618909098
1.545883183526409
1.5600603541943023
1.5807546181562455
1.5256949675696398
1.4833416142370202
1.525539733537275
1.5429191919225729
1.5652571917111442
1.5595319805745553
1.5613591138159129
1.5794840338116676
1.4934970189028967
1.4671393289486856
1.5252089892785565
1.532165201953993
1.5447548055789464
1.6072228917330653
1.4664126746982071
1.46454695214902
1.4326857116369847
1.6093841098674109
1.7466573188211265
1.6961003123530292
1.6106337883071753
2.1132618067653324
1.4737412218319363
2.5857672770813407
-1.9765071278883253
-2.207501515058039
-1.224403135267664
-1.5706786437286437
-1.6828380798768379
-1.4773499060898156
-1.5206471110812185
-1.4760600307735268
-1.476298197718542
-1.6233674788147996
-1.5161554887349604
-1.530698673511807
-1.556891445744204
-1.5597457760987028
-1.59091023697834
-1.756895971272168
-1.6448790629997574
-1.6253855178394114
-1.5699237326403985
-1.5363724866364885
-1.5980689307916367
-1.5899189346524412
-1.6304661573574268
-1.6564461954152971
-1.66874881735441
-1.6419954944235209
-1.6145685874785498
-1.5653349239829393
-1.6072487603428949
-1.6352810154331394
-1.6291666058036742
-1.6426615217592289
-1.6342432616462172
-1.6868485577053491
-1.5836579895293768
-1.6162833474663318
-1.607525047642773
-1.6871444395123893
-1.7607620039399317
-1.9129007351290115
-1.7614620463995754
-1.7969710715088776
-1.6000489454437676
-1.676535032572293
-1.6424096793762792
-1.6943985592240434
-1.1583365116004287
-0.9709470221516466
-0.08457266500851052
0.8378907756133576
0.14805131183436154
1.2480020782896437
1.4924977974687998
1.0113056674342082
1.0614777045423998
1.3739899117049785
1.2655641515007474
1.5135280766446801
1.5159608293638722
1.4429591015222187
1.5411276596988328
1.4796387408617961
1.5233420627420846
1.5482331054054648
1.5321277805147322
1.5236390928807246
1.5240109318629502
1.4989291596576628
1.4959366626704889
1.496120682404519
1.499030074723772
1.48762714435133
1.5507558761835811
1.484100316584586
1.571208595613944
1.5254660529841908
1.5478487120191793
1.5162781236965142
1.5131204509417742
1.483169723153107
1.5524374577183238
1.5517895942566655
1.5649637629286972
1.5607221397191815
1.5269513775794399
1.660228652498749
1.6389641531593404
1.7005913850675427
1.6517488688621564
1.6958359853914453
1.6099207320346323
1.5097993103551384
1.2181607791907627
1.4325076606663367
1.4659273503625263
1.9006677268755099
2.2474549698371673
0.7495595607667992
-0.992055200911205
1.1046452602893406
-0.9099315655024057
-1.1548683848427674
-1.547354268993955
-1.4815553629064682
-1.705751884469934
-2.011307905514954
-0.8042371005315151
-1.7354452509674176
-1.3734732933822151
-0.8546514314048843
-0.7342938845995163
-0.45774647736810037
-0.6797893140303892
-1.0199144414142767
-0.529763382669305
-0.7231577333464015
-2.1769081356352995
-2.595998449204503
-0.31488634319821013
-0.7549766160436777
-0.88938081743035
-0.9996626442244917
-0.5071233396409058
-0.6151059054723957
-0.6005137600492455
-1.0131845484079063
-1.8432345988117884
-0.9721333815555281
-1.3198237525411658
-1.180235035017904
-1.55848961935785
-1.5519805238082278
-1.5220553593408008
-1.5350748889792136
-1.1253914539054335
-1.2508611079872836
-1.4171247415490817
-1.1942247175481944
-1.2656097258167929
-1.7052129786737167
-1.0344116707714488
-0.9783250890761487
-1.3578523345059221
-1.0094258640763907
-1.2674684388589128
-1.1386577822711015
-1.5659050277577837
-1.1376037416638687
-1.116747955710845
-1.0775124067457764
-1.0928133820278825
-1.2901159801706332
-1.0358316577347344
-1.4743492015679616
-1.601630516413785
-1.5405984747758845
-1.495681692047828
-1.435410996279102
-1.352892801141067
-1.2760676597766767
-1.3901255383776903
-1.309514958690655
-1.3015307974805108
-1.3651494254447383
-1.456098019419851
-1.3961069606522962
-1.2541507129718594
-1.0193196372724052
-1.7241606261702391
-1.3701132489351202
-1.485926284888774
-1.0587425866118978
-0.9771203777460203
-0.28866874612296484
-0.8454564984145033
-1.1780993085628875
-1.0813153784149656
-1.1486290165217952
-0.9578847066007603
-0.9772280423907437
-0.7212796577247911
-0.8352891593725457
-0.28084692417273827
-0.49246989101539557
-0.5579796546847079
-0.48749502131172223
-0.5081137943605977
-0.43059716827781996
-0.5562116090792637
-0.5750089579935879
-0.5719123237180677
-0.08024472590946366
0.50546652570689
0.9424117678881081
0.6930243778566806
0.7173989926894261
0.16507002300053697
-0.2037151580150936
0.2513266486928995
0.36719595000171174
0.9467645196720582
0.806702566541983
1.0880285275594659
1.1774432154566492
1.2011832885625733
1.2899493287095491
1.5066997941274165
1.5270201373222163
1.6005651172410715
1.8507666223408552
1.9185885893987
1.8563705636424428
1.6919739005851446
1.7382722505631112
1.8505324960360852
1.7363073347884563
1.8089969690081769
1.8294740545619588
1.9676668061103997
2.026267294241147
1.8877172068297141
1.9494585802082
2.0550367266755467
2.0705114641016977
2.016172614464486
2.2888462102081624
2.4403870731686017
2.395761737258424
2.7942256271160937
2.7388269125277884
2.644698657250128
2.584683704862578
2.5428082996060892
2.520426909089914
2.8104244979184116
2.9368283989392685
2.9561387550502114
2.781803795395756
2.9108454331853806
-3.042832853019553
-2.799796627878871
-2.424560459851032
-2.7781524731581517
-2.7285344364551887
-2.8237299392371153
-2.664950685062855
-2.9714391503039836
-3.121434137779841
-2.9494865423152725
3.0637142781329403
3.083684161675623
-3.093269830028462
-2.616240045483221
-2.2427698272065175
-2.73186692134642
-2.806999797178262
2.6906812284407686
2.541827391240038
2.7392734443673232
2.875587510283657
2.2116527596501228
1.5999188230069281
1.2289684052734622
1.6921323684857794
1.861166690492362
2.2754639111204407
2.2616861301179982
0.9263832395953807
1.589057223000261
1.1594301293021136
0.30798956399923
0.7814641261380278
-0.20900779305607567
-1.5701659952606384
-1.6963241413171783
-1.4663913165284495
-1.6549400188387733
-1.5096217349296073
-1.6312722005284244
-1.5913904775185725
-1.7462482340480703
-1.8268988898525418
-1.916355940597266
-2.005361347509336
-1.8873590791763204
-1.9459447837333896
-1.8714649887564627
-2.1170992311665477
-2.0362675025182506
-1.3597260322971538
-1.6641504012247668
-1.9989111900282126
2.1017077852365986
-2.738142015245656
-3.0347886796846004
2.585574072442436
1.9421817050316141
2.1431700849652593
1.9434544110788674
1.643785722998163
1.7519465515946
1.6528380768549422
0.6676148402889783
0.3295343382015073
0.3054320836868035
0.6720674303976135
0.182199789249561
0.45203040950061485
0.45408415498913135
0.20830701580932756
0.3084095530808306
0.6264179191840643
0.7976901221608284
0.9931983171458703
1.3360172573435267
1.307353098907661
1.684001401831049
-2.108190337519077
-1.8007432197511806
0.7616837303513452
2.8153737628155366
2.4071980644756428
1.6577534619212042
-2.0181920832023965
-2.2593859494527138
-1.496311744489892
-1.740856523115723
-1.490554014028508
-0.9667889725905472
0.8689025027273302
-0.16945477536954065
-0.5725097212331661
-0.26212272395311537
-0.789102261994706
-0.5924956221505587
-0.5025567650701402
0.012714261807102131
-0.3419247447062153
-0.47067091594456556
-0.5906639724041253
-0.3157511368485421
-0.8544689343278418
-1.292294099502849
-1.0935704770059331
-0.938900028791504
-0.3155393431144252
1.209584843623085
1.3865691403716442
3.021103441249508
2.8364231235754613
3.0985822034707553
-2.880010712571917
2.123199430733483
1.4096492689747606
1.6278706227031012
1.8723300237420346
1.9218839056588586
1.299563567532799
0.6594831784115563
0.1906005091977151
0.0924745896495673
0.03796655487538374
0.34273180836685396
-0.05084265396846942
-0.21371254555091404
-0.34585433524453124
-0.1759455218943448
-0.16119117724823515
-0.14793426993290262
-0.23479822734201453
0.3047004536190701
-0.02814262612843201
-0.4673751089309553
-0.07528857928270824
-0.6733099694195995
-1.3136873304402308
-0.7010706844704238
0.12216323340469627
0.2806540220771678
0.09791841484738506
0.5532267538338812
-1.8296323446144853
-2.2439116374797536
-2.190544964212225
-2.0183788559126485
-2.0776156548934046
-2.0792069292394926
1.9306658917982418
-2.6126700786991615
-1.9627028422056354
-2.3289684702740225
2.547631092866409
2.286188203785806
-3.1257125971102155
2.131413461004602
0.7590228617545074
0.01894452963341664
-0.05875629423028389
0.5194584261117482
-0.31174940256755157
-1.228924872528848
-1.7777393791332148
-1.5620634651686915
0.4630542642462376
1.3790302469539686
1.3636942704567383
1.5300033598052134
2.01470436434777
1.9694404698858172
1.960316249002854
2.1571976150762127
2.532730753201881
2.4733281901631803
2.3768408998285167
2.3725350470542192
2.2720179842321406
1.9706362103368842
2.10657298248526
2.2915719786899276
2.553001110397952
-3.0624343681939896
2.807710681401073
2.9564493419832343
2.8324944950573347
3.0048956823694213
-3.12539788926017
-3.044058048793639
-3.058838085667235
3.128893981861557
-2.8841699989606666
-3.104859151730258
-2.6871189762903254
-2.5151102117458892
-2.428935608008517
-2.3270242181220566
-2.448976006168557
-2.7637357017176076
-3.013002713539757
-2.746855180707635
-2.425817558501384
-2.0331357705957256
-2.385617966082655
-2.6154962819573226
-2.8207341210313777
3.0900816328632885
2.848593052689677
2.816529692637235
2.7429284914045584
3.013253788551425
2.920818973123779
2.702647899414118
2.5029755000783167
2.69187278859691
2.6440912740506226
2.5793802358801226
2.678820819964999
2.7167553893471554
2.9541179651609952
2.5442079776828175
2.8029806351896096
2.7799262057999594
2.519159062826763
2.4241361470859353
2.10661154637929
2.405065606548108
2.5251816765779966
2.485402181294804
2.6298938982613183
2.6856343105386085
2.5002843467544085
2.557955175626023
2.3450743144177517
2.336335461654595
2.343923199775467
2.3111260360111867
2.3437888015169035
2.290285426115924
2.2422463891432733
2.0924375023973867
2.1420667629767087
2.0672216018164615
2.056144919453631
2.058508079805145
1.9995762571908937
1.9325523955191635
1.98635053736117
1.7890881978689563
1.7125463096790787
1.575604838444539
1.7397729388191454
1.6054238009337205
1.6409514313124511
1.458302125923382
1.4570085178256076
1.3814979034592596
1.3987958972523802
1.2821833747214049
1.3250951676908516
1.3250471877129115
1.2406157899984371
1.1543552096158074
1.049387719172727
0.9715809688019061
0.9000042767038139
0.9074004831461548
0.8533032209735187
0.880762242166696
0.8229237664522139
0.8805774123012632
0.82872447512383
0.7237157572099704
0.5768665386340696
0.567001189920781
0.5689960729872693
0.5426499849810912
0.38902694071735455
0.5610085482717063
0.4694169601468237
0.34933621536858106
0.278594195124333
0.14817394479080365
0.19404614630207825
0.2076782782073806
0.24785851390408062
0.10045607100922538
0.22100277510049263
0.23535172520130054
0.08427089791464797
-0.01625607711130716
-0.18170229200859336
-0.059863335757266455
-0.12017032972148667
-0.05906993341240916
-0.19071694097224584
-0.10356321512928357
-0.1886043459567599
-0.2587093308337028
-0.3790524809565907
-0.34104350828644425
-0.42877192145812987
-0.49630258080583184
-0.5542775306997066
-0.5338835059654269
-0.6208973022149237
-0.5997038741334727
-0.9017731461380832
-0.8831839022939146
-0.871473647338473
-0.8484865333102127
-0.8358351820802336
-0.879530090445313
-1.001618279754174
-1.048141418399934
-1.1054430341894157
-1.086841602435355
-1.1790112350555952
-1.2572496349816988
-1.3130466402662158
-1.3290609997044205
-1.3210212600949522
-1.301785468370502
-1.3457933083610394
-1.4098293126640211
-1.4745379517540125
-1.5026096960951503
-1.5597197535748215
-1.5907674265594294
-1.6039007442172333
-1.6461490305853512
-1.654619202811406
-1.667813120766065
-1.8064004238718245
-1.8701539905879356
-2.0010130148116074
-1.911785254737836
-1.9458712077965534
-2.064464055721649
-2.2174126328320396
-2.063352473723258
-2.1725925375595323
-2.112918946142193
-2.241251586525438
-2.3426499764885507
-2.3867402144240293
-2.2894975037857637
-2.387303517268356
-2.4000538552500554
-2.5937633629532746
-2.5552114705199673
-2.7564411933736253
-2.7611963848540753
-2.660135298528582
-2.742570867223725
-2.722823114608848
-2.8900846310153443
-2.913320255319103
-2.944259842854999
-3.0490981451182733
2.992109321359474
-3.0646281656180374
-3.0708015317533954
3.1369120014393106
-3.1282218139225346
3.0134406133616674
-3.090292803119101
-3.0196807673621957
2.9249516530945754
2.660825963014647
2.8086417104672607
2.880716737504229
2.7656367582487658
2.865543691856923
2.707866345576404
2.8593813942224244
2.70125669280047
2.468216899618732
2.603583531663186
2.521888652606535
2.571077885396153
2.6925298135315745
2.456805303881306
2.2597260156622756
2.164971577472986
2.2443405833763648
2.039598330323677
1.8011517286639187
2.026589157427664
1.9794315707498507
1.739393854499533
1.6282998518926357
1.5159949449888217
1.4616195169582824
1.1690226838141995
1.2441540048681379
1.0324793380426478
1.1120520801772429
0.9219590926817494
0.737651954160488
0.5088261519486452
0.8056051456013522
0.4048958786214914
0.4194222407020415
0.3625586304509261
0.48393402007312536
0.35640185229444077
0.23569670579652588
0.3979162302453133
0.29355753697163284
0.09749390518276058
-0.005575193000587843
-0.03569372016999188
0.01055844115058311
-0.2536273954885279
-0.19208273133426365
-0.5050769247741221
-0.3016275284158178
-0.6278645953752428
-0.6438011032947342
-0.5731280082920176
-0.7018255146567507
-0.7256791092028644
-0.7446798753106236
-1.156150009298044
-0.8231842784621928
-1.0301328978816513
-1.0318131706713602
-1.150535768554274
-1.1304403441083826
-0.9873559580174547
-1.076188060519497
-1.3323091291892584
-1.3894185361804516
-1.6096945326406802
-1.5595823613831488
-1.4303542787009333
-1.5993068702113378
-1.7562384973694183
-1.7545888256565965
-1.7354813017901254
-1.8857976195883508
-1.8052141671523625
-2.179993269081992
-2.1079133079180563
-1.9998605163515228
-2.287946289053958
-2.027927344599822
-2.0683271590611145
-2.0903401840806906
-2.0093810480647236
-2.0057530030168946
-2.189723177198586
-2.3600537840811304
-2.54391770468881
-2.6301883067686562
-2.738084322187677
-2.4221657882248686
-2.2661843269893427
-2.881518486896644
-2.3914636529595836
-2.624834802695333
-3.124336460395266
3.0285010607295164
2.8693872643273894
3.0381400836963333
-2.956198192222786
-2.8461750011598994
-2.714431616547591
-2.179222322063253
3.102316196193692
2.5665824156324413
2.858319850309607
2.50471140071866
2.446027005021702
2.30943576207828
2.3737481881539186
2.5290788794585786
2.7723484365072557
2.357996890278568
2.396463521430414
2.369732015675444
2.429955575585497
2.152769933236975
1.903838070429352
1.807670906896625
1.8571557562714396
1.458735532094572
1.9471501029352878
2.2460939777525706
2.0381543549618137
2.133471717512095
1.6332578290279456
1.9921793329630264
1.1178336445978327
1.0881549485110147
0.7189421451181376
1.3040873797603942
1.7580407366641353
1.5294383644298255
1.5921108955942227
1.4082269807429035
0.8568050224482415
1.190673013169321
0.7264683946466056
0.15290522548869329
0.7514029535930574
1.1575916617867303
1.072302297834083
1.3663420028334223
0.988452094614843
1.0261619760684764
0.9382628384406766
0.5644736077509378
0.6976579536004945
0.3796850431274659
0.7967843360779818
0.7478728875528503
0.8726099098396624
1.1430037500112062
1.12308334855554
0.4820022649170319
0.8276048624185479
0.7278937391796806
0.6334984710133001
-0.05735344248582882
-0.16883536781953182
-0.8162006017106972
0.35430974145101785
0.6504181538248698
0.6572502677513163
0.3211479366211685
0.8829268175060209
0.8350614524871627
-0.13421718060793872
-0.9273015141517726
-1.1108097277898545
-0.9439618528326452
-0.5299608746975606
-0.16800386099439882
-0.11308985609201709
0.5255821177923043
0.7359748085377154
0.38076368286951046
-3.1349159895775927
-0.48663725652821954
-1.8385583870747166
-0.8012952143491789
-0.5368005845062735
-0.7478983940744753
-0.42029984789861285
-1.502542702469884
-0.7047054070353755
0.3352712002433257
0.5054132848608435
-0.4965684990407721
-0.4324523132898712
-0.8136574096595638
-1.4533215458569688
-1.4713960502579218
-1.7194687407938392
-1.5661629329697637
-1.0700207514626892
-0.4738406379104143
-0.265736741996465
0.11238606102183198
0.8930405751257837
1.112942310482659
2.3593931739507252
-2.411459995009504
-2.3042221984513325
-1.9089554942529523
-1.6233465421083675
-0.7867037716492848
-1.1764536920541124
0.22891062730594142
0.7100940692176411
1.231255001113288
2.7291747496234167
-3.0216901779539387
-2.524367970174657
-2.595946457191385
-2.1979409027628622
-1.9151360943600213
-1.5587556199953208
-1.0000288356649651
0.6788873062097339
-0.609713081705712
-2.4618125857098043
3.0824059450892016
2.900669612939279
-2.9881020328017573
2.9839332929085303
-2.589169287643938
-2.427224602461276
-2.1385499536117227
-2.2139643630823027
-1.8825505794297033
2.775732058392329
-2.887029347548586
2.9945013348843115
2.4943145941858154
2.357447566678797
2.3612702835085266
2.8992139299720456
-2.102447308480222
-2.095184653358795
2.7728811065980246
2.6227289884392633
-3.009819768378409
2.6070784353342717
2.2874718098992917
1.8518473369730315
1.7243842319998433
-1.290451308302317
-2.8672844988772797
-2.3503659382748623
2.3585715807453407
2.3501244082148363
1.8277126121455725
1.922619870485447
1.6158234788004906
1.1651817862784102
-0.5446868424523771
-0.6855148829345761
-1.3183041306296936
0.7465862638202044
1.5483489840898141
1.5231496259004558
1.689860781049291
1.5393571251017772
1.0410984874032083
0.41617405615637376
0.20426347768242997
-0.05507189576939254
0.11546309443078988
0.3973508289748029
0.5508690623616114
0.900762195407089
0.9715774808104062
1.1033571199189074
0.632966905903354
-0.0298156708605291
-0.23729078997662864
1.1567572660868652
0.6574988154021654
2.526809333150117
0.5682665308518072
0.9092754647938686
0.500595565376309
0.14869804440486453
0.9094447167245798
0.529057944008923
-2.0501656700478357
1.8829321354158357
2.2529691435242465
3.1363464269590184
-1.263154904946706
0.7216248203397476
-0.40301750268935477
0.02865968288400241
0.13218718586620123
1.9976825783921333
-2.520225099103472
-1.9992921046387535
2.182964204383545
2.468625024381331
-2.882723482792566
-0.32621608684324155
-0.6201522087348723
-0.6528438944647574
-2.440433036821757
1.3788700783440604
1.8838401541541443
2.298267784867097
2.789958832655498
-1.9712682878166161
-1.3274090745954152
-1.5791501684018643
-1.3098185089349892
1.6380166210369593
1.8876610486161727
1.5159594838757673
1.1393206372287563
1.6391588324192328
1.7011108656659368
-3.096434845106612
-1.7595729178047328
-2.067571193949217
-1.5609602572199879
-1.8291971680528638
-1.9782499889938063
-2.8765720657725873
2.277864174242429
1.7575179947780373
2.440324869285338
-1.3292199317254902
-0.1414859843285197
-3.1071276369311445
-2.430610315380138
2.411697241634122
0.6706074917014618
1.0773260105252749
1.1809060609774333
1.0365759332511557
0.9565220211607829
2.2613222458272286
1.3350790848711593
2.1208958643785905
2.250761300381489
-0.6927764786322023
0.7403976067356723
0.8745204951935011
1.7897657365046151
-1.1073872217589364
1.393135086477351
1.004231490543588
1.4443990152396469
-0.43511832807971224
0.7982488760700175
-0.8681750349875516
2.1918450282013335
1.0008204731469128
0.7520323842105
0.4079053698620988
0.6667521364684812
0.7341869372880349
0.30684192800389976
-0.7422800368062453
2.2871736239301437
1.3840794838426966
1.4409469568640325
0.0360020660646658
0.1471908065813668
0.23467393895943175
1.3484704500421267
1.216363483582552
1.9543139933610165
2.533696817303448
2.088167775432855
2.1177286635411927
-0.46666649495356805
-1.4419255521045002
-1.726907171067996
-2.3189043773435736
0.7149323254538127
0.3828189205686276
-2.157566802996689
2.9060523441121515
-1.7326752623886166
3.0417917679588067
3.0885628836699057
3.043858762039015
2.1013104171615917
1.2755974118764655
0.7644149621653932
0.22171495321967755
0.2996471359241776
1.6242136914362753
1.4723910100701114
1.2421291736376916
1.096734293360718
