0.13157673760792424
0.12888743525733676
0.12908119329653175
0.13313718100360633
0.13500537405967322
0.14271688363080576
0.1495995366777845
0.15249812960191567
0.15536782052929404
0.1577822347226001
0.1555576287069385
0.1508432344543817
0.14560020329853415
0.13972911927342674
0.1327428020708991
0.12596158061527712
0.12430788687630678
0.12351835594673126
0.12321011124584316
0.12179382285176402
0.1217507456514828
0.12231314440691417
0.12658752039896393
0.1260404015937931
0.12769816950552818
0.12702945577312302
0.13090652224175173
0.13114140155055154
0.129642002128162
0.12925800133195725
0.13034882206113796
0.13060042970875166
0.13252841693632508
0.1354907954015216
0.13967557635919
0.14142044878788732
0.14443189434273246
0.14627133852765098
0.14769130067366948
0.1484320678160485
0.15004629548483917
0.14906527835519542
0.14830673625620205
0.14704890020002853
0.14720478392437722
0.14949979389154539
0.15194430355686878
0.1541608410823078
0.15481000554746108
0.15694644617373216
0.15779382258960106
0.1573481724475285
0.15586202106802202
0.15684361258459095
0.15667411545046028
0.1567684700405267
0.15563431980906675
0.15331319384184602
0.15335692792657585
0.15304478747718545
0.15322594162654343
0.1550086273041194
0.156906073263176
0.15769260942633972
0.1605449302461365
0.163539663737878
0.16683118679790773
0.17130963187420636
0.17384204716399382
0.17473888008242905
0.17986343994543147
0.18337035497549797
0.18437577529031085
0.18445824233556782
0.18523809695111323
0.1862127286713485
0.18741239453317815
0.18752938416551962
0.18709359637095926
0.18675692950494482
0.18590934077019788
0.1848341641040087
0.18529209169237307
0.18472927841833806
0.18468795874371186
0.18410774210473185
0.1832813599533587
0.18231658127570977
0.18193786586685923
0.1784066323485135
0.1802673653842372
0.18136209738538944
0.1828784640291931
0.18331058550516377
0.18469135806373835
0.18405786383560874
0.1835966583340622
0.1849192941473645
0.18653556948320302
0.18753987192842886
0.18788835337557241
0.18707552790100082
0.1851928196225924
0.18396035866364163
0.18297728954691309
0.183292159423319
0.18234199002065093
0.18349217254089456
0.18196486423970115
0.18115500242792099
0.18009756145603678
0.1794674534091997
0.17998806613070734
0.1793981589602499
0.17861678935491465
0.17586612463593315
0.17577963964920168
0.1731291099203022
0.17462970864603783
0.17513839637608647
0.1733096878131813
0.17236869791349507
0.1703532034384313
0.17147023400739314
0.17315763894887157
0.17326668868397938
0.17178408662039163
0.1728493852157877
0.1725135392839002
0.17204858228229544
0.17270233516944455
0.17368356790363057
0.17442155528399225
0.17611063631077709
0.1777584011310988
0.17826163961803643
0.1799562232741328
0.1806941202535561
0.18148299729059825
0.18268444579424517
0.1835186380162853
0.18273646210005873
0.18504224063215258
0.1852886038989185
0.18510763380373546
0.18650015472320872
0.18727799378410914
0.18705838356146393
0.1868893669382449
0.18606285194466468
0.18424196791635233
0.18133775575309002
0.17714005193888865
0.1723870638857916
0.16772425404238508
0.1645669772468728
0.16200391953981724
0.1566352275131727
0.15443095131936008
0.1533681927640997
0.153896222615202
0.1536407996031166
0.1536783081406092
0.1543404175305616
0.15043865489143632
0.1460196058161583
0.14165540266448062
0.13812033057433498
0.1380548252614972
0.1375530772368363
0.13362311045918016
0.13284964414238531
0.13465411220791776
0.136005609270012
0.13915041653560464
0.13853600081662498
0.13681722449036102
0.13781890318825168
0.13868688666851564
0.1444609034287362
0.14995869000258252
0.15631930200727692
0.15744330355567332
0.158433689857936
0.1542967572474147
0.15138894396086927
0.14481473338047907
0.13893324015670236
0.13865830775362245
0.13812490206133096
0.1381389352246157
0.13924621773093956
0.14163958103648147
0.14338693696245017
0.14406234788449082
0.14509757491297504
0.1485681917691478
0.15027655516463745
0.14849819402703662
0.14571179263784287
0.14185941673811703
0.13542109743957975
0.13055848185018942
0.12895273393804965
0.1286554608884948
0.12844465777399844
0.12987362484425966
0.12913969242803572
0.13024464167943012
0.12989200774384288
0.12946990639835942
0.1280702395279897
0.12617058797084563
0.12488212670994807
0.1233745942664207
0.12048825994112833
0.11869264036269984
0.11460830418948939
0.11430998946370215
0.11379286800208939
0.11716058193387383
0.12253266607712679
0.12592202492985252
0.12835478885329388
0.12832680852839223
0.1324119108098924
0.13701988745960195
0.1370042653039015
0.13709274484632047
0.13611455728722294
0.13211771698204727
0.1258445112655267
0.1196572610151981
0.11586354413075832
0.11266738382994498
0.10778214607445005
0.10546857487254331
0.10174906056321556
0.09951811069226993
0.10036541567591725
0.1000668472197144
0.09794400396364175
0.09855008592654552
0.0973338988611796
0.09718231397913567
0.10151721544956274
0.10487273941719336
0.10565331205814324
0.1055885210847379
0.10611597365743572
0.10697998735232228
0.10645223507037956
0.10530612911136406
0.10496189656040307
0.1064948109563331
0.10674104196676763
0.11043673389094807
0.11240790317021591
0.11432240793768689
0.11544350419881874
0.11815446413078315
0.11820271599342622
0.11731106878513234
0.1162142591943893
0.11210250864416045
0.11078064972927851
0.10780421460325984
0.10630756009150914
0.10683041898991925
0.1094370980086425
0.1127516033334437
0.11554453478198726
0.11937330006076655
0.12018998093191029
0.12011923240711805
0.1189893503940898
0.11973221759642887
0.11967712925806395
0.11922641276585237
0.11825151972063537
0.11697831758842041
0.11810516173532304
0.11915427105269741
0.12187950661182265
0.12304921264869875
0.12410267823391716
0.12582415780788478
0.12803230037287355
0.12970201904548562
0.13359641857592464
0.13626243317103842
0.13959782641207427
0.1420092349931749
0.14365337738302214
0.14300198674235795
0.1410697968340541
0.14087324830087597
0.14347232357570658
0.14892555490726905
0.15157962686991205
0.15342971556188012
0.1560136640575132
0.15989011863755417
0.15978403921934406
0.15906361252615484
0.15538976051321468
0.15209860661934496
0.146461069045775
0.14245629754019432
0.13853033124194664
0.13618712131942226
0.13632374741851208
0.13756751209091672
0.14087711852948562
0.142474768539663
0.14251529382724243
0.14405864444171734
0.14473739911967778
0.14455504807937963
0.15020511484151405
0.15498532443375848
0.1606550401739139
0.17854714625498475
0.18440384961487027
0.18935688178223278
0.19023954516365182
0.18486816707847464
0.17992614631360698
0.17635711886244132
0.16983252991536496
0.16682299524589994
0.16313290251720955
0.1619427284544377
0.16070987941884254
0.15991515583601953
0.15383778715273871
0.1528336907008
0.1546440518297917
0.15870951304568276
0.16582986321131693
0.16934880751239095
0.17742460123482823
0.18369006015704986
0.18630823297826735
0.19081601528928388
0.19357019760671373
0.19257900847734
0.19046807631100887
0.1866692097524435
0.18127425916334658
0.1765260185717759
0.17057666510991268
0.16637389474349726
0.16465814580343077
0.16034932592937962
0.15904448387373943
0.15516714560478004
0.15157672623112708
0.1511187412964941
0.15461245054776135
0.1571972832097344
0.16349450789602557
0.16582283832167413
0.16685107961750958
0.16578780120780873
0.16509862461780475
0.164376002397183
0.1637092674660737
0.16405977188854176
0.16287351438862857
0.16495152325981247
0.1654509526824628
0.16951866708152416
0.17439587634408027
0.1755094859095127
0.17794802518182262
0.18061974655960103
0.18454547648506175
0.18726006776767318
0.1889894934204842
0.1890785766432206
0.18921000012209593
0.1872552809988094
0.1860392524500812
0.18206161100606363
0.18161593926370773
0.18187280355025878
0.1788301766475519
0.17717271755356565
0.1756362385406324
0.17548826588438313
0.17565291966457955
0.17616921875262453
0.1789978061447491
0.17994943077362271
0.18189373936240005
0.18155160247293498
0.18021717466619452
0.18091154557616393
0.18121046857345205
0.17656118632862863
0.16918421083853982
0.16434620210700876
0.16105916916500515
0.15997380838343284
0.1557446576689864
0.15599647864903132
0.15700642250311186
0.15752386931578038
0.1602077412912944
0.15901231201460725
0.15788461562118442
0.15580859889044288
0.1536510120874505
0.1526421904123675
0.1522840451424891
0.15096036250091854
0.14847157184677906
0.14672200998979756
0.14458742175888256
0.1442117487557626
0.14471781480480306
0.14473378475819987
0.14356416700982985
0.14325222580400687
0.14429768305411167
0.14417498016927915
0.14145213917394014
0.14111274717450967
0.13789475693566988
0.13309730547377724
0.13001382304676234
0.12746522885698228
0.12746386071422383
0.13092794247978878
0.13574633930604268
0.13886539280036067
0.1401208706791084
0.14186439915934707
0.14073999769160608
0.13751091445343785
0.13589690082522604
0.13540453507504827
0.13582600443531662
0.13878964991123927
0.14089777635772877
0.14522179776839067
0.14497368705882868
0.1389169671339469
0.13170933828916503
0.12619711878933276
0.12073730855806344
0.1200062353910144
0.11789171476566782
0.1181473538478435
0.12003861769400828
0.12449225020735774
0.1258850251821732
0.12931506624661032
0.13098694763071375
0.13457080331540489
0.13805302050220883
0.14106026921726084
0.14246555130174215
0.1425633888428811
0.14307956776066844
0.13914499037397454
0.13688742042580088
0.13443059794177142
0.13422930639711766
0.13356433833753784
0.1320072337929422
0.13019172559147968
0.12723001318993227
0.12311208812345228
0.1182330141882066
0.11510478433059265
0.11456931414744793
0.1153028656555968
0.11479168421866026
0.11286915991093664
0.10900027221996296
0.10310644010588192
0.09879295865861186
0.09657285586197382
0.09483956265160727
0.0928018873357745
0.09132602843315052
0.08876322723061406
0.08663658579046643
0.08248646248103798
0.0796430504736878
0.07891517024381958
0.07732454110484334
0.07690849553417842
0.07639111745526185
0.07449106205001385
0.07069354999854807
0.06983555031099069
0.07076333245240382
0.07424530560295901
0.07863734546024312
0.0797361389839972
0.07966200374649972
0.08031929057868634
0.07879043378730644
0.07808945479660492
0.07599754273303229
0.07729247908274348
0.0819571870733378
0.08403760635300686
0.09035908771550472
0.0949510578118829
0.09678388550867777
0.09932575582350486
0.10123779603673289
0.10150566285232195
0.10334689880219079
0.10690782895388348
0.10946868826000793
0.11357807574004226
0.11777227613008008
0.12094976717545966
0.12050323926942774
0.11940559052495947
0.1192764371744142
0.12080159472484339
0.12167592646515671
0.1230470252384411
0.12289463674582794
0.1249054138307117
0.12621608941560175
0.12746816422023927
0.128690928716032
0.13032284016614715
0.131406616265837
0.13362001264992465
0.1330286354844072
0.13437316161614382
0.13786885329926274
0.1385945808831735
0.14291415976421265
0.14576971294702484
0.14701205652507027
0.14809690345049692
0.14853831384967156
0.14874499658935517
0.14749193510561764
0.14908357569533653
0.15142652777034357
0.15156863836022608
0.15157701017413622
0.1514218515570423
0.15125910921188965
0.14951076591714602
0.14750403733138623
0.14624287444668319
0.1448901391770725
0.1403290240074629
0.13902889610125374
0.13590889302129755
0.13385942386365274
0.131375154802522
0.12763806070062306
0.12409761501924339
0.12422075552419587
0.12441786162967783
0.12576447789170095
0.12556534376364248
0.12226937058961944
0.11984141752582789
0.1166013249348999
0.11456217333465042
0.11344021070891326
0.11236788116074932
0.11289566923031642
0.11155089226929027
0.10763282462341853
0.10524832602820011
0.10414541489789868
0.1034337051131277
0.10257462127022562
0.10184909143094256
0.10032778945707306
0.10166689244545564
0.10517754682488072
0.10600477955375476
0.11093803711214063
0.11454773435501911
0.11367455271114586
0.11059029276705519
0.1078313092234193
0.10493838623092111
0.10350751637451419
0.1027063874752278
0.10019264580206674
0.09640177682399162
0.09443093219038083
0.09017781117243806
0.0885795206595175
0.08677920104422258
0.08452768190593025
0.08435881791173887
0.08436489544334658
0.0847706087701817
0.08291455386406443
0.0817740844740679
0.07812727208799744
0.07713604854749738
0.07662345366597746
0.07802362445050762
0.08019336318784068
0.08487788878118718
0.08789717669688753
0.08940712809011578
0.08896499163193376
0.08769325354164428
0.08661171093548474
0.08821239917579768
0.09001400455880901
0.08918158491164309
0.09016535254746487
0.09157068283357664
0.09316671790715753
0.09448069573321076
0.09316222460681896
0.09279636056908228
0.09289117077948894
0.09312588084373649
0.09308332874755224
0.09265705299264335
0.09065996128019105
0.09081178221382111
0.0900899903699757
0.09362498586635479
0.09617792650684663
0.09791055382483664
0.10024337316110685
0.10054387297435552
0.09930724980419518
0.09866371944225008
0.09877384371754114
0.09909313472844403
0.0987027914761364
0.09854758461166999
0.0999092530644037
0.10140294966344414
0.10274792950835551
0.10303194964825013
0.10265126059124356
0.1018502825192249
0.10232233220691586
0.10340577287502364
0.10434721984373085
0.10258744704077785
0.102228300175031
0.10114580269952955
0.10109999846943662
0.10144366908620903
0.1010550646383815
0.10142309792257587
0.10222512862588029
0.10169946734222472
0.10130448998171089
0.10044913586347756
0.09851978917634546
0.09662049862586629
0.09707959230310952
0.09577571338633764
0.09483265085579973
0.09547943274232099
0.09591830993802712
0.09311735343603393
0.0899149369226526
0.08836243165437849
0.08744397188649587
0.0871691944376191
0.088005238597709
0.08990833434337697
0.09208381783843914
0.08770836664294754
0.08697501656834235
0.08277502728657496
0.08125704049418925
0.0849504527814693
0.08523953836123348
0.08497998500040851
0.08644815595670993
0.08611853576760953
0.08615617463473678
0.08593433775302262
0.0850174804214255
0.08374858717952158
0.08714125834162396
0.0861722025438468
0.08783197898107113
0.08880270120327645
0.0911868599943629
0.09295727287255655
0.09489217032002979
0.09486730301136542
0.09285239299549457
0.09293018849896331
0.09337006213884189
0.09533667750893036
0.09642866776089254
0.0981245014345554
0.10052949289108801
0.10234820409383812
0.10450531381816068
0.10516060195154442
0.10403299174957088
0.10242050120295107
0.10322479306710859
0.10322520056579434
0.10038494404604315
0.10084836411727591
0.10039425053144138
0.10080288581533917
0.09994469188906542
0.10243029883612434
0.10338321873429775
0.10467093493315369
0.10612436614647876
0.10860678144475791
0.11122827180171554
0.11215297285037121
0.11228703660624732
0.11415232577241718
0.11418592396582512
0.11074299790804784
0.10635402410519246
0.10462838992713812
0.10074145708190199
0.09961467746907182
0.10585876394677744
0.10743171632463788
0.10947976901975023
0.10918148637929528
0.10915847529508442
0.10792686718833329
0.1077021179323608
0.10653670177859739
0.10863540392575621
0.10904467154389005
0.10973894494928645
0.11144255969084393
0.11130583044774918
0.1116427206535798
0.11112287862081645
0.11028055023310994
0.10733194383944648
0.10823666231965412
0.10803940026708896
0.10656196700258576
0.1063385811950994
0.10451701221933277
0.1027722544834779
0.10090534856524962
0.09991464410236192
0.10099886643141853
0.10227029431384631
0.10120920706651157
0.09917469623236738
0.09695625755956716
0.09520101440634737
0.09334251899374306
0.09458359703889971
0.09695596259496791
0.09912751701962888
0.1002410921832582
0.10032677388786704
0.09687371758821058
0.09485516521721786
0.09203725072107145
0.09095610382170968
0.0922398468127785
0.09756978870982831
0.10169660849253628
0.10168136095282272
0.102508795393019
0.1030616288867801
0.10303671376722838
0.10600410601665791
0.1077212513783472
0.11204310376914624
0.11706961562508475
0.1226442163396642
0.12307652896186014
0.12171125824780497
0.11984597903207254
0.11904955383365608
0.11833874501223526
0.11847198860584063
0.11795537739325164
0.11643623175153577
0.11528520257009586
0.11400905957411848
0.11440461659423573
0.1139820849417762
0.11268012904895583
0.11267098331196837
0.11128479863701338
0.11169399383987677
0.11142264236063974
0.11045222511568302
0.10976715385990723
0.10931227193982054
0.10941976367731159
0.10961188687474448
0.10846311167277345
0.1069977818637821
0.10394807595483793
0.10104560075683926
0.10000125069617423
0.09665374781592515
0.09598395490198172
0.09615774029780674
0.09569902493187184
0.09579375299742347
0.09424454046447633
0.09447614598766793
0.09239833607097496
0.0913010579945793
0.09087940900180133
0.08846425656580265
0.08666645516661457
0.08630847453995391
0.08419784043464748
0.08113863326833981
0.07961951054043816
0.07904486234035343
0.07955425332938892
0.07924127276006827
0.07800259078402055
0.07750896670185711
0.07803194576047082
0.07812431759741514
0.07947920564387026
0.08169933150709853
0.08192048814242198
0.08174017333018055
0.08182521905991222
0.08166349120123283
0.08180923021114911
0.08113354062892149
0.0799343498853946
0.07971471954616385
0.07862479423292548
0.07753250851296023
0.07586952799382693
0.07525633393238498
0.078307696792109
0.0809525622870301
0.08237988295423515
0.08323308422808783
0.08348080206243838
0.08297934588734968
0.08403990756350167
0.08445286267661534
0.08569553649419075
0.0900193737544516
0.09108957331573318
0.09028381891208585
0.09053416739391268
0.08918138108743767
0.088746276744974
0.09040032306973342
0.09427286052209609
0.09393373151329061
0.09459990125485754
0.09483026466556169
0.09465965835172756
0.09336026038727613
0.09452461985423308
0.09489235572860294
0.09485542959883955
0.0958071132834257
0.09738499047067325
0.09594203843101755
0.0950944379997347
0.0916802692178033
0.09116388420955972
0.09106210006564215
0.09254332069934715
0.09366455655722472
0.09348142198889155
0.09261045433400364
0.08887123131093984
0.08778077594177301
0.08744363744558802
0.08612536216324264
0.08380327953407239
0.08207921836666482
0.08109319344463539
0.08024921034867141
0.07990487542161542
0.08124496703847187
0.08069900652009684
0.08177138178154193
0.08203273182314354
0.08119278187378023
0.0802835988352518
0.07900508303854817
0.07841254145906995
0.0779982492777723
0.07832222337705311
0.07608046332429402
0.07533636924088657
0.07642972980636997
0.07711731187035223
0.07347722988756118
0.06993053727339298
0.06992876810601231
0.07004013296818348
0.0720484557841998
0.07397929752512114
0.0748033666689478
0.07665926738945793
0.07508320632877563
0.0749602133630923
0.07573034014311877
0.07285523604726626
0.07558516736378075
0.07725301575078365
0.07653761740476361
0.07660722931634535
0.07748920766552606
0.07761420929295994
0.07737772658427172
0.07825171364273033
0.0828139138949838
0.08535346909791584
0.08554500766742389
0.08749372515070634
0.09040770799377382
0.09085254512828002
0.09553639896110738
0.09629488235018932
0.09833444289519436
0.09784505916374525
0.09850035364511041
0.09846324807341689
0.09950863132385876
0.09954811525546373
0.09884726499970169
0.09897303471197676
0.09928617970834122
0.09856868452970514
0.10009205642445776
0.10021862423107444
0.09988397883918429
0.09965853352768746
0.10005678621807709
0.0984892668940828
0.09778545984908803
0.0960228930015162
0.09511030066126237
0.09595246195793548
0.09641749478466449
0.09697512984480852
0.09808103152816437
0.09931050972950653
0.09838506575593987
0.09813061945281956
0.09792095302105924
0.09744140957447528
0.09595145717946929
0.09448441772075473
0.09417351718926417
0.09420175101259809
0.09728030265479715
0.10095943069042757
0.10420939376512947
0.11058643625369866
0.11458745417813812
0.1162651223444335
0.11803379294179421
0.11855899123076985
0.12153232713823063
0.12315852671251722
0.13014497185561302
0.13476401672723398
0.13802676933878993
0.14008263406647348
0.14019847580723135
0.13974675527616304
0.14245182685995567
0.14551470155753018
0.14743561463806776
0.14931918931984495
0.1500787547011792
0.1491574582309967
0.1489140927136166
0.14941323561542152
0.1494778465993978
0.15094401844371638
0.1375194722886242
0.13601126325513502
0.1343340917037644
0.13372588118775322
0.13279110347394749
0.13228971130909947
0.13269309140897514
0.13449066134989185
0.13373218182689128
0.13449258729901173
0.134482912367585
0.13477039055174256
0.1333084731291616
0.13347856284357465
0.1359162413337499
0.13745631718523157
0.1382266439411935
0.13883839977592433
0.13812962133418435
0.13823336122932522
0.1371004975769698
0.13645112060650555
0.13580528456353214
0.13589501383881913
0.13692660533752926
0.13838528772583397
0.13924441159871837
0.14284976775326014
0.14693418597826738
0.1493074294844598
0.14925356124780256
0.14854620665344956
0.14787849480731902
0.14841875033221913
0.14928300738828562
0.15108560270339597
0.1502577646277286
0.1520116051962335
0.15272761939754093
0.1503880749785966
0.15000672647101188
0.14736208784638988
0.1438335462827328
0.14268834851310364
0.14040228400821675
0.1406669203376246
0.14196356408228
0.14408645751436727
0.14584397529850068
0.14603781277999744
0.14660330590160983
0.14879886396283967
0.1536900782806129
0.15566164673090846
0.15855221575038886
0.16251441776152564
0.1685787799795412
0.1732649517636694
0.1747692298333507
0.17480922310788002
0.17682337699633793
0.17513745540403494
0.17018359321948545
0.1672579560183777
0.1591670093758452
0.1502563795239413
0.14358541204369812
0.13699026512580484
0.1326627682398578
0.13023473691173784
0.12832011205830562
0.12858086113258654
0.12762964698268792
0.1269786658326541
0.12824667557868846
0.1285070775169989
0.12762066020992463
0.12803707706596484
0.12831857864500731
0.12800653454588842
0.12863735222986214
0.1298726064013432
0.13298981326933584
0.1368677821345205
0.1407451262748883
0.14468702430399874
0.14517037739953348
0.1456564963334383
0.14944673843651943
0.15101598994162244
0.15542902829182417
0.16304635910997306
0.16555709987195177
0.1705019269626027
0.17408036447778213
0.1774938181329619
0.18103305970105527
0.18375208317361172
0.18486882135863905
0.18253983583229313
0.18132557126552992
0.1816969038190389
0.17942206172293268
0.1728384630848015
0.16703698871031003
0.1645253536632966
0.16026293925582208
0.16044873876724225
0.1609825059875524
0.16535319912322666
0.17230277125930016
0.1771084358877102
0.18253254388726078
0.18185849024151984
0.17841405688529682
0.17737864796811886
0.1747012744156833
0.17169876653811805
0.16893082809826893
0.16797057924903533
0.16235360227376863
0.15137697557435117
0.1440759174687818
0.1415098461603349
0.1388215080387481
0.1375073221903837
0.1393365242478983
0.14288602222218053
0.14436864979671918
0.14576039898126197
0.14901712557561247
0.15357827946286934
0.15565657359948365
0.16243559633154933
0.16733946472603725
0.16960138041957804
0.17225264134865745
0.1740913179164411
0.1770475051469712
0.1778669094965136
0.1755502668168059
0.1744097782889035
0.17375133628754205
0.17055572858051446
0.1691150770301364
0.16538298433848048
0.16459643076267386
0.16369079207608067
0.1638886045671602
0.16362464975730034
0.16319415113259925
0.16258113626994763
0.16055264380531767
0.15752752760043973
0.1495752587176034
0.14253729477420213
0.1402042963365269
0.13774345153444864
0.13754242986935958
0.13869665004110324
0.14279503990012177
0.14902195511256924
0.15324040911268538
0.1562594291068258
0.15996593708778623
0.16299039106947855
0.16616111058170918
0.1684870853375127
0.17203228847525825
0.1784962140291499
0.1782718314039106
0.17873185310565054
0.17865977715466141
0.18127381492708644
0.1811910986261865
0.18067193923645009
0.1816054319931808
0.17953989433974776
0.17725689666662398
0.17659546699855666
0.17737538640791134
0.17616189052297263
0.1737346769800518
0.1698410586739385
0.16736152142798327
0.16428748831751894
0.16311312587902554
0.1602772043497258
0.1597414487287135
0.1623154718312517
0.1636028968148226
0.1642817890471547
0.16397733361398004
0.16176442826841594
0.15923690694340245
0.15794009079526006
0.1592986725497914
0.16163095171189806
0.1641520135744134
0.1624138480425598
0.16068836964769
0.15642945305836745
0.1538470723053396
0.1487039460935636
0.1477391139852066
0.1456207230512263
0.1440011465702908
0.1424864959976392
0.14030092298202163
0.1363425594518214
0.13208344169952513
0.12714969041788837
0.12346259443338296
0.12022868141285517
0.11800821590735955
0.1154452069331158
0.111597491700167
0.10723084042082268
0.10631374058193288
0.10577449763612343
0.10568016048794178
0.10241215897678198
0.10053384762140374
0.09952891994969404
0.09874816480271775
0.10029812982410065
0.09994833575331238
0.09484519114673047
0.094714554480036
0.09200957081545066
0.09082829417750506
0.08906384064254791
0.08901997659732823
0.08939480108136486
0.09080654826726908
0.09494554743817074
0.09819217374239257
0.10372821252743518
0.10831406018589665
0.11079712265155114
0.11378364774560343
0.11465919111342678
0.11547117651443584
0.11462655678128546
0.11191503973913244
0.11034371983629059
0.1094028071172021
0.10990356096709981
0.10829257910291305
0.10865476762223265
0.10792264796113735
0.10687323079225257
0.10546671817410602
0.10453260120774877
0.10345205591407303
0.10130054686699796
0.0997229084662576
0.09979726168286944
0.10122276679045708
0.10236724034664187
0.10023472343603941
0.09939738854616405
0.09627175819090732
0.09469028354633194
0.09394331643842639
0.09438522932236998
0.09523017372303444
0.09647430934123288
0.09604320624723435
0.09616340154188967
0.09376707962075903
0.09334452527830936
0.09351713411346531
0.09454296914225838
0.09270586103212268
0.0910673291082675
0.09068507688402778
0.08863923442430403
0.0864083188374013
0.08460238386578797
0.08395773808053839
0.08255544863317926
0.07996168681727418
0.07770977367795799
0.07715495609573478
0.07862755822943668
0.08081479609042437
0.08398718370777561
0.0876283231854454
0.09174725634455919
0.0971363407002924
0.1027772424939438
0.10938290424921411
0.11497756329484188
0.12104874496201024
0.12737205097328547
0.13063320335469664
0.10262986857653719
0.10245793835122083
0.1022915461495798
0.10284822088546874
0.10216191323243648
0.1042328779239499
0.10467827213125744
0.10502983997267674
0.10382069796029385
0.10239433013173782
0.09984823888343834
0.0996717558752703
0.09836605184013517
0.09814290759906574
0.09842166004659987
0.09803548592113467
0.0983840058302419
0.0991968121205667
0.10054222620800639
0.10045067463334392
0.10142492677467743
0.10183583263195135
0.10153246682266134
0.10370612295298136
0.10383018556126382
0.10242794855373301
0.1022144941019211
0.09831434369006038
0.09698964675846974
0.09513361658219495
0.09226776947624866
0.09010061571876082
0.08738659859208317
0.08597555331311646
0.08623440972618135
0.08700726244997012
0.08678818783440988
0.08615772419467509
0.08662969816022104
0.08687945670718442
0.08801939675921552
0.08837106155449806
0.08926452201534314
0.0903249610854772
0.08961874544212951
0.09031786395974825
0.0945231560388369
0.097503246431152
0.0991601117467461
0.0990586702500917
0.09929262188836174
0.10098171836012378
0.09997677250928663
0.09885450971720762
0.09864331769091042
0.09936416558816893
0.10069337705068371
0.10070277330293018
0.10066616889166499
0.10037676909339947
0.10048890031315867
0.09975046315858964
0.09922814142134831
0.09993074824372393
0.10086580753976385
0.10049213124733943
0.10078096699580683
0.09907879211436062
0.09877483214882017
0.09882658743042637
0.1002841779320062
0.09864695340778899
0.097828843186762
0.09522593155152152
0.09198914328298559
0.08821742873817111
0.08882276964557691
0.08678101763123536
0.08668214685058809
0.08568535424923877
0.08697424473033837
0.09003479118637445
0.09482683652044378
0.09642953168461281
0.0965492577167267
0.09442637445152138
0.09423775315498877
0.09354170877046215
0.09276760036979723
0.0924489495704913
0.09359422433522047
0.09412619200438437
0.09530048316095
0.09938863619494435
0.09924292763280045
0.10588574937994924
0.10873234342742455
0.1116455434246871
0.11558373915748674
0.11874227587148085
0.12228212526903345
0.12587831694669666
0.12743110737959282
0.12987557475166844
0.1325517243187131
0.1372618505090918
0.14035882627121166
0.14351430829909614
0.14463241844071031
0.1464429091007556
0.14863351037710157
0.15058442793998852
0.15423328423790367
0.1571114557966698
0.1612119394175719
0.1685810473954176
0.17395212840288163
0.1787227906185897
0.18300811352774088
0.18990200220016623
0.19714352046793593
0.20382862529474863
0.2125026418830637
0.21804566328844058
0.22595009844736097
0.2334978400792666
0.2383683266366446
0.24165915827512943
0.24494682512864166
0.2448066840735482
0.2462854708795037
0.2501156628465574
0.25393053101186447
0.26040254234170773
0.26600907087506814
0.2746864670217534
0.2836003756719319
0.2901915937463716
0.2983126735931415
0.30393943591104045
0.3126437958607172
0.3201502904316668
0.32801320681865587
0.3311196870448509
0.33351556231027357
0.33506707273311104
0.33687630843687794
0.34058028015770214
0.3458603951093079
0.3494357725391114
0.3522360733038965
0.3552151970284906
0.3593648277854381
0.20364305710446606
0.21320285262499267
0.2648565066050521
0.33938905986556056
0.4197978103855142
0.18812777518385032
0.2166482872508146
0.18813533147916192
0.18435507937186463
0.18192655183219042
0.1791982804367105
0.1760820404023296
0.1703813616230429
0.1684398977290104
0.16109831152530477
0.1580346052055516
0.15494270104723334
0.1484674550028872
0.14443510320467268
0.14174591274281387
0.14197820657294566
0.1404467687393854
0.13584544099604626
0.1315632085853772
0.12833689380503918
0.1279807744405204
0.12769448567311126
0.12750163318638957
0.12822276764594961
0.12707805471887543
0.12650924358768495
0.12706984309471317
0.12696380849774752
0.12631248741291629
0.1270652937229555
0.1310397008806366
0.1335097899555843
0.13762358794680232
0.13613614592801362
0.1329863736814097
0.12817624112459663
0.12583072321118588
0.12422275885473963
0.12376760566831946
0.12488473918512173
0.12807984553555746
0.12790571633982312
0.1312554000403265
0.1341550638496875
0.13776968803911543
0.14156989511508067
0.1420731886416618
0.14218934070670777
0.13902296240019912
0.1350808683840901
0.13067300968485823
0.12841117145515074
0.12588850372938823
0.12531467249619582
0.12511828767619426
0.12095576472399003
0.11539767927829962
0.11063204290917523
0.10874427387226722
0.10917093859768956
0.1150462113518251
0.12357661389799532
0.12769835970329424
0.1298653411341188
0.13303028027198588
0.1362686157423571
0.1370283071971988
0.13569643798453607
0.1316203259145007
0.1272563669274563
0.1267831537628973
0.12268220362533497
0.1162217373549066
0.11671053640874955
0.12096040979694726
0.12379645934784503
0.1262493891982143
0.12824020399937144
0.13245459044118388
0.13279140139086157
0.13315472923853272
0.13129975837476104
0.12993143570944682
0.1283732581562224
0.12755805800766828
0.12800204377878002
0.13016329594457393
0.13180983135898067
0.13234053673039267
0.13165706257133122
0.1339853991309947
0.13640326092699612
0.13492807738655205
0.13442347719087272
0.13370722594841739
0.13622159430807995
0.1385528063916092
0.13709916766731647
0.1353178242853338
0.13049349588360232
0.13002144993351722
0.1330132038293595
0.1335485370197917
0.13538164877595024
0.13654418043791666
0.13882969823127156
0.14258052420801634
0.1431816415324775
0.1442206584697992
0.14313602379870233
0.1428628047673771
0.1396040622165084
0.1351560976490938
0.1278754723252787
0.12639818608909087
0.12437681634250275
0.12346132659885387
0.12388009434845086
0.12256100842571034
0.1238273249590675
0.12367853346193136
0.12381698589973567
0.12261022809475848
0.12291117169866168
0.11569053011416364
0.10979040340909044
0.10612446527830748
0.10221466448657937
0.1035953976620877
0.10807764693699515
0.11207196894513949
0.11407247581329413
0.11613493190271904
0.12095525276535049
0.12614684345244281
0.1265857725976606
0.12727641599229775
0.12908111266400907
0.13006100629280973
0.12979967082522742
0.12745466097416266
0.12472752079087138
0.12341392831496209
0.11523973629226134
0.11254271039492494
0.11056008375369575
0.11202115037067428
0.1164383139442094
0.11905191887393293
0.12564223852424544
0.12807076208349774
0.12715778165733477
0.12753817292397535
0.12781265119799062
0.12784043471474887
0.12192370622877191
0.11663567453256955
0.11425617449845323
0.11225432991324195
0.112417707598043
0.11508503507304588
0.11653683727009982
0.11687473346668284
0.11841475483112748
0.11604282141710216
0.11190366425104278
0.10977750450321111
0.10803027932584226
0.10083919471573044
0.09545145516440745
0.09461511745705649
0.09609130330780265
0.10051133417950615
0.10135300993941129
0.10617854269788063
0.10423196370052881
0.10349973907141237
0.10126637504626279
0.1006795753218284
0.10225733135471174
0.10378111203985185
0.10605297864271035
0.10517803858839536
0.10542988376811088
0.10457413793504759
0.10320710496869731
0.10566402007517392
0.10481942634420512
0.10379681239979044
0.10437014155766959
0.10859935638703569
0.11342505060946964
0.11478331933435748
0.11448644055403918
0.11249056639422006
0.11103149668524126
0.10869793876435156
0.1093280802454442
0.11169416513889963
0.11305316310168714
0.11244491169401158
0.10669362749528866
0.09899870017387201
0.09546705282803734
0.09621549601048114
0.10077215405433333
0.10783889770674641
0.11097660022841835
0.11467130968715389
0.11676229928592889
0.1176487195157337
0.120480843701949
0.11966236471227958
0.1164682662915408
0.11139810032625039
0.1036453972643799
0.10108862481073792
0.10177742361123814
0.10214462847941715
0.10016328821845974
0.09929882105644441
0.09871178576212532
0.09383586333176061
0.09098101693123772
0.0919644794386664
0.09553751155607268
0.09719039480722946
0.09561237993759518
0.0939988962992356
0.09311621923040167
0.09345463975324877
0.09419173156830186
0.09604611776596017
0.09606930274417959
0.09439769118385577
0.09408163834065875
0.0947416412114761
0.0979113379930664
0.10010705569719522
0.10211412236593624
0.10187504508236456
0.10001579994090401
0.09938352734279443
0.10062146409012876
0.10497975203227945
0.10916945209241986
0.1084069518223409
0.10422086005884593
0.10073392432412176
0.09801119786980228
0.09691104609347707
0.09699652492880079
0.0978843752023135
0.10201850762571422
0.10463978462677233
0.10453124449506228
0.10444243832193578
0.10307165995344067
0.10133250680159264
0.1002693781001861
0.09848315911861172
0.09735791346529055
0.09691456168810218
0.09675612037004902
0.09728146345656902
0.09813802651656542
0.09951491871610138
0.10040662999834024
0.09951859807666395
0.09965196699226915
0.09903705608285016
0.1001738941268395
0.09986239524118272
0.0991492232752994
0.09725251263799152
0.09764779617723394
0.09780324296332765
0.09935755220282914
0.09988460006688396
0.10204199249211428
0.10616112798534116
0.11216491949493676
0.11632075128964092
0.12197712006977204
0.12468172154257355
0.124839357524268
0.1253902620533492
0.12564335089538475
0.1245289024990323
0.12498536450284829
0.124883030558851
0.12761599597415457
0.13036931778543726
0.1332916978961945
0.13397011187896507
0.1375647904322706
0.14103704772326148
0.14296827297577788
0.14442851645867294
0.1450108863712367
0.14497147910886846
0.1437022654203104
0.14046757601157947
0.13947949224417872
0.13739114154785897
0.13707109842463466
0.1359884485050136
0.1360302372820943
0.13589477677595302
0.13470572963685973
0.1335226068011243
0.133086993521662
0.1333290373647114
0.13362411137475178
0.13351390391215887
0.13349685552649912
0.13381296265868486
0.13610653408024104
0.1369893994721496
0.1369372909292272
0.13652153651567286
0.13735623307634787
0.13714956063115066
0.13701920383352692
0.13662606315069234
0.13684354750640756
0.1371220938923549
0.1350638302158203
0.1340869414252055
0.13492422820005734
0.13549175051219212
0.1346215741899349
0.13431196529790138
0.1344726697666263
0.13636207188521826
0.13796916618932825
0.13805925624203721
0.13913670628781344
0.1391945244205312
0.13792522194912155
0.13730391237615328
0.13652232464069686
0.13548527875037292
0.1357256366878001
0.13662559979252595
0.13695092819829174
0.1366936714771337
0.13504123209021368
0.13541250137133082
0.1354543915981399
0.1352540734203008
0.1355448057182081
0.1370507389692607
0.13902097730579882
0.1425502427868348
0.13874471956937953
0.13841285036892254
0.13883638657872704
0.1401323224336676
0.13968774176672527
0.14023135618235213
0.14110249936462488
0.1425938210525678
0.14191822940875917
0.14183199109741831
0.14283009819422457
0.1442839272974864
0.1429007304090244
0.1465109451855044
0.14645663558366379
0.14847415777701395
0.14908362507333772
0.1486725531690138
0.15039941161344536
0.14790881742288362
0.15015066432402646
0.14932161415257544
0.1498397602515839
0.14942565543699557
0.15546508648747256
0.15581651053611284
0.1540465196685992
0.15483036049100646
0.15488688292124497
0.15850673795143083
0.15845214423077336
0.15752824319296513
0.15571830725952357
0.15817042624402738
0.15870710792060158
0.15855769895201938
0.1572938259995177
0.15725797143196865
0.15729770813097196
0.15629140546996442
0.1571239268865121
0.15858248471401282
0.1605743404709862
0.16063507998016643
0.16098192384207125
0.1609592190962573
0.16098697202122622
0.16229978366949738
0.1632023366862684
0.1644997918897742
0.16538822550951632
0.1669043488681436
0.16785467056231967
0.16765687850803854
0.16725393239222058
0.16945629637023138
0.1728014110134517
0.1751376867976547
0.18138912055484757
0.18297156637880355
0.18544792984243846
0.1875860907032827
0.18813793977073293
0.18856514017836282
0.18956504324965753
0.19308215525820802
0.1962444891693816
0.19810760186791337
0.198088799862097
0.19831070896882155
0.19757581243452468
0.19765338057341103
0.1969262489174326
0.19621586776896172
0.19690483948845108
0.1980693537233144
0.1985031253027446
0.19952613745518585
0.19991062553693498
0.2004910723777718
0.20135322185606847
0.2001984792884417
0.2008023851733045
0.1998072196490491
0.1988231638732782
0.1964899913254059
0.19466952381831396
0.189880673824487
0.18774866459639683
0.18725367424187833
0.18659683194810692
0.18584931977741584
0.18408137718530657
0.18511510421520844
0.18689303383066408
0.18691124761131284
0.18968439407667667
0.1903105124752614
0.18630528960574338
0.18511442913934495
0.184282162421639
0.18491716279786236
0.1847793265856288
0.1843495473019538
0.18171651821567472
0.17819401700115206
0.17739051437513415
0.17524861372770906
0.17591238450999627
0.17732826747295655
0.17985864646447167
0.18139003176409635
0.18344425032323483
0.1857418915900074
0.18542468208035565
0.18632864947491468
0.18875650083354167
0.1913559790058592
0.19199040735080192
0.19644135089915188
0.2003247318516534
0.20143011691745244
0.19864249794629793
0.19618342800370858
0.19309752156127433
0.19074665129928933
0.18862613950975465
0.18939044800185822
0.1899225248693086
0.19012157021808063
0.18897287879339789
0.1869194553634645
0.18596911339570826
0.1843873076025701
0.18243237751424596
0.18181868313077065
0.1820489381936099
0.18265578981709335
0.18136230465549794
0.1785104780875454
0.17569951704058265
0.17292571021527245
0.17132460581199632
0.16662030551148346
0.16641624333687416
0.16415437870170393
0.16327376831143703
0.16461548723479255
0.16389276265596486
0.1628079959614852
0.16148781859132316
0.1606521571263586
0.1591709411316229
0.15879151943943554
0.16085038320907818
0.1623581143531061
0.16581196204213183
0.16675971052580593
0.16676050401321482
0.16596079885108256
0.1651658305196753
0.16519684995639866
0.1664508923168099
0.16722620604706245
0.16844303964429744
0.17008146700681226
0.17169580615327062
0.17140268879447165
0.1685760698847525
0.16633884134235805
0.16372241808520632
0.16300551608778124
0.16246576076402888
0.1611687597931391
0.16094717016520352
0.16005087628474524
0.15841121420121637
0.15715538822407082
0.15392635581137115
0.15332432499446763
0.15128732362193748
0.14965391802002864
0.14867516385110224
0.1485619053611175
0.14943835812632028
0.150280043754762
0.15186815870570708
0.151536166813077
0.15103860264328126
0.15026089096997794
0.1513458000646028
0.14971901426548467
0.1500339487409661
0.15082665359026334
0.15157467421757057
0.150678664424464
0.14936665758160178
0.14922497416646732
0.14838040523932297
0.14913121763431678
0.1494351535663458
0.14998890243597393
0.15236344868241852
0.15233307878572525
0.15351423801916728
0.15226654955066288
0.15170477163219342
0.1505756551803862
0.14979691938952072
0.15081493635404514
0.15143859885853542
0.1527359036038714
0.15453828169310888
0.15636217133448052
0.1559431502469847
0.15608152022467597
0.1562554757201891
0.15649808573195623
0.15654978490573257
0.15750740685793505
0.15994306621722637
0.16280207959074788
0.1630371431180257
0.16562339530431297
0.1660599808344421
0.16402276116969375
0.16253851649682027
0.1594267840364411
0.1577504017839329
0.15710322983304673
0.15649116939053473
0.15800098023727574
0.15936078439803175
0.15734624348895668
0.15600815371223548
0.15466004463544264
0.15258734215971242
0.15211612107844755
0.15202538961733447
0.14937459743488177
0.14723125673162302
0.1458173737178926
0.14623668516081528
0.14592830972770648
0.14678891784613707
0.14566129423820262
0.14602060420444046
0.146780215058208
0.14576977661763765
0.1452063259557986
0.1432387769608382
0.14319282122950303
0.14379226267194242
0.14450804272877632
0.144862096964073
0.14605329273252363
0.14691523860750813
0.14790788402097582
0.14647542732390395
0.14532069084612625
0.1447022949529341
0.14338010162251186
0.1430390998059763
0.14298048764834825
0.14323513606832194
0.14457558878002258
0.14413496342141024
0.14404243031688999
0.14322281483962
0.14186448312309008
0.14294701591731804
0.1434893509492313
0.14447319862299685
0.14523181375991034
0.14514628945313948
0.14563950152129596
0.14648040470317683
0.14758721901772198
0.14742896264385677
0.14772762388526212
0.14731331816558024
0.14645703550680572
0.1456035954847286
0.14539339750466387
0.14474594802951882
0.14383473336162209
0.14215486942514943
0.14137505580175522
0.139770599792263
0.13736817112166594
0.1377289364129392
0.13590202252225028
0.13488677049007475
0.13493143156343418
0.13501255397028644
0.1344896360889877
0.13257297367334908
0.1305273676997052
0.12973735331846328
0.1292474999036482
0.127804426611925
0.12889463683705296
0.12930986438708694
0.13044247398839975
0.13109460724226105
0.12930836200566967
0.12705929624833487
0.125367839898268
0.12571007298532344
0.12745433040588888
0.12788082173589005
0.12937627903421062
0.1313151882578331
0.13299867901136986
0.13497696330794637
0.13306981091565817
0.13141310643654455
0.13271522877892747
0.13382018831309725
0.13443387138220714
0.135840312936493
0.13688034427912793
0.13724572217591127
0.13718386878477135
0.13682133233164975
0.13627799041034275
0.13609000364890259
0.13559569202226993
0.135016708506628
0.13724076478328062
0.1369564327020415
0.13623814678781926
0.13624198525887338
0.137417496446489
0.13752886945701606
0.1383489161203913
0.14014166932772926
0.1402115573892733
0.13892571906609177
0.1383597858807686
0.1396904155584055
0.14007605076490354
0.14011967590907873
0.14274200152696084
0.14212068461575184
0.14302556613536255
0.14062366545866917
0.13926463632494404
0.13823475818492917
0.1363796391086898
0.13592961587492372
0.1353187716226109
0.13270146102071287
0.13296067208405613
0.13404906000816558
0.13448516482073142
0.13505777752875298
0.13454964192926028
0.1336933169356732
0.13260440666220194
0.13026334955148589
0.1310494513277592
0.13031660494508837
0.1298357277300141
0.13012333321345523
0.13053445403726235
0.131366505796325
0.13045062120225875
0.1306556211558017
0.12925901130792694
0.1259161085507863
0.12203252075040005
0.11945527805301341
0.11725979299770736
0.11644264503228427
0.11564388034056505
0.1146249240192149
0.1158041070538274
0.1164802847746256
0.11375291192565744
0.11385432929973278
0.11275742349461985
0.11235488989239936
0.11485005382276688
0.11726959780463238
0.12045048842366964
0.12123659171375775
0.12287905503413624
0.1246668304865639
0.1256531681395184
0.1258884183098545
0.12802035829089756
0.13017866225531224
0.13102758372688356
0.1325076613254975
0.13321518304804134
0.13422664036246296
0.13311022265497588
0.13205792757424858
0.1319643884820199
0.12977576222738865
0.1285343290641706
0.127114914658991
0.12768229854320473
0.12608389597903588
0.12621018323064498
0.12712722807266244
0.12845334518104154
0.1269318643608573
0.12677222921815462
0.12536684671139908
0.12534077356771117
0.12523738350352714
0.12659276596523183
0.12781909764796157
0.13237311968774007
0.13286806409060303
0.13234969937521712
0.13141979908990628
0.12936750015260262
0.12977503083685035
0.13037731747733813
0.1330925441485093
0.13634596024833318
0.13795690611364927
0.1395567716550234
0.14081659869226598
0.14012587870717846
0.13996352961663433
0.1395425100055027
0.14195076415814795
0.14158559772179352
0.14280199829729576
0.14421280842310988
0.14804740124240773
0.14831215605843132
0.1488491857917874
0.1489464549230526
0.1473579848154668
0.14332700773751522
0.14037377222711972
0.13950015137674845
0.136559827468541
0.1361059435948388
0.13539723185210978
0.13587674066601746
0.1352221283998501
0.13189312480626855
0.1293837876241361
0.1257677376136252
0.12066794106244298
0.11931545969760729
0.11847314668935194
0.1199434954943781
0.11917320541714156
0.11770812547306078
0.11674897480003987
0.1158058736014124
0.11738789326931418
0.12058429208779838
0.12708899364363735
0.13027919586958517
0.13507452987408267
0.1371518893567864
0.13897799960597523
0.14031728327353435
0.14150735072943715
0.14150698610678777
0.13941305170215226
0.13846987550867426
0.1333409848131358
