4.205247280723606
3.4319598086716487
2.825142942751147
4.104774983294452
1.977149420451782
3.4488370271508244
3.263082627070992
4.4598912367542205
3.58041193823144
2.536116057979385
2.775715797430348
4.077532983310427
2.4810040600840666
4.106186201609133
3.057976917193423
6.293845154696916
4.499782289208328
8.37225984655248
7.980366649270627
10.012401496512108
7.235392114553422
8.599217327317735
7.766089549975933
11.405884433145838
13.396109123610989
4.05714190244427
5.653998912146998
3.6627755074147417
3.4584169627214663
2.8555833103537216
2.216788531658743
8.358223504264753
4.546209855957591
15.692904928392238
7.146510870527315
9.493224124805483
14.235539979884516
14.379576025097624
10.604941905234313
10.460086384447681
13.939015183436101
7.661819901653226
8.157297791025071
3.16588058142354
10.411620795918608
7.347117295750687
5.292837131735325
4.969733757936273
5.7800968691809995
8.598724887113605
4.047858689442563
3.4723495509870856
9.112790429209914
5.78735980198697
5.680938642290414
3.095385531313588
4.251763135410433
2.8618364867122694
2.667371450398327
2.9544497544185915
3.159528686828472
2.781499543498825
4.081377391787956
2.7026102771837284
13.679818284641062
4.307649126135667
2.789495102794807
3.20120902070433
3.484400211867512
11.378950783137302
7.560828292402117
7.362575443086081
3.3118516388320685
12.027592547710476
2.4104215935921225
2.3334513371172116
2.3889844819490933
2.9899638408816225
3.3368275509911394
3.7684177156259984
3.080378976698296
3.4575540134040117
2.3397250245514
2.1521335868539526
3.2168990707304643
3.241273936100913
2.861891225916762
3.077875500837577
5.089066360196566
3.1281933892122633
5.510682413386649
2.9813878854336333
3.8958973883493555
4.4842296112612114
3.396038547298315
3.292808400420616
8.615117133302334
7.792817954981231
3.3929980644084665
2.2151302187435
4.217310612061182
6.864732957863228
3.4776039344921457
3.1937747770633154
4.427840766202389
2.9676888130242065
3.537381998102237
4.096662298592589
6.647833919491363
6.816622961253543
3.4562881872401476
5.435664616151669
12.5655170803364
5.996468811024337
3.74987931286797
6.7709440828399865
6.762432744782307
8.370877482816912
8.224783569451123
6.299962200390196
6.424135932179196
6.183475540315641
5.4843284430759605
5.78044961964457
6.3665810709669275
10.019600590483488
10.769146461047436
7.6427420019676235
10.257987630590467
7.420380080421578
4.683842487539202
11.698634466874584
6.930731435241571
10.015414150943792
15.232178533220338
9.654692706291657
8.457270578421987
7.377719186018818
10.873511324277345
9.599237679014692
11.969345549740929
6.015724993017198
10.44184023023949
10.09416394138282
10.173453809715129
10.117870328856025
9.166530999742143
7.799399802678562
10.295996190528246
8.173756411581271
6.6221371634994695
6.350044418614187
5.991430559036784
6.135419440772518
6.66537511475605
9.765158316879848
9.203591883733159
12.991422149955756
12.561606945253565
8.890930333717433
9.129127357908937
17.96477230099809
14.694761914949808
14.820171135693883
9.619327349059725
11.124455240434767
14.703074929176992
19.54068945000247
8.910126580787633
8.101471588229678
5.553778906070096
9.364466276452516
9.28191845999148
9.823839660986726
5.810355523977012
6.3420496539209505
4.835736377801924
5.796819149321254
3.021556184725582
5.003221720499796
5.195880928391595
7.106572189987725
2.269936159810734
2.330843938663546
2.087994508323452
3.07760641495753
2.9276169474213765
2.3278180074820147
2.5525639223052474
2.7355768227931874
2.531706504979861
2.507597008615544
1.7848490586237555
4.472992498074981
3.8738358584089925
3.970804905453636
3.5329498436878213
2.6309666933086797
3.1471217407497827
2.633605609145566
2.3140943116908708
2.4610371845598933
2.40735596839577
3.419796366778404
3.2469086746859603
2.9499363935279583
2.514604781765737
3.4907204635587896
2.187885050792237
1.958845867750711
2.0380168838655326
2.5782767629489585
2.409295164336682
2.349472475587484
2.889859852491592
2.149457834108765
2.5241117803013475
2.4951744879680122
1.7773290077325214
2.849558595524044
2.6615519580750315
2.7470038860397645
2.3985636405320405
2.2256935093367094
1.367974253312839
1.914582978137113
1.686608621333379
0.6701330953103197
0.39125053419578393
0.585943408158723
0.9179508885164784
1.1529696879155782
0.5566783367480267
1.6405521122127678
2.407237614014647
0.6577173053884462
0.8696737639358328
0.6349608291636882
1.224021626286641
0.8416091592699493
0.8866156266885727
1.912392380050683
0.8970467091192704
0.8004267167723029
1.1051407120421979
0.9943598265642585
1.1699132526690592
1.2176151639830457
0.7849342201128032
0.9395515185190405
1.3696209020128576
0.9778184062483373
1.3668007760691114
1.6074280145646984
1.6350856736293058
3.0548478622605835
2.211722036342916
2.297320500664895
1.7091710716698845
1.8636782231645816
2.6310551109235094
2.622570007188364
3.636624614472533
2.778186848812358
2.099840460492728
2.5646688141926077
2.368542975047888
2.309126465731746
2.3601587205424526
2.3419927833852006
2.6305024099551337
2.4408418067067665
1.1605421293483933
3.8084688374810467
2.491521826540681
4.003796260802548
3.77627602931626
3.326722941726094
3.079719700843019
2.780583340266118
3.102698756004835
3.3223638432866216
3.2985192133601196
3.0094665759077897
3.9267090106873157
3.2914232718003738
2.7798628743489973
2.9362633340114366
3.5340135209035743
2.587387898457083
3.068706150764231
2.927515602296375
8.17559321116695
13.475384495493191
8.50882345750129
12.99968913653648
4.8028002359835735
3.8555722552164013
5.411281806054733
3.3558407695836436
10.012478192108029
6.213876900796953
4.975114628285056
2.775600849977685
12.34967559134508
5.825340213274775
2.76954052224181
11.273348349018473
6.067119866762106
1.3967268609129104
1.2723333039593496
1.5286222783465815
1.5682689060980737
3.8451633696217917
2.5235058738943534
2.440866012000801
1.9116948277133745
2.0852850363300655
1.6585322397159454
1.2151683584941804
1.9082041385041666
2.5814832449138763
2.416501620746692
10.668795862069114
2.2583355242169216
3.005613246497222
3.436694626622919
6.301403675528595
2.738148244428879
6.073404669491218
4.464863132044018
7.459677891470939
12.201107822200564
4.7986685877540065
10.77888464284548
8.907779482727014
4.63310356643193
4.699927708479587
10.500072993413031
17.4997574299995
11.748925384311459
3.75189166528214
3.111385342771795
10.026047772795952
12.445403740648029
2.5618364948890204
3.3653218717884066
5.296730354158976
1.8111757334216372
1.735423210547944
1.661324371004644
2.1767773894018747
2.137040871192209
4.194888156153994
4.756684142835054
12.73915054996346
11.830386796769591
6.004388610269552
7.4662698700524315
4.240491581655274
10.026586857423615
10.219373640071499
8.860900389829299
13.38377915596198
12.65703886345232
16.8766862112216
12.965248029056813
13.925054932309692
10.757667806613508
14.545251726325137
19.602985829703048
15.058035113228822
24.029378833795867
19.34545769225292
17.674149751410006
19.24113441616267
19.186261916674404
20.501816884576662
4.008865923359396
2.323453684757641
9.697400000836458
7.021555948257027
3.668817372009395
6.995942539003385
6.554423485633185
3.3200158917637053
3.347854590019909
10.235058569055003
9.826550159749171
6.546792399929973
6.505220518640462
7.0436142549020335
3.857531932921943
5.453810951936565
14.05580388926214
8.755000360518645
9.467767544618011
18.85701437136428
16.851528986691562
1.5712080878936674
11.998821890209006
20.679738534470907
13.451454920429693
5.128712490659944
3.4926779050066443
8.236549484319784
14.269843200518242
5.3019116745001815
6.620655623768752
9.739497485614677
6.360858804351758
5.56353024276721
6.26492284628713
3.771847209032093
7.124775774971816
5.218844590662201
2.0978259991501007
2.5714194675430275
1.6314146342060307
1.8711244017773254
0.9419129328286304
0.7768721453257355
0.9134267426173575
2.5391510116659384
2.1675618723307304
2.6761767015208138
1.8451438876860426
1.527374852756726
1.760381010337074
2.155710443574537
1.569163688300445
1.4908513720054013
1.5080753515414298
1.8192807811871599
1.7729384439174158
1.1796894785124032
1.0837931663648495
1.1204081330801738
0.9852128647607812
1.21088723775692
1.214331715433475
1.1265200570374003
0.9457118690027825
1.2223946969847734
1.102405477896489
1.0788085969258219
1.3831785259044085
1.5229374584712023
1.1376432171644015
0.9216260250703574
0.9696743491123996
0.9334456917142535
1.0946711359425225
1.5023179970594573
1.375241780771302
2.1850985431756915
0.9054592583276143
0.9172884014792327
0.6804350656885683
0.6658292379419462
0.0401535733849521
0.1661168718544457
0.10854161636297961
0.18799727595649127
0.1043198272526826
0.10699467793762034
0.07047946299142152
0.09745048087374186
0.1502386483827843
0.15356310460395675
0.08312718257475561
0.08380231248510904
0.09353527083635568
0.10508997354500912
0.18253818169145875
0.16745213493962902
0.09101600134436408
0.25279046649127934
0.10678527186269446
0.1751857377629133
0.33188224599486416
0.5050781303986434
1.1623772244842168
0.5005139822592731
0.8872355858955983
1.371865202997623
1.142026015930563
2.0677027044468623
2.687114121707618
3.6318519054112435
3.9615475986212254
3.767771781710644
16.19563630610351
14.889020574625894
10.361234996825218
10.288816595771058
10.131062110062008
14.89981239773925
17.36251503310148
14.354296127122714
18.430164181578952
9.53553194915706
14.840673749800658
16.400696337298164
16.595096611117178
8.89475322257203
9.387421606836586
17.369264060292295
12.701481335378238
16.96349116359674
12.798746161781931
13.485508098298922
9.818049969685728
6.328922846497589
17.560562411831356
9.94595311924042
17.813390423811246
18.001071185511563
21.936941327895575
18.15334375536933
14.53673195502544
7.018700535594921
14.517710306866547
13.969371538008868
30.454189479781625
3.137220867526799
6.7759724499650975
6.888377093226191
14.872284759520616
22.773899534789486
23.038629546692658
7.0017396107459975
11.110197693340616
3.527710624091351
0.04451261162030885
3.4969297942623045
3.5510971021010933
7.394598977767141
18.445250621297113
22.602503908912617
22.924077085307033
3.638386102439264
7.1745848114385
0.02396606771634563
7.207056486103298
6.861363626073323
10.392158552668501
10.944511509067159
7.166359430978943
3.4943043753222938
3.4693492788244207
3.578624571285194
3.3502758149868717
10.301339517086296
14.300148908769682
6.705078835903841
6.951548600392674
3.528780704283097
3.52717736499428
7.011815026109043
6.502082731416257
6.601465359228365
10.185030336755082
3.2124758598145577
3.681533319193865
3.088902005965913
6.576035030503677
25.01658958540244
6.466581180719359
10.197363351729111
11.34633058287588
10.971096098191575
7.567822856833625
3.6409421403127653
7.087765336892561
9.164651354605649
6.496904045589476
5.135098759245541
7.709481597496591
5.785098532499679
3.49946251753311
4.863574787422345
3.840511356634238
3.1539975897518344
1.8193178125172362
2.0296210483717974
2.3094480130376884
1.9311373122468183
3.1567562409930305
2.243596509655533
1.890502174390696
1.2129654626746291
1.9999826714592193
1.939466879252408
2.506246074708446
1.8560261529711515
3.4757653586251087
1.232743996463706
2.966998766807051
2.971473087025842
2.479603533467045
2.699645380525723
2.167214410518264
3.2179427025363254
2.907430101951024
1.3297304036543802
1.7542300789227325
2.0417630599145786
1.3623190703837713
1.4429220822728328
0.927624240403472
1.0864291695593706
1.780236775269875
1.584562754265467
0.535106197788976
1.3100823007491007
0.31458293177008606
0.3080593774638779
0.42876848274029483
0.2065024336043782
0.18598800852029257
0.09328753314335139
0.1445751951711784
0.0857847528316236
0.0848584240018884
0.05416662377374012
0.0511082224156457
0.07318098479045099
0.0996533631533387
0.1755320976268933
0.1055688271366951
0.053038807502737165
0.04551160003311516
0.09150252602473428
0.0910347897801141
0.029247258970915818
0.0543922340644419
0.03871894561347857
0.0681375724113443
0.04889302183750158
0.07467295115779923
0.04711777809954241
0.040266124194768486
0.06736041338181868
0.020232275101546876
0.02124405621076793
0.02958294937306708
0.03789317594421788
0.01681676968640649
0.050010638457766245
0.0554263032786821
0.07186614357792258
0.03255867213662197
0.07044749429258891
0.1550824945494526
0.04936944002878489
0.053334666877362005
0.028908229974574234
0.06600668915801876
0.10197346376206669
0.08563398998667872
0.13167685086404696
0.08125985913000763
0.07019995033397851
0.1606025637172386
0.06798461384158369
0.08581652176150166
0.07715442864801723
0.1289626745346341
0.1754632742870928
0.053686490021100285
0.06985778417812234
0.14704220843851482
0.10139464862928016
0.11219622224040819
0.23078645595225664
0.845085235221973
0.7759260204578196
0.7603043514687525
0.9943818956008352
0.8842435252434712
2.3802301076667254
1.6867212654733663
1.8675493530551859
3.4952809641867026
4.065546194678574
4.59776103847548
4.031354572944962
5.90466904284123
2.499377782086603
2.347284149451223
3.804488096622697
12.602683676478495
11.953453273675004
8.243174836305773
5.48284531899578
11.797660159210393
8.621648605553672
6.438880181319948
1.5800639399450824
3.3468896257977456
2.1913824727577746
3.5533688982693
2.7057558121484893
3.566544862321623
1.7173598729427872
4.768577217682761
2.2354740753886277
5.038969431636378
3.4986645816124273
2.1128120372940247
3.1523028918316296
1.2280353975781593
4.000191957514495
5.4458870849594225
1.7483700143946386
15.292353532362494
11.085440570235383
10.405891831957822
15.791894573592007
15.151054436777688
11.786059208562534
8.6029281040251
8.295106057030406
11.87417804018899
9.581722810385543
25.314604543159092
22.082093364264683
6.61417781530115
9.057647492546483
12.750706144416942
9.332365708533503
9.378931830220834
21.544659011445905
25.01682404866775
6.490758870871877
9.764961094515781
5.7325405709292365
6.2309691532997675
6.5698542228118555
6.839245170646353
18.53965768532956
14.48816171218036
13.934095159242426
18.091487933750575
21.588744003846898
14.398110258813409
3.743293550517433
3.5847717598260993
6.668632444792226
13.94663575485033
10.099545299509398
14.284581904528391
18.07413310216428
3.517451655203044
7.395174214706268
0.1185409684252674
10.52470384355684
6.889382288792676
6.708089761417964
14.29857871057815
9.9968341841846
10.58665281688555
3.1017582663257803
26.16689697701968
17.903810215076362
6.637128071287191
10.848844265042025
7.037181004254704
10.91313344464336
0.03533912332123859
7.284615915467316
7.437211409089178
7.0962657225020305
0.45702355512905274
6.820770202719589
7.1103317428482855
6.911263529482571
7.572458209019731
7.740330080224536
3.700619573576887
0.9225027623718601
1.8049892857849383
5.049322720812707
12.357246524892613
7.238635966376622
9.633110269234523
6.445224247277977
25.904950632515416
3.901460793723473
7.876527506055112
6.99020036206917
3.4174823356373962
3.8108619279206253
7.308663550493938
10.386860074366304
17.365696771196465
21.296546228295927
21.536741490509385
13.636850196361895
8.099494119572627
3.466648632463035
5.703813121623872
4.203975513865892
7.6417597099209145
8.975654468656769
7.955940873231581
2.8961542593639837
5.56368082315586
2.7609243264774403
5.665055294580959
22.094021344139964
4.836254075455538
3.412535179597674
3.7515567461435233
13.629513334374295
4.92618088904827
3.122752797040131
7.553832096940127
3.3695294666101425
3.8761122454885863
1.8300497330921286
1.462792640440608
2.052315458563193
2.3671044814753133
2.985655352592352
6.0630729845233855
1.4286342315297031
6.671017494677
2.228906540846496
1.6751724895994635
4.383422375164002
4.7223660848493765
2.9315927842977905
2.6472665715637507
7.154322694819497
6.7677272759904685
3.2119134208258897
1.761004656609907
0.8939925577133622
0.31078569107058274
0.26442664154681855
0.8102603062553214
0.2857649591267002
0.5602622291793461
0.3180695358025154
0.4454949722753693
0.21650160719046943
0.42024795306026413
0.5069739662542994
0.3716100570331182
0.30885415096380775
0.3733864692299013
0.10990975352000831
0.11539630979276241
0.0929423685088835
0.1053350926832689
0.09590020696429884
0.033642823460253386
0.011874466981615716
0.048482728275968084
0.04039170941738275
0.06483288602298361
0.048960868368284824
0.0349376809906007
0.03000829089399043
0.025401072207652965
0.027817467681992447
0.0522765766351113
0.02207794895944913
0.024626193014140967
0.027655937890008676
0.0712801937129324
0.009451249611641985
0.004214156321187497
0.04571351809256582
0.04127421982462479
0.020602739918400986
0.02146648847126075
0.037688731507456184
0.03180487870549965
0.00912793901892486
0.02847018001680417
0.057359612260460435
0.07769157033189561
0.04144009592142879
0.047244986584896204
0.05538936787158825
0.026361103115322
0.043137258514343066
0.04514710313372448
0.13332921824514515
0.09095179211660392
0.2429329756140389
0.1159355620120501
0.07612709147305197
0.2344164825208571
0.06018325477987409
0.06904775552047601
0.07486778454542664
0.12023916560549766
0.1896394409453976
0.21544823675027597
0.2276799703823263
0.13073025499968258
0.18083750496156697
0.1931573578167168
0.055532230868027235
0.2553624391546364
1.080119560779507
0.8973945866766602
0.9150263142269249
1.0274979956863968
0.596376320364843
1.1456603079143013
1.5214058161246868
2.4609505234685214
3.0665942850068193
2.670609104466414
7.255530115082665
4.04468970731174
6.23588527056088
5.815944361306698
7.6992269563783875
7.922199476954107
12.169394588812352
19.3659024520537
12.911102538068118
7.218620892886358
7.975832559641596
11.953099650927959
12.155565280450677
12.488735891445836
3.705654195432995
6.748124573169991
13.371425736193189
11.113965901221196
3.6531912442454115
6.479709482117293
5.893612462969541
11.890080972025144
11.17114491965945
11.402526856219234
7.104865871659918
10.277541617996132
10.232210810645352
10.041730693218588
10.433670649535532
5.942389021576002
5.19957406703756
7.914867438169546
3.2917271805838757
4.468637075989517
6.538198494510636
3.838031819145088
5.980940113036544
1.545926365419699
3.036544614308215
6.42650121049454
3.6269258373170983
2.441152196028824
3.8379707455625343
3.0534961818493676
5.620836905540459
2.400118221791135
8.445532439152771
2.3179916216931864
6.800765046318219
3.4819848388577013
12.060171537561814
11.978482285506407
8.2858185913496
8.471346373879054
5.524579993000828
16.818507269828807
16.894404915325133
13.854687555444647
3.1152163592478557
9.089220383169806
5.764867516409684
4.774703691134859
4.406078950562675
4.852704905759792
3.9160284944067576
8.313168253504173
12.541014465782599
9.670048421059663
5.504079793308152
5.946705214771089
5.491649189281728
4.812909516600014
3.065533101831323
8.326742701167776
8.741195243621608
13.019573539443623
8.825742058685453
7.631406586946722
7.04628368861939
10.206420065614513
11.160568175589237
19.542192754640872
18.807696408426715
19.064214911814783
15.503216493030584
17.75835474485584
5.621409454773255
5.056005588407738
5.590387526145154
5.6775467677615925
6.682451981741401
9.224081088189248
11.049219851319853
10.217778722548605
15.046639572770246
9.79844200209801
15.108449562275737
5.97970403752482
5.599062552536146
4.276392702872075
1.1453622087194133
10.141915112624662
1.0534545634010668
3.9181438935895843
6.220242932329402
5.476168666944519
7.8683571491867355
8.107798735013294
4.9507828393495235
6.276980573283013
6.146306312777136
4.81748956635262
6.828789468367582
6.343302118719025
4.6893372316807165
3.5227431707403185
8.412453982847746
1.8995895936778993
2.6135175253722367
6.505001679579896
8.551146865328814
13.433859635201523
10.876030027296924
3.553748280595979
5.766439389844576
12.806276952013514
3.8485553519493543
4.1968430269788595
3.397183118359788
2.320250099475044
9.881842118495708
14.325654592903177
9.50944044741522
5.057741882518213
4.22033771852358
11.206681981688666
4.6182330408713135
7.25127051399952
6.048653942618197
7.7088279779431375
4.948382180722625
7.068018022401081
2.338433651737673
2.954549560157852
1.2946211292361336
1.9675351221929431
2.6539614063578383
3.841881165182346
5.731036830861837
0.7864953981705906
0.5613307087574972
0.5652050474855319
0.4704709142060272
0.6152905622690621
0.276380423683799
0.2661448792292046
0.5955334887955359
1.4118325355118622
2.121138022515006
2.185505667816438
1.5108498462376172
1.5525231224253149
2.236381767774399
2.5296591853158943
1.5540949544022788
2.469701089543341
1.5652497098583438
1.7925361877641042
1.4030041909096842
1.2220284248548876
2.2780496156102794
2.8930119923035282
1.6719441572575184
3.446237822197908
1.1350754028786345
1.140820540710616
1.2996156536137489
3.9059600519541307
1.8927414546104395
5.723421402746299
1.841442156570844
1.8322868089730378
2.1800814437206846
1.62750848762743
1.998771216909745
1.622008373589392
1.4063522036007368
1.6712958230477295
1.6408815027841008
8.38034536265387
1.6562332476145454
2.050751620052046
1.5058058085672648
1.6547095706315045
1.6912113885562754
4.410392599611646
2.516627937766806
1.611822420985667
1.6572202445651887
1.4318651793224806
1.525192438601716
1.6962820435599166
1.6023585921648682
3.3945637828771864
1.7899133137280052
1.9896242083978273
3.408322521383358
5.17922678987018
3.2206887429436533
10.043977630290597
6.889504261951461
12.849472463793067
2.663544119260387
4.533552230214221
2.5884610514270188
3.323004255725352
5.183563516476653
10.956075929778631
5.045761117541383
3.8228108071942524
6.920106044648283
4.042072135117044
7.056898909746695
2.8187034040626457
3.4693416306809937
6.600198690863673
6.66204702543799
6.032019738066678
7.0944357973918
2.871146263018246
2.731732162517887
3.9056376298939
3.4619228875669883
4.982081980783088
4.5773777612284
5.177661530336965
2.2824873967899473
2.3833936603253374
2.67340636535532
2.0102559241613784
3.1686643643565233
1.726026889427717
2.6112096125340707
2.025486245597003
1.809305848749587
2.0410881148360542
1.6794578893378234
1.6045732816118286
3.409068704476893
2.500828525428582
3.277500731407953
2.4274300812594802
2.7091167459314907
2.165496859960146
1.542033412447374
1.577108186096007
1.8306843817361063
1.6809388262750506
2.1520566894036453
2.662145253193833
5.315969188226904
1.952456521011006
1.6962964581714588
1.9804334734733378
1.8501903567243345
1.840107606831792
2.2673700640051204
2.3562770847815937
0.6873836326815556
0.09067152348610305
0.06344666054325956
0.24858354092325935
0.23174533372719636
2.416663161741968
0.3166061858108137
0.2876790161221184
1.8165645593671038
2.1300427666872936
1.9627345390173416
1.7874121350628083
2.4950096957035495
0.9528938256365395
0.14105586009691742
0.03598789672392622
0.2775859374481313
0.0555069913041059
0.13420282210721302
2.1024655328186928
1.6681563720361123
1.2782692432927933
3.223064900735534
3.875834481134288
0.9647600477073839
1.6540848050911818
1.258965372921602
3.263688270552785
2.975631919697708
1.8463577729728993
1.2119181553775917
1.7986113359149472
2.094532802351411
2.765715168527303
0.8295558348339988
2.8723706207294257
8.770182021679483
6.75775563358427
3.808651870364791
1.7879305177731208
3.5105122557703665
1.9963819732131096
2.166685280569828
1.2514892239429554
1.4292411708425365
1.2970516418602194
1.0841751320864224
1.414659488417918
0.4995792788033865
0.8377561725594976
0.2294667636311541
1.3589920863123264
0.04078644777527883
0.023327704193406053
0.016782525065111936
0.02302722158513392
0.008439835323675307
0.004828762109996187
0.009056064552061158
0.021826751278697938
0.011131046836022205
0.020410195981005123
0.010481871706420207
0.015004710467150226
0.007532222728372643
0.0030397376161468864
0.0015582528302633528
0.018053717453775223
0.009808269077587086
0.013244222220617333
0.01639876769681655
0.023409554192731594
0.01690691760739773
0.007156042430748843
0.029234011148189278
0.02695454810281998
0.02367086187471575
0.032740481832131414
0.04144845155273818
0.034782484288221976
0.007463956766225259
0.0658609717086709
0.03950814461659045
0.14514384406358305
0.14649126128671036
2.644523879699511
2.150735520888916
0.5984137417833669
3.6540971323933626
2.9116106034409386
6.380015964275972
6.293273219460128
7.344815855425092
2.1648843177442174
4.100871210247545
2.3971622963502375
1.8300895874252816
0.7686346699543654
0.46948170939595624
0.27805614936046996
0.04113104481838137
0.02707815928939743
0.021491408001194593
0.026186372906269524
0.03059655231189713
0.03417762510350038
1.4141430552728638
0.007784778890395937
0.012122579214103502
0.009320808504411504
0.007290850340035934
0.017918510333840815
0.008977520047300628
0.016688596705491252
0.009675794475015962
0.0031674850543727344
0.004619949123006028
0.023494777954384274
0.0020370563895347115
0.0027359037529148212
0.008012530438379586
0.008160990464222832
0.02841157664656841
0.011284654525796639
0.010524794871685807
0.00511567091045236
0.007729255326144394
0.015833178308959507
0.03897058407094026
2.4320275038204873
2.6248042259297053
2.049553513455412
1.9363481123575927
0.5022298983871204
0.8165642335164648
0.6147991444507006
3.0897245503560935
2.8889547560835642
2.6560993818637044
2.510360420324953
1.9484284631951259
1.0717155053404799
3.437452498317948
4.0072913817911475
1.5407391827780248
1.1415251675028082
1.0913125547597422
0.5297766847255565
0.03557911769253334
0.04212480407404644
0.029422643572398766
0.027467998078057165
0.03000184116026582
0.011011906650126985
0.01495073896238252
0.024827762931994162
0.010309756351656253
0.00963694140278287
0.00823182128723136
0.008531271861041781
0.008992636316988245
0.006022803679263072
0.006265189456804414
0.005844533558911935
0.008965988507426758
0.004633875373229719
0.010874294978242948
0.0025752184976727166
0.003643127723941735
0.014513386402566946
0.04219104071049381
0.009918519569289614
0.010169202979054886
0.01338587734943587
0.012689819777684236
0.023552508488364685
0.23489785102545008
2.0205052659671003
1.7493436507417832
1.3663721789308743
1.5390313103895104
1.3189123421689513
0.9635290053237412
0.9522623448717713
0.7305408520008101
0.6969318966964815
2.778748875218757
5.5628868805228615
3.402937352142586
3.0315996542860932
3.575423495942636
2.47829009734402
2.866279306273736
3.3241110136246226
3.0500725123257277
5.576734400461527
7.2270820604045225
2.793497966861076
5.024220912410799
2.7960473836499244
2.6110786294910446
0.6140934732306903
0.43557804154681445
2.3868942897893275
3.410098463654414
1.901309135182574
3.911467004145197
10.240288342200273
15.878297546293163
0.987175217160112
1.4570945844337038
2.3770967771781493
2.0964527057717794
1.098863711419217
1.9745538417787032
2.5730343161176905
3.4943036936548615
7.61254330464057
3.7995477912873623
4.262405401234213
2.8924472220988706
4.329058288104948
3.0531513114501854
5.266178333584067
3.993003551649946
0.9649157449901681
0.7194272949715185
2.6855315845458803
2.6531910767733375
3.2296229746410745
2.966793514329802
0.949592941581192
0.7501556526064277
0.9747562224348088
1.0068103513309592
0.8777491493367438
2.320763657838252
2.0743909145146437
0.78286037136858
1.0370893888910202
1.0652708985466148
1.5797987969988725
0.5047433209165203
0.6413653096925344
1.7622262086771616
2.385378210337689
2.3334010320506606
2.399335195808306
4.158841922505767
4.150959676553084
2.3610669981848806
0.8915401859870983
1.1359685639493067
0.9997372042858146
2.704650877037541
3.3802576646214937
4.832657378896991
4.379850321999868
2.671515872806005
3.5587597211684914
2.760912938550446
3.293120628071377
2.898034651690442
2.68323245681061
1.4938247732504266
3.023874266103295
2.985335665331124
2.606340712820935
2.9646342273780735
3.0170815721464574
3.401646422393744
3.0465178544139477
2.4635202449828775
2.4145215305893393
2.400675576932907
2.340231986548836
2.264181482918988
2.5361353720299684
2.5447639809196083
2.858096850062843
2.157821829049571
2.1788714118426338
2.94052268792649
2.7529460880128425
2.805063775956347
2.645941760417533
2.5550901476833685
3.1144697696612447
2.9954690853693133
2.953648774099826
3.0520740116709826
3.4957877475424852
3.0549456426481374
4.663498713161614
4.8112705645099645
5.144231852649741
5.420772848134642
4.596311494202654
4.701171949118523
4.294501810589194
4.709632096939479
4.9660698772623295
6.553751871710963
5.599871853185752
6.040050187309393
6.828662378341953
6.0069873623616115
6.468442926506135
4.068687500463667
4.216129617719648
6.854917543215467
5.88047155820451
6.189363437734195
6.738382573423886
7.140910605565869
9.357297322430464
10.919112518160137
8.155222539913444
8.070503063828017
13.493437683340327
9.730347591523188
9.613127179034176
6.55399727754488
9.852271926980485
12.608322523806546
14.025383723414658
15.118491666085117
11.495019985816388
10.59893641326764
11.587945089002726
13.93047076888898
8.880149733978053
5.982577528909424
9.204715924418622
8.60200263831291
9.077951010341488
8.404735206671209
9.129387672399861
13.842654978001637
13.984287610300063
14.017852231243111
13.861993736297634
18.05841897077707
10.998329756145164
9.02923852176785
10.605127117846937
11.783667155748587
9.613210582248971
8.71998721871527
9.308623089900824
13.168964332858167
6.408160710098128
4.410765701115572
3.3069257356850814
4.630497537397015
5.249723023362837
6.87372580880538
6.76191896645813
3.1706477186753093
4.4407763754752265
3.564341384950919
3.2504463274066437
4.201889509099725
2.8785523743181316
5.422199867248063
3.5908369631591923
3.0814009690657924
3.1408866998451597
2.9042577339240347
3.3610977775773554
3.6301893607310247
4.392434539988569
4.775231649778036
4.965665613829344
8.247528765280146
4.927222156055531
7.802448543700002
5.782954850195154
6.233550943066085
6.3072592407936305
5.917062943897905
6.93020773811934
8.711405691301188
6.638152449902442
12.529692448180095
14.950684361769584
11.964176263109467
8.345223840635928
6.665918816576135
6.113999638832356
4.972617895199051
5.339357990530166
4.899089200107822
3.385600477830246
2.5318020546093636
2.555015872828606
3.247897959798199
2.8986054818594327
3.123821919468814
3.015831440699947
3.0527102878318617
2.744899050331756
3.3400023080751944
3.562052097524558
3.2940426697186473
5.458369708572055
5.8360440224250425
6.726495312175061
6.7675636771463505
5.926565836421686
3.233317465641594
9.552531450163059
7.961886639670413
6.864856323559979
6.30421290998479
7.159879371884136
4.540584616105005
5.4145425692026095
5.423281457833363
3.7571996296586567
3.9648543422836227
2.6739262829942674
2.8859299494303925
2.5309683000524084
3.307893690525728
2.90792385082768
3.0154928641824004
2.718425566279058
2.27123689962274
2.4436332198688246
2.537521446294783
3.000726700972725
3.5077646071884843
4.152668652071781
3.180449375712836
4.2183569486978785
3.1862285672757933
3.053988869095542
3.226940893433023
8.999840080594662
4.887949651885188
13.264357567689322
11.123222282285804
8.1867477717452
3.861404766236061
4.26917855677412
4.915651666332401
5.098768058495091
4.535265191444643
2.981541738665607
2.1771655436441613
2.253986213389746
2.777541644709373
2.9078670343766047
2.751779551011243
2.359754672257246
2.0020432496830427
2.1957651064673294
2.2545638269509665
2.414808943802143
2.6371933610898872
3.0210784216534017
2.9121640699598585
2.662884513812771
2.62058949977148
2.853482106959175
3.6937110852153396
2.683648274781869
3.1889249628660825
2.8683371673600457
2.973456636775184
3.5411661350828787
7.610756767031096
9.127106599574578
8.954192588412281
7.637565683992298
8.013261033172807
7.958856270203576
6.138804609655532
11.903452242089973
5.94852399615892
10.205450911630638
8.94757867973656
7.495927761304631
17.023744270616056
6.670808277723404
3.623811080891817
3.128930704232906
2.773333541780682
3.080451648219603
3.3745804156182606
2.8199712989261867
4.003659360827455
3.7030695899551618
3.5674255162930804
4.13395400347396
4.125529794392254
4.2764375111628254
8.110838954393884
8.145929410471288
4.721054720264659
9.299556405114966
11.263430899087272
10.968806599642885
13.088832491087098
10.38442877734001
9.838979956583021
6.1143754424164785
9.11371596790781
10.592619896822992
11.820138021888031
12.262166815075114
13.400660416520287
14.10775328274778
12.835698662078604
14.52045715691916
12.355080967643648
12.75851825251522
12.824863167746326
14.870919449106768
12.152392519951126
15.947729739676337
13.25307154708417
13.035447581475205
6.766798872596306
6.335248549584614
6.507668349313515
10.571906310602987
11.648779053373993
8.123601120971648
6.744711839602019
5.906966946255967
6.379291938066092
8.167776338357495
14.307104543091745
8.582913080594526
7.998283957782936
10.336213195695567
7.032612062525843
11.862648765163566
9.298102710539684
5.3791129923109935
5.011940342662422
4.718248168131678
4.9460483931799
7.7627743501575015
13.282251012057733
11.840454597246168
12.637842709729691
7.828501027033099
8.386936702255849
10.646837469845043
3.955944638793315
4.769146821547456
0.7541566795479169
1.9068341365101538
4.490658685019374
4.320282115783828
4.3996780537797155
7.455365066397353
6.325058204224732
6.846212773658102
6.382700367570036
6.971720669998973
4.524134210549614
5.104198760543937
8.11993116163766
7.8179398482253415
4.8771158316987515
5.045920321276067
7.186865381873889
7.09334742522594
7.880867521749667
3.2165365149732024
3.170686199098699
5.146979530390175
5.619209530250027
3.232182460707623
2.837659225617127
1.3043851835188982
1.4099214804526663
1.1873155672532285
3.0811716112954266
1.0928455353708657
0.995005661375686
0.8860772848366899
0.9051765595251485
1.1160028932282564
1.3129408112813268
1.2073398478394215
1.1803624633792915
1.416382276537023
1.0379224320838998
0.9546356600396682
1.04254499973236
1.166669432450656
1.3534373490029894
1.0141860239270801
1.391553009064608
1.148950031202833
0.9567348786082401
0.9584153708189724
0.9168601831133694
1.1130070823595521
0.9302465372188665
1.1251735785838768
1.1424837310050822
1.0342366794190372
1.0260511560875174
1.0733570710748848
1.096713556566737
1.186836950582884
1.1065556228690991
1.2918016631983926
1.1380065614618682
1.2029660684430552
1.0828984832144684
1.1236495994391058
1.1274020636170503
1.5801085808760074
1.2487076998738698
1.2826062495515789
1.119617851475661
1.2767090663169427
1.1237694384719843
1.163258482284044
1.4809945566783793
1.2968236382950669
1.1763799073371508
1.1810931697570806
0.9876855691268064
0.7366368733751628
1.2175127405214077
1.029249571650834
1.7016624410076377
1.1285858367890738
1.6554660436236976
1.2057294984467544
1.04253595874246
1.256711585747519
1.139827418405637
1.2861516350437445
1.2492156123694997
1.3342755865541847
1.2833863953407563
1.4634067059390794
1.4816416708259945
1.4424368143413182
1.6613986174790605
1.6682239440564246
1.4729930572074625
1.1052659909067553
2.9377616899682937
3.234990704774521
3.2321581441013274
3.298705089863364
3.3258128789022385
3.3089737060368103
1.3806078971081348
3.149774707115218
3.2588045829589682
3.1948291777469238
3.40501040415854
5.642143334894846
6.099657338301439
3.2216243889980367
3.138820241830712
5.9697079599295515
6.372643232440341
3.299639091144447
6.204021277669439
5.2955694275858685
5.572154485378761
6.086594611528286
5.3000605011918855
5.797272480392768
8.396502796951497
8.080271957978864
8.314732963116418
8.397370651090338
12.650168160281622
12.863572192179541
12.473832518056946
12.845719901662445
8.27137861626896
12.207020835994882
11.954378297582146
12.144605321229697
16.01841117663834
8.410072139261647
19.593181238049162
15.538276640255106
13.9778835703702
11.098212503435866
13.719135763054075
10.46716207671951
13.634277824333896
14.300248207030487
9.550844284152383
10.44687482137445
10.903587670795853
10.753895683273322
8.002091153930769
7.623818195554473
11.952551135624343
8.528887108443778
7.818766875871551
8.487651874760061
8.120418429727705
8.693552035149768
9.214312759535487
8.596037799763447
5.115704830659048
5.086533891960322
2.755664784655253
4.9440785391057736
6.716382307642897
7.771806007362448
2.966903549538205
4.61293004441827
4.235333710953022
4.0430634088309665
4.176783077293192
3.7107559234663468
3.7139864261779416
4.928948363329898
3.8299882786633583
3.439655147762347
2.6622690363819204
2.590840351591589
3.6032489265679333
2.7531048390287274
2.5492743910239435
2.470362804674515
2.6163184732260314
2.5439812579778165
2.651978514266534
2.490397348360081
2.5366593547497613
2.5656982733967832
2.270799182145091
2.0974272321701926
2.2003606349786056
2.5398219129485082
2.378234680008426
2.426497076321836
2.2996395309187845
2.496577195772807
2.185915490179233
2.231879782536523
2.3334665912595454
3.110083314756614
3.244847139141816
3.8460327818938986
3.2156113276965037
3.4597284662899552
3.4223903149344643
3.371972523803776
3.4716283933885115
4.348691815628179
4.544344540670303
5.242249389180986
5.1716010592206345
5.879660253416992
5.81221850659149
5.082741208494225
5.809663176734132
5.552483037315773
5.194583805790985
4.768614909434579
7.939504088379382
5.073924395134806
9.190388881976922
9.266364255797487
8.291535983493166
8.977769156456691
5.619601337922482
7.345212721589155
7.005452013604284
6.636910285446241
6.3000386303974505
7.383963017568023
11.116904388698028
12.164547789195662
11.986041029934393
12.036572176882636
9.856384355306327
8.475473422223093
10.971184692064654
9.19387768920065
10.389760911147286
12.368147571201328
13.519921643710813
13.15983123255342
14.79203426353835
10.304203882054953
12.754130512229372
8.18194538506562
5.879179296934304
16.309876849299897
7.0279275985006775
8.54440747445192
9.811263188059499
9.875261367531339
9.549915413074386
9.26117471262624
11.018182262126903
9.224009360058293
7.225228641884797
7.963711492172095
8.172774105276211
8.629784759571908
7.741013480830924
6.6707718029989165
4.512241150571965
6.985485365682374
4.0840042816928435
7.523013430365351
9.398438991591965
8.238338768884843
8.985295965826797
4.916283489943366
6.5348750180351
3.681061248300881
3.869561119945767
3.3159632257262905
3.0329224078517862
4.317788492501338
3.508195686258238
4.26486102877666
3.652927116194115
2.5830289367568247
3.0965064320602496
2.755366306708875
2.5576421392602464
2.8710277365561048
2.6548031764213946
2.621751778447587
2.9659595833153896
3.436801651397297
3.594178970463085
3.295873330678347
2.794466563002384
2.66626535511992
2.3419020701500335
2.631462423105646
2.5333667852863133
3.089549198928483
3.466000820919968
3.3237892609439115
2.857722332490381
3.0660564995489157
2.9293559240639935
3.02179949877375
2.433817819878562
2.5615419435022866
3.143050062806523
2.819334524002647
2.601021617336426
2.4900609996227483
2.6285334254592363
3.026534697625292
3.297211130029801
3.29072460229873
4.173787903038379
4.516258352857465
4.048501530520202
2.8389671790779705
2.8181077167640156
2.3633120319664647
3.2138956410372472
3.0770437389554273
3.109350030886426
14.533571697164168
3.403952862315431
6.6561303963361045
3.938079432470828
3.0646561209816383
3.4906482641407677
2.7192661338664936
5.446900273654495
3.2133587565490886
2.679722352163711
2.7414370638465577
3.5611787837716897
3.2006617507116153
3.951843882577794
5.717727979629977
5.676696831302529
6.381885422461294
5.343675778071863
3.9033770758751265
2.6798596507210264
2.983157197200689
3.0501206967222503
3.483866068639088
3.6764500286533903
7.841648021224597
10.226653184506675
9.565489274309948
6.912255801922716
5.7323383842559945
4.636473255750715
5.841239349653
2.524603052898326
2.848409166270929
3.42290035148446
8.897804991037031
14.15223179865419
11.505713079638031
11.124339730704937
8.818562592340902
7.059899792791906
5.534090397143617
3.5575993479637225
3.5770353902444283
3.000228833257516
11.206237223242857
10.795258562543868
9.788079114130062
11.124921240175436
11.13112682054702
10.881004919580404
9.487808266672676
7.187942387110991
7.265622767362418
5.982599744887194
12.123501418018686
10.966880693879979
10.086794854133643
7.6688835497633745
7.554557347449494
8.37161206487199
11.585618259570985
7.415880261363531
7.48542080434417
11.829177786657336
10.665849622668254
11.320033702169347
10.618672901471536
6.8491122825795685
5.721674340779413
5.4949019403114265
6.865373514815566
11.845737334662363
9.322186323405795
9.224886776729226
9.35682083773646
6.892691241128624
5.544439617357385
4.277719898448252
3.2938309454397485
3.47440975993232
3.4300300491772164
4.7558873111452495
3.397066965473762
5.7096040872495175
3.9717475218782807
4.353729189715608
3.9786571873984977
3.116963456416053
2.5809803711815364
2.8295878651278583
2.722096822824523
2.2277143207176637
2.736228055901934
3.3056542348828346
2.722014634373429
2.725084990743333
2.7952956249281233
2.6479543787579933
2.890311674502781
2.9916200578299508
3.773752429729877
3.4291656936349826
8.969086321991329
3.115498527018492
2.6375695667089034
2.53377599734782
2.6613215475104375
3.0620783740781605
2.819606424134491
8.336205204574247
5.873253824847134
7.393663801457175
12.176228465522462
4.719575385996596
3.2659487474198903
2.84078840378866
2.5946938493656266
3.0018633311886322
6.261852809084479
11.175777906198828
8.535787930726801
6.900750841514217
8.904907200917576
12.322510178587105
2.8947789836557707
3.0997242805580365
3.0454903590387383
11.336282630385375
4.219319949967651
3.7150178809997465
4.944759825754977
10.47846636356375
7.723668957216759
5.245262427493868
5.724353359229914
4.50145728586703
4.302816019947942
5.242691826752042
4.104889063546519
3.520828246790662
4.452655587116835
5.270146759446126
12.82770336075158
6.347158661782386
7.7279438877147495
3.605503713537579
5.643268592035415
5.943188223190136
13.2612697583349
9.648969440390335
5.264948400165424
8.20839453894811
5.098304777543332
2.8570622007197497
12.334734739162874
8.424588586607284
7.491376773321401
3.275494828694343
3.5130170844916138
3.72154881868546
3.7457152657349297
3.5179890651383894
8.388644127747947
3.0709528714189545
5.459181543946676
6.288282370061475
4.002511602204029
2.9557488612234253
3.1737105899152636
5.312282320090528
5.148885797787658
4.677588154277605
3.734579867043899
5.178362954721568
2.6901559570466502
3.720575951138117
3.6562030082872345
6.304704317942186
3.233999717277709
3.052108961694047
2.805848003089929
3.069115532036701
3.166850958294977
2.974524302438731
3.326808339512288
8.911694574581016
3.6385604999537122
3.3728050924089934
2.834767915705681
2.6948525201014943
3.0917432899456365
5.571695716520884
5.471886010548266
6.48996627791122
6.236637148866233
7.423237038413785
7.741391520920821
3.594383232222705
4.879564638765145
6.14515054536072
8.15700693667312
4.0448339989383895
3.570389308531842
9.431927641392393
10.26139415959707
6.7447568155217485
11.112163226324924
12.285236668794603
11.3973399743603
7.677944061782172
4.705781417227415
2.9466024497021186
3.01287916657932
3.161204971856711
7.38343019002456
4.610893046812972
4.331708830698272
2.4315141539771075
