0.01490458365866974
0.014446178650047225
0.013497250253685974
0.012786092635245086
0.01251849512966281
0.01217971670023619
0.012318674112617358
0.012412516176409538
0.012501241761695828
0.012402016043005488
0.01223928302508536
0.011751366934591485
0.01123508367337023
0.010753489052798151
0.010391369520258912
0.009807211657861928
0.009245815139121835
0.0087758663998443
0.008648780861412476
0.008463740735827443
0.008531637331543067
0.008551195629291386
0.008484799673873845
0.00864653742424467
0.008687441364002924
0.008669885506312308
0.008739262420938069
0.0088206987826815
0.008930159802237547
0.008956684441877447
0.00907174676757215
0.008947400197034725
0.008838290656714598
0.008694203718650345
0.008834236769195567
0.00889219458455533
0.0089935794390637
0.008730793328419818
0.008714051264343525
0.008705091615676064
0.008441065109183087
0.008279126764710399
0.008133092856814319
0.008078359290126316
0.008081962552091593
0.008163180532528286
0.008524419652570068
0.009004166062057619
0.009470977487081698
0.010055524328021032
0.010475934467122338
0.010817847058327393
0.01126990968863729
0.011661154446128818
0.011762873688073622
0.011638736253057178
0.01152656803197725
0.011232601410916757
0.010943276020607426
0.010752956191330315
0.010754576892523687
0.01090393690098616
0.011031109094593747
0.011013464919816333
0.010874099041516495
0.010498763523597798
0.010068365312600027
0.009713767012833495
0.009322717244866337
0.009032243112999779
0.008767128187935003
0.00826906268190902
0.00813729202386487
0.007753504764570049
0.007101751077078486
0.006534945640806059
0.006052204377935971
0.005743254660118999
0.005521166279051862
0.005335295206081624
0.004979646451974894
0.004616240063914704
0.004416114880612646
0.004105236675665034
0.0039971541531831235
0.003909897948549343
0.003806826630173569
0.003713327548870868
0.0035439060087619012
0.003205753927444326
0.0031283256275857867
0.0030191289858502186
0.0030061608602003327
0.0030835868408654286
0.003167219029319281
0.0030838835731067265
0.0030157426491825797
0.003024012436218631
0.0030568504416912307
0.003109679112097604
0.0032286944263064028
0.0033509444442036012
0.0035188836232771603
0.0036108736759556414
0.003757618980972017
0.003818507685312081
0.003743786972902666
0.003777439083111786
0.0038610013609662853
0.00391286547922982
0.004043063933199249
0.0040868367131803056
0.004092819963439953
0.004117292469570512
0.0040880209870963625
0.0038826366607652638
0.0037928572395289975
0.0037237834406979643
0.0037158961150107195
0.0037328655509776577
0.00361430536703148
0.003536865160684563
0.003395545038631311
0.0033767755055602823
0.003274555811650595
0.003168018933471197
0.003014984135051991
0.0030393612578329546
0.0028736200607560373
0.002749786833079567
0.0027557015342360267
0.0026811589316069265
0.002694467150894382
0.0025336806061917287
0.002349174042186989
0.0023307847369169535
0.0021649973088353905
0.00203810632793805
0.0019212523343459947
0.0019028989945801384
0.0018961890176403776
0.0019127173674109558
0.0018492369474265278
0.0017978179805927795
0.0017328860708315992
0.0016080334037353588
0.001580675120122229
0.0015441000964452093
0.0014470250178211603
0.001462215709030343
0.0014664126443714313
0.0014176080887363628
0.0013216069196357993
0.001223406213867561
0.001152347984682123
0.0011358373116332463
0.001156172208634378
0.0012547224091385579
0.001332527100471859
0.0013968514672009684
0.0014604413683371234
0.001562366609757553
0.0016410816695208712
0.0018281879610506971
0.002083288350152735
0.002407238764904719
0.0026866086758251606
0.0028698565060798625
0.0030591744956099303
0.0031824594391267206
0.003549185051816826
0.003807587930323874
0.004059102104549761
0.004246539193679559
0.0045507841433768195
0.004798476814312728
0.005029144893374469
0.005685214461330459
0.005862063077133928
0.006238689882142748
0.006707427291432068
0.007282090252343857
0.007865139200224816
0.008207678476508001
0.008718532968092121
0.008746498713317372
0.008564385919503061
0.008274462883901663
0.008047121950541749
0.00785168110249853
0.00732007680514708
0.006818276960783803
0.0062443060196434395
0.005842061144684914
0.005319490180831023
0.005313118242477205
0.005135674740165757
0.005366618310857366
0.005607637355381731
0.0058394940221482925
0.00591936076782691
0.005909565203140304
0.0059738820715358205
0.005997962586504611
0.006237990651110114
0.00662024331039081
0.006853796602169967
0.0074507575853592954
0.008000317469315886
0.008543312703707982
0.00909526587827947
0.00927712116123707
0.009899097817001289
0.010080576388191449
0.010736435757395458
0.011128870661183822
0.011235263161655358
0.011535553610879611
0.011934793682503348
0.011914529745105998
0.012069699383564341
0.012430897243478373
0.01286517466750794
0.01304987354713665
0.01309088414459933
0.013299838347061835
0.013574119014779585
0.013863400054269184
0.013795182981805224
0.013812686069680905
0.013454348563628312
0.012893489083627988
0.012078876229187836
0.011696406009218714
0.011402455367481312
0.010831878523437238
0.010593185048917835
0.01031276396818454
0.009946477178788746
0.010078481572722103
0.010447069110543291
0.010831373712599105
0.01115702261580455
0.011484513848038525
0.011794483035286194
0.011894542120603872
0.012491488863389102
0.013101325173528878
0.013100873081181122
0.012624272714690146
0.012182156809986428
0.012087548930387182
0.011759486894080623
0.011027856227990776
0.0105114966546945
0.009794706007484518
0.009785654001017777
0.009521198280971635
0.009532288760535032
0.009491017429826592
0.00984771802790242
0.010057531698671372
0.010036960427379364
0.010259029825652858
0.01021409672071121
0.010300363836405712
0.01051616316157472
0.010726281318860713
0.011015525375834898
0.011246210883490225
0.01146379750557063
0.011517723034201628
0.011501650167236905
0.011601467966266314
0.011941546556260224
0.01204118393136457
0.012299183360432963
0.012409819594001984
0.012315726570855584
0.012328196917601396
0.012416687862593747
0.012557518028743806
0.012814759653405644
0.013127095115176313
0.013206638862372572
0.013351430512054627
0.013579019059745512
0.013939016566207382
0.0146890378669714
0.01565586331634263
0.015917422872363335
0.016838147873157794
0.017699827902803215
0.018291023893060497
0.018665284922690914
0.0194400806160976
0.01976655281215992
0.020513788865882725
0.0210441344989655
0.021247344280739714
0.02167522839637131
0.021504703704479
0.020623433199650203
0.01944917637378278
0.01892670165905833
0.017959829164835753
0.016993739867895718
0.015857552931648422
0.015401114411054784
0.014915852281264904
0.014471023652762437
0.013859858901613495
0.013697409340498443
0.013468705384339339
0.013254577578148793
0.013006717015166269
0.012909161656407517
0.012884517488194714
0.012791878506837565
0.012791750063381267
0.012589397072207017
0.012396683993475908
0.011788516099051224
0.011735077464176473
0.011665828374770612
0.011650171592218263
0.011502293386744652
0.011265593614388432
0.011115460292862514
0.010770127047395111
0.010653741407252587
0.010582645983816098
0.010732982023398462
0.010790123443071249
0.011024486748033854
0.01141434286958297
0.011810224655645706
0.011917285292035718
0.012160692636872446
0.0123679199347578
0.012510721712444986
0.012765990850785608
0.01315010175290884
0.013408669643807358
0.013571240524186446
0.013679362647152258
0.013759639928682349
0.013840070404972066
0.013927968554595374
0.014106505607391896
0.014450360545943014
0.014795928688622806
0.014843368943476662
0.014678957543623037
0.01465464453898139
0.01471737508861814
0.014852359469634485
0.014971334621640017
0.015382815934243815
0.015783031742804637
0.01620320413616181
0.01664069721835079
0.017070732316599425
0.017666492330965393
0.018141737172370227
0.018524944908564954
0.01797905903742633
0.01757853745783765
0.01723599147058783
0.016872766067148052
0.01630695936200122
0.01589160974049028
0.015535555617371216
0.014878017067613247
0.014436863346780867
0.014224182103699717
0.014321361574276048
0.014550278714380787
0.01453243514895427
0.014172632739613
0.01411623164631276
0.013800449176169094
0.013425817288372218
0.013376692123333344
0.013739620230169928
0.014283044599026165
0.014759037656747919
0.014957989546801595
0.014928244267023955
0.014832232189508248
0.014852393326126612
0.014715940487739044
0.014537377163261533
0.01471427383921505
0.014456467068946871
0.01427017133307966
0.01415041676648201
0.013955445880576825
0.01402742517553513
0.014213869871867036
0.014283253983099351
0.01433648965526164
0.014231419425874286
0.014606991013256573
0.01469455890749334
0.015244426495244684
0.015615628572402427
0.01635615334897995
0.016878144510816845
0.017473081987808996
0.01797988983014411
0.01787729436073187
0.018424505261306644
0.018810999337613363
0.019231022680053833
0.01949338900393372
0.019864666948221848
0.020000529493791806
0.020429759010927105
0.021027904709686684
0.021753908396193063
0.022126401898344035
0.02216477033716229
0.022162949871783657
0.021904273989918087
0.021696682945995423
0.021247882693785546
0.020536371439571273
0.020298081288414843
0.019608285978984646
0.018879096948293907
0.01803031041696401
0.01746125012825395
0.016950148776091578
0.016659485016969545
0.016282814610603536
0.015812206276781912
0.015663428202314974
0.015149932245441764
0.014637227390002897
0.014202451242938221
0.013803876184841213
0.01372002473508394
0.013234262834474538
0.012790532158652399
0.012328750570553413
0.011958362099439093
0.01187684593281008
0.01177573015291912
0.011639230010410742
0.012121103055326802
0.01222482474652242
0.012250458995004293
0.012227542913950024
0.012064020240781058
0.011897387285846007
0.01194796460525724
0.012028556130785474
0.012270701116804703
0.012233827465218408
0.012096244789135048
0.011597533716915881
0.011455469796653376
0.011258856743476799
0.011229280311865888
0.011367970938777398
0.011500534920225807
0.011133580824761754
0.010644531398689447
0.010209451497768128
0.01000949383955253
0.00977280030652822
0.009782099857226275
0.010004730677028563
0.009949404120506499
0.009644212258358197
0.009328167948550419
0.009162787048068805
0.009078937598141094
0.008994623467576537
0.008987368249932763
0.00911683298674677
0.00917100494713249
0.009243234898300926
0.009366049038767092
0.009450488048125944
0.009514912204806379
0.00986181347079235
0.009739257603095668
0.009929105793612197
0.010584653797161248
0.010715427617790547
0.010798322704460525
0.011044108186583437
0.01149579794381495
0.01199420059140193
0.012323102604880565
0.013189552732283866
0.013717594189659257
0.013984284686211263
0.014112044655914044
0.0144255447073653
0.014112845224906754
0.013429850302878011
0.013786835969844285
0.01374353300942135
0.01376346072617241
0.01363025621932469
0.013562032797586204
0.013537082156278824
0.01354980515288091
0.013593254652862593
0.013593662547829921
0.01366936350677855
0.01397796394602174
0.013683194963551517
0.013352904283439094
0.013463295863929836
0.013639555458961256
0.013760952426785123
0.014063371748760298
0.014300924807919845
0.014486532463771368
0.01432341821839416
0.014300676394126882
0.014299999838006405
0.01450909512384233
0.014757912257574432
0.015098819623441761
0.015373612377907464
0.015476184000049223
0.015468781788067248
0.015179074339102584
0.015018558934018772
0.014941506587651384
0.015167766104597021
0.01513110103733957
0.015194381717125935
0.015066215092636148
0.014831905965812065
0.01470626601061649
0.014522140129269483
0.014396726738725588
0.014164362631163774
0.014174849666627345
0.013960257077828627
0.013943687752459175
0.0135883960636335
0.013554497484155593
0.013596516850056337
0.013288380516326892
0.01301636268940164
0.012927788352151618
0.012623310508928306
0.012377242113711748
0.012025053517617876
0.01176386388180197
0.0117192881525921
0.011448831790560183
0.011426686765402764
0.0112380354358893
0.011195503666734134
0.011047105551555515
0.01095763493412577
0.010922245261688696
0.011123097461952383
0.011232736246720911
0.011562679397225467
0.011737663912375202
0.011756319395546746
0.011687848390761257
0.011577518254799274
0.01149278848493016
0.011377776196835047
0.011348578907687354
0.01138077540798375
0.01139633479567721
0.01209198230846386
0.012258560456653984
0.012212654924747272
0.01207596938304653
0.011610643187101309
0.011387926430004733
0.01109585583248361
0.01116768416661634
0.011311543498438614
0.011258711478033642
0.011262968519113261
0.011315461613011571
0.01126860079656741
0.010680810395938722
0.010830901713772881
0.010657868223809519
0.010607690573668406
0.010650606175133647
0.010732680335356645
0.010732579616980199
0.010950211948815217
0.01099099085039872
0.011166712553498942
0.011220899782267424
0.011052047080755308
0.011116352991782338
0.01130600359207616
0.011498124846637004
0.011428754416489283
0.011329706985866429
0.011432186180101927
0.011456048570216464
0.011527820428576429
0.01168647069781623
0.011867108768301366
0.012166730758616604
0.0124461371089981
0.012521294838091595
0.012606246238861127
0.012647560008246933
0.012750393938529439
0.012851667886091874
0.013225385713122834
0.013809035843803866
0.014431263700303103
0.014824290065652335
0.015116663496993374
0.015090374252920289
0.015009423598970806
0.014702470607161908
0.014535136062270259
0.014699798668265329
0.015056677225099948
0.015336497913665962
0.015948415761149713
0.016496300624477534
0.016392032845005344
0.01633759905873825
0.016036209023857946
0.015979526040907226
0.01597783265804363
0.016056269441620582
0.016666080049311995
0.016860993138177575
0.017041348107698924
0.01690990197170979
0.016526502333347386
0.016237612852936643
0.0161935570333745
0.016230469780939377
0.016382453339654886
0.016622432498504848
0.01667160635528387
0.016936771739300662
0.01665141790187248
0.016194834832936836
0.015876585240484756
0.015457613843139446
0.014994618581873153
0.014935379442445138
0.01507582149916543
0.015034431877536808
0.014767669312262071
0.014649740928992128
0.014490752004373348
0.014427236864201245
0.014328709436879344
0.014661607730722679
0.0146179764463469
0.014728361661718101
0.014609865153337048
0.01468309331491754
0.014609921804054075
0.014518543524436
0.014592034979628101
0.014610413336993328
0.01456968345322974
0.01427315917805376
0.014395368486369525
0.014270598704673888
0.013975950314114674
0.013975643663411749
0.013720690184476251
0.013025614525096827
0.012477554837872665
0.012352459018106107
0.0121000781505436
0.011652588275532649
0.011546031969333839
0.011549276416137124
0.011810058176880665
0.011733589019893652
0.011851614901440401
0.01199452774850033
0.012020193913998523
0.012037696808779301
0.012471758118474252
0.012810505402970903
0.012740182414128966
0.01271020318230989
0.0127458297405126
0.012575735672002413
0.01237834139086832
0.012245852082812324
0.012404623917409055
0.012435832701023346
0.012466572447900993
0.01255584842519455
0.012449852790069545
0.012408441404586783
0.011968399431428103
0.011811497407048996
0.011500720018171217
0.011491824450244234
0.01138252260608308
0.011302461371851194
0.011153345217278243
0.011002126227415598
0.010705064336985025
0.010599515007808823
0.010244243307650206
0.010098437850016916
0.009850869433831228
0.009418509732395029
0.009340518250092775
0.008968141809509661
0.008817866073922102
0.008511371247861782
0.008472902865707893
0.008261525475919327
0.008273638084191702
0.008340464334201783
0.008306912430912656
0.008253423488643285
0.007992620874618652
0.007963420164792023
0.007755210195276413
0.007810494951446416
0.008067945170594797
0.008269774278988961
0.008832390558716985
0.009479557418835874
0.009839152148106291
0.010235091343667587
0.010299495912801352
0.01012235197641525
0.010096123437009443
0.010520154774971468
0.010876041461444204
0.011721163390394057
0.012574224119507144
0.013290686013587552
0.014033184132077787
0.014315308628380452
0.014457344313489582
0.014510159969692052
0.014782226696057643
0.01503411237367355
0.015411865064567695
0.016135235337339206
0.016340995846381684
0.016748309026241828
0.016759648527377678
0.016867729791462577
0.016683914085207224
0.016344668505723674
0.015938410829714037
0.01590249944679787
0.01582364676491841
0.01582816078737153
0.015955151684345137
0.016207311180895724
0.016229122936066234
0.016189009387961983
0.01589650694688269
0.015506075122125002
0.015258889719660561
0.014839632648949549
0.01462326950634207
0.014595180399909128
0.014149811964847367
0.014298105977815428
0.014388661308321083
0.014220762803552514
0.014171873512092014
0.014066823988477884
0.014048720807536375
0.014244358522443979
0.014372945645423458
0.014412685195506956
0.014155585329775306
0.014280314176538623
0.014191073867898737
0.01380951679039236
0.013658068824292421
0.01333998376010991
0.013294947794784222
0.013137453871685
0.012631988053586743
0.012545935257536736
0.01212014893344216
0.01213962534968061
0.011825806461740081
0.011466693933326562
0.011328111905098784
0.011288243602738602
0.011247559160979283
0.011333302646277434
0.011406286799258
0.01170377268129191
0.011887593472593896
0.011783555171248367
0.012124697913185881
0.012114321415746601
0.012244295878456797
0.012213878253665102
0.011871086822120356
0.011959967099897413
0.011787966106676727
0.011816363576005396
0.011692688465211471
0.011708574359493589
0.011850373161052748
0.0120688137162543
0.012381424709359202
0.012604857300208189
0.012770585305292645
0.012984351101792597
0.013354712439337304
0.013441620519519479
0.01361027859057071
0.013465651019494035
0.014074317020330398
0.014302016421523591
0.014640263520267566
0.014872294347420933
0.014993933147437213
0.014864624701616067
0.014912628560941341
0.014848222328646396
0.014829531718687528
0.014590450828972309
0.014556803038861723
0.01436837451056451
0.014192384343050498
0.014254063656111399
0.014211873850248044
0.01413504011991979
0.01404798156459861
0.014228043432950963
0.014553741208394005
0.01469405754454052
0.015046313608349219
0.0152961196810311
0.015322327901564436
0.015486157786522296
0.01556895998993572
0.01569726420011109
0.01622559831556837
0.016746769068137064
0.017234510644096097
0.01744366108321903
0.01775258165655103
0.017830172905271002
0.018055806893325053
0.018523059459898867
0.01900932246284544
0.01958072345601164
0.019768973832157286
0.019788239760437358
0.01977216902296706
0.019905814495992314
0.01959862578525591
0.019488663349943956
0.0194728518248596
0.019504795492776946
0.01930305646215598
0.01956711213163314
0.0196565804527703
0.019688438913114316
0.019828582476485557
0.019718206624141216
0.01946733682892381
0.01912692313285534
0.019021181255805663
0.01901153201036896
0.019042771611167252
0.018561066195457797
0.018143622745182095
0.017645218150167702
0.016928177887299247
0.016304444088773164
0.016240588185341655
0.01595872467969613
0.01579704881183955
0.015469903281789122
0.015115696483420916
0.01456019566304774
0.0137844604089573
0.013375314730588025
0.013232456185804703
0.013227830559434828
0.01334030686713058
0.013294844991877431
0.013059327683705843
0.012623173587581726
0.012378558764699985
0.012102866469825979
0.011915842230281267
0.012040448420261918
0.012075309485624425
0.011790948614566674
0.01152469373766747
0.011204501789518479
0.0107645422708397
0.010497366296514094
0.010380523030084765
0.010378447415650471
0.010598633075464494
0.010790065755997323
0.011008036128823473
0.011411235458623218
0.011811733400240875
0.012133599123889751
0.012464426689495595
0.012692710428708379
0.012980898416822423
0.01324850388522249
0.012705733533588323
0.012860665103414284
0.01321931442293341
0.013422565245259064
0.013644184366969214
0.013952765585805596
0.014480045536529368
0.01469061932616498
0.01437434591526696
0.014650378762779068
0.015022370346180208
0.014997976027703752
0.01523255063739867
0.015239700819958669
0.01536216417895476
0.015235205637591351
0.015238475411784155
0.015160067033869415
0.015180773225207908
0.015134923672195877
0.015150450100487966
0.015117346947057495
0.01517225182466259
0.015068917165654458
0.014740453251932906
0.014639947666071568
0.014846227381404925
0.014787883925020853
0.014918905907354178
0.01478356129307495
0.01476386392640416
0.014718189429337915
0.014823733262061364
0.015089582503936216
0.01549686512182043
0.015476286280455064
0.0156366581220208
0.015328671766727938
0.014618031178162258
0.014048143396045201
0.013800677182013152
0.013153038799533995
0.012822984814134164
0.012764158818770133
0.01280308063462266
0.0129665601555717
0.012712858636438094
0.012542341138942753
0.012578142663020587
0.01247196547759851
0.01242686812284117
0.01247973360173632
0.012489487809454424
0.012563514880410886
0.012670657220508239
0.012897516705530082
0.013185619094837616
0.013868989395585576
0.014160833993246946
0.014664509743996334
0.015257971979240129
0.015538807866246335
0.016198053157518218
0.01637812881834998
0.01631916688696412
0.01658101492767732
0.016851986844424318
0.01709803162629103
0.017601691636852802
0.018362053036008262
0.018899733196834315
0.01953978672882018
0.015359262720144169
0.015191082873455167
0.015128183151480946
0.015608689759144766
0.015960344317441758
0.016496457448225813
0.01756865899944999
0.018299250676975146
0.01907913032340664
0.019702891751083994
0.02004503632690255
0.02076870234385348
0.021120309546052523
0.021262128510049418
0.021072802926553568
0.02050087641780867
0.020018494371776125
0.019407734074211074
0.018902646124394958
0.018461292065293088
0.018246891588408292
0.017516368952540162
0.016715283717340487
0.01635218480430679
0.01566088458225507
0.01531605518175512
0.014977614104790477
0.014561657913666459
0.01432540108252429
0.014007740035973354
0.013714435554239198
0.013472312816451098
0.013449239518139347
0.013554461688254655
0.01383589900064485
0.01432844653190778
0.01471620522743076
0.014854538025077088
0.015015369991941738
0.014842597326094617
0.014585604105838068
0.01400264184844161
0.0134046964063062
0.012792174507339892
0.012113855007042096
0.01138432515084396
0.01112628861847242
0.010442192098891091
0.009849965729742534
0.009057092037924857
0.008901818716385396
0.008510803158286189
0.008668223122061827
0.008916972410937125
0.00988701082869753
0.01103766837776863
0.012561565155169919
0.01351755662409515
0.014539377297315189
0.014962266503580993
0.016284352018624635
0.017467098522789628
0.018573493996269255
0.01912101520351451
0.020006053025526403
0.02078877898395001
0.021802391054109894
0.02231894830850555
0.02280819366966737
0.022696455946283993
0.02288256968165218
0.022581422686820306
0.022581699886018342
0.021896712846820203
0.02130631472856618
0.02056099264043697
0.020236411227569768
0.019603384953271775
0.018987766846478717
0.018875922253282475
0.018412056830085725
0.017642299069824383
0.017297268859996492
0.016951086469914563
0.016397359126744556
0.016359389193549918
0.016144794648349246
0.01616525806314368
0.016314685809696864
0.01638869345808914
0.016658576815104693
0.016566758192232127
0.01666489158656886
0.016325647673183036
0.016064605246394366
0.0158797816066091
0.015825603616963977
0.015798993422763797
0.01592528810041308
0.015891058604791588
0.015935357360990356
0.01603141896217273
0.0161638183310576
0.016572315934544144
0.016876050995798822
0.01711299819714557
0.01708167574854041
0.017226685535587045
0.017260435462897628
0.017617135642614586
0.01816284787500306
0.018566957560364833
0.018744082860497804
0.018732256733074243
0.018672591490131615
0.01838721994894867
0.018204917066148622
0.01835159064312315
0.017903697406018347
0.017421280826746023
0.016311933201380836
0.015272187920830755
0.014456976691565496
0.01384898334138745
0.013035014499861044
0.012379413689898765
0.011926129276272736
0.011645323810040097
0.011172467012275684
0.01107214982838295
0.010546085374062228
0.009909445140844292
0.009627314945527519
0.008840477540943522
0.007925680669274035
0.007017752350170474
0.006267862815028361
0.00595804028630658
0.005606936176819469
0.005565384953833902
0.005858159063119128
0.006489379349613249
0.007011318787277748
0.007807793577506222
0.00925821068839698
0.010721944788474772
0.011702341763378626
0.01336456224324192
0.014983646574920134
0.015099374333001073
0.01466139998647325
0.01404113743637879
0.013412931353923458
0.01303956717293466
0.012874701962160484
0.012698767381253969
0.012350224630620297
0.011924088365663794
0.01158970200658908
0.011647612022439273
0.011556686232260367
0.011520202779971686
0.011634053192553102
0.010885981402363952
0.010740760338253453
0.010890200596179856
0.010895525727442979
0.010943153747538459
0.010960173878067452
0.011184823347905715
0.010917796301524459
0.010847366518796319
0.010640633791799584
0.010472623240047912
0.0103354263184182
0.010198934466621153
0.010302295535535948
0.01049683150703917
0.010940557734316661
0.011432471877336101
0.012017118430107738
0.012381514032273054
0.012913218405658136
0.013253565082308835
0.01369849047162398
0.014355186904206008
0.014611840285619456
0.015271993078109742
0.01584935467302029
0.01652207202103221
0.017143221985658996
0.017440459244232587
0.018081244288601417
0.01838826436884943
0.01891200045376524
0.019096046968548004
0.019248633370784352
0.01913575846372546
0.01890231327122819
0.018869177968794622
0.018599853293231043
0.01865171107282336
0.0192606979370424
0.019639713914279953
0.019745797943970474
0.01992042303058102
0.02035276310119723
0.020670768599746987
0.020922420664098444
0.02141806476196644
0.021637451082744508
0.02163719141646586
0.021551244285375786
0.020876570880176457
0.020206420926238224
0.019859646309538317
0.019155577267109303
0.01886515876093216
0.01847622935930169
0.01828566225750018
0.018057940941440108
0.018009286043498527
0.01774296048547003
0.017720456403674718
0.01758372698021146
0.017625607409183335
0.017951912778980242
0.018115918683300362
0.018292702550779093
0.018556537468437266
0.01894434739932483
0.01933985685884332
0.019547002695884722
0.020007282039453456
0.02056401500304356
0.02133372421077644
0.021940310965305264
0.023159965418975182
0.02382161954719657
0.023318437224558508
0.0225088196591753
0.02247470115377722
0.02230332239422369
0.022129798962137598
0.02211559409053442
0.021946266253833484
0.0217262868525181
0.021616332239476472
0.02141739389277454
0.021130610237118052
0.021279171633625544
0.02119104820388143
0.020766908356721386
0.0205731414314935
0.020422376578342404
0.020408003641119426
0.02014535137191798
0.020173444176596847
0.020126937510288868
0.020001360884617313
0.019762149904732997
0.01974246779104976
0.01974127244768524
0.01942080729660219
0.01920674842522138
0.018947208214692292
0.018823963302894365
0.018869625478306184
0.018537984274038976
0.018251805902341066
0.018156440654187873
0.01825983840682315
0.018111868544017428
0.017883734432321365
0.017712964947531017
0.01768135521825635
0.017791051789153328
0.017656675435115322
0.01741900163316939
0.01715469392838732
0.01697256721809897
0.016883503240886045
0.016798316742555087
0.01689467405573118
0.01686104846130166
0.017002947511146643
0.017283823716991793
0.017263219856748654
0.01806756899117274
0.01882914745353549
0.019965867345935077
0.021307040400899348
0.022512444044328315
0.024041008436422307
0.025828947372584843
0.02754669435833887
0.029644889732018155
0.019725675364815454
0.019570576233576976
0.019330885603686683
0.01935988913303137
0.019514086096696883
0.019713533631826714
0.019737400538890143
0.019648279399721913
0.019713588081943807
0.019622706243256745
0.019395643225438547
0.019362406626101798
0.019376198716111674
0.01920754513047248
0.01896550894593002
0.018871251986781003
0.018860956525776598
0.018694415463544597
0.018556426815628004
0.018575666831945642
0.018382211491107796
0.01812539501976221
0.017881398580873197
0.017597330850040775
0.017369450951558743
0.01746176508005145
0.017567944004280082
0.017524214930680255
0.017572110523844733
0.017630082300123646
0.01777299359534503
0.017961312598291562
0.018219031260424404
0.01848491671215508
0.018277241615144803
0.018294842133724443
0.01856233263959575
0.01887920946496211
0.019342057043616676
0.01987150168096705
0.020206052289432685
0.02038917436034672
0.02052412844870703
0.02078831726512594
0.020807124901928077
0.02104190293269271
0.02128978768455169
0.02109120834504155
0.02092855708319922
0.02086937497598403
0.02053766736947996
0.02036793604746878
0.020143661854863965
0.01994877638722231
0.01979874805000634
0.019821161967691535
0.01974530297820043
0.019842731122469526
0.01975630810880994
0.019549449053993733
0.019446028792599074
0.01922424888820127
0.019259862843312516
0.01844802686459806
0.018264987304944972
0.018478797383421085
0.01865975929351823
0.018191784117587866
0.017978562501442488
0.017525706096047602
0.01726415234583192
0.016933586522823993
0.016879819222699717
0.016861060293722953
0.017009132308296055
0.01702577627040874
0.01686540983494738
0.01699033201533961
0.01686805107086758
0.016990431507125293
0.016529367608431433
0.016391706226111212
0.0164991705728788
0.016583745454803036
0.016360205343892806
0.016306123665877213
0.016416460657797744
0.016386627966812
0.016392604063105505
0.01628057233108274
0.016161583795143965
0.015973833329628036
0.015724147622229463
0.015724059759293123
0.015535715231157248
0.01735856890249838
0.018083732303188865
0.019188325889334452
0.020362594893372388
0.021742366346367902
0.022989791527911328
0.02457607327795987
0.02635770146795252
0.028160223045048095
0.030253765339545734
0.03270534980888015
0.03499887946543992
0.03740627430485734
0.03969064392658072
0.042180537717178376
0.044999518656907295
0.04790572932545393
0.05089860559646357
0.05396809496855026
0.05746719456984898
0.06101841762667394
0.0650240539086387
0.06860171891435117
0.07331832112516107
0.07708521596331958
0.08086254529580027
0.0847114023004983
0.08882423904482953
0.09300049490032088
0.0974790310860574
0.10143442595642475
0.10568082938972143
0.10963120785488337
0.11355309675911929
0.11784975959855226
0.12229644038365335
0.12684096236328057
0.1312867953631543
0.135909970516743
0.1398244798254638
0.14429998544167236
0.14818890854657488
0.15309176666744456
0.15693429867965336
0.161540623715706
0.16589851975594627
0.17101376135589533
0.1755385871701764
0.18054531209512276
0.1855738986051481
0.19156056424310383
0.19806910421628862
0.20469375083941044
0.2114160296441725
0.21842219313291822
0.22644464654091875
0.23459103031448056
0.24182022710702333
0.02150968538604788
0.0171925552556376
0.06327939997381608
0.19916775368454664
0.4266874181985636
0.01960446150176065
0.036588271773753345
0.019099621127681772
0.019093928650427923
0.01913364831817336
0.018793491920603228
0.018373461900749923
0.01791021923068118
0.017535127869316932
0.016710258401518296
0.016156879555840803
0.015666643507275625
0.014984966153881969
0.014265906390409294
0.013345302380571777
0.012774603953657315
0.011854142942725463
0.011093798989355735
0.010404244765607472
0.009824144817071341
0.00956267496797248
0.009105797747882335
0.008526149510363876
0.007851323290021618
0.007550651515029076
0.007031502078832153
0.0064524635834117845
0.00578955237518356
0.005580811690452358
0.004942139122011765
0.004432475290140396
0.004290665794485516
0.003948638757398799
0.00387570714164451
0.0038245329195220126
0.0038829459104788404
0.003993718108180617
0.004151487387973643
0.004420913768906158
0.00476598246129461
0.004988205268357344
0.00506908052941584
0.0056661146363578135
0.006316444425303271
0.006928633575180488
0.00756632105137192
0.007902716707670347
0.007995131512135783
0.008127396907381358
0.007950805674030299
0.0076290929484314875
0.007404523846572549
0.007114890475874029
0.0071719504660103005
0.007266770195551912
0.007657451366783086
0.008571662205011227
0.009447608235744554
0.009754381595337529
0.010172878162446395
0.010331758948592841
0.010117951919998976
0.00987560933337718
0.009683846717677769
0.009775974294052806
0.00963529564535281
0.009085026655175034
0.008928431998055184
0.008582236020379356
0.008680598137400079
0.009119602113936035
0.00924669207139871
0.008980887986399313
0.00863346701528716
0.008130364253119271
0.007707262865871975
0.006654819623188109
0.005576772200705281
0.004737699235625121
0.004249252307709753
0.004236232973471184
0.004188175926820329
0.004680808825922558
0.005204473244047416
0.005292452796088282
0.005451970123796623
0.005411486140173555
0.005302789958898385
0.005238883208524994
0.005187550004398716
0.005206366034814983
0.0053776069680804275
0.005429779069991908
0.005386552845727299
0.005621448090364819
0.005551165011127404
0.005287220529625694
0.005005826002482824
0.004898323631665881
0.004813133017390162
0.004817795637248703
0.004888605013247398
0.0049963595055376436
0.005214493085329706
0.005455215905103771
0.005896001601191187
0.0062630522131698575
0.0064585870891943915
0.006639587074545343
0.006716108883348742
0.006794967071131003
0.006979000813789997
0.007339584356774507
0.007471958352851813
0.007488189182194166
0.006897367918290942
0.005872861999034093
0.005291766570411238
0.00525626838918875
0.005962775934940015
0.006306616097750246
0.007237996623798294
0.006729956531307606
0.006484575885219094
0.006025640718305497
0.005977642798078561
0.005926953327441982
0.00570544695426547
0.005066978790870541
0.004615269346432606
0.004435611252174622
0.0044832694686527
0.004751075696804845
0.005514526214901121
0.006652009378312067
0.007010419323616418
0.006600149761148493
0.0061663540585726725
0.006037049708803535
0.006142355869171424
0.006598848395158262
0.007369414601984749
0.007539248602711291
0.00735336764620753
0.007041340246596283
0.0067856666131410805
0.006700552839381324
0.0068615650872713724
0.0069936423367563645
0.007208511594653505
0.0073568003061835335
0.007292745337375129
0.00726035482198302
0.007383684719228159
0.007571757256068008
0.007797101842899027
0.007444892983364371
0.00686667995251201
0.006660120290460997
0.006632093823026397
0.0067066395053636055
0.0067396279874823465
0.00673096287687088
0.006250139684539408
0.0058168378593188705
0.005606805466451631
0.005608450782973862
0.00556216741959537
0.005331229535873249
0.004942027518376341
0.004632138777418032
0.004630638874090985
0.004695477818499652
0.004847193202003364
0.005307074630308145
0.005596219631732231
0.005339744737314138
0.004971575934549119
0.004824516324749424
0.005180318848881453
0.005426495529607632
0.005838880144434646
0.006041058090202581
0.005906407796574117
0.005877767484528224
0.0058654543589712164
0.0063183375625162925
0.006579516628684614
0.006149588628426847
0.005864426294639213
0.005299040034699931
0.004803946414005242
0.004666712707221401
0.004391201239109447
0.004336576681562809
0.004362152951292246
0.0044035147064321635
0.004587681982497991
0.0048757837791585995
0.005259850700901768
0.005452376095491917
0.005618778511520541
0.005776251551408447
0.005815805323816101
0.00572401315958677
0.0054142812790736305
0.005243518414139633
0.005172858625913314
0.004958320747607348
0.00468910929832861
0.004710940852716465
0.004859860846674211
0.004961612227898491
0.005201375099735691
0.0051409194144858335
0.005235498898819027
0.005217842156243867
0.00505786864156577
0.0046840102891769755
0.00434532750285852
0.004076290543340769
0.0035511181334893643
0.0030677662767409674
0.0025742680081253244
0.002489332490295179
0.0024095226408459135
0.002706304339421931
0.0030492896014638793
0.003401459385250968
0.003753327124562776
0.00408372251938951
0.004738503916373801
0.005073382240413328
0.005209017500236235
0.004883347310949375
0.0044411198980042485
0.004388931043033806
0.0042004426715099375
0.004039781799450625
0.0040238574303101985
0.003914265877840377
0.003786291090271024
0.0037364023297839976
0.0036499094213642558
0.003517737527464845
0.003697227717108931
0.00373780100968773
0.0039287884242821675
0.004013880083951313
0.003966763095608819
0.0038051530702574556
0.0036788835769818442
0.003666770640726274
0.0037228981418670863
0.00377367813804932
0.003921381725968048
0.004137074600595458
0.004234539227929293
0.0043031538018841395
0.004365384248685384
0.004579275300981895
0.004701220212967571
0.005019888584164775
0.005199229354432977
0.00543775376410131
0.005502602514176704
0.005722856878905868
0.005831030318298324
0.006131880007010409
0.0066303366855733304
0.007333102737759639
0.007727097337274143
0.007968425289440504
0.008323305721587657
0.008586204339228114
0.008959372965011734
0.009522743829868388
0.009829042333345585
0.010092993661860733
0.01031037332099813
0.01067245483332934
0.010883345619467653
0.01079873098342336
0.010891084813978966
0.011213175168368592
0.011100082474248544
0.01110147098798538
0.011027632203988466
0.011076925016662211
0.011212540894346139
0.011237894335665913
0.01147971295135338
0.011656030897000189
0.011909961213577718
0.011950789242136961
0.012035091120070332
0.01252700442462711
0.01302585409617756
0.013699574937333713
0.01406127530872244
0.014319396060491507
0.014177841477349457
0.014019086363923749
0.01403484389083085
0.014070114277504365
0.01413255226173322
0.014414690497380051
0.0149725559151066
0.015101188727166936
0.014535157438808713
0.014040334217961562
0.014088242713649269
0.013961690073288773
0.01400084077332564
0.01424739717103414
0.014570562809309837
0.01424018100094845
0.013870425247959589
0.013900820748682763
0.013694786671885211
0.013734512596639955
0.013895309505818607
0.014281776598219054
0.014297358705520746
0.014256564536409378
0.014599563332706903
0.014751588665356457
0.014901620696304612
0.015223671603908622
0.01564956466336416
0.015716564264925962
0.015783215760289605
0.01575528479581253
0.015878214509660784
0.01637611016510688
0.016728292686077
0.01688513413620497
0.01729739135731991
0.017389368436396012
0.017376519737761328
0.01762506645606481
0.017582100130787905
0.01759787902988156
0.017626450846903802
0.017909468588849776
0.018281948839653908
0.018360976537781567
0.018261924772359855
0.018347237168480506
0.01837433512148347
0.018627258104651316
0.018771800212317384
0.019201914273878153
0.019621844465275554
0.020071928345850486
0.019714383446243853
0.0196358684648974
0.019719847338568592
0.019781531158288297
0.019835945131636428
0.02007406275806922
0.020223126490131103
0.02034353859350423
0.02025732628174369
0.02021675062368321
0.020170127298269454
0.019802183732254928
0.01967010085247655
0.01961223910789287
0.019592075466089588
0.01964906881361708
0.019195081873054146
0.019110407898171887
0.01854937614989823
0.018064386508281564
0.017913881452512718
0.01746368643530283
0.017210713480799368
0.016960466050342564
0.016696182186021147
0.016417140123935574
0.016182917736318605
0.016195861532260002
0.016270941372287667
0.016547383098884542
0.016580089047695673
0.016705400711777913
0.016062379070834406
0.015519523135706065
0.015515162559782619
0.01550641058874568
0.015415688928649186
0.015220789022120939
0.01509316807002559
0.01513712712618279
0.015094129143279945
0.015020387112979669
0.014993359050109515
0.015080233396023508
0.015033863647676457
0.014989689578218529
0.01500944627136989
0.015013642952624995
0.014801200689209865
0.014877421405101654
0.014817669749346623
0.014954861396085354
0.014837541999057397
0.014727585153037574
0.01500197497662636
0.014693178797978278
0.014842488568715752
0.01475078502419457
0.014619357956190949
0.014587732403446078
0.01434029849087062
0.014387327475635711
0.014380361733686845
0.014503424491018754
0.014747470740975158
0.014592320986016677
0.014643807915230941
0.014714520691266053
0.014840825046304618
0.014750194577306619
0.014976598507755717
0.014816493558711364
0.014700372656320789
0.014300558386713898
0.013989649704381667
0.013945154788768089
0.013704329191836164
0.013201130214740092
0.012771190200143955
0.012550106784823009
0.012339742558709791
0.011899624978072017
0.011629879732239905
0.011272034390695946
0.011277928152060095
0.010734288551090735
0.010157483715673585
0.009548689859640339
0.008980870969966779
0.008854905166628865
0.008512088636700832
0.008078957072571323
0.007636037865818857
0.0073339445049540024
0.006986798382999926
0.006663434701176826
0.00635517777495907
0.006303970425976855
0.0059717822941102415
0.005420477933269726
0.00522513013193118
0.0050435999647272306
0.004791403539106115
0.004628021446329876
0.0045072440187744695
0.004344069573739829
0.004123456670180154
0.0038867268791963594
0.003805733803017451
0.0038575772665776025
0.004107715056641087
0.004095041917573226
0.004133224809305456
0.0042698789252106125
0.004409604839493576
0.004462241483394863
0.004618921136988687
0.004860634033887751
0.004894157832376607
0.005205016849118127
0.0055468858786171145
0.005735850774039255
0.005754280431079119
0.005728703139112798
0.005761952248750938
0.005717916308183557
0.005980682655777386
0.005922649211199586
0.006222994587413976
0.006401189781426069
0.00638804867226299
0.006284051583666091
0.006144043432015623
0.006192481170296912
0.006171456110397959
0.006185252581955483
0.00628292238377946
0.00637172834603279
0.006342184623407682
0.006079161445015416
0.005779643038479963
0.0056518407100399955
0.005509918805082859
0.005354043874343759
0.00537867805614906
0.005347441061695967
0.0053133853095017215
0.00528039658150671
0.005128897625517969
0.005012169338650594
0.004842419270099478
0.004691547081956298
0.00469670922063929
0.0047810794410520574
0.004931530336386708
0.00497871810811319
0.004978658087435035
0.005033082000349771
0.004814827764318102
0.004660987275480239
0.0045517874970761665
0.004427157193223373
0.004405449248503312
0.004387851182786276
0.0043434904041316225
0.0043915752531816805
0.004350467991245396
0.004126800622870531
0.0039221998703445555
0.0038085694497495834
0.0037764554928935703
0.0037748855567480747
0.0038066419417710656
0.0038930209710760872
0.0038162141132637994
0.0038366076417284713
0.003719587751853237
0.0036120219783186726
0.0033798537465541977
0.0034216639174616007
0.003281818937050751
0.003243862821960674
0.0031722699440099957
0.0032127909734397603
0.003309368096765105
0.0034508453277868737
0.003434440276521427
0.0033229604058760158
0.003201388352289309
0.003058803370086232
0.002832266501631257
0.002712206331345832
0.0025952151642497446
0.002594281617254123
0.0025683910243794778
0.002500533977981775
0.0023410525724373186
0.0023370986847343327
0.0022361264318267217
0.0021294838935071716
0.0021092026093308645
0.0021570951511849243
0.0022055405961773082
0.0022199174452929528
0.002372373816393038
0.0023825373142402034
0.0025367971678592486
0.002613377090839067
0.0026191679576274664
0.0025956509456783157
0.0025182750079723567
0.002495501472601267
0.002616033208075853
0.002682995582587596
0.0027112818024416048
0.0028902285339800944
0.002902800437780014
0.002717841047451766
0.00262749222462149
0.002541806872230555
0.002492888619073618
0.0024828782968326388
0.002510816400857427
0.002633504801843548
0.0026227650635639657
0.0025991715279618543
0.00247628606921479
0.0023640167410627407
0.0022633238843441593
0.0021490362411974656
0.0021099520169115737
0.0022128264879196615
0.0022404727396450825
0.002150039209800488
0.002171292409514003
0.0022106676934660484
0.0022732545232302614
0.002331706514582401
0.0023960991836761243
0.0023656947032003293
0.002318103000060326
0.002226756120737776
0.002111132761396988
0.0020572515412996912
0.0020676904251280682
0.0020643724477289026
0.002017479795854097
0.002070863602812399
0.0020523765467118037
0.0019964164730982294
0.001975115630828281
0.0019643944641656876
0.0019278902946143575
0.001892389890157789
0.0018351985601352879
0.001773809228983023
0.0017356699912393857
0.0017024026823252117
0.0017233451476456121
0.0016730942234984842
0.00157955967756688
0.001583346774874261
0.001505088958867643
0.0013968807918276378
0.001385954657205055
0.0014249619015600655
0.0013939051412861494
0.0013434405605769024
0.0012848428105513554
0.0012680436433119102
0.0013248687558340658
0.0013154370605601698
0.0013031795578536877
0.00122344496142278
0.0012043824661931153
0.0011403571825265766
0.0010850370089224703
0.0010097277701029616
0.000986021775369879
0.0010124516086404268
0.0009811692870940268
0.0009046577620912303
0.0008826578046573861
0.0008352678309961972
0.0008320499275918661
0.0007779856962458478
0.0008277557051022223
0.0008088256665661321
0.0007656335318449175
0.0006971947137439226
0.0006874021474090311
0.0007019938775625212
0.0007424296117057607
0.0007540646817583874
0.0008122183693099047
0.0009048816694640546
0.0010003768186817802
0.0010581138163841986
0.0010492173060438958
0.0010361610861660958
0.0010964729738472511
0.0011655726213699168
0.0011855213215685157
0.0011873818143645024
0.0011289664767864488
0.001161709893777252
0.0012033922680142596
0.0012396633783283077
0.001234338771567999
0.001232124711505102
0.0011950805770430868
0.0011350009944564635
0.0010330614725961493
0.0009980786252611145
0.0009733522305939169
0.0010076408946319115
0.0009636105776323768
0.001015729249034496
0.0010234559060517934
0.0010245775851313184
0.0010672909282469305
0.0010028547002007451
0.0009442821701709861
0.0008231412227116876
0.0007687449495916443
0.0006956184590696828
0.0007502462620789748
0.0008480145225951959
0.0009565981974148281
0.0010361215773533716
0.001062312698776836
0.0011338012949059005
0.0010839650738050323
0.0009703919710165041
0.0009531609102162214
0.0009986004191335283
0.001049362927713723
0.0011134642689690614
0.0010904724402131666
0.0011011598208845552
0.0011043300250818378
0.001135596621327841
0.0011414419306242153
0.001329075034619541
0.0013981778980296862
0.0014168430796408875
0.0014248470293831978
0.0014211115115473673
0.001319735993673026
0.001165637694690597
0.0010877367907924861
0.0010491717887158307
0.0009808746819238339
0.0010343157732574145
0.0011040722055003043
0.001221828751916465
0.0012768460625260463
0.0012555530657238946
0.0010991022686689628
0.0010559649828502946
0.0010775076006807921
0.0010573291856182923
0.001095239811109237
0.0011286749937343197
0.0012067951609617648
0.0012308241584221167
0.0012734346916000669
0.0012674401007337676
0.0012746295695856822
0.0012278315823114352
0.0012615746458795592
0.0012248631358371456
0.0011118042081262268
0.0010027945784468052
0.0009930945017256867
0.0008800973007230475
0.0008635192190597421
0.0009104211423014257
0.0009450602667698703
0.0009298480076266215
0.0009316883480830918
0.0008246614770203433
0.000667591184559006
0.0005566817158613967
0.0005427185797066195
0.0005664835421461099
0.000560612417178137
0.000575305078532842
0.0006088471261652666
0.0005537134991710419
0.0005769316217279927
0.0006070943754088026
0.0006895145686070235
0.0006985050904919457
0.0006960943063874967
0.0007231979197337713
0.0006971160532780365
0.0006582425977712212
0.0006056948398904845
0.0006317883017101476
0.0006067235947411539
0.0006068647034847654
0.0005620946912434874
0.0005980718457671381
0.0006660838138916798
0.0006603165878909182
0.0007072717784545624
0.0007398848001982862
0.0007656299163175188
0.0007335705500316834
0.0007232159588863112
0.0007166203962246136
0.0007129722686342367
0.0007986428792137008
0.0008489222631886025
0.0009346951690261333
0.0009753074883806355
0.0009469575455383789
0.0008520569399599511
0.0007327430283420505
0.0007193303150912939
0.0006400464906713634
0.0005867445966676787
0.0005777348922780778
0.00057814833457212
0.0006298878668971593
0.0007017896606483696
0.0006875201250406
0.000633399275995707
0.000644334118348166
0.0006222899153192001
0.0005919709524355601
0.0005641439393785063
0.0005299931774484074
0.0005891270795317446
0.0006104791650232493
0.0006754262542891956
0.0007112736884263956
0.0007648193037688401
0.0007281592808666072
0.0006769198448706431
0.0006487100918099051
0.0006021638961984458
0.0005989369482331809
0.0006821600885029989
0.0007529221577801598
0.0008581852888957323
0.0009000608331318043
0.0008670865173873801
0.0007680925441901027
0.0007015031012310187
0.0007401358112070569
0.0008625606803708572
0.0010186647863495374
0.0011038073228610992
0.0013003439460309498
0.0015388971350825064
0.0016050910990488883
0.0018945719975050168
0.002065317737434916
0.0021722052706769383
0.002303128935616562
0.0023032371308633636
0.0024238351981802145
0.0024403289951220176
0.002412225932559087
0.002493190455010514
0.002457908568791157
0.002327766311536406
0.002275145404249907
0.0021537505226143783
