0.12853386815379145
0.1369966897654712
0.1303746528967395
0.13039010866803435
0.13212873648981388
0.13384179235354854
0.13498876621226752
0.1336949533388488
0.12863371911990348
0.1242412970736891
0.122372067172377
0.12052626693869406
0.11936577673123878
0.11403889191778613
0.11015797013134336
0.1095620233811486
0.10882447040319809
0.1058818070904721
0.10460859163543224
0.10211760854256173
0.10062892271317794
0.09942625243953121
0.09830244618746117
0.09498826478963558
0.09433085991709228
0.0958276788975526
0.09996251735742823
0.10330750604421488
0.1069517041229096
0.1110161972724091
0.11752274755664815
0.12187655740746854
0.12868701519812037
0.13265327911955616
0.1365946347873865
0.13636269198022255
0.13458284207452978
0.13310110086224908
0.13249727202791103
0.13342260556276264
0.1367788009673137
0.13954109067500958
0.1422654964355262
0.1436871142785933
0.14595395650706514
0.1440490066142142
0.14357969799461706
0.14096546310092345
0.14026476651597003
0.13978458102156416
0.14078534200353054
0.14075004630533433
0.13708538035753653
0.13474410793922703
0.13371051705898623
0.1335996308607768
0.13473995754547752
0.1349916297007713
0.13552026504557796
0.1343888742277928
0.13377402537580751
0.1338342792778961
0.13472675775887544
0.13709686728316892
0.1411087833709559
0.14475880132237745
0.1437920279219616
0.14360618697268762
0.14440268833718772
0.1439858592102787
0.14223877809425653
0.14257096092415394
0.14213973791960716
0.14262474149203425
0.14178149241053495
0.14186109858537882
0.14282110570294754
0.14151522832959434
0.1410369731870636
0.14054153614481113
0.1352926837861105
0.13187743906920818
0.13405108395133067
0.136812619435907
0.13586666671765588
0.1350727108122358
0.13501323955867395
0.1355074583585526
0.13630183238023638
0.13620819709290555
0.1352130667950517
0.13286701451353886
0.13244546715192276
0.1318922162066427
0.13055632899669165
0.12893584156154195
0.1279552746180235
0.12935257574544856
0.12963544999176904
0.12873115106914354
0.12687144858710564
0.12485095685761613
0.12206793691138626
0.1203488205355587
0.11843423009443414
0.11660667405879396
0.11698967093871362
0.11599788247516218
0.11764235660561581
0.11928820571092394
0.11903035581089424
0.11869571827484908
0.11651288612075694
0.11271259006604566
0.11217411125265286
0.110745905325029
0.11034473874140083
0.1111861807757418
0.11010410088228492
0.10974002859607879
0.11106935101276265
0.10845485572488071
0.10274084862909245
0.09994545856559785
0.09742220166288218
0.09682993805987347
0.0993538213416102
0.09920643473601026
0.09959081238416705
0.10004170910669279
0.10370834172611731
0.10635109759851322
0.1113300405240852
0.11430017083115471
0.11449562004911185
0.11374924878908417
0.11230206058545
0.1078405982538676
0.10632943530831887
0.10341494798868327
0.0998997511796818
0.0934728948119379
0.09143606776448983
0.08524826839227911
0.0858729202568844
0.08651204823845596
0.08662605822329049
0.08731770866890992
0.08812197080884893
0.08944085811799388
0.09095056710985318
0.09137373137571633
0.0921463741847506
0.09330199522574335
0.09542346020683354
0.0989085742107119
0.09967151020030802
0.10057667907819112
0.10078521813508316
0.10259456862358426
0.10381475700039162
0.10440105359992749
0.10555611725694987
0.10622052060726388
0.10885320290825255
0.11020790011974031
0.11019501684305896
0.11077393698359003
0.11096533967250699
0.11120157749035461
0.1112062848776069
0.10922489193981404
0.10834072021600989
0.1079221343441538
0.10666559417818913
0.10496373718742624
0.10358067106462931
0.09924477955107772
0.09909729326358231
0.09960808245345007
0.09958662537884969
0.09808524338894177
0.09760063151908238
0.09650933245538665
0.09884208583016854
0.09920827885640912
0.09832080333927445
0.09726019123638399
0.09799338746903467
0.09929060749052736
0.10077752099787256
0.10081501786910765
0.10106994981579505
0.09782343856498524
0.09590842620244082
0.09435960102372769
0.09296416683962361
0.09042167551133444
0.08703912439906462
0.08700049963680505
0.0877696681872264
0.08893353170915541
0.09311173070247211
0.09407827581396883
0.09696217745887627
0.09900603236299406
0.09636983700853434
0.09566652197590883
0.09318747907036926
0.09192817317296101
0.09007451969971284
0.09082063271808909
0.09051493333109735
0.0910433917917985
0.09179429529637347
0.09178910408267592
0.09257562051302277
0.09376382066750022
0.09423324097294314
0.09406925384972735
0.09558515842748996
0.0966092138163502
0.09854321530117918
0.09937703275049334
0.10142529057394549
0.10020528999028826
0.09911988820967121
0.09661433894752972
0.09395211422027042
0.09220087908211233
0.08684876160185753
0.08492784764422898
0.07839790622783115
0.07974476512300832
0.08073726329263994
0.08190189987315244
0.0837242324563376
0.08441444500497762
0.08742857964038428
0.08959590151537888
0.09422578069945768
0.09591286268153075
0.0981210814669053
0.09806732174692505
0.09979578864075231
0.10231588159977725
0.10923648131201968
0.11468471192551948
0.11633919836905113
0.11939737564446262
0.1212273840589124
0.12280172899065381
0.12284099858281376
0.12238851260172609
0.12072475836520453
0.11755502370661737
0.11650549690012661
0.111761261137069
0.11007159420864454
0.10868950345155379
0.10786561929818468
0.10650388510036346
0.10815553099695685
0.1072148208870038
0.10799816719999285
0.10619286228303682
0.10600650177236118
0.10498445443010937
0.10534395637401413
0.1050072859316948
0.10329430933316934
0.10289910208619513
0.10342878949280492
0.10287947926583993
0.10297281611607037
0.10374195869342362
0.10583381911507203
0.10640045453134547
0.10703865150097731
0.10938193546418533
0.11129191312225668
0.11161312301911078
0.11225872156611764
0.11031826712404243
0.10830705889378126
0.10777409670831706
0.10611840322013774
0.10522025878714789
0.10466951216719941
0.10373397836489717
0.10465369453618248
0.10476668141432881
0.10594044634997617
0.10629611060973465
0.10923112354500886
0.11078030228075146
0.10970545109638437
0.11043336901877403
0.11035125446227279
0.11381990591241971
0.11620111328682987
0.11893712325082798
0.1194719591593223
0.11820023520270703
0.11715482590359513
0.11662603624689649
0.1142663968757216
0.11465827401211379
0.11747205784643203
0.11847620861386551
0.11887928048267951
0.12256969496859263
0.12393536799468079
0.12542748667800852
0.1264594811265588
0.12770898838826328
0.12826362302933714
0.1298891128985841
0.13045085156640232
0.13254762365124284
0.13350047802961457
0.13368762623767458
0.13149853284252808
0.1302800330181432
0.13046996810365957
0.13160084456897753
0.13339457824817896
0.13418141534397393
0.13484472688138457
0.13672871912666884
0.13921155236204358
0.13740452276511345
0.13396006198341864
0.1310102000708599
0.12851622530477252
0.12713873599540487
0.12419171944799227
0.12171721442124639
0.12144429364058267
0.12018893376790125
0.12046845020348032
0.12003203442683716
0.11815361632329098
0.11628702923351553
0.1141934195182613
0.11252674897479509
0.11188151185002015
0.11087169035326797
0.11038670860449899
0.11082699927713238
0.11071353320076935
0.11122310660167016
0.11507269168734516
0.11685859991047062
0.11820818157837532
0.1203854324203861
0.12246108995951706
0.12426943538978712
0.12528318555131207
0.12638221663067534
0.12658114124904024
0.12725821289019063
0.12742406175240528
0.1265204648958675
0.12704610057930388
0.12620861977420522
0.12475378837243323
0.11975585412607062
0.1178425215815263
0.11518890596248528
0.11589729449978
0.11535863751473623
0.11716680266529937
0.11770737745564872
0.11947558347631715
0.12021287570525419
0.11933583424834464
0.11611559396320144
0.11042028175803376
0.10983742977503339
0.10659109828660514
0.10557046972706566
0.10695114373047218
0.10732305346274847
0.10924241099905677
0.11100417473110616
0.1115966360424793
0.11079416568860148
0.10954515972007942
0.10870677048745118
0.10918172013204992
0.10916177767206688
0.11033341518796672
0.11297608013334275
0.11374017011309585
0.11293891901103877
0.11255935983550784
0.11342254791374677
0.11341791905681382
0.11090379560920474
0.1087578511577035
0.10610644666550646
0.1014132749277871
0.09918344928600079
0.09715695162698976
0.09413241850685991
0.09349927097163631
0.09333844846293678
0.09573241872699338
0.09649511588984577
0.09799322089987268
0.10361717872168305
0.10606244745184601
0.10590879391408962
0.10554400143388801
0.10424963759449606
0.10229621501286516
0.102107496094333
0.09852855434148174
0.09751784367877922
0.09746336725788488
0.10237320925231927
0.10532818157986187
0.11059041858441618
0.11274810707069352
0.11748589019243585
0.12172334406412622
0.1227333998380257
0.12688458067245723
0.12915371749198437
0.13428615322890514
0.13798117095965906
0.1400793186381985
0.1406960526345318
0.138498855168686
0.13696843355070487
0.13528531303940033
0.13428456871023425
0.13375734257802438
0.13012987480387264
0.1291961766515805
0.12643559386065306
0.1254586742620167
0.12610701313133305
0.12588407610337282
0.12771511300515623
0.12603370138284983
0.1251758022103229
0.11974348742388492
0.11587485136435402
0.1145525292217745
0.1116041017770357
0.11109183014247055
0.11016064009765252
0.11187147655065088
0.11359478211151308
0.11970832659631861
0.12283534096797359
0.1293683747730115
0.13137996778358202
0.13538640405299587
0.137244010788156
0.1366683526172411
0.13635550642354674
0.1392477442064327
0.14000865942635843
0.13793045551306196
0.13605774700211476
0.1364873550926159
0.13746278557961436
0.1384169665366502
0.13659249364309395
0.13684059877465232
0.13650520294771876
0.1375504632202456
0.1398178399205921
0.13695307059548772
0.13428921900107577
0.13020778686925683
0.12929213748581336
0.12838142885720177
0.13122557956057787
0.13236717169120354
0.1373437325870013
0.13989167848876266
0.1448930271162349
0.14488685568416723
0.14397303673408687
0.13917314650913964
0.13884670003462773
0.13455529355564758
0.1295868511211676
0.127575003283431
0.12410805637706675
0.12026630068922883
0.11806702810700394
0.11609858454355249
0.1156273963062272
0.11501251571429731
0.11403129151241916
0.11172106665987869
0.10999383717578362
0.10829050314219912
0.10965334181327265
0.109732432815195
0.10928572392765672
0.109244628197843
0.11001126726183882
0.1098052893868737
0.1080873723257441
0.10513075065928101
0.10318031038860087
0.09725735479605421
0.0987299121587454
0.09467029525027663
0.09251135715717558
0.0934290835477641
0.0936751930568466
0.09190523818797909
0.09199745090071046
0.09092997797096479
0.08972002250941395
0.09238152584174665
0.09381046611308018
0.09453977644827379
0.09740642765817539
0.09896093046685664
0.09975809691986132
0.10168085843341686
0.10199628801434757
0.10255965496049069
0.10328134784692869
0.1051673180765336
0.10657441252108708
0.10618054600588259
0.10466470844092908
0.10368332061811317
0.10756224380619006
0.10947480990284693
0.11170176489940042
0.11440354433440303
0.11625552822289113
0.12181676104989617
0.12038422224144071
0.12033736621089534
0.11875415159912324
0.11721497148965113
0.11339714660842921
0.11199007570815789
0.11104480210589884
0.10949763499463112
0.10965939000588551
0.10940104449686058
0.11161371370199653
0.1126495529620242
0.11346632867743474
0.114960509914832
0.11470923891758693
0.11582281422968917
0.11685153030940258
0.11711568966186556
0.1183972547473096
0.12006220854210595
0.1222104447000866
0.12301302620308238
0.122616450292848
0.12219139360853212
0.12143601543377854
0.12038311325985593
0.12046195203783194
0.11910478455139825
0.11698255164779159
0.11500307126775425
0.11608781844166308
0.11597352174586979
0.11420521865188889
0.11273883146433114
0.11154691535907461
0.10949134599703003
0.10841620061603556
0.10718308443316445
0.10836142494599765
0.10738924954562826
0.10857004771969074
0.10977708112221837
0.10968759519333682
0.10843429800677509
0.10810318180866278
0.10710554107095575
0.10559203336699334
0.10481905577146304
0.10536679828405018
0.10623532237715827
0.10852461309143033
0.11153478285387135
0.11478762197719652
0.11551409868601932
0.11718031744718818
0.11701211419311745
0.11513021713966505
0.11373178299681094
0.11193913367838222
0.10907460744744357
0.10899431678731761
0.10966873641079485
0.11064851185142413
0.11154399523102468
0.11199692596640094
0.11313173308392802
0.11128785446506036
0.10796036719131741
0.10647483968284821
0.10498970974509181
0.10552603424240584
0.10578686309559408
0.10699346040878463
0.10873144648705865
0.11018957188993386
0.1126827247546551
0.11511437170223777
0.11612571943704005
0.11625609106902024
0.11587286996039159
0.11658153298256975
0.11513393392893607
0.11622561413135794
0.11436831033600744
0.11598511881588339
0.11541339567091788
0.11548974625968408
0.1146124610218668
0.11258558652862974
0.11233873672666092
0.1103285849203142
0.11032646909136523
0.10961086759538023
0.10986006948665913
0.10788892535323895
0.10749927062044777
0.10785244094597186
0.10808394286942058
0.10740889632597664
0.1064017886253387
0.10507605118048788
0.10479176666030351
0.10439514445097342
0.10419651434805959
0.10621655118863411
0.10828877117363564
0.10919218282550662
0.1102026868830984
0.11079580888950494
0.11025104430500436
0.11145317389804828
0.11076872759141576
0.10926902462035068
0.11036166145406541
0.10968842311859432
0.10821848780638395
0.10872766088874078
0.10727752419557399
0.10536481951054377
0.10618565624155643
0.10516846583661724
0.10422635681517052
0.10476753215892871
0.1052457062296196
0.10548084310715275
0.10504183215773236
0.10347794167819324
0.10220040659714631
0.1006423836027706
0.09953503048267336
0.09794976220694328
0.0980802507213078
0.09652146570808862
0.09578237375087766
0.0926505600608116
0.09185602090282854
0.09269764254250083
0.0946307901963064
0.09755582246550668
0.10018700436092003
0.09954649254597053
0.09839722181642493
0.09816646454610833
0.09696069461485834
0.0960221855143876
0.09527523584077395
0.09647449238589949
0.09720042836805354
0.09693833695402357
0.09427860249263743
0.09400670134883642
0.0931399835642316
0.09250837816247087
0.0926400666769247
0.09258155712037026
0.0921005855930826
0.09108619579145218
0.09160608998960869
0.09037930213689474
0.09161211060762843
0.0914148183010274
0.09312325024711189
0.09270035774695282
0.09152841851699949
0.09029389732869406
0.08814086743352707
0.08589366848122505
0.0853624854866237
0.0859289880379933
0.08618167229890951
0.08637016692474779
0.08720968147667589
0.08649434292829858
0.0895427587618162
0.09177400977562691
0.09322568391767973
0.09336758761740534
0.09349088532460641
0.0930651617752328
0.09256202827162027
0.09230511493183369
0.09173270427403726
0.09226108804508315
0.09321980817353293
0.09346029388189078
0.09345955584155499
0.09346057128852739
0.09321691063524311
0.09165386940241145
0.09100112121586432
0.08988219848420645
0.0889513255639156
0.08708992273788282
0.08698366607353303
0.08803579766560972
0.09022374639772854
0.09039278815456202
0.09110734831352763
0.08932254325611053
0.08690551124596795
0.08350783760201502
0.08256703210513286
0.08118050116317795
0.08139317838952288
0.08217722954897684
0.08277390283226066
0.0854208026472226
0.08921131979648918
0.09013802542518176
0.09177945816528729
0.09043960109627466
0.09111181123499477
0.0896920486867525
0.08794419987756798
0.08859607358067226
0.08819275084816086
0.08852902371429908
0.08885180697970826
0.08818279824604557
0.0873893559973376
0.0880597344973764
0.08819557508560459
0.0887063299831938
0.08919467344813606
0.09053693036826482
0.09158374561613569
0.09312093251220764
0.09302552593099614
0.093326296245131
0.09380514014759075
0.09298653416301468
0.09332155853365671
0.09284694687314185
0.09223233417701662
0.09199605255928663
0.09401969929120294
0.09417218781573952
0.09226461075812149
0.0887368114753437
0.0879655879393503
0.08752721095020487
0.08562490821256977
0.08503462671335531
0.08441497196904385
0.08356461250891815
0.08443146427674214
0.08427517734980013
0.0830925960066598
0.08339556974517984
0.08300974335318131
0.08401169234728044
0.08459303082579767
0.08569818476528798
0.08733459460347862
0.0872250296688972
0.0872622401257834
0.08664545414132818
0.08721121187873637
0.08668475266555284
0.08565654003452747
0.0854323855965243
0.08353580880695918
0.08207689657556151
0.08123471513340433
0.08064291509073562
0.08003649541511142
0.07958166530061246
0.0790484307677459
0.07617563549544738
0.07701803837163412
0.0776841113969285
0.07900339779657993
0.07962210258566185
0.08060358012425177
0.08004568821686767
0.08009362829865707
0.08134246196141465
0.08268749795395387
0.08450156666732339
0.08575004656546203
0.08777628645440655
0.08837479826444417
0.08821139709134312
0.08690941823128938
0.08675612705642748
0.086792153225108
0.08704173857356609
0.08858531693224594
0.08880516493407525
0.08841369852753396
0.08939378864328366
0.08894515985569511
0.08852410516514339
0.0914071110432795
0.09152122388943053
0.09201457599009276
0.09288674676300608
0.09526121717002127
0.09520312605590045
0.09450777303208183
0.09410077306082573
0.09271668808961964
0.09191795538869789
0.09096903182723744
0.09013970602999213
0.09108028826843999
0.09195843516383942
0.09282373674987918
0.09599001329137355
0.09785576547173228
0.09997154765850724
0.09933105090571526
0.10047418302242042
0.10173917707152565
0.102280371471331
0.10252227495234545
0.10155135521767475
0.1018798598003523
0.10232766497779575
0.1044550585039457
0.10410189661040477
0.10256719371512912
0.10108714050861711
0.10338510288360325
0.10415338700172586
0.10491128863105255
0.10431618155174874
0.10348557872099293
0.10073748713359894
0.10015242347758704
0.09995074446231075
0.09902031508763125
0.09637775867809725
0.09397818573029976
0.09222435673994506
0.0902091755925569
0.09024640594764699
0.08962799808312365
0.09072148730143088
0.0920732218726166
0.09255290321604305
0.09420694625825732
0.09526825783618667
0.09597816555099772
0.09607370527855479
0.09763479845252247
0.09784756929254743
0.09847666601911595
0.09785410123723066
0.0973476214799682
0.09605925776139285
0.09594979648732675
0.09434329631751343
0.09443704659939903
0.09585587910921176
0.09669490893908325
0.09840465990632749
0.09753872967348705
0.09772856696798474
0.09738501830398114
0.09759043208595908
0.09714774509160323
0.09548291708050145
0.09445365032291228
0.09357061650583057
0.09655214228785743
0.09702967005921401
0.09950677188703752
0.10022351921243107
0.09939325838158551
0.09963892607298039
0.09768617382219072
0.0996081409944681
0.10085488979635923
0.100935503600209
0.1019965816884697
0.1029640358685046
0.10416684139374807
0.10481875595945607
0.10438467640256184
0.10312001656409839
0.10419497740305886
0.10346658356336251
0.10245605928166335
0.10278365540945933
0.10215675065929183
0.1041520944563672
0.10722239084582263
0.10954763932494875
0.10929725344679678
0.10896314772562103
0.10864952583153369
0.10658825185174572
0.10625575972136833
0.10551360807586978
0.10453169711350233
0.10517402725573692
0.10521398429394746
0.1057145479425559
0.10637315381695282
0.10678211427968706
0.10739055846442194
0.10625389173634944
0.10550742284052897
0.1051844957366884
0.10344188097538713
0.10400335941670953
0.1043882226079009
0.10316915525527282
0.10309842916464865
0.10380869915862853
0.10443662962273467
0.10513504990242835
0.1051003925281531
0.10470535889494073
0.10503704578098834
0.1052835165087729
0.10429566666001037
0.10586237152472941
0.10492872156511683
0.10555943951698502
0.104555133420198
0.1061319268808669
0.10542745778878868
0.10521667261182403
0.10644597159744337
0.10695625345614712
0.10767289633561876
0.10879029352438392
0.11118510326479891
0.10969700674303381
0.10906085791752052
0.1090865934075741
0.11048322971351435
0.10846184791502411
0.10790244407435223
0.10868446186348904
0.10928129423202959
0.11117212725570613
0.1122294884371862
0.11257892744741911
0.11240519787743028
0.11174271677539475
0.11118889154835654
0.11093374015152808
0.10969276811515971
0.11073859121198808
0.10988139969892345
0.110287831271441
0.10958755889348366
0.10822489641008999
0.1078145694723039
0.1068560572016154
0.10654890628378651
0.10696561148247871
0.10552184272517577
0.1040765691918764
0.10400733355681188
0.10434184951611289
0.10473303930087985
0.10429495447460099
0.10480445868381891
0.10552039932771393
0.10596222880892618
0.106400221095856
0.10605317550824858
0.1057389325588205
0.10579806627993878
0.10608526951642092
0.10572388887090808
0.10390332599477267
0.1038490060777959
0.10517292105472839
0.10578347277622682
0.1080406976960198
0.11025494351415135
0.11026129320861651
0.11011645766487835
0.11009478692422636
0.11069007546183089
0.11209317571231465
0.114669454883228
0.11684329331971266
0.11883908182544389
0.12096773136756392
0.12236817192690767
0.12263088947718064
0.12353460203536959
0.1259791587766083
0.1268729140155125
0.1303904872846598
0.13155790973428153
0.13409593020954297
0.13752814364362415
0.1379861451927487
0.1400501922639687
0.14080131379674282
0.1419656624889382
0.14309812428766633
0.1433746584209688
0.14540370833861732
0.1444750536839307
0.14533191935815895
0.14751867388082096
0.14843300513210667
0.1490348908253334
0.1483096979090351
0.1473792932303476
0.14638397282874305
0.1468327421756233
0.1466536098948723
0.14848334950543768
0.14895168637228107
0.1501035428919017
0.15133358017016327
0.15193637913448862
0.15208183760637145
0.1526542958945616
0.15387727591972394
0.1546764907465114
0.15593911649536507
0.15568224630998168
0.15659413110716294
0.15599189720391463
0.15582367007524128
0.15624474365191313
0.15554995236101066
0.1560823406821586
0.1563289963397236
0.15563675045069583
0.15328039733127527
0.15201340895759632
0.151737964577272
0.1520174852156772
0.15549867631648848
