0.19079578147894277
0.21086498798326786
0.18677282345309015
0.18554414143829573
0.18351220564339088
0.182043613978012
0.17945118962678525
0.1773498573492975
0.1755786301819627
0.17293781993112284
0.17149672563252166
0.17061410885602116
0.16810509228729334
0.16610619067643292
0.16362251991859708
0.16141877472608873
0.15800698111056224
0.15676859743043448
0.15623456217470674
0.15551390201191145
0.15680355412711897
0.1590615622099532
0.16093466335990417
0.16315023344344082
0.1643380460632979
0.16805711780365792
0.17203727859320198
0.17668253947004567
0.18040654087029503
0.18488408580930962
0.18917866605423864
0.19031140558493484
0.19334505089478368
0.19507238267280655
0.19792027699023812
0.19998593419819904
0.201483126727719
0.2015625668775037
0.2019701450822518
0.2024122534995633
0.20236421694219625
0.20378140733670108
0.20506428243718838
0.20470125543571452
0.2051134782626618
0.20448868376492993
0.20480366929692964
0.20488512331736097
0.20380798854829268
0.20307545184730164
0.2025661627776895
0.20173594929398816
0.1998122469354339
0.1989158534035424
0.19801778172563114
0.19798198885525536
0.197554991625904
0.19665122422191225
0.19631825953413737
0.19606419608500564
0.19559694227539168
0.1957202228759474
0.19683930818617207
0.19800166792422352
0.20003167759901547
0.20186502843645834
0.20339176037676293
0.2046386692972987
0.20551043465265764
0.20685510531636267
0.20686342175689046
0.2063782813925128
0.20641117659234348
0.20451859188741187
0.20167458790277348
0.199754055494626
0.1990199946309698
0.19591975090685793
0.19494853624245745
0.1930051370745916
0.19251946919156956
0.1922576546197199
0.19210468597172084
0.19241916245245685
0.19245744457101488
0.19101323351972885
0.19118071027021416
0.1904065659294782
0.19019012687787656
0.1906539712966006
0.19120733222587005
0.19190797026868528
0.19227878185696273
0.19177952545891772
0.19133714396340945
0.19052430558962039
0.19009130328042614
0.18845890074610255
0.18781616833432008
0.18479509768516225
0.18384283005095828
0.1806409355851774
0.17675102975354826
0.17357082249016498
0.17210624758976767
0.1692571903652582
0.1687539627505264
0.16736971750143786
0.16667411482824743
0.1659005253741606
0.1659269574366602
0.16637374827849302
0.16547291670311298
0.16341617599367825
0.16324687404954968
0.1602140555428529
0.15773185135677906
0.15599500734368973
0.1544115373972557
0.15321852574744593
0.15231000859613203
0.1522243892611951
0.15229756272244194
0.1524540006990379
0.15346511734312154
0.15388541747851756
0.15433941195977863
0.15397428288357756
0.15419855238786237
0.1550458276248813
0.15591361985104618
0.15668699711864434
0.1579889690598403
0.1574690055963177
0.15780798539043428
0.15816696641796796
0.15689852724114342
0.1560436933702367
0.1559480544728017
0.15507673649045445
0.1547146895770807
0.15434913489504598
0.15457861792187327
0.15197236581798168
0.15131237332830666
0.1487671816142451
0.14694538002051094
0.14553910361801228
0.14535289388056158
0.14526091863524104
0.14610163457959058
0.14632511050635705
0.14675266957736638
0.14674204738188912
0.14716054976868584
0.14637102064413127
0.1461752074343181
0.14628519491964048
0.14564645576598384
0.14513456886165083
0.1452328949685005
0.14441400135563123
0.14322751132276476
0.1412075794517922
0.14143406745951492
0.14127008707843464
0.14044366918218584
0.14151725058177206
0.14362100958421242
0.14416899335929678
0.14657553544137863
0.14931683340209528
0.14952743950556982
0.14990216490364977
0.1487301997784553
0.14868826913912692
0.14823647746348048
0.14568605995498068
0.14643734837199512
0.14742556505490478
0.14741812183365763
0.14885250684849008
0.14942609836288334
0.151939186484297
0.15480755936278265
0.15671511814104838
0.15877306171200561
0.16088111297240534
0.1618189530271792
0.1627547561112194
0.16350181899116029
0.16375280800064956
0.16411418982146114
0.16407936687960273
0.16513170842518382
0.1660102360015117
0.16695851685707888
0.16854510437301934
0.16799644137249992
0.1679271936194125
0.16780471474388473
0.16755756599501045
0.1670896653524629
0.1661393639399914
0.16654259566095744
0.1696009048717623
0.17154268837482117
0.1737129412332141
0.17800212441701133
0.18063279804238802
0.1821268699275619
0.18192734365865584
0.1804564489973579
0.1797934950613856
0.17657588471924698
0.175791450477244
0.17376021392935753
0.172766640436047
0.17142327966199436
0.17039313461805386
0.17125815107184353
0.1716822462973347
0.17170751968385123
0.17180872730044866
0.16978201636066473
0.16618008270385465
0.16334529825503954
0.1592085844647071
0.1556370757802788
0.15301413674494693
0.15109171353848325
0.15058128511165741
0.15218576275600024
0.15370299444450408
0.15731645534941513
0.15913356201495077
0.16164176587470797
0.16304833007734953
0.16455738554061558
0.1649384940381745
0.16429928461908197
0.16429909784878519
0.1629554860134167
0.1625808852618858
0.16189429859482074
0.16265494606188963
0.1640894228304539
0.16665822253239304
0.16747127425550978
0.16938355537558272
0.1702235853282402
0.17124286734473412
0.16904666135342045
0.16636166415540216
0.16511282653672382
0.1625161364236497
0.16211473275467173
0.16064555193512448
0.1599135640031867
0.15970480954837046
0.15925944071735385
0.15958169425652946
0.15997888139292973
0.1615433631617462
0.16197832517937352
0.16286030923105993
0.16332725313135488
0.16392633650999505
0.1647225842718864
0.16578580560559092
0.16525966386075533
0.16471738823480706
0.16479688645107765
0.1654791782027903
0.16693044292784714
0.16872814726536878
0.1706441885999275
0.17178428557528286
0.17329075564087087
0.17448925203059049
0.17621128225606997
0.17741000895018372
0.17842945791737355
0.17876113182340989
0.1791818937761463
0.17906792391598544
0.17970550079676784
0.17944081666535222
0.18047376049934347
0.1809038341981068
0.1822562317002586
0.182780633565064
0.18456215803174278
0.1846365693332877
0.1848182467320397
0.18501484042108535
0.18524989003483386
0.18506452158155895
0.1863189303656023
0.1865962518541838
0.18719635463100565
0.1893739602676227
0.19088253726818505
0.19180480962190033
0.1938001320634946
0.19482545257299894
0.19634139194167144
0.19697266892555243
0.19806208797958763
0.19719251575576696
0.1968715842063496
0.1972424092758827
0.19706595336613758
0.19608642160612927
0.19519467405212282
0.19645835688395327
0.19700208011532278
0.19721381326854304
0.19723787464212877
0.1985833783004866
0.1997468199601797
0.20103763671461478
0.2025000351879033
0.20326946377442826
0.20363385487374736
0.20366194290190182
0.20417970174277236
0.2041416891047616
0.20347312837036444
0.20383661857311078
0.20292138211967098
0.20332590639516684
0.20384472287687666
0.20426911358543962
0.2064921975202565
0.2080499979303178
0.20888651983707027
0.20890120188893388
0.20842916164656294
0.20826642879458368
0.20812890213243995
0.20594885333239107
0.20518248852640908
0.20422161723067794
0.2027939210433109
0.202984484795786
0.20254482562949788
0.20236174172510588
0.20250235165881642
0.20263554959341895
0.20226393602812837
0.20225580384783587
0.20244194883642114
0.2028754261573304
0.20201255206950788
0.20245575823477427
0.2027535924587902
0.20287662962040387
0.203710511908976
0.20448710479372267
0.20575560212554528
0.2064717946872074
0.2078641832081983
0.2085334434015882
0.2098183175887137
0.21055267987074525
0.21152126566796842
0.21165643523118485
0.21090764732598047
0.20897223540586296
0.20582022433489344
0.20386395249562553
0.20067880684300188
0.19848545244716204
0.19559078687911252
0.19362200302675608
0.19230547332698317
0.18843578753712706
0.18425950183932072
0.18218346634971533
0.17985264162478581
0.17801689098373533
0.17683622818420794
0.1758955329280823
0.1757636816588483
0.17458809053765315
0.17345978365296671
0.17211592453789049
0.1711442047470857
0.16929520547612453
0.16855476943205228
0.16589445717210743
0.16497531962188955
0.16260165256020762
0.16262070457434813
0.1621093273392439
0.16126290076718958
0.1613116493481696
0.16056219833165475
0.15981907238519702
0.15897575824371846
0.1580693912862511
0.15477218291730427
0.15280476100515333
0.1511449294032649
0.14901335435081428
0.14918984586793385
0.14963167456701804
0.15047940768735574
0.1512854824531174
0.15250735739205745
0.15645709299777652
0.15787207513947704
0.16163877773136748
0.16336736260651102
0.16481201875114676
0.16931163250728826
0.17126117150668158
0.1755033666596128
0.1797052519568485
0.18164988068877455
0.18674159562028952
0.18866708747302294
0.19337946685624202
0.19518507035378446
0.1978533489115622
0.20009573982293777
0.20029544843834982
0.20282260925528006
0.20440646622780667
0.2061786657271925
0.2079330720897627
0.20855038803087006
0.20828961474873106
0.20886533843052973
0.20877115667282728
0.20831821654839633
0.20781160612549515
0.20730939844058677
0.20612259099991076
0.20525521765929056
0.20310573743678834
0.20361998097889225
0.20268201248903422
0.2023714296581888
0.2040450574602081
0.20554438432861527
0.2063325146157216
0.20893264605659523
0.2100880214926802
0.2109531231131446
0.2119008000676145
0.2127919038462077
0.21283986592228507
0.21322550781736482
0.2133066920791268
0.2120113595957152
0.2117646407390697
0.21111337998715446
0.2113287350464798
0.21091496335804955
0.211141295686873
0.21056632677090698
0.2109873830634072
0.211072080991107
0.21143611671058032
0.21112357199208542
0.20934734834296326
0.20867500163982386
0.20673647679185186
0.20608472456837804
0.20517168203387753
0.2055087923963704
0.2051616071441095
0.2057080175056027
0.20581755840200494
0.20618335231787183
0.2063025196122994
0.20698011375703368
0.20698828949491382
0.20634313907216834
0.2060301105409787
0.2042682656862052
0.20257616859775177
0.20154770213537998
0.19964886177995814
0.1986028759994195
0.196594259624192
0.19458950255965032
0.19393343116061632
0.19305398876849394
0.19210533087871676
0.1913419829232274
0.19044326445073992
0.18933990977064902
0.188436465256035
0.18768626532395244
0.18717708058646035
0.18638575490715184
0.18607679747241018
0.18501615053581327
0.18387136621885317
0.18305197352596506
0.183940079300921
0.1845199893334905
0.18546791894008158
0.18546824879120943
0.1865244279138672
0.18824580349415698
0.18803581180620002
0.18688696477755384
0.18668829951314053
0.18468178741689187
0.18366957923120117
0.18189760427718674
0.1812192871479353
0.17964518674134805
0.17856117587788742
0.17749657001605712
0.17723726689606176
0.17524667801860744
0.174264343607454
0.17434994537536086
0.17346261423530657
0.17310903900690383
0.1737523359339603
0.17518932171445542
0.17626000506838163
0.1770497472682943
0.1756446299221047
0.1745473315434536
0.17406763816802254
0.17276872806331953
0.1729048804770974
0.1722972258871009
0.17153174171995025
0.17135197370858485
0.1698673357231873
0.169727951791234
0.1682980748840822
0.16884464353426182
0.17028030334693842
0.17102569566271011
0.16993531050921998
0.16940242190407
0.16853443639904211
0.16899116890496865
0.16947525473067368
0.16951339936081783
0.1693015767492268
0.16920351589102395
0.16978834101929202
0.16878352799401963
0.16848960090256387
0.16816306140510734
0.16927870224885913
0.17091496584834165
0.1717072392868047
0.17366863984983194
0.17533591818759722
0.175810321714375
0.17512443885227405
0.17516271302134637
0.17464165656553982
0.1742752100390808
0.1737442840785599
0.17317997829884596
0.1724770374366112
0.17238866081686396
0.17292469982949635
0.17310968778050476
0.17307639020774346
0.1726945926062254
0.1740756694548634
0.17460502252500362
0.1748973337520447
0.17509838185602317
0.17502647239397587
0.1745346497959495
0.1731935985145701
0.17340966659704876
0.17246635988655934
0.17193240345568178
0.17263903014144744
0.17335598701252353
0.17319640975958048
0.17278387716163643
0.17214444229034565
0.1717257806779946
0.17109534752294928
0.16930553847873714
0.16853074401601337
0.16810540829237558
0.16877854141356857
0.17065578329376488
0.1737474016292521
0.17437014034722353
0.17595203089065362
0.1766026322832484
0.17581282222806494
0.1753543885935749
0.17400500216829937
0.17344264686678001
0.17274132717374763
0.17208924581274637
0.17168254179375664
0.17179977825932263
0.17278243865763498
0.17313733611369575
0.17326695719550536
0.1729040080237986
0.1714690125041397
0.1704056433824901
0.17000766170987452
0.1673911319898326
0.16461315450710257
0.16312961511891264
0.1622528150806909
0.16091408348705455
0.16161499999838663
0.1611745488329613
0.16037592494179254
0.16019860414032847
0.15952620774705234
0.15722275733233304
0.15492216319037974
0.15248003501569507
0.15095665570237163
0.15049117206218696
0.14964145371434065
0.14984262105109042
0.14975806737189096
0.15016817033925278
0.1497492094389598
0.14960599429579793
0.14893946266685515
0.1484152522479202
0.1491607042304508
0.1502628854825635
0.15106625864358061
0.1512236635584114
0.15102093136295855
0.15079761315695342
0.15047291829166987
0.149713728348415
0.15070434899271526
0.15056963267201412
0.1510472874891712
0.15184060133828176
0.15111157957556812
0.1512047403965641
0.15003472703873338
0.14841485309513722
0.14834953391606
0.14795212958280507
0.14809438338914377
0.14875217966283588
0.14933177736106248
0.14806420133626386
0.1478152590773087
0.14526392988294384
0.14297719586307317
0.14055148663815173
0.13980878188055032
0.1402376961097728
0.141753633242909
0.14269674042375222
0.14361725956992719
0.14404959595842107
0.14517707685073272
0.1451992889070579
0.14551917806238032
0.14528392460956646
0.14478342437001224
0.14566660256546585
0.14699543945746318
0.1489676756627086
0.15072211352706383
0.15319451394855266
0.15394913659474269
0.1555168138733582
0.15605443991292037
0.15645884647677438
0.15682430670951578
0.15669196542658453
0.15716264884798242
0.15860512709533212
0.15975337779568305
0.16166668856951813
0.16349369145289888
0.164262578623459
0.16449000093735788
0.16436568536484747
0.16351365992564432
0.16238734087660964
0.16270819736960931
0.1620513228599394
0.16124934273200792
0.1608554513467645
0.16112076255614746
0.16107532558101076
0.16104779002973874
0.16022207815421521
0.15896466409643425
0.15869837443867685
0.1586220423536579
0.15781247789880087
0.15629241227778107
0.15533156356657327
0.1539501282610323
0.1541947864654098
0.15360155666086478
0.1538380462273563
0.15433312721199186
0.15443238280470487
0.15530017302603233
0.1549751073172833
0.15418466788950555
0.15393127593365785
0.1526397675187304
0.15197293815483967
0.15082791106763185
0.1506605430781025
0.15042159028444746
0.1498571208625195
0.1498358957875017
0.1500180212423965
0.15024097521603025
0.15095125584810087
0.15077312032060752
0.1502417520492457
0.1485820751676724
0.1475133994380747
0.147215035059489
0.1471935999105883
0.1464493475773242
0.14589542697531693
0.1458164191217117
0.1455367836608846
0.1439336694542009
0.14502536909165492
0.14417413333907597
0.14443884995333892
0.14325800244521708
0.14250462428664154
0.1407454887177763
0.13982851444784136
0.14038877632659094
0.14136074527659537
0.1417280012674252
0.14121138460069327
0.14062686390191675
0.13992912409932706
0.13811960656027616
0.13794572378958653
0.13800784722938986
0.13751459894735787
0.13731015456468446
0.13755188803080062
0.1367844293141615
0.13581554955792424
0.1354298072692875
0.13443277129216252
0.1334428071291893
0.1330163917605909
0.13257929995849604
0.13228349369111608
0.13209217717217228
0.13168733337638
0.13189294473224308
0.13211414304195457
0.13213703288673534
0.13149467198463605
0.1304333323143851
0.13004250837974426
0.1305336447579484
0.13058801630704964
0.1314645148447481
0.13094976962957613
0.1307308439278259
0.13026340136009718
0.13019296576615774
0.1315871239587867
0.13423925411540377
0.13912148408549618
0.13998484035848655
0.1433034928154493
0.1458709383867693
0.14747574472182387
0.14810745969497424
0.1477180098828525
0.14861652918514473
0.1492838065660104
0.15005692010103486
0.15231422791022137
0.15336923171778516
0.1545310173686318
0.1562100088158389
0.15652117883889555
0.15823043851062119
0.15852429113373576
0.15916551820079447
0.15921422508531333
0.15832848354968013
0.15804063462906354
0.15789262262399711
0.15814495295608114
0.15998742363907742
0.1620827035581046
0.16279027808664837
0.1628496184556497
0.16301004841720532
0.1626251288071522
0.1624023191498522
0.16222178709730647
0.16328305122244482
0.16372901859219735
0.16331013952147364
0.16311778517684453
0.16269404301284135
0.16280846881043504
0.16351268756720877
0.16353795474138216
0.16385124026722536
0.16459363334208954
0.16504291480250108
0.16408295134609
0.16297787389601648
0.16161339078794096
0.16101828050528344
0.1603674326385559
0.1619436746287426
0.16364658281500583
0.1647994797024691
0.1659825871961383
0.16760826817038232
0.16908747344874628
0.16862108772169776
0.1691075433444415
0.16871365664394483
0.16730688607722638
0.16544921292101772
0.1644335452928077
0.16326552877835962
0.16347541034425747
0.16300698936960203
0.16377488733475803
0.16449360479827013
0.16551147892323656
0.16671824295719603
0.16697729293203
0.1683876761770199
0.16974926698924606
0.17097902007493188
0.17200467140497155
0.17315155035263366
0.17449659833588624
0.17469493039009046
0.17495948190681782
0.17354699527496428
0.17458217438886536
0.17471600656970865
0.1765537383202165
0.17796888422011597
0.17871555083804597
0.18128210042436094
0.18346405330641075
0.18413392837213924
0.18315432916353566
0.1827369573592192
0.18069041061460117
0.17915504901497914
0.1789213276330254
0.17856590993098118
0.17830882249122398
0.17794531917416717
0.1784925160024573
0.178797862742546
0.17851604843356744
0.17808525208628384
0.17800443290740994
0.17911928030543384
0.18024950374837828
0.18104051333484733
0.18152309972135577
0.18087491347136989
0.18074185634783957
0.18025726776126838
0.17997459837798654
0.18015689525265227
0.18042253390151627
0.17994235939373654
0.17936915503687056
0.17875914690568587
0.17836284111887407
0.17781908475548824
0.17781759547492415
0.1775986466931578
0.17777619418690022
0.17743499560006787
0.17734340192667525
0.17787523693025917
0.1789411947647144
0.18017842314020074
0.18047973504034506
0.18190816656313372
0.18215393735109844
0.18273366787249729
0.1840539731092433
0.1848331260517091
0.18690750720363974
0.18784978934968338
0.18813897710985258
0.18739871903801034
0.1869597876498944
0.18551147927556105
0.1848732977342979
0.18470005082012345
0.1834927659302229
0.1835794377950401
0.18386626787773855
0.18423591737967793
0.18400229252054207
0.1843109023298882
0.18592970839263961
0.18623790352146752
0.18753116059565242
0.18865810639393266
0.18854803066536743
0.18916607006113173
0.190220101971938
0.19060844417781492
0.19017480149277663
0.19028504219128145
0.1912613268461214
0.19023994282724815
0.19037729618282534
0.18998821926640364
0.1889074574526004
0.189242496994095
0.1894147638463119
0.1890324972969641
0.18873730763816762
0.18823610047978184
0.18808698457217465
0.1875755948642599
0.18783143353848356
0.18913441758489707
0.19032530770566441
0.19246632023417598
0.1931862649950093
0.1925340327248225
0.19242475106920848
0.192457709759064
0.19279027186196665
0.1939593587789877
0.1947655925938575
0.19588053359003701
0.1970473654856629
0.19631310030046997
0.19619685128591077
0.1961006641239716
0.19600268900266626
0.19542435566378002
0.1964768566287614
0.1982219211476192
0.19849219341989693
0.19878773684457146
0.19887841110390325
0.19873900922435722
0.19844710066884994
0.19796235132844903
0.1982394519002445
0.19876727454954587
0.19916132846025736
0.19871712604714195
0.19862649414613506
0.19763676899722413
0.1968630167082137
0.19776698440912238
0.19820491993435657
0.1993468400511354
0.199432413038717
0.19908395140937804
0.19707517215289214
0.1946047933458241
0.19352223201194477
0.19280272939993418
0.1928203482431327
0.19356491750205188
0.19387754130965132
0.19418035139571863
0.1945021350120433
0.1940468447811191
0.19385178973668243
0.19386571625204135
0.19399526283349464
0.19422781407046813
0.19326911950439654
0.1923906434460065
0.19134495129877238
0.19062880312624148
0.18987167532062924
0.18767539096091904
0.18705689405595377
0.18714331357795982
0.18760266272934878
0.1891573155077202
0.18887281895167593
0.18983442180315263
0.189494057951461
0.1903004756968231
0.19123815412876835
0.19165741160399366
0.19297374323155556
0.1944054583624529
0.194963386724249
0.19740830144149038
0.19902332422213692
0.2007412412790698
0.20230024751695425
0.2032955394071582
0.2049954995957048
0.20748608237952054
0.20989861062816476
0.21076875080671967
0.21301756655486298
0.21458543377120462
0.21681065668249352
0.21747518116999953
0.2190853262821142
0.22238499512512214
0.22348763259068738
0.23024692482119233
0.23210704589659495
0.23551241805160633
0.23893446055790038
0.23959120646269955
0.24216577093270591
0.24356754397937613
0.24432192315319784
0.2468349905932743
0.2500760306157412
0.25495297449935805
0.256105543199015
0.258862099803148
0.26134554693703643
0.26313919141922426
0.2650495832038779
0.26611241438553557
0.26818747740761417
0.2710284413263217
0.2732127578991749
0.2761090442064315
0.28006802741311676
0.28196986024926474
0.28420577678592507
0.28581951201077177
0.28786287511565967
0.2887440402896875
0.2906132332762718
0.29289090824554104
0.2951621728571543
0.2971683966771278
0.29707411867347094
0.298675289111615
0.29882000241845175
0.30012712871957
0.30076401059014735
0.3012701321316789
0.3023469908749551
0.30245434495904927
0.30338624913428636
0.30196320137274224
0.3016480784464869
0.3016395072921359
0.30260566285513385
0.302647700286874
