-1.2186950155030305
-0.8576442220723154
0.2699049475766918
-1.0499762173252734
-2.816209797757593
-1.799985666558852
-1.4950265376161516
-1.3136783797443574
-1.6392081795624507
-1.5224961761395743
-1.514125117258225
-1.540507632183746
-1.6441479744088912
-1.2087679146571326
-3.014484207674136
2.3071409499506457
-1.897678484159907
-1.7774353172863564
-1.5925190559236135
-0.7270161369245679
0.3870036463378585
0.06484205780682438
0.5009556533259554
0.761921961228588
0.9965842720158633
0.9270467112357196
0.8435633059982914
1.5990033115001026
2.5980363345899895
1.6198544494766234
2.3766179496213535
1.2113504702560085
1.706762201942565
1.4089182439810672
1.4979826434745764
1.5610974175038805
1.3550170516035236
1.4156114996823883
1.5331210793821088
1.8594189384306676
1.6665537205637495
1.7345585590133403
2.5290642220114
0.6663956124622898
2.3729420773627146
-0.28076719636506003
-1.0002172948291073
0.6821809874151938
-1.3967575775349181
-1.9081919793462028
3.0261241091749578
-2.1911551757033956
-2.451332630100637
3.016017111225193
-0.720759330929377
-2.09884162204853
-2.83815867798585
-2.624800248366895
-2.875309459821479
2.5382727825174243
1.8279285429777052
1.8121766004001403
2.0949408170387542
2.775307315613916
-0.0028521533623961292
-2.2792277337223994
-0.15653069120593138
-2.147829187555415
2.8904213737179014
-1.0809522090015258
2.443089217085873
2.0882998645832775
1.8928292668073237
2.0839309201683065
2.0946239007892418
2.2065968788305894
1.6161276933402886
1.8828827842532672
1.6643903482317526
1.273626071781855
1.2759189096471917
0.9020061469849823
-1.9135354581258937
-2.76069185145734
-2.133518217435577
-2.55052752070208
-3.09973372911592
-2.697141107690679
2.8142459352216522
2.8477148682953204
2.3280340321253776
2.3684582151929265
2.352802640389409
1.7254111847245936
1.4430093034385938
1.4626926637278366
1.648464694975012
0.6226394182519482
1.931230105447689
2.1766366495051064
2.0683723377121224
2.4299311554194696
1.768824531018262
-3.0517213311647677
-3.030894888687836
-1.7008306906346005
-2.7885046441230155
2.5289894372151167
1.9518792841180799
1.9754123471226857
1.562373373109721
2.003913724364289
2.059879405830484
1.4809320177664305
2.037595391880715
2.2279279429750756
1.9851376847080033
1.3836695516765976
0.6070566720216668
-0.11584319244073012
-1.007353122328156
-0.18243885847011582
-0.22024970553687417
-0.6388256930252231
-0.7366161721208995
-1.8085817772453574
-0.9104603051752286
-0.9848271021774835
-0.9376152360075284
-1.0440619050233462
3.0042300819573375
-2.590823478655218
-3.028605552683718
-1.246883130812129
-2.2442260046398284
-2.197451224302067
0.4224133575525575
1.5801120787627059
-2.987135560295885
2.794596612174293
-2.1292959293412514
-2.0307212949934024
-2.140416159170359
-2.5194352120573775
-2.3589032510790626
1.276500559817661
0.6818138268522081
1.45279708050068
0.7768065150957458
0.689544153048507
-0.11184142620351716
0.033224291435229605
-0.6470741012796946
-0.3819838084986317
-1.686150357444848
-1.3167051918155084
-1.5006318278404218
-1.0738721825416964
-0.4959203020333806
-0.7614409446238221
-1.0122473496793503
-0.7479194287049247
-1.0507864516666117
0.8995397155712148
0.5162000374812348
0.37530400651901613
-0.23597305370883095
-0.08011217436962856
-0.341699996774483
-0.2586930882079465
0.0984047433999263
0.3448590548228808
-0.2336175243182127
0.6296227939457846
0.6893026651313228
-0.5700689184591904
1.487654545325744
0.021871892276771138
0.9697745571291118
0.1724872836923518
0.32708468320455986
0.4298420000868694
2.471452246253342
2.5254691762200054
2.7177253541496396
-2.898408943403494
2.8109955807191174
2.962129526060998
2.8905839842358114
2.687303261945511
2.920631462429569
2.778697954085095
3.007173040424034
2.9623317922702967
2.8895727559064945
2.976955466913915
2.9338191590744205
2.8687903294000754
2.839815918973396
2.5911951000250957
2.8222720929272707
2.7786349041732845
2.652024428263038
2.849071081670828
2.94350549450095
3.0977566619897647
-2.7260114666358066
-2.8557803827631028
-3.005286040874816
-2.9413088185791616
2.9161045781736044
2.8229078428022105
2.8886036409497198
3.0856018007100996
2.815645902538221
2.807205631297193
2.812275959586312
-2.774425162850544
-2.9239199979984805
-3.077038579389587
3.0864651948084916
2.9819961417112357
-3.057655759443752
2.3455656612887275
2.3612221989195454
2.098634693325623
2.1229538549883933
2.3488752136502784
2.451889230199921
2.3371836058271365
-2.7971779917209734
-2.6240098466435606
-3.063436808141455
-2.9056669366039096
3.117037670794195
-2.871593682864831
-2.610804977071409
-2.157237262080819
-2.3143686503503282
3.024120789545677
-2.404939725486777
3.039564837156036
3.1273430896068533
3.0709213518629035
-3.1192067875534573
-2.876880370479105
-2.945383228251292
-2.4759981662968316
-2.8604699737427013
-2.1638885407685344
-2.7038416724347996
-2.7408952629429186
-2.6639116793976667
-3.001982683389334
-2.975763218476564
-2.2554894216671317
-2.930742469023525
-2.862069982429207
3.052726741568896
-3.1407533364600435
2.9425556767990098
2.27902976834607
-3.0574101099471593
2.46210577305556
-3.0578681648797037
3.075967065778889
2.7132368539311553
-2.406962295626856
-2.2244709392598088
-2.571623294976618
-1.4692838918661086
-2.469731782481171
-2.6920849082105835
2.7378920022478335
2.8108463914653905
1.8004387361033234
2.648256929013494
-2.2049137197590025
0.4780871588781573
-0.23624034128667418
-0.8135948214143847
-0.4278509541194569
-0.490516030002725
-0.752163710055332
-0.5752242839602186
-0.9709944045594217
-0.6512998600385236
-1.2380054077459404
-0.9091905147617511
-0.4662954944121663
-0.4629958719781177
-0.6240779439898588
-0.01955897365690651
-0.2776981325415483
-1.2927820332951852
0.12424730792687007
-0.29793528008229153
-0.18792396991942548
-0.15323390884282806
-0.09975216149059517
-0.19639537182993289
-0.19085286668616638
-0.12924082890488187
0.07342379218827019
-0.03584350382760627
0.49186123684166383
0.19084602633753206
0.5830324727562265
-0.13311615335097518
0.018721866471337504
-0.32754565258837137
-0.8469725723192644
-0.7242149958247485
-0.7092247973239476
-0.9031828556954626
-0.29864167651414847
-0.18718138351468055
-0.07081073221622343
-0.4830249360333151
-0.38536675582904256
-0.7943362433613245
-0.5520169226436835
-0.36726489620704483
-0.43316101862885364
0.31558318792625817
0.38149702577542477
-0.08115737256130465
0.12924873595797148
0.35830487518673654
0.03170567459996378
0.3950326415061804
0.19155168804571812
0.34195109354765274
-0.7416048879836006
0.5132296884228519
1.0439398276857443
1.2404728594057843
-2.6313842259017552
0.9238578731759787
0.06285728444680955
-1.3794749817574705
-0.3151387088381795
-2.4341260430597225
-2.1049976772601457
-1.8229880552012492
-1.673112203211756
-1.2720235709948549
-1.3874593731929763
-0.9517566959077045
-0.989775540738304
-0.9409666289081468
-0.9841227558503204
-1.3237136128694986
-0.6488832592230535
-0.2704293264634363
-1.0993441746788344
-1.6665211248277318
-1.5322564416424242
-1.9396914054926686
-3.082703417445447
-0.13057538238758165
2.692750633813644
1.1619910925793093
1.7527946438403927
1.4614086556083268
1.0776402209959144
1.4417434966571934
1.0731208325127692
2.2500305497915964
0.8675997464734149
2.0948122703656016
1.417790125905436
1.2412239044403341
1.889250715901559
1.657605642648451
1.420100609903255
1.9822806175243592
1.8622905796676692
1.7023783173646783
1.746083683754963
1.1748389403253883
1.8999669633244074
1.0109946721182517
1.3090128015818443
1.2031918779602508
1.2806217518559295
1.2943048538600355
1.4906488746550577
1.151918906470283
1.048879329564086
1.0311960269854568
1.2416044078142612
0.8657783837249489
0.4887638290480276
1.2029028549288967
1.043688678481814
1.139928678412206
1.1509205027597091
0.38812691374243224
0.37359105869029063
0.6719002797509427
0.13817175279828733
0.5009919596052076
0.6441926839859345
0.5800858429080137
1.1176103714519645
1.4906243574909535
1.8481016195715807
1.6309254897576784
1.6428848496393245
0.9251665019401304
0.8541881849240526
0.08793537141281686
-0.13756713939939236
-0.3705036218296693
-1.4079754419580113
-0.942417464931687
-1.8482587753206658
-1.6118513146365674
-1.8499392052973944
-1.6685138111805244
2.7845896723864527
-0.7001372612381239
2.876285211612072
2.851789616651956
2.865662305110974
2.712513527248875
-2.548194357856157
-2.2697447847390047
-2.0868898820371466
-2.1857096601216917
-1.9848653458556147
-2.1630543978892107
-2.427841458174392
-2.2907762603144217
-2.2274421639967135
-2.232524005206412
1.7343812301570902
-2.664498195063363
2.3338618686492856
2.959823995477103
2.916058305345677
3.0551471045539933
-3.0167131580427746
3.1257812583353997
-3.137102753487638
2.901157038548358
2.2731194260918213
-2.694396298949485
0.46940598123901994
-0.6179923332131155
-0.6550305706917736
-0.7537468301081527
-0.9236265110896069
-0.6977951207300651
-1.1867557359982848
-1.316382139498337
-1.4947394335873994
-1.6649955414857482
-1.633323257648523
-1.52143899740251
-1.6107926550941156
-0.02306055800730948
-0.8993934016263662
-0.6276003071535353
-0.15286749549288214
-0.8890841934767321
-0.9710630136705375
-0.8962634664910515
-0.5649109432499768
-0.8064217859555614
-0.7845036264030841
-0.9573057375591062
-0.46288583207059775
-0.9204640884762282
-1.0534698545683696
-0.45745053224024324
-1.0329828590361891
-0.875897039678311
-0.7376139040281418
-0.3971424584712039
-0.35828842232259933
-0.3033445847398126
0.010177986917941428
-0.19834853513914277
-0.16477768082099176
-0.3365403272520324
-0.07690066439472502
-0.334522751931013
0.165215609277179
-0.008240154153548016
0.4095969595222875
0.6859682643843408
0.7758144031525784
1.0785430062141024
0.9586655656471961
-0.02833565743739843
1.0952309106617653
0.8764456404624343
0.8644688140581749
0.4241183772808297
0.873200689318622
2.480870596623966
1.9080305057465476
2.8850738824493374
2.6687084455453918
2.9464078508547757
2.922331307908284
2.6343898743867453
2.4574320386660284
2.073055875045384
2.8034600818979527
1.1640485738960091
-3.0076399723855185
3.003837164005486
-2.3531268902512186
-2.698346389291759
-2.757888904324839
-2.881029021542204
-2.496620093652753
-2.9150399562515266
-2.996231328977387
-2.976790497207918
2.791782733057668
3.0483206985007723
2.59155461948822
2.2328294176634587
2.7212216268935636
3.1196291004849948
2.593792992222922
2.998992687910193
3.128135498005451
2.954647101190975
2.9072232417898967
2.5842630576852827
-3.0200225397680773
2.383966509199182
3.103269071774514
2.9809633857571765
-2.989308904190799
-2.981622674865723
-2.777845956532555
2.988041307375994
2.639648100728426
2.671725139594837
-3.0092140176515247
-3.1343451466135885
-1.948662529380901
-2.068066144412351
-1.9875091541522731
-2.012329897780554
-2.2104417493089525
-1.6733917598970445
-1.5691818176011691
2.025929971458402
-3.0962351013736993
1.3258555359721367
1.8665590882536656
1.7613389367643122
-3.106849079767163
-2.015576821998589
2.002656951487213
-1.5010737596401726
-1.5471166076415486
-1.1845917605206076
-0.0879597309711098
2.4892229050567383
1.361258880593172
2.7087139227405306
0.9495325509775161
0.23559378176292495
0.43642406791083627
-1.2447381259268722
-0.588676198702761
-0.12432591820584862
-1.044411990636488
0.9374625389717732
0.8100863772005289
0.7419803530145433
1.0675565386954162
-0.41249421533292047
-1.738973236567381
-2.275821452219323
-1.0331881773682463
0.18946218488760863
-1.863636817414594
1.0591199584964333
0.9437952462993673
-1.4246796692058308
-0.7822045615335947
-1.3833787246012612
-0.46946574800655966
-1.6720133121497713
-2.173347451400715
2.7609870661483757
2.47126143253575
2.8744279540883646
1.9455171575638879
2.5462821897430725
1.4009408401829093
-0.943131301603817
-0.9673568959466267
-0.341963697933574
-0.9195386146095526
-2.4067981443611752
-2.237314604839446
-2.4899383430087223
-2.254080508003946
-2.4312635085261385
-1.9734999317134088
-0.7253085955056038
-0.6801587304180139
0.6223057467971859
-0.716700393533253
-0.8893366931094278
-1.4618101692162555
-1.6596505252909826
-1.7313744137473568
-1.6080923542181202
-1.6692747957409442
-1.3265178403178635
-1.624012384596952
-0.45037494033970105
-0.8635176206461538
-0.8501770086903401
-0.7237555982450976
-1.3148246481422952
-1.2656830928967198
-1.0045791347934305
-1.2164357376292012
-1.0070575834228597
-0.8723291143190317
-0.3847539362041236
-0.4763497173162922
-0.2107379795465364
-0.11631072163236679
-0.9532805189999308
-0.5232359630230727
-0.44708393054426343
-0.19583239828852725
0.3289793829691344
0.38029597673387106
0.5647361487732491
0.12390823071123241
-0.5300618116578976
-0.24448148708983122
-0.6838015132153198
-0.6777433641915922
-1.5468378479557012
-0.11997077227917922
0.8544351874692556
1.1776705743127553
0.9456043981044927
0.8321631404417442
0.9857540764181313
0.7785368395332533
0.9382717174165717
1.089836903662005
0.7742622190927337
1.556579330417051
1.6048795005648717
2.635326601691766
2.17904740231857
2.224671608367515
1.809633465331045
1.7653930221135121
1.3040068428742668
1.8746121326213658
2.074658262580987
1.7913541891262703
2.039190330080625
1.8880649038394501
2.1042642711475468
-1.374648790403334
-1.9492855847008448
-0.13222519416897716
1.336394195755873
0.6130831977471232
0.04938005096315974
2.174794205612304
2.123202250350451
1.3327583231287703
1.856276705525266
1.6531116497819123
2.4928622997725065
1.8712982353443754
2.4640937369447875
1.8413202653848717
2.119584759414506
1.6008863599165122
2.2353655269299857
2.9701940233340096
2.436902237340289
-3.128825736334285
3.033698353076394
3.127112118449022
2.0520644828213794
2.583607457955919
2.8616412260182007
2.342345942925451
2.8630585678796043
1.9362717305395274
1.345886391137624
2.080511772476268
1.6685839995577194
1.8650556085213879
1.7430379261507578
2.86576221009884
1.2343571386684014
-2.265712844587339
-1.9597758589260128
-2.291961585728299
-1.6379991917928889
3.120416271349984
-1.9762329951801534
-0.6875981552439201
0.5389090883585029
-1.7252628939080898
-0.5178421821704677
-0.7649428721343609
-1.4761080168161573
-1.2541702726275172
-1.5739809044363198
-2.155087899860505
-1.928743489475439
2.86836672126364
2.6757611265850945
2.2059233180277937
1.4455456165761766
0.6986723686876506
0.08441765751179386
-0.019265504679326598
-1.501576550356612
-0.8008920326305282
-1.1685076703883983
-0.6200976538528848
-1.9367964022178408
-0.987941380575273
-2.018420627690806
-0.5595568824322932
-1.3460346991173704
-0.29539647025550186
-0.4095466354794924
-0.5355161652771956
-0.07861348886057133
0.19190922825697876
0.01317300576159256
-2.4403303508250502
-1.3794243610389572
-2.5614322006500823
-1.7847002457443
-1.5542156216503713
-1.4998598238267977
-1.6319361288857588
-0.9326326866887789
0.6250425281987815
1.1790294668831076
0.1976138864187534
-0.7574906025177349
-0.3106645883599932
-0.5132342563171199
-0.66076485674315
-0.7609559751393971
-0.8289190143963021
-0.26467920369530545
-0.876957262664178
-1.8856924137157345
-1.6642037340019187
-1.4375195663336124
-0.5513026281591036
0.20986363575444672
0.46478034506472166
0.09960858660577573
0.5881424998973278
0.4835065391700188
0.31535840695124584
0.9480122519139511
0.4308274147061665
1.851767319515859
2.081317035145692
1.6655037162932746
1.466325871420226
2.5856829324191755
1.8898133792476048
2.518948194425596
2.520831949474966
1.9977272052512594
1.6907759682509418
2.895629804495683
2.46804128735927
2.596086442759106
2.0133898141974056
2.386028905220575
3.128166486216457
-0.9000986176515814
-0.38583020087706466
2.062627362275115
-2.5388246755291464
1.6833918952257416
2.305549966667702
2.063440556551044
-2.5603805329640275
-2.6138159566682635
-2.697650250231193
-2.615350817765176
-2.3023376231540538
1.9949735371780235
1.2754411158317294
1.5937170542539882
2.006778276333511
2.264878352091541
-2.415190475791115
-2.645833682044526
-2.7098031025780034
3.029438390247049
-2.492377671467055
-1.943649864071782
2.1892085463230706
-0.533697272277345
0.39896491402285816
1.2532688511589918
-0.838168902409769
-2.138090878739812
-2.265727992545161
-1.8457635384438809
-2.0470417495096904
-2.1419417605670037
-1.5070109984287048
-0.3644391758248854
1.221478380609555
0.8848055689013268
2.1300331009974807
-0.5248523202316144
2.4236862563070574
-2.093878547333304
-1.9545561620411491
-2.161140024205736
-2.2652545609864303
0.5794199146524848
1.738072187162224
-1.6201895184683845
-0.1295139818985433
0.3723510835646398
2.2668892237550424
-1.076229804143874
-0.4452921022205076
-2.4311890458044276
-3.012688641026195
2.2383395801189274
-1.1584719640057144
-3.129945069401147
-1.2149503466445
-2.150223694582011
2.298321703623227
1.4377060573483413
1.7933377272202098
2.0669340636637057
2.568206161777076
2.3139735088523925
1.4938669352027945
-0.9062873980939156
-0.34200764818829366
0.2518017581382315
-2.0673169317959714
2.5584471806381965
2.0711690465308217
2.0901262648649666
1.9194121576000767
1.9406171386282811
1.8912326263437145
1.002188115175145
1.6071708957538722
1.3523381254076083
1.9755948653982873
0.45576936707481797
-1.696505656903618
3.1241697496760046
2.4740229999269654
1.9909764076283663
1.455094232124122
2.7852006836690326
0.5422366681129156
1.035297748819878
-0.05147170026031042
-0.7391783378093341
-0.37284308654787435
-1.1805807936190753
-1.4208955286982492
-0.5704167387357225
-0.4437799017722822
0.3549725122539534
-0.46859683054686113
-0.438332384348906
-2.5947418120545107
-1.8851246956354883
-2.2472186018103066
-2.04523783180084
-2.6328960906373418
-2.313919892990334
-2.8576696964946056
-2.2341299891519313
-2.8823317885582993
-1.961265976826661
-2.0460613165954116
-2.799627972381759
-2.917644378670267
2.9861883227012265
2.878579879683872
3.138859944618659
2.7617198201050006
-2.6131475038806573
2.185908207824348
2.334786425297117
1.8730478583640249
2.266663533063281
2.403640669004737
2.729685226782599
2.690719239709782
2.6463421816521318
2.421260246876298
2.1036378780177483
1.849660235901295
-2.0000151994910724
2.102917301426649
3.069928870558208
-3.0773914384673438
1.9682279281177313
1.750034354681628
2.3537210885780713
1.7565949340146219
2.132556862252317
2.158710447611383
2.5925975512631605
2.6246022558078237
2.0624192528065834
1.6707112858695683
0.8604640127410196
1.1952090596721596
1.3610362633976247
1.5422695725272069
1.1885922421193376
1.4277335922496668
1.7607233496857209
-0.09624184865157509
-0.5365359644102329
0.030858565412227357
1.3742466252328056
0.576952911983096
0.645073511990041
1.0842187222290998
0.7795451370642047
-0.21221692630803435
1.7911475519610005
-1.0338596293042206
0.8827990636406058
-0.05217239000455349
0.8079734886295575
-0.2959069343100379
-0.11579113288164744
-0.16377588494706988
0.19756824074287943
-0.609219754937182
0.5986762510193283
-1.0738690081382898
0.18051347740709137
-0.8485532394319255
-1.7006404406799416
-1.4773551491456367
2.999614494708903
0.7419418707245394
1.7909053126485441
-0.3275928853681814
1.3399866561442224
3.0737409212463582
-2.0706524857675155
-2.485927559511752
-2.7470105590072675
0.2577223347558827
-0.5272625839335952
-1.322755041824459
-0.020979176953184315
-0.1405692406789071
-2.6551034086010206
2.7818868106493007
2.4329008332608124
1.9446771143529922
-0.6415565187054951
1.9069701372396965
1.5642612345557179
1.995622849306884
-2.3751592781070974
2.218223072997681
2.5403701593839987
2.6222248154382495
2.206381581335834
2.089662947316699
-0.9809650154552747
2.9082514492946725
2.9657518840056722
0.9561947287045104
1.198090548184272
1.4330757841243695
1.0575053700551291
1.6326263751521377
1.4641179305314116
1.6782177833294056
1.2240231329434637
1.2174026296744171
1.5722805204476582
1.4766418817712967
1.1650036749567168
1.2918555300569805
1.225745424243189
1.291820582229466
1.0271765131187856
1.1984966762219877
0.909621457453696
1.0825022655381382
0.9284070928573802
1.0885180880205805
0.9006748145013757
0.8043000938515346
0.806847896100151
0.5847052023373158
0.4990197896804762
0.654314273987179
0.11278879828647524
0.4333855306146439
-0.23008883161041468
-0.39249243074521095
-0.2927434559339026
-0.4530602741785053
-0.33355780470388224
-0.7159639437935614
-0.458221140292442
-0.697034556150309
-0.49225279219152474
-0.6634505239776596
-0.6757058197311296
-0.54858129234835
-0.706508873945963
-0.7270516794775875
-0.7156660366412493
-0.9769338363662877
-0.8910217157355987
-0.9100682501931391
-0.9125313830019246
-0.6616170133830783
-0.7676813784418484
-0.637628089786614
-0.7996600808387714
-0.9714514007249925
-1.011580242369096
-1.1542852614646864
-1.3149793850066973
-1.073662458791257
-1.2726587932568882
-1.0755509864720514
-1.117603459660997
-1.176335347643532
-1.2470006002207494
-1.4593578386456716
-1.4515711788505932
-1.6962637593152792
-1.6075310628468638
-1.6602306592440579
-1.7006959928470995
-1.7429359120002104
-1.6402697732225897
-1.614415918139901
-1.6013577945561266
-1.7157907049018448
-1.9460306609624352
-2.0304776918798373
-2.0807402559082195
-1.9820171379657954
-2.1189971676429296
-2.0744283365929213
