0.0059227028698829245
0.006803765573096726
0.0062794866381108315
0.006310027936432647
0.006278658427857879
0.006271950544937415
0.006135612148519418
0.0057641477813435435
0.005163301307453348
0.004746344123451438
0.004595068843851367
0.004420562865559168
0.004276838564485108
0.0040768710328967965
0.003996616966156692
0.004189573783983769
0.004763858481958378
0.004943116408305496
0.004966936169751297
0.004954212088321266
0.004740200751645338
0.004563799310141673
0.0044509564382621035
0.004364168889199721
0.004378041473953279
0.004260381137515284
0.004102320960225894
0.003997837131181384
0.003879522356049643
0.003934880565323889
0.004031110722482273
0.004105711699425313
0.004482066430127174
0.004831864802208289
0.005133269386879965
0.005106793250694797
0.005050020157259768
0.00510822567129523
0.005132572892372555
0.005355234494339624
0.005583350980017569
0.005904105424200036
0.0063082917612293605
0.0066720081107159756
0.0068554582409387525
0.006974868256574336
0.007107781803798609
0.007227870341537074
0.007461492714489282
0.007766814985703506
0.007886340566663246
0.00789497940242739
0.00802760503711319
0.008316247913177914
0.008738649553837035
0.00891822269221614
0.009127047120711558
0.009149957388976305
0.009108232227827357
0.009173387898306087
0.009182375045129924
0.009172847829611698
0.00898061121567982
0.009065318340371362
0.009125707541341949
0.009371770195606552
0.009443793357065399
0.009671309434697826
0.010006010972183026
0.01036632836028568
0.010546341063900662
0.01094273329521066
0.011205586795168905
0.011751242387711452
0.012064643580357592
0.012388074936062728
0.012647799945859167
0.012787109868874246
0.01290456867807776
0.012907567410040338
0.012953051535364694
0.012778808069334574
0.012681369054789868
0.012556824607075925
0.012575301978196469
0.01243958752398336
0.012408177801175398
0.012250659203894667
0.011804908156623406
0.011484358584737757
0.011139026393864363
0.010654963352952362
0.0104548418629237
0.009899438484543993
0.00950136103892726
0.009121585442266543
0.008792501820794881
0.008406303167938726
0.008320415688256014
0.007866912279517456
0.007678810366632252
0.007445409931037048
0.0072783205784995395
0.00697377721897653
0.006893160921862995
0.006723833845775304
0.006711325316410615
0.006578838166961101
0.006615575492227138
0.0066903321953344225
0.006697824467036701
0.00661052091957192
0.006630739119882684
0.006430337478507679
0.006407102128892482
0.006357447210548105
0.006300633363786919
0.006238843274119961
0.006206383352339873
0.006268597376890013
0.006364660413390633
0.006479756934064831
0.006677910613630248
0.006723777697984485
0.006810915034252567
0.006938408061767919
0.006952979406578142
0.006893798058795325
0.006839864411322729
0.006598490039457614
0.006294009144292412
0.006127955550261374
0.006000667974202214
0.0058046305762030435
0.005793786692541991
0.0058274409944427405
0.005880102176686913
0.005992247405425895
0.006071773316564743
0.00630294801409689
0.006396274985317568
0.0063179495104929125
0.006224095765261094
0.006310032216270622
0.006418997101366267
0.006495029911750394
0.006674467209939407
0.006752527304176597
0.006774018038506269
0.0068254136563517765
0.006722083097998174
0.006783311536170451
0.006902809380987511
0.0067946768036089055
0.006859306039043759
0.006900480912817526
0.007000713055535799
0.006953973588685639
0.006925801464690996
0.006968755857974673
0.007004526037861917
0.007111241419583356
0.007125049245162431
0.007172181658143578
0.007224191155824393
0.007235918421330668
0.007255013720672518
0.007293864559694337
0.007053832428928232
0.006913188181023988
0.006518002275524537
0.006146087537944536
0.005792496790270628
0.0055892864169066695
0.005422296423860769
0.005438565791634511
0.005515107130158635
0.005742857091043769
0.005902090957508103
0.006201719613945157
0.006165969322267756
0.006063436982914994
0.0060307414101639645
0.005580689800811189
0.005075844065006581
0.004731487739960853
0.004681566941652947
0.0046142462485257735
0.004664757327689303
0.004876137301545544
0.004934581401859627
0.004808056608881557
0.004775881250677721
0.004566789682360299
0.004305629793804037
0.004333885641029665
0.0042172039093011735
0.004322785964631065
0.004429921923155352
0.00473429621190176
0.004922730731641878
0.00508468953551001
0.005432270539042579
0.005465510788881299
0.0054641877454414
0.00560653645499124
0.005450401665182401
0.00538778431720313
0.005243247310886713
0.005109716126629594
0.004812426541404558
0.004738731776874773
0.004451426639612915
0.004407407315035122
0.004235378186700261
0.004121798803613261
0.003982510514892948
0.0037693860367070545
0.0036073975417051846
0.0033781398529851786
0.003226982497009173
0.003178413364678046
0.0031477675114938036
0.003197833814545906
0.0031345195300989974
0.003035010868833439
0.0030360598487360656
0.0029280016598709577
0.0029123335255932777
0.002982133352818877
0.0028937552511912245
0.002885717654850898
0.0029907041449733643
0.0031869081891139307
0.003344458223517708
0.0034787372236369366
0.0038213535874060864
0.003935437914022394
0.0043618940179000485
0.00460347799887219
0.0048895293889790765
0.004958429601457254
0.005159949817931503
0.005247040225097149
0.005343150172117749
0.0051773281710081245
0.0051278927876077475
0.005157429576102037
0.0051218618825691585
0.0053089941544380076
0.005280623163797944
0.005232849920229134
0.0049984928054442775
0.004777447958125735
0.004659835676248194
0.0044922739837439125
0.004346635282605322
0.004145616913641529
0.004183891197104261
0.004202815647396486
0.004352294935841835
0.004657180037034997
0.004842312521287745
0.005055282617003293
0.00508718666861291
0.004944961110540277
0.00480981019120696
0.004707613799323317
0.004424592653751349
0.004276600947899664
0.00409832621004856
0.004071198506159395
0.00407196397210699
0.004064989563100005
0.0041218574322461005
0.004467164859458537
0.004923750051803277
0.005024027637592787
0.005322112512020144
0.0055479650371331995
0.005941259488527544
0.006087369496865188
0.006322548366105617
0.006486786986409648
0.006528843110545574
0.00655318719646745
0.006655132744667608
0.0067150456419454215
0.0068221477966162345
0.007081550846425612
0.007265880660284501
0.0070636527810972
0.006858720087422937
0.006682492646778497
0.006396170753019892
0.0062996635819898335
0.006136710012915297
0.006105756098316489
0.005732147463459509
0.005428388951305079
0.005298204066334996
0.005013420734405805
0.004884169466059928
0.004816975796922194
0.0049557150838734345
0.004974602952686207
0.005183489478158683
0.005363459997777003
0.005938035281728567
0.006269973519191105
0.006365114488332197
0.006380311540336849
0.006448669556230356
0.0064672729222935875
0.00645508577116468
0.006526013424519754
0.006548136701937346
0.0064387973595524586
0.0062694165803104124
0.006234174543756938
0.006053301946128909
0.005753834580148753
0.005448911530147926
0.00514649091716889
0.004988402481939902
0.004728098278179443
0.004695090178567597
0.004460676655956584
0.004399923010343853
0.004349602790876323
0.004393969129380321
0.004384791744530012
0.0042661142200062984
0.004272230363490967
0.00432385485023455
0.004263226247479456
0.004385006357266963
0.004306468404914449
0.004417497791456759
0.0043809601156662315
0.004457062381216402
0.004537254191498606
0.004481513047075272
0.00437104909496599
0.004259140342125522
0.004173493186746603
0.004046231631549621
0.003970767355675883
0.003851842603344125
0.0038220975229608886
0.0037216956088414856
0.0037305055270966357
0.0038394504122927268
0.003815607278538856
0.00374155339946333
0.003715906544605204
0.00364552786419544
0.0035588201427977596
0.0034850704150399064
0.0035298054672217223
0.003511694368433466
0.0035870764925672828
0.00361905031309327
0.003837575375087671
0.004095707197991667
0.00431705087858774
0.004456801045220723
0.004462171507909547
0.004493983101563584
0.0043945459373325
0.004276693566366089
0.004185813200118271
0.004146230052862545
0.00410979144288704
0.00429414371908597
0.004316959831059644
0.004339992325403377
0.004542463957901593
0.004676789524677099
0.004866846164208464
0.004959524832053371
0.005064093512332109
0.005126452741860513
0.005056543288480632
0.004954656964067326
0.004863931368110666
0.004759186093954861
0.00464155177133523
0.004567832432572685
0.004543455370027665
0.004542990466681654
0.004574173623978702
0.004593443460346496
0.0046049252680662595
0.004656302911841545
0.00456422104604148
0.004585273472436284
0.004633033799547127
0.004540855228191072
0.004365478576761545
0.004368372244827834
0.0044034474212065345
0.004505166121575012
0.004577995188854148
0.004574630346064002
0.004510854100986712
0.00445219077965908
0.004421627699776962
0.00446143085359903
0.004393369574101121
0.004422932265075981
0.004089581506631283
0.003969455308690038
0.00350944049987243
0.003243206614506628
0.002986638367749773
0.002442168238558996
0.002222552350521834
0.0018450804710460327
0.0015930076893078803
0.0014996811159362774
0.0014964946509521473
0.0015253932175109445
0.0016500937395848175
0.001825800599399673
0.0020142513378623474
0.0023366813413431336
0.0024725868776320826
0.0028438221013122804
0.0031031772283230128
0.003666969805248027
0.004236195387216333
0.004833306968362766
0.005216313259569984
0.0056815075171006485
0.0059659991338943145
0.006198524587472178
0.006684011381243448
0.007001727706222871
0.007534142627052956
0.007947823835442815
0.008330842080848671
0.008395826767379492
0.008200856441216155
0.00817299629837852
0.007989795976798223
0.0077227246039566
0.007646611836832194
0.0075042410187773564
0.007417282801029
0.007438331308228852
0.007342360419637145
0.0073049707833743385
0.007130140367412883
0.0070072956035703
0.007099755982316135
0.007551565889355507
0.007617783916159691
0.007749744984192744
0.007847424858238057
0.007963662953894833
0.007875150239175413
0.00776249477326319
0.007503464813055071
0.007285816209416908
0.006978346702476587
0.00680037318372113
0.006719700789730066
0.0066837475968695
0.006744469267858764
0.007109536060860495
0.0074611733664328465
0.007990108144486927
0.008096910076658928
0.008276516357048328
0.008300916507603938
0.008407521554538378
0.008544322078049121
0.008730274733890767
0.008940776979521553
0.00928162964469274
0.009743000478640485
0.009919848490537732
0.010301665447505248
0.010560740153922115
0.01115362409066161
0.01135547891646059
0.011816270542017181
0.011965755707346514
0.011938237364207996
0.011971893723240411
0.011701848814124586
0.01152654309704902
0.01128529436757645
0.011169794184361936
0.011293836148616666
0.011674341204797278
0.011841797387895345
0.012286500541302228
0.012502540094486753
0.012701104589667944
0.012461261548527657
0.01146709126032813
0.010677372639097283
0.010157071887063
0.00954853960740337
0.009301382884115441
0.00885978593051046
0.00848079245056319
0.00822196056171666
0.007688496771233348
0.007463400184483939
0.0066904017813858765
0.006552807306743581
0.006093591961865805
0.005756086892677495
0.005616333687306806
0.005532652750811252
0.005582278423550542
0.005618610833296278
0.0060709748903175435
0.006222922298148271
0.006468595028511458
0.0064764359808823935
0.006412554776432641
0.006330352130105056
0.005988107617341881
0.00583931233312914
0.005532866294533452
0.005325822160950494
0.005246995869636091
0.005620718301807765
0.005711153370960865
0.005825631500994071
0.005858048004560717
0.005769776757216459
0.00554894015239641
0.005526793983472648
0.005540757477323724
0.0058636269139229775
0.005955375685317972
0.005773621248888858
0.005488319740143343
0.005051951722169714
0.004810732321959081
0.004419491729428061
0.004060863005960471
0.0037365425749888944
0.003509198865091269
0.0034676571269357396
0.0033985691901507187
0.0033774158088211185
0.0033956554272409423
0.003503726718423912
0.00344154949782911
0.0033282089206712593
0.003009268567983817
0.0029076348543251845
0.0027437771004177147
0.002653282047652505
0.002608919255250466
0.0026815963897664045
0.0026928320453434673
0.0028024890576690367
0.002827631010669335
0.0027740350520716454
0.002702315586246314
0.0026262816102582327
0.0025574722242440507
0.002402788206239699
0.002342221787551789
0.002283078370755878
0.002137135410264282
0.0021464758654730783
0.002144401891378037
0.0021313680674328295
0.0021263585377217327
0.0021166562703485775
0.0021234578869247216
0.0021499497914298014
0.0020788436658081026
0.0020989589012732025
0.002026013507404045
0.0019017229812388042
0.0019673042245960497
0.0020123894970859374
0.0020500964848328023
0.0022184753689712053
0.0022213375222346907
0.0021811841664612806
0.002120742062299859
0.0020477246929367517
0.0020783755222981387
0.0020323722091763687
0.0021120589506571892
0.0023665279270833647
0.0024717231277288027
0.002830032131010031
0.002880607492849964
0.0028700164707583893
0.00275272642180687
0.0027171566813476234
0.002651958821847182
0.002872890483474504
0.0030616267891852215
0.003273108993625639
0.0033614213040603857
0.0032932727554528937
0.0031703873497465436
0.0029286673384817394
0.0027172472221968233
0.002655252343954144
0.0026161220256652436
0.0026732528429703676
0.0027161003157110493
0.0027862550229430056
0.0028234380081780036
0.002826940800691472
0.002816032735521231
0.0028528123173427334
0.0028427524658264387
0.0028918402139241567
0.003005163335005951
0.0029431940548651204
0.0028788595301603246
0.002822213630191139
0.002941755832419699
0.0029604665985045932
0.003069126016982909
0.003192136529260578
0.003253088981643483
0.0032713683707514445
0.0033125855312406715
0.0032569318809316226
0.003291218128751789
0.003309093752175133
0.003398775530394539
0.003533742191080131
0.0037248385754470757
0.003929487344048855
0.004098981704972393
0.0042276202390492835
0.004278043190818611
0.004499144350371776
0.004637020925310401
0.0046325107181193845
0.004714566560113702
0.004687388925670611
0.0047875985604025955
0.0047828910227340395
0.004684167632866334
0.004599173374470046
0.004528424175887733
0.004465653227208946
0.004453551140975363
0.004639240267660484
0.004547612721770664
0.004407142824040406
0.00419935081672549
0.004122519436729288
0.004019528505909356
0.0038510117246341445
0.003848611445168294
0.003788781475407476
0.00351485085653309
0.0033769225449001247
0.0032989494087209996
0.003367854455013049
0.0032822558150229337
0.003205404144619841
0.0031119317189836917
0.002999234598384315
0.0029744860658285723
0.0028719774589256804
0.0029746257227786974
0.002970021825944426
0.002963786365679567
0.002986756169282101
0.0031535383353028107
0.003224468707401657
0.0034955210367070373
0.0035729293453136794
0.0035362713133672173
0.00342828309244083
0.0033271072730543865
0.0032152149692961803
0.003112023528166782
0.003005758659854709
0.003099122828016791
0.003181198624418522
0.003187767829076105
0.0030903275961852842
0.0027777094519745157
0.0026763147017485026
0.002458922079664412
0.0024645814627253073
0.0024400964340398606
0.002468058648182946
0.0024753637242856275
0.002371387251886334
0.002253361450776931
0.001983411843898286
0.0019030908585764956
0.0017865642362425473
0.001824413217231592
0.0018528199234779605
0.0018766678101088843
0.0019065611232896764
0.0019743026255886016
0.0019838008252519774
0.0019672844772773024
0.0018258333028608818
0.0016643879990536712
0.0015082007174393127
0.0013259165121378433
0.0011831724739627503
0.0012161009861284557
0.0012798802071171142
0.0013283800628735901
0.0013505920673574476
0.0013701006345574933
0.0013688638775231396
0.0013377722871889962
0.0012872483067231525
0.0012944824598257309
0.0012918014472722138
0.001320680437053479
0.001447959009343862
0.0014433977198603668
0.0014483859207754545
0.0014280859715549217
0.0013433213659514724
0.0012988247640007959
0.0012182173934056554
0.0012105123799536614
0.0011431654442194891
0.0011133525126899686
0.0011815416410838168
0.0013087750975216022
0.0014798869918932745
0.0015284821635792607
0.0015673545493413064
0.0014836166207976864
0.0013682207173940175
0.0012689511541453574
0.0012383934950040277
0.0012499729025615505
0.001315310600446026
0.0013926605281788557
0.001473926694935151
0.0015586612654050758
0.0016329338904312203
0.0016473202906440877
0.0015970519746067381
0.0016202618205021628
0.0016523063700044451
0.0017788796347240564
0.0018955443917905174
0.002002666711358261
0.0020878741723727614
0.002195412539945684
0.002188226938420315
0.0021710544221969774
0.002152582790803162
0.00220580673219439
0.0022856632502929004
0.0023286767163602966
0.002417293258778292
0.0026621924304751064
0.002777304108373094
0.002587978994965319
0.0024082459732665557
0.00237315134815991
0.0021837088638999055
0.0019716712636627907
0.0019265166313446231
0.0019814006664775883
0.0019975039711836165
0.0022279072100460174
0.0023695809945295395
0.0024331199857162834
0.0021596034054634527
0.0019721211487277106
0.0016134232619418065
0.0012638107561268137
0.001197050459392377
0.0011016984651216314
0.0010181706633734262
0.0010247165677017723
0.0010481627231963614
0.001013384781943927
0.0009830172540460894
0.0009459748714675364
0.0008787866152083024
0.0008505231386565541
0.0008097859074786143
0.0007963155227951249
0.0008475867915888608
0.0008547725117314348
0.0008925816736276161
0.0009172740554424342
0.0009340895519836679
0.0009100841383390811
0.0008593787588812302
0.0007641761437164423
0.0006958203285549237
0.0006756800394147203
0.000635787650811276
0.0006059719740056464
0.0005904142276591867
0.0005747852974951535
0.0005967806471384267
0.0006194527072366748
0.0006298188745064816
0.0006741708325947302
0.0007931760265874202
0.0008402972132404053
0.0008289655386781947
0.0007918882892091327
0.000792736719915231
0.0007436140721432616
0.0007156850160501023
0.0007380349016106239
0.0007693733035603935
0.0007879187462793055
0.0008142739091280413
0.0008871129041625643
0.0009565129946831057
0.0010195159165051898
0.0010054267111774284
0.001024170907642194
0.0008971005229135634
0.0007602690232492165
0.0006862920800732446
0.0005583209223725255
0.00046407719201027337
0.00040301424047125363
0.0004202273866626128
0.00042716677879951466
0.000480046815518324
0.0005549723045187378
0.0006440275618712828
0.0006133536105169469
0.0005474602388076866
0.0005301148926811504
0.0004749080757296449
0.0004756113924196086
0.0004898845794288639
0.0004875719809277365
0.0005163780830018408
0.0005170186874318913
0.0005240796881353807
0.0005686092081761545
0.0006260813782438234
0.0007243925020595828
0.000753558514125207
0.0007957674914700058
0.0008213141356281856
0.000812238094760722
0.0007881054700940207
0.0007909815134769908
0.0007863728480296981
0.0007991933334666041
0.0008158600222334111
0.0008426861605722048
0.0008613660379541439
0.000893963740953671
0.0008834361140841655
0.0008521974649486387
0.0008312495539838085
0.0008343909036369002
0.0007995106216418144
0.0008226572430789852
0.0009181335893835582
0.0010449239183643617
0.0011018343692468353
0.001234068913952092
0.0013762744649346956
0.0013266596222343816
0.0013413937433411625
0.0013495399306640505
0.00136412684734259
0.0014285164635675326
0.001453977306845595
0.001484110903835449
0.0014359122696063964
0.0014461515733553286
0.0014254760563951758
0.0013331836522241076
0.0013056974115012775
0.0012275757970145362
0.0012016256595306315
0.0011605305486160383
0.0010613420807852852
0.001012625320546689
0.0009433186533611144
0.0009479281572679743
0.0009399930723162024
0.0009872107450482922
0.0010027842504664048
0.0010068434278393517
0.0009672258519781155
0.0009377480620532894
0.0009014150881829983
0.0008809497883779457
0.0009066664757349522
0.0008638158559730007
0.0009112773127128067
0.0009536000434658308
0.0009810358535797532
0.001050067257865806
0.0010750821024341122
0.0010033027931434207
0.0009950094909336904
0.0009536782979922746
0.0009682282803003548
0.001046277847345642
0.0010613639104205485
0.0010245570051392685
0.0009063543689004179
0.0008083539568505823
0.0008119234323813387
0.0007316986920199379
0.0007059642641132471
0.0006837758069932829
0.0006309170603747279
0.0005529432544323375
0.0005570507766212145
0.0005718732051283374
0.0006221902336339593
0.0006980537997091268
0.0007698648286423172
0.0007263047513149481
0.0006629840116650242
0.0005828228435125025
0.0005011171261756268
0.0004794777196445657
0.0004444240497465591
0.0004284202184467488
0.0003778752047038382
0.00036818438982368117
0.00034650080009165804
0.0003155015190807396
0.0003232583939172117
0.00032972408719410295
0.00030299997108465895
0.0002511078103383167
0.0002534331796568489
0.00017977388302888793
0.00015692784222568458
0.00015115360581971347
0.00013134339983503747
0.0001387369044687899
0.00013586817044172408
0.00015387898446017064
0.00016896527572448391
0.0002120453651746236
0.0002409599252827331
0.00025086833436966066
0.00025536966691067694
0.000273967447620961
0.00027656688365291517
0.00035722704521713597
0.0004020953290648048
0.00044012076956759396
0.0005002384878317623
0.0005360277809155242
0.0005542208635901343
0.0005875170282104477
0.0006263088166875224
0.000603825818592609
0.0006232887770412309
0.0006756232910198111
0.0006363954650638631
0.000632999973593059
0.0006344611723351384
0.0006934529163143377
0.0007119433259281441
0.0007272036291040684
0.0007366336418278477
0.0007215215464975892
0.0008029244927034429
0.000783472612193477
0.0007477526002561722
0.0007415631528523605
0.0007261640769679868
0.000705694789380648
0.0006668054797291602
0.0006372166508362574
0.0006667779858613558
0.0006406283431289598
0.000638707521809199
0.0005890481921197304
0.0005814692744158837
0.0005332708608937436
0.0005469542877774394
0.000627385849725829
0.0006578563044727557
0.0006731677801966759
0.0006479232408638754
0.0006348553806995879
0.000655714892832001
0.000703435089105963
0.000765672779575913
0.0008634184729452314
0.0009304482169155664
0.0010432163329085645
0.0011106232711628025
0.0010777398204922372
0.001014802699053365
0.0009024512198383376
0.00078742437056979
0.0007259745903172846
0.0006802790523007622
0.0006628549364395062
0.000732012143650212
0.0007521033578442582
0.0008159461374370556
0.0007757522499885713
0.0007256672658841136
0.0006809792122179543
0.0006300117919182119
0.0006911707748476582
0.0007805152021321411
0.0009573504279023896
0.0010517296740433122
0.0011791804015445135
0.0012315665481197964
0.0012787138288104503
0.0012685002462998432
0.0014018341090748549
0.0015387290473660804
0.0016295211616922153
0.0018703006861220384
0.0019685019979771567
0.0021319593473482475
0.0023336769650232235
0.002420425123638698
0.002673106603194985
0.0028588440328755115
0.0029577445898131575
0.003103474289477922
0.0032832544106068196
0.0034492684692715853
0.003509669302850306
0.0038239154827706843
0.004103158009592725
0.004265903960070193
0.0041883180528256205
0.004138724603694417
0.003947981302018231
0.003766028653682934
0.003769131504677231
0.0036984446874455596
0.0038276233553440537
0.0038709147133104624
0.003927456893982878
0.0039689693848704586
0.003903357735397864
0.0038688666375084786
0.0036522195865514766
0.0035973519836384913
0.0036064374390697403
0.003528685444296611
0.003529945987470767
0.0035625601994837878
0.003583844110365622
0.003561252721998055
0.0034606713920630854
0.0034048648855343347
0.0033601008197973194
0.003320990119255259
0.0033409425005082394
0.0033546189240597725
0.003376172907779951
0.0034432435997588757
0.0035027193021456822
0.0036185513687054228
