3.367521764246395
5.361966610036101
2.371295320684464
4.986556017670333
15.126291295562009
5.576474252841192
3.6116473918805325
3.43149451495535
3.878538716524993
3.5985638878198274
4.1491732301746165
3.5751037777689674
4.620118721332516
3.703713879747857
15.639227114980532
10.67084833842972
6.939428929712848
5.828250316304777
5.146224225439311
2.677367876924436
2.525932220272856
2.2222311123394802
2.248818815743498
1.8753684060575746
2.645616154498514
2.8922452279368205
2.7617639724114738
4.550531861550569
8.845295275987429
4.012928847167775
7.6947588773251585
3.5885969624981215
5.859123585898213
3.238889860157124
3.1150178612418613
2.6139137108771324
2.4586859732934636
2.656637926732583
2.9760176351541303
5.704295741769523
5.0869956333078274
3.203106959448391
6.516723590809832
2.250025692550645
7.266577857880833
3.5847341820269882
4.2230923802886
2.761588197668863
3.2177483420152626
9.945824648034364
11.78125542536073
8.543425525782508
9.640470160155333
11.667411587213298
3.04247880107439
8.28171548520434
10.285425822802805
12.38482727260676
11.521016758580107
7.240254388832068
2.3946129528752595
4.277156774782404
6.715739367816089
8.507577684309584
2.984453516116889
8.636961243814605
2.7958674761819666
6.72641783284319
15.284564062211961
4.303036393683091
6.2450054943176205
5.079595082006181
4.400095638052456
4.434456342338008
7.3188310516942225
7.2543857643066385
4.666308687991951
4.9781091001147875
6.3116852652363615
3.129666546809595
2.677917205929056
2.5357953516301546
6.633828647195128
11.32399622224744
7.258078702481093
11.698873998836437
13.312425887881489
9.63644033460219
8.482214086585246
9.11434847764871
5.99462621796432
4.5135073148647855
4.178326867497498
2.484549747722774
3.2790185243358394
2.836914677155479
4.114384408456016
2.8616811404630234
5.606962272590192
5.290559355507515
6.08091686906719
8.341022491841878
5.95772757462127
13.309383648479535
8.075249879544733
4.542846974225588
7.990786435388095
7.144953694899205
5.225322442778767
5.574867955851992
2.9467744624173595
2.4788942856599827
4.530479293157008
2.7279871810707896
4.1596632864902805
4.802622702827781
4.325580262234212
3.24715694944524
2.5133509401584146
2.4730850919013427
2.308914560854691
2.002082370619113
2.3002511568359005
1.8435412835676697
2.6426788783342294
4.541307508489803
2.497530388878839
2.7511929848503014
3.986441840135548
3.0151493486426313
7.552804251034938
13.432475394241035
15.219746837202937
4.325298714005704
4.827915730479995
6.878220938178865
3.552687668339948
5.744566040238282
12.051924507279018
8.745842494942234
3.943655065821969
6.384778471859228
6.1300021692506075
13.663532236482192
11.272909680143613
2.8249268783078785
2.558988270034656
3.1047442437368664
1.67589276281307
2.728058066166424
1.7675215791105443
1.97668660617567
3.1038879037661657
0.7716352074443638
7.717572891748648
4.305784456723743
5.390826980451583
2.849185927051814
1.7717719812764774
1.8055841681621672
2.3256859677237784
2.634771252737468
2.0260809559602797
3.363096053129426
1.8645789156770693
2.705880665530585
1.3771649514154722
2.1566722001256595
1.8813661015155947
2.2320237388937847
2.0177408760239675
2.4644330047845004
3.2272361257744704
2.9037672234778107
3.1550518079379994
2.9293278394879407
6.037159426198494
0.8445023507984635
2.614802229076387
2.151736923220804
1.6716958647021294
3.1974609538963548
6.657526763331157
4.805376155728353
12.019607257738704
16.241631085514932
11.470714219641932
9.42824231857762
8.744013196107616
11.958808036724424
12.432798957025998
6.491855246833341
15.281056715523357
13.823597447850176
10.078475082597489
10.220595352578716
14.523647192041627
12.078604216710044
12.533371678273445
5.337761463514623
6.755070496289219
9.424993918570793
3.234386585151628
9.116328728258493
9.748794167273186
14.731894802562092
15.863840636200038
12.621307155538464
17.07960309814892
12.3744085375295
10.023443987342365
13.338836103099746
13.317229454486867
10.719745847089204
4.374046971790582
9.299918874735074
6.190810224391339
13.217425428567577
9.954853875175598
14.504260030517717
12.112365691914224
8.890396947824545
19.254118152293636
4.439211698987822
6.851724313932925
4.429001756444577
3.809062546866752
4.009996977301453
6.730744266881047
9.778869589580873
15.047161091469755
6.574581231847693
14.827896882001273
10.659272163880066
13.081935334102795
15.590088782264615
10.816533277327489
3.9984286598035426
6.200092425554901
15.602291595134904
13.565746422800071
10.08401904718315
12.162107570783308
10.594574667700893
21.134078700861483
16.229933078949976
16.175393350275975
9.754424021639585
14.802764086325206
6.778669813327672
11.782362257981589
10.670546849141024
10.057992542966009
16.290518472873835
16.23175647344837
12.688491062353767
16.228462771834888
16.271872957112873
11.764785255753608
16.657815934024462
12.311860824477344
6.097979849843954
15.483665637571216
6.355819050480806
13.86627582275806
8.688450833085568
10.851092137440263
10.550452514077795
9.643904984752108
12.349005477766328
4.968945804057709
12.50789576442467
13.716921416163123
7.289586515821109
7.797675205972505
4.631549072059142
7.882984839958209
8.248293838165601
2.85591739348335
2.3922576227515187
3.7253505285095825
2.217010290014289
1.7999582234888822
2.960295244743395
1.7633174140825916
0.992717682048881
1.1607811242986028
3.0862946613166953
2.290309123978083
2.8077683184265316
1.0826767530523893
1.7552510881080736
1.253198249785253
1.0901320356717605
3.7221381534535496
1.589544470355463
2.2093698970964426
1.5912014608474232
1.7821639070785742
1.2857372309529513
1.6259928412272036
1.2896303940135265
1.4831391594190229
1.4115470374949983
1.7354528589176534
1.180302045722858
1.8103729773109365
1.245138057189981
1.166218547437574
1.4813117399865872
1.9447309972470648
2.470923497855945
1.3289343747612103
1.3193133532512664
1.7044652794275206
2.6634128458829265
2.2035142995183
2.5807473981433935
2.592236536096112
2.661445022145091
2.5255530978106426
2.565805752884427
2.383286913697881
2.643372356033386
2.1206940211757805
2.246573011813162
1.9595393874936295
2.0389534212962
1.9614116924107805
1.0879099465539015
1.094048423216913
2.021767368351761
1.5699777912828838
3.6671470321580424
2.0574518293449633
1.9547031035813038
2.7072983831845434
14.480336175351573
1.494981787307707
2.249128442989855
5.707433251247352
3.4752719769951064
12.001487345930409
8.69354760309226
7.12142712021068
4.448035508908519
3.82348017368287
4.127294279408123
3.2854700512143706
3.9876416091750584
3.7720460797583426
4.0717195506050095
3.268555534400991
2.429626889936273
3.7049517439578907
2.785880751653951
5.709082387848482
4.259416459112711
8.2083750719349
11.58389757561469
2.4232576290716414
9.035119451291632
2.811786330300565
2.3925221185701036
1.3552666302913876
2.25997453764036
3.1802319553881846
1.8378975936262663
6.052465267258901
2.746197081832227
5.089854345470153
3.1089094185778854
1.8653229695685103
3.135624109887807
1.6212229488530177
1.3668257211140855
1.0648942655439086
2.211328512451135
1.6167919941657256
0.8632424587629552
1.144778570879768
4.410439251658248
1.7759423073907843
3.548445799978753
1.1199145380308684
1.540645211353742
1.686145267276899
2.354939276268206
1.2698088401021246
0.9401373869872651
1.5923359666899135
1.286714773562204
2.183614021028867
1.4512524621397618
0.9082388667933914
1.5848525980267518
1.1135543130099532
1.3029785483429097
1.3424671733693292
1.6620691865722796
1.6836789387864701
2.23138076403338
2.2288671087424383
1.6330046622423595
2.317202537730113
3.4713140266142366
4.551871516487062
5.303479401174779
3.450387180215283
3.3324461056607975
1.959386277555857
2.0908640505389173
1.9791675467967316
2.7202883475430935
3.2763753245240514
6.025500653948166
3.124649272379812
6.388736491774002
3.964502991728042
7.770412450239393
4.509598565704819
11.752118991314607
2.9849645228488555
8.926047789627535
7.940947777571688
12.137040045098386
7.142272859900032
10.255384848992595
5.940607251176449
5.199311818227298
5.94918250641614
2.625566342709237
6.1524586389323215
7.881463044389283
10.04847232711877
13.652342662430982
8.412110661432184
4.6835037811448945
11.875839819557058
6.257222082117318
9.292086014442416
9.773284862084825
9.863820256315208
15.476852025588878
10.861428955281308
16.147075638613334
9.44979123659644
6.757373363735735
13.717653173654686
2.5343651687592597
3.5578141608684426
3.993141318097531
2.9330043901584135
2.9287764565118612
2.9641521572188823
4.51333160804713
4.219751618750765
3.0043789195915727
2.7002556523821903
3.1154128796557745
6.942618326135838
5.233070712660301
3.037909233851544
3.537678927703605
4.0672132982754166
2.950654720228931
3.4630619852895976
3.3106213710076524
1.76948566423837
1.974865054957458
1.8982671960906718
1.9621147999069506
2.0858577825489975
1.5062395212791535
2.075376116733182
2.1551413505754278
3.655019262352192
1.9592114224339228
3.2851167076737484
2.5258281288518574
1.6779581324170976
2.076096050993896
1.7722727459662302
1.8223592289385295
2.2669349225915982
1.7845937273491743
1.4957586422685731
1.8580004947401012
1.2140342007179727
2.3143547474891584
2.1494331424554445
1.7328156488543751
1.6806565473371768
1.705902946717245
1.7065744822728317
1.8563329792279355
2.6002198212165917
2.7924949743527563
3.0622158567123607
3.0874038749231234
2.6525542367071067
3.187316739555791
8.699380769557166
5.164212900668745
10.997387898605329
6.74020756191027
15.406309850396497
11.647431820400195
6.608849096344075
8.21904549735428
6.11510859601256
9.035043077662653
2.7304617093057897
16.948809391884986
9.144807807173972
10.615904858746331
12.896003511619915
9.74707153480201
18.63782064065969
9.561277956872958
11.404354096228763
12.02664356482524
11.607257915551333
10.02158096231614
11.003705315378339
11.6059792299061
6.801963898177564
11.399292298662544
16.508288515461153
6.5545132502650265
11.294360472773011
10.700802527953721
10.187111953014012
9.43994109368903
10.607443871777763
13.087404624303508
8.50646043050879
12.165361963612465
11.271439714994491
10.56039972612992
14.441732550240207
10.215616460642222
12.458295145360335
10.7752486559391
10.118777552359704
14.588786795932943
15.439434655139568
6.331929551620947
7.544951616803452
7.361723679345188
4.946589628154877
6.020444060704735
4.0357884275512745
6.360688485213796
7.149276635121074
13.760395361381146
4.155296904454018
5.582874800655004
5.356107873310942
12.510457408833526
7.540824742052197
5.147432428618865
4.146304880410354
6.904715484354545
5.279941861864894
3.0150845194693767
7.142444669794884
3.507536864832486
8.094443365608845
2.7666904133298598
2.6831909685669806
2.73855654639784
5.136830814060481
2.692993883185639
3.0356902937987216
3.7143752242814783
3.0036819805981496
3.806553983153261
3.5666625637257794
2.9861178746353816
3.9240371454125422
5.769158910398522
10.2773752803808
5.245556421309336
2.8080756336356343
6.996759359161952
4.00730023986956
3.412868760655934
5.881928586714302
4.3422514267926315
6.526759759679907
3.33039661172987
5.590882294673283
7.2446000431871225
9.664853214416109
8.021486810993645
8.94757337506711
4.6475320722343
9.082427550884988
4.329814815706844
3.2488542174440314
3.443371960154354
2.529100000920833
3.5075829670782674
8.940474224662678
8.127006789192277
9.623539191998884
8.92866855175784
10.255090482041007
8.283343615103245
3.311912604180246
3.5768945421916287
2.9788102132946896
3.9849710865064543
3.3941550384678485
4.5424255029691825
7.113132544152471
5.406873367360482
4.8837131240249345
5.701526720084878
4.833691428355307
5.42975518979802
2.4608272315145907
2.5896764413670077
2.7307009839409266
2.9775066786207858
3.9487569725645586
4.118201548067278
3.4899278477711397
4.080161750975406
3.676339387629119
3.155738851765556
2.60239964908921
2.935480443712152
2.743686174908087
2.4436673451367974
3.3319811124105336
2.508284739007233
2.7987577672469857
2.819844146412292
2.549210143843405
2.6555898731290695
2.3261713532664823
2.573776318458222
3.3006657161377353
3.292936983066011
4.430535294650315
3.5339096427314174
3.8178122922807125
3.217834905003113
3.078770518498314
2.884800627601173
2.506406319969382
2.211981725284166
2.596755689335823
2.3376513967752444
2.1758307320246955
3.060296418896454
2.5492975851318755
3.650229363419244
3.658166111049243
9.909504397339854
5.034671622604711
7.874140780983559
6.696351913679732
5.683444811571405
2.982779099896314
3.8779438696286954
4.520400851838167
3.213426147572472
3.3610815681720068
5.27595885783685
7.643900544841382
3.9013808078552246
5.497194917522704
2.75227117458054
3.784796305362427
2.822457669098513
2.1237100581585446
6.277904574604144
4.437870436768767
4.564178877179887
6.368243761425719
3.3669989005890266
9.1151254105477
3.726451873271118
7.715119863420244
3.1463418863719097
3.7410982743380394
2.110694523651578
3.7772920447452143
9.666527158958754
6.0172985532175
11.795065340662209
9.699706538374189
10.01057204169342
4.864648004937583
8.016701376129596
10.2998615889727
8.8903861391437
12.196704237976359
7.176906665805641
5.795754996606666
8.352537538714545
6.3620448101684115
6.702463731768143
5.646887033562173
10.421521276967997
4.396993821712124
8.267812793537743
7.294266728428279
8.826473309392355
6.21185404503274
11.1253918917557
8.096170124624003
4.202661299779812
2.459648496531826
6.073913825353438
2.750798451823015
3.510114303188584
5.671714424033086
4.705080935568494
6.108748924278449
9.70412302748807
8.228353401352695
9.366214878849497
8.277863398530704
6.007627520410761
3.432273780520125
2.365243447551021
2.4975611072825363
2.5481708068237223
5.739869954146677
3.9931993863478006
3.171308872452756
2.5821601944015717
6.235309765629805
3.352791000685523
6.978397535868996
3.6149552116546593
5.071723554619503
2.408483311376295
3.1856840277918046
2.391806914334102
2.331210779886335
2.8275086368388465
2.678715858896171
8.290643289518782
4.404712106777036
10.83100065845815
7.285546215648384
4.558855306400907
7.040624051262777
7.111423503997257
4.754545206466043
2.6372835079295434
2.5327714416534137
2.697065743954776
3.121333411946728
2.3815599570199444
3.0420527184308503
3.6490098340641923
2.1696238038018207
2.311016582633395
2.1760426924007463
2.840684580578064
5.578907739377093
7.146034856599871
6.220312534237119
3.914036953857388
2.4686188250476038
2.603410933618243
2.361814730313563
1.945038218832316
2.3649834185030842
2.607576671778088
4.52475218789635
2.81064780755228
7.194735315680967
6.651647402990518
5.471993846673365
3.2105293920705975
8.087535527098886
4.907667187756388
6.914895484452283
6.912696607193885
4.349137430850787
5.177854528346937
10.320472803045043
8.240110371004445
8.243845818346362
5.4588135324677065
6.6620198017068475
10.251728054672519
4.067875877074739
3.3163189027206053
4.698503507585949
14.913777397983495
5.404175182190335
8.145458871721539
5.758504006815065
9.208423583946201
10.063814413430697
11.115867647987615
10.95007162310127
8.674437031048644
5.001434474794282
4.5288185742534806
3.011027643862423
4.045345610994653
7.323395018487074
12.098037375680509
13.26677339512876
13.984773331049288
9.60930973039832
9.2557141339196
4.905075860699155
8.154216416359871
2.619912510618921
3.1906493067046773
4.6180077209681
4.467075540104885
9.179573773408803
10.46959293915747
6.0439388912036485
7.925913757814968
8.274653665294677
5.672003347404673
3.612012961868725
4.08566218057839
3.2449808981329538
8.242012826066162
2.679481905141406
9.040301611508566
5.085680725088126
4.877724192139786
6.833845039364222
6.645704887291602
3.5766401906750693
6.461135091533666
6.116323137199861
2.8086326346516968
3.5829025119094835
5.865428031637784
2.9238591870472694
3.317517823699449
9.552345541951805
12.375325497068214
7.708450329400587
5.135713290077457
15.13381639385812
3.3023382315990957
8.928538910528136
6.96474961305192
4.002691579610765
5.077969103802697
5.276372430772552
10.744628582511146
8.109237958153276
3.473188608729818
4.182543233706552
3.2298717961583208
3.042245024896196
9.137792264765748
8.80615314495401
7.960267928390172
5.4878187698913115
4.181657707584706
4.145176053074499
3.4655238783245474
2.2183110803116817
2.966922630729708
1.8789663311895919
5.028119365281524
1.972543742006199
5.000505885362437
14.371831880914135
5.730485371268725
5.149352229580619
5.909173876216146
11.929437017685943
2.5103055978521542
4.339264241953989
2.0154779316047575
2.0993540092143452
1.751768869194668
2.731740749734784
3.4780547768239507
3.227839261894631
3.1448731503300498
3.3979030428334056
2.8960434628164915
3.1963369186544814
9.25126562080998
5.9556187795284465
7.261897821334033
6.166378224791676
12.055210027400337
9.569740910639462
12.327154957055662
9.066517254219447
8.783542772203647
4.7658415578120765
7.534299500315855
7.797813831055495
11.003646345731237
14.20734797822574
13.990612060281316
16.177741616563992
6.924564345029933
8.448629832684924
8.39907425300903
6.956439396874404
5.387011193041985
7.486748709384983
5.406872212135835
6.538756923513001
9.890040440708006
7.097108800691243
6.145075366433323
5.159451531663289
4.775551516207157
7.401440621095432
7.979963689436708
13.857292255635556
11.997770350826507
8.013260597934059
5.892898159537447
8.190726835228038
3.5687336040387705
5.192737292167796
5.416979990034276
7.378714876147259
7.450674456159564
6.006711415596728
5.005170825391434
3.3287323424657025
4.1331167536495865
4.360278622941239
3.418919134227534
4.027126035176699
4.9371415525386695
7.0014155048253555
2.86579037640486
3.0784325083182593
2.9222427808870717
3.822920566135102
2.5996074477116293
2.7771927293459244
3.8954022853171373
3.671543544679346
3.5755159031061594
4.9567914172000105
4.003281950809736
3.166142501732921
2.8342325323228756
3.3110948544391605
2.8094607278242156
3.0007874860523183
3.020998207365751
3.4139970715503076
3.0955504341528295
3.6177322825437104
3.8432636744326865
3.1435656165353865
4.1526033710382
6.565525199578026
5.537874754296046
12.209659271858854
2.8923553864419955
4.8611868864005565
3.0788161275702834
2.677022797696027
10.811453519588174
8.390771170845039
7.243932673142429
11.203264720518224
2.8626035441772757
3.0495503386489036
4.599533329845885
2.9342734589448494
3.24407166480387
12.17228357183888
10.42705433654178
6.479034390555881
7.08572675760618
3.2242372456795616
6.976522046052237
6.024168261163147
5.56152553495931
11.300962417598587
6.565489142662642
9.004736760165233
12.351615902731947
10.042784106794931
9.91970120081054
3.0077822701299324
12.621481188893714
12.816589349581903
4.27448675139677
3.764788849856482
2.6560788807915228
3.7855465212392745
5.5357257648376965
4.8683958000427285
5.668058822203148
4.128241712382351
3.2602259442617836
3.427504031057951
3.7017004992845637
2.9983035959722715
3.184215464658171
3.6742052184707306
2.3315045672052825
3.255429858341479
2.491368369302458
3.2794715549067215
3.366643019353944
3.270060163148296
2.659607816347756
3.383739775181366
2.375821902229634
2.199229260727511
2.2895562416473076
2.462081293150657
2.5174433126438833
2.8492847851388703
2.8396082937453833
2.741854671202667
2.7259594776229115
2.478056164511874
2.10701310602301
2.090449642545139
2.6706826309524345
2.1367108994675044
2.517962869915511
2.1982882730335245
2.3009850882843716
2.1840237254676103
1.8266892830256214
1.9920682119854405
1.8879902945423097
1.9160723773235702
1.9424083260763225
1.7065536689435299
2.930802396617222
2.790382061038726
2.266750308605392
2.6174009969335446
2.1646609724808483
2.593673563467198
2.3754833684880543
2.4747561540882543
2.527202533944964
2.5327364683993507
2.2981543946346967
2.4564162115773875
1.9896190146737496
2.3061882154606894
3.569127950070466
2.061137201124141
2.5053110625459123
4.0463080784972885
2.396062744483788
2.629726877576573
4.313298085585818
4.671059354423955
4.098159724052023
3.557852454920618
3.510464742698667
3.4185023971961686
3.5995589525357525
5.996216269521847
6.575802438459148
6.756030657447932
6.450933219542309
6.786324900576895
6.164332309802731
