0.15761683245524813
0.0688570702702418
0.21061036389068918
0.19584523253265076
0.055446534715935
0.08282888019003519
0.3507519415744732
0.18363074046106845
0.29578513671896534
0.36456505649701587
0.24433834969962845
0.3133105975710373
0.22968402120460188
0.21692527261732394
0.14098445953652933
0.11056096873232849
0.22577450031181653
0.32209285381295355
0.38411386450810564
0.24564280554452492
0.14190462386190755
0.23864742463553432
0.3449914256163648
0.38866289879274013
0.3689820967962185
0.38170950169776013
0.29344646959059
0.2861255088309257
0.12425605255534211
0.19498551360940486
0.11617914243927864
0.28880333290432586
0.18064070727583242
0.21456915395870232
0.36420363952585305
0.47167771551080706
0.31594887008501266
0.38980348492230554
0.30907071557842736
0.39177299889408623
0.23571226147842647
0.28892708229309777
0.35332115461575825
0.2884769136216988
0.04730812211391667
0.07987953495691313
0.15421065791804103
0.12872924464790322
0.17348037815120185
0.07000113868869345
0.07067796902002411
0.15976649312625513
0.15105485249381662
0.1788119164227386
0.061545638855765875
0.04170463606303083
0.1711178517494711
0.29907387863691304
0.30395666125202386
0.3959218799794479
0.5211843725581562
0.2394550230232619
0.24684731146274722
0.09473495671241162
0.09432719702559769
0.2049092161344912
0.08944046352007058
0.14539681487856976
0.18484402449273057
0.09567729891541692
0.22725584775658855
0.3180418099894115
0.3772790335152283
0.37418372160262714
0.19995982962866524
0.24808772051546765
0.20147321343513383
0.20671776861889776
0.22481425014796497
0.16072175382102105
0.23674289848642016
0.19433037342667767
0.045372908056271324
0.14234653980455464
0.1756610979373451
0.34372648527829236
0.29076164270076665
0.4063488451353818
0.33228420085785954
0.16403631034230537
0.2738662287500942
0.28676862675451836
0.29870856451643746
0.3942707274625241
0.29574043692016133
0.3328068848494744
0.24109885249248827
0.2015194392656444
0.14439410317120446
0.2354285389509261
0.1821609769178889
0.29396970169065745
0.10320783039067347
0.2834158514280662
0.18854716648407605
0.27769952722701136
0.3157725669663555
0.33663080681669505
0.371928169060998
0.31040336530840396
0.3248739427519617
0.5407577004943487
0.391916147495182
0.3844904733796724
0.3740601661998574
0.4270103479543838
0.41490492112113525
0.39461887244618765
0.20286942556903945
0.11691965126610081
0.27370926363643483
0.22312956932128722
0.20448952097693618
0.3716007573107389
0.1574405988535719
0.33621734129823183
0.29074146781803717
0.28072875472711645
0.20418459502497013
0.20276713067512217
0.23153763445433892
0.18757602790111833
0.017479757848595838
0.2948149603224256
0.19262854958884582
0.12986933464905814
0.17186900825831194
0.12884596440689855
0.2522358195768929
0.12039088203993782
0.41292989627158505
0.31688898827953293
0.4168499899726928
0.3164337579584774
0.07302980397041041
0.22048818128659026
0.12806722775461385
0.2264333734944894
0.5042110461744205
0.19833156873708394
0.2931497634077376
0.3823126691725475
0.20808804711833964
0.657673386383682
0.26102577099151986
0.6033747708891529
0.5206147764018187
0.4904820468057498
0.45573220400633413
0.3419205023186148
0.4578048280511004
0.24419368320733928
0.3471680625923329
0.16690074596936103
0.3681760374451042
0.2074049595666758
0.44163122756434325
0.2027406271827577
0.506935287672629
0.19030448560046123
0.23381064773777216
0.17126581901517876
0.22461804332176663
0.1923167845410956
0.22399173940693787
0.25440114367680494
0.05146412975586905
0.6516054267246799
0.21695942000845062
0.42461274385892944
0.34675609250561357
0.0452832085199489
0.28482465304542803
0.2583931149039869
0.22435630452424588
0.3566512449443687
0.4654124898438612
0.49187967173966946
0.4737316782374642
0.22890423108535993
0.5542438415179859
0.7224593007959748
0.608591311003998
0.5079578778908839
0.38384406496398715
0.47320353611263327
0.5343284646871446
0.6742595427790861
0.6410539225767707
0.6742632412930587
0.7693507443782863
0.7081129150659391
0.7336602035760696
0.8409490424274981
0.7262430082913284
0.32555989487674625
0.47350292406734884
0.4867938592854478
0.547471962667989
0.4466448474359166
0.6652139198674867
0.6993672468572173
0.5434930416191274
0.5375016562020382
0.4658159540623124
0.44877801772657183
0.5190093462723513
0.5548277923896445
0.5539495555526451
0.577104750006481
0.4308745998758159
0.6233180012867261
0.2763380798247067
0.4533908781815908
0.368644004454549
0.23891984442430636
0.42802327882657665
0.32019231652942365
0.2714209812844969
0.16684020315846632
0.25561450985350054
0.4531931936015951
0.4761593585891765
0.3770821632392771
0.3444896484547049
0.48358151045409287
0.18294838864571072
0.36053117738028356
0.23792898912932303
0.08171466878905034
0.07361927801617377
0.2505993824996253
0.08624308718447672
0.4852695487712517
0.6139085290152698
0.678421920656223
0.5952757258399615
0.39263833351277766
0.526933436994259
0.3886866107254949
0.6249155891037677
0.5218060052951835
0.3551379228878456
0.4289982418440645
0.42392607738958116
0.3509386861211746
0.4537466252268203
0.42205794646761996
0.4061157315048556
0.36414014895832497
0.3704158195665877
0.1901226448784405
0.27351205741662143
0.27687433992078336
0.3173775400088317
0.18653056454960262
0.18475527851626938
0.09847064451829866
0.10063772113762372
0.18643326442979719
0.1117931626062006
0.24416763382511378
0.17903058558481283
0.2492976449443965
0.29376705427238536
0.14582672674337577
0.28013603832614714
0.06730146802593817
0.06693988611016802
0.2270962919586074
0.18273832444810564
0.45976266253634207
0.5924195833859108
0.31521053295377355
0.6381302946766116
0.6025183559196968
0.5392965651282079
0.43774622348478226
0.5240777140920282
0.37120038353197093
0.6694707582825065
0.6656711530444136
0.6808709106973434
0.5381776728069187
0.2419647855488053
0.36021046751606023
0.4460614668192447
0.40327618923996117
0.40840101304245335
0.5197710874631495
0.4410575980208332
0.5279734101739426
0.44780376176604764
0.4740984708861337
0.4747832086394882
0.5106614675278762
0.392344815609733
0.5511174527626094
0.5652782361144962
0.4665372867303534
0.4147324039709882
0.40885700158470917
0.47608164675238507
0.49166332551636266
0.3707633253539213
0.29536035961627044
0.2840577922821355
0.2145849320422271
0.31977242688541513
0.13847935893731506
0.25805841628144566
0.24148272990309666
0.3188401240016942
0.24857902025523682
0.2646089918661012
0.34599042713942435
0.28649766658772197
0.34495594722500017
0.46112283838652635
0.5766306710239676
0.5593943953522879
0.38494080544211173
0.4636386236212061
0.14959436563925604
0.29027161410815827
0.3420140809121204
0.28848399393621493
0.14714518257531042
0.4144093190434967
0.45249275612274176
0.1630290188328356
0.03700607512441451
0.06787161376295646
0.3221092288889801
0.3612865263715908
0.3177793677422313
0.29456389471352284
0.3022606832526053
0.3714378930101373
0.3790023768199431
0.4771577788561631
0.3110657325011529
0.44241473195748404
0.34075874221540636
0.09869944800961605
0.3735295600849914
0.2737536150971392
0.1797948412478428
0.15553151598863066
0.28877233227135135
0.16178758564972498
0.18813413568816323
0.2920071262787577
0.5273834009581388
0.44028287030909313
0.2178134359891811
0.3365278791554268
0.5090566119220273
0.26892753713409256
0.21388447350957224
0.21794282568379084
0.30609774946268703
0.3548244681704234
0.5161564037506957
0.5595778218470122
0.4574309826927379
0.5756471486841862
0.35853843504633665
0.5573005569508729
0.6364769335045147
0.5540536061780348
0.5508189761081044
0.5730116613810207
0.3457770082128458
0.6441646769387863
0.5418265373428853
0.4790019940055087
0.3705122616054154
0.5849060602270891
0.6332408662255071
0.5645755818659098
0.5080079881503003
0.3367951711532218
0.44276478032633815
0.6208562442164745
0.35924218052820267
0.5141406804462698
0.5043466901562441
0.4636743397724552
0.43069707308718935
0.38014517595583
0.17738882446456683
0.2759636571618034
0.40579753897061765
0.25646813969076726
0.214867201016989
0.19966572773228883
0.31019668097203945
0.2769846599449058
0.30553111577913283
0.43185889083740264
0.30733806897511207
0.2663338910635427
0.1739769627228144
0.16590962778229854
0.22992611538604343
0.34936246061910453
0.2875942452477302
0.3009481099498799
0.24761920695649653
0.2239742042099285
0.07378442409079751
0.08828256957119644
0.17411768336978034
0.165718920383665
0.19634086819533886
0.2110082263463546
0.14094493009120965
0.27361478515363163
0.25207858801209587
0.32948923821157017
0.4108352576487338
0.3530766774029009
0.2681262598092304
0.29143194014135476
0.25952217577085784
0.2568462002935886
0.2174221008659089
0.015324311961083824
0.17294495658300027
0.19234612477073765
0.2413060270219676
0.15625504578198504
0.1512022120557368
0.15382473837065377
0.17605546715885542
0.09119561435173366
0.09819903484243298
0.07696852293730722
0.15682790960099846
0.05648849706718258
0.09566359669268942
0.1347620239112
0.23718563025395897
0.18181870777096856
0.24752834350975317
0.3425284953465909
0.3676688693112897
0.4457901998082467
0.32184365785500746
0.1530103015339885
0.028371484655275912
0.0745240886964362
0.08531587086648028
0.04952148833904548
0.12464423888443785
0.2084884997912961
0.28661930617330383
0.3981691711110246
0.31680277409308066
0.3790757573023131
0.3640350016350993
0.38536026421603475
0.4337227246140881
0.33358508214466026
0.3372228472394783
0.21651612908703252
0.3653945828210079
0.2680254887200572
0.15715399363192084
0.3906679445430153
0.35051966818963814
0.42226646240818133
0.3668229011487596
0.34124792741127574
0.36078513801415424
0.4595449850692343
0.4541002619136886
0.5152413865404405
0.3518483032811544
0.2866866590324101
0.40381420731714057
0.3471582669389713
0.36015001257152884
0.3658230632805631
0.3013862667980572
0.2258777577272658
0.26782656891074724
0.32894580809734125
0.1466507987459941
0.18590339491202545
0.1331276004226182
0.13574513092366614
0.3088213103200371
0.2346476474730767
0.23432019528233886
0.3436461639044399
0.3444337474579347
0.3371107466684664
0.2705648104338331
0.18634337584343907
0.30631248796585464
0.12410059837392513
0.14803666547013583
0.15087096955712723
0.2317748666387196
0.21274996118960934
0.3768148462315183
0.42808307241514737
0.3136092857144129
0.36193314869357573
0.3782837786524341
0.23729639242583256
0.19950655203142223
0.16322386296335908
0.1339204062412876
0.20778087569762665
0.16706329093333847
0.20597020444945785
0.20169314806406138
0.23998440244090855
0.1715747148093523
0.14672799309699142
0.1344387032682268
0.141442343126732
0.104224826792179
0.13256563109122568
0.1424078415060901
0.15064041643525383
0.183132586330946
0.19624520104712556
0.14069331679214203
0.10573906078496172
0.17518168541039267
0.08960964070564889
0.16731308818559745
0.11139763474982889
0.12331046226951725
0.18359791247015456
0.16516620766894294
0.2503731426612874
0.11473947357667973
0.1113415453850558
0.11540097415860574
0.030291113589634752
0.04110266123865489
0.11308681657182933
0.10410575398579429
0.09020305529808868
0.07400184413330131
0.07268997704781058
0.06314205309638543
0.14082268366986497
0.08222719050868688
0.04140441243145175
0.020146936169779542
0.038350886108273564
0.03677629914616438
0.09922363585301594
0.07107779797306386
0.07207938128930652
0.05647244908809792
0.05799615600364026
0.09827537180960041
0.0708731840969101
0.1000471709650067
0.12304394124781777
0.016837414164919177
0.08649131599052699
0.10415715780687991
0.05903362505011718
0.07261968350987202
0.07035616498284111
0.0937215453507794
0.1022961229386688
0.09293252941242189
0.05762966270026915
0.07078564237433242
0.0866655451063699
0.06265015558060229
0.06985179553994776
0.09779058658846779
0.06248074226373669
0.04555164740042633
0.10325145238034464
0.1656679576764288
0.1292871763837605
0.08957658698977465
0.06389052045283852
0.059608718576580996
0.08145059796011335
0.09298688995711464
0.14712673627718817
0.05073186691429715
0.12322401350556877
0.23443667009930458
0.18291782339260307
0.16586202798918795
0.1492222865278442
0.1184548771000586
0.06492872935339457
0.03004488211596245
0.04036874487339726
0.1171896416046344
0.11080781826108169
0.17170582592222725
0.18964769156669112
0.20516126964430276
0.22576865798904408
0.13898734182915767
0.19221603981201263
0.16581726048743148
0.15498634744037748
0.18520575332594053
0.130666954713107
0.12919411961768265
0.24599809222056143
0.22993069788408788
0.1473227931623806
0.20419812274481614
0.20776994850775377
0.2974366129483653
0.2312310455610754
0.19600960914573934
0.17387089391960261
0.17855078285077047
0.09695502656600227
0.17923625867800813
0.1176124125942948
0.16739761153652372
0.23414778419863388
0.3039877606942296
0.31437602624208205
0.2321556717711409
0.15719518258299825
0.14029180043719156
0.08792582653333894
0.12506473451940076
0.08624949869363319
0.02603111591865923
0.14103289176930528
0.2178352270294366
0.2658927703975859
0.29674827876307547
0.2397264399262422
0.2745045018129409
0.31612464832319354
0.163417703892809
0.23094846858083473
0.2295893449354251
0.16791319519029174
0.15757978398567074
0.14334100263008184
0.12025036906788154
0.254538949664939
0.19241058164139538
0.18913891973099178
0.290528931994633
0.1780076873163499
0.1885269317975084
0.12159507792422133
0.1779420585632496
0.15268348659536896
0.11011751985827624
0.06504517918568382
0.1412542102734519
0.05141187885976651
0.1262002247658763
0.21609707645854437
0.11821469989727151
0.23435639440368108
0.07191784098499837
0.19499765115771936
0.2721716485259051
0.19794147056872183
0.1719223375023449
0.14825931914999874
0.25787456046331936
0.17666259208865343
0.36985473825504395
0.2619052712231801
0.2316064437951741
0.22541320112808472
0.15384549213129067
0.013133493247058203
0.05796515906887407
0.1276841238208162
0.26066748357861874
0.15449230680631243
0.23743243358841237
0.15945357198715682
0.19117701398701406
0.14683606357498577
0.26377873284571496
0.14053800800332455
0.12915169856247297
0.11386497816785901
0.2676488114318913
0.009772678928377914
0.2545927699715338
0.14235952934721258
0.12397574743978443
0.16498522381314673
0.06816232037514465
0.020047607707522643
0.09103927497987262
0.1790725960414288
0.036164604193545544
0.0836369693995436
0.1374268613097643
0.17601291949151607
0.16637480177366756
0.15125776285307782
0.05235726535430223
0.06590802045681707
0.12547389250849678
0.18181669635660558
0.045858602781927334
0.11784967428980246
0.18446731404626504
0.1738920756015595
0.17154080701079405
0.17846487710725087
0.14731288629358538
0.3414744053119756
0.18033197135545756
0.18488589026830485
0.07288601803509535
0.08164242882178462
0.06542907682074892
0.10005644522836782
0.21334794668783433
0.1401131789619959
0.1519822657325122
0.16058991982048518
0.09567690463438121
0.08057220593095522
0.1391266601379176
0.16443141391696486
0.07224244605814542
0.20519632718721004
0.26616592231824526
0.15816131496688232
0.27486903840432086
0.030653776535370342
0.17969168047951423
0.10264225085356588
0.21807609502527828
0.14293674585456076
0.19235039984282648
0.20243360428051066
0.20573031461659347
0.3311250805046677
0.31723453573487875
0.26600962091327834
0.24508630075927718
0.22508902782047222
0.11921340603087315
0.1406851595078162
0.04492776791064744
0.1677770410250282
0.1319244284278342
0.17321520341527075
0.32675517715938623
0.18766330761343122
0.11556099486697778
0.1280090687711656
0.16637354098846052
0.14558325668609912
0.24586076915652105
0.14814942392144703
0.25557085309568267
0.24781325586615047
0.2244677938554876
0.14623613364372134
0.15075301132176627
0.08120749691925735
0.04678670959883332
0.1438629318126136
0.3051780125625865
0.187861177197684
0.17171109166138787
0.17625450998436162
0.08572605205884579
0.10389649457792904
0.07811172272441068
0.012701207533068496
0.102740159283458
0.04930592266957279
0.2598678708310498
0.0877626053186263
0.13458905346389247
0.17270209088318036
0.318161088538126
0.21406477724748815
0.1606019962200675
0.05629162325235761
0.1464034474539856
0.21286299012881946
0.20549258417399738
0.1125006498002835
0.2130066424716763
0.1656460979996384
0.1870275119714345
0.14058382469302316
0.1609530486445401
0.09413722611166436
0.13621649029331823
0.11048888637959511
0.09155573734973962
0.06202760106838633
0.015143044759789066
0.15012959248991264
0.18381721603515266
0.20123663611289141
0.13727525462262352
0.2197668826523161
0.07598865962951915
0.06022964524221215
0.2002622469682716
0.0809524952080655
0.1048687760191256
0.12665140124076166
0.10894589491902763
0.058552913920883846
0.16728184910694316
0.16068369535247942
0.03584252717875515
0.023711024166173104
0.06317463572809146
0.08608771693940369
0.06736704116846562
0.15701251820582382
0.08310509072493634
0.05979092681670251
0.03304768744633442
0.09784374385228015
0.023143139380878492
0.07658779105117708
0.18570337236140386
0.12109187576536436
0.17849195661440062
0.10127426548531225
0.022490212222620178
0.24884543449816218
0.09731574804664472
0.17186790313342537
0.19855943952738647
0.1537641513570466
0.12208210303306276
0.044999447307770175
0.10593632417244185
0.04338715625471097
0.08996126887057017
0.11587467611976125
0.21602860121341722
0.329391018272854
0.41111159729996133
0.27752788879162793
0.33291484280316014
0.30548957489122924
0.35917164389040773
0.548569714588044
0.23398016812804925
0.32449324711903
0.11054278643558083
0.12301686985203095
0.24032309714581615
0.04611024626132245
0.07731462897436478
0.022762458495658375
0.1548870650206444
0.13539500112064604
0.26889433349934927
0.3050292564166111
0.3650302753382324
0.2448198581592778
0.2842926298166061
0.18017650513376865
0.08157220059411967
0.0046215855179813775
0.11843188847304637
0.04644826486737807
0.06081805657515413
0.10950620398210126
0.14321810651767808
0.12974706320542995
0.1179626740894405
0.060825858539482046
0.10952518124608408
0.030790548776181034
0.09531724892292709
0.06890753545648881
0.1366464115482979
0.10749998306964759
0.11689423174295319
0.16208005766095948
0.1556471780923825
0.17450009085242185
0.15921087923931734
0.16085676517872585
0.1100536571663652
0.09702486716237778
0.1638452755404659
0.14360514111572
0.18215037323620448
0.10762928836671043
0.1045637551906746
0.16382719310805632
0.1532215661633407
0.163408198077211
0.10120211151716367
0.024963319367970933
0.056131283298300125
0.07824921250814929
0.09292783789539937
0.05031579717390453
0.142370744931773
0.16500014878085992
0.18914145818399566
0.15739933820681032
0.13118833746355052
0.11240574786170998
0.10408196184167741
0.08833951187407747
0.1336866468872527
0.0534260042513086
0.1334477086585198
0.18144499584087728
0.21297862712672752
0.16782239696565437
0.12686889570804427
0.15173126851841143
0.0230857205650908
0.02904595129289097
0.09229251056493194
0.1652736430759403
0.14223145737138787
0.1258124795136582
0.16053145305455077
0.09327468413929167
0.08723711826877956
0.07175462924834744
0.07392486612111523
0.08121825943837739
0.07934117723546726
0.08178854281411894
0.09222918727686967
0.07345889159579168
0.0801914528759455
0.022772984995008502
0.05247655697006713
0.06424768794838283
0.055734826597235665
0.03527277285317753
0.10937818697339476
0.07086148364291449
0.04313445049866042
0.0180325800052283
0.046103756933337195
0.021059965401250765
0.04291845935483925
0.11485290785928137
0.012417593696987354
0.039460640899747684
0.06692450988557058
0.05579221233690153
0.03946157922257907
0.048942503318528535
0.0380367069489517
0.04555951423883634
0.02534453924003806
0.12708244019325227
0.08264430162454767
0.15723813595277045
0.07980532895187732
0.03468017266878231
0.05629011517378508
0.009477062743459178
0.07665266297670424
0.019196599865171127
0.14656992466811633
0.1370981756449317
0.09614066195969731
0.0762899763670331
0.11257079162619546
0.05074501151548744
0.11371308653891514
0.028914034373282608
0.11049472361466457
0.1295153273023917
0.23040265277646188
0.14962735241618103
0.17603991949803327
0.1758689282213671
0.2172274994052761
0.17423600729453467
0.142903157445155
0.2151291638825105
0.25073254075118373
0.20854561095558097
0.20978442738729827
0.20016948812272797
0.2401453524611058
0.24892077969834417
0.27613171137438175
0.21411891347123607
0.2448403819132782
0.2184850706453109
0.20024541651009478
0.1814363975074019
0.22487022158302808
0.27479946236821334
0.23041717746799792
0.2244315400737544
0.23281338366770654
0.14442136979050013
0.20355443856467792
0.0959878876086466
0.23598240741953364
0.22470427688046424
0.32619190128786274
0.29935380091582275
0.3314894406015881
0.29756638524752854
0.27196243722298347
0.27465620807108854
0.28074857415114834
0.2619452165194706
0.2978323647604111
0.2782358080587671
0.3053477242920547
0.3058345510600628
0.3128894251913097
0.38568199217295557
0.3065983733497605
0.27102734788184557
0.2775303427502942
0.24128982088883386
0.3216476542555853
0.2734621110522777
0.3905260778257316
0.3382447349450117
0.43249401180309993
0.40219261109761484
0.3411892719538437
0.303790257375788
0.33468257050087763
0.259428123543409
0.36586775926955334
0.3796033185602702
0.33542480616297526
0.3886022017491058
0.4982276271821267
0.3060291874177109
0.41278499386713946
0.37730337317811635
0.3548227740828127
0.35157442422476104
0.33705183501317193
0.2460978449558118
0.3194727214892812
0.3181680894900166
0.381486123402084
0.3341361047262342
0.3742340352398305
0.33840885198584214
0.26795323990868763
