0.17138062014030522
0.17268143762079918
0.1739284006933388
0.1752805049064989
0.17608532211726674
0.1767961839763294
0.1761704700378147
0.17578540723097466
0.17641786609537172
0.17593731516417827
0.17763650879813866
0.1795084788749663
0.18066885396690613
0.18148461499015095
0.18287353103992285
0.18381227938582406
0.1872594288180288
0.18950436562841738
0.19214042147653618
0.19484800045824954
0.19580831656648878
0.1984425616970395
0.20048688684613886
0.20119995204636706
0.2047550900046721
0.20793317396300184
0.21106305515974505
0.21243494432924806
0.2148371855076987
0.21689117313982137
0.21948796399081955
0.2217262336158187
0.2235201303892885
0.2257589602563935
0.22872139667436234
0.23311247268980956
0.2340052834163556
0.2370526282998883
0.23994510078693582
0.24314635151503666
0.24512331387034186
0.24591685720997392
0.24532486321830996
0.24636156405398935
0.24695769258528397
0.24802394408567938
0.2494172818460409
0.2514535637635523
0.2544158323161763
0.2549281575481996
0.2537578639168733
0.25257636719726767
0.2505457588073951
0.2505441713528676
0.24914406093694383
0.2487794593406024
0.2482248678192222
0.24747064135677155
0.24610938555538628
0.24608570183274106
0.24430865259561538
0.24335594232914284
0.24164154765213675
0.2394169505899144
0.23679581570457353
0.234965969766796
0.23509186124610681
0.2348234131234826
0.2344935927515676
0.23525384188309154
0.2362862714757389
0.23686985145507924
0.2389056903071806
0.23988844004913346
0.2387815469198616
0.23712843812174245
0.2352387169584281
0.23461212032326118
0.23222889955372122
0.23122931292636015
0.22986978689707388
0.22944998440763395
0.22932410843970388
0.22800195804175832
0.2279481902876887
0.22660082450521085
0.22570627333493926
0.22458313199694765
0.22400969116447317
0.22248082971360433
0.22104197648557186
0.21933632432073463
0.21767222170152523
0.21574514238099068
0.21432211494264602
0.21391024430886327
0.21182908243451776
0.21087204637295595
0.20941941514604986
0.20917271291493106
0.20905652514986267
0.20842628188290466
0.20759069527663504
0.2060050012228533
0.20502771407780598
0.2026972822848153
0.20187159409002398
0.20205955123857167
0.20172348058862824
0.20261499164559424
0.203964252287619
0.2051022040018123
0.20554444690725618
0.20678612563134072
0.20786144437316997
0.20927769577723682
0.21181356591008488
0.21357452795495493
0.21655571917049743
0.21941886216533116
0.22316420475786253
0.22570376513566576
0.22733916343108226
0.2298090121078178
0.23095403935120845
0.23490444277485195
0.23605550998990785
0.23874433824868677
0.24205936279023882
0.2435769354281402
0.24455648780138056
0.24446550645976522
0.24489048955826273
0.24636692802053656
0.2482158955544646
0.2514639350034397
0.2543898472539899
0.2580785784192137
0.2589428242807813
0.26089272570225897
0.2617577254357415
0.26304171792010717
0.26304310838592476
0.26424620636018553
0.26379401841894956
0.2636841958892577
0.2639468825541683
0.2640518616856724
0.26330900667349094
0.2618462259956508
0.26062231099787303
0.25991169512195256
0.2577878646221572
0.25691507513880935
0.2553535959236647
0.254559498903829
0.2548089670784896
0.2546047338884593
0.25440398294255084
0.25311051744564916
0.2523543536257811
0.2497956774018822
0.2466835233722723
0.24336082199480646
0.239358529027138
0.23768602437720693
0.2352565610520263
0.2343237165079899
0.23406966830773906
0.23526266966404266
0.23554978102028148
0.23503242599505372
0.23407835676615568
0.23171392664809268
0.231910469701403
0.2300509824519385
0.2293448459853189
0.22878415406969044
0.22917791678580537
0.22984337832735574
0.23040351106063475
0.23112774866525845
0.23077629059422433
0.22961044828763155
0.2299057369425573
0.22937849241447883
0.22895439787232244
0.23001622117391857
0.23146668106920631
0.23238012071503497
0.23307526580044563
0.23394614845943923
0.23404266403704832
0.23292817056210038
0.23263975338531
0.23194325024932927
0.23257434352453168
0.2345451312720847
0.23545060287293468
0.23559869633390207
0.23527618754047333
0.23555631338880728
0.23421936599125712
0.23306398099482356
0.2315435455640736
0.230885546038527
0.2302428065868325
0.22963282414469885
0.2291432622463109
0.22912211074909478
0.2293934132810027
0.22930358891173133
0.23039327207898314
0.2301981973757959
0.22953621829669713
0.2288740943231832
0.22863500086253205
0.2289283228576704
0.228476573147945
0.2275465470757946
0.22739223321512214
0.22721422179407785
0.2275306581889065
0.22837372468948006
0.2296206067286691
0.23043342692576257
0.23032590537258515
0.22971928571887462
0.22898894985075352
0.22718354751466346
0.2241043637951699
0.2206055973265149
0.21944429913566932
0.21588827501681762
0.21431996151319951
0.2134053820339512
0.21292520213976882
0.21233596859015194
0.2125910946673996
0.21382383682980066
0.21443258062304324
0.21622200898415295
0.2166804087524577
0.21627480092550325
0.21382292160614041
0.2135783282878541
0.21297737909415654
0.21105716881006767
0.2096293675356084
0.2073395046495518
0.2064950189835403
0.20612639888563322
0.20568427731042505
0.20648501941825437
0.20575111346832617
0.20635865942369302
0.20698021850224113
0.20869440645612752
0.20985032086695976
0.21024432883850105
0.20949656344819978
0.20941635565084624
0.2100027225673323
0.2077440765268353
0.20550879417697118
0.20274117574607983
0.20071638129410405
0.19941246342713986
0.1988129785347078
0.20045881088099587
0.2017406473947601
0.204714360806524
0.20626516662798097
0.20762081068989646
0.20836765921250322
0.20739395688280182
0.20684202970409035
0.20663575061408196
0.20628168057545562
0.20561660828229855
0.20460374661604014
0.2031081676273518
0.20326227076459347
0.20389021881870276
0.20402279825981462
0.20405420706706595
0.2044277635504647
0.20485340391883797
0.20574105678644158
0.20489838146060468
0.2038060348497738
0.20367896506362038
0.200113266713401
0.19732144003953983
0.1958155911800365
0.19427149078419306
0.19221658349121304
0.19182423245954347
0.1913195861422386
0.19053060066382677
0.19005161610832816
0.19013997957013273
0.1896279672949803
0.1904601656603671
0.19030527631409608
0.18976901054168918
0.18743780787693612
0.1852561353529341
0.18399860514212307
0.18322567797578276
0.18281040345652752
0.1819537427849868
0.1816798512872639
0.1827609148462131
0.18301549765595376
0.18409828973799938
0.1844896693783195
0.18533796959130383
0.18607787528287206
0.18630087792144479
0.1866557020730342
0.1865656076642736
0.18677372700819547
0.1872714266629932
0.1864832642708233
0.18538934293104475
0.18539735123500872
0.1852259164484443
0.18509086681392967
0.18426985098700555
0.18266053985777395
0.18138242767654789
0.17965878329216195
0.1758380059833065
0.1740117049998796
0.1737760083477545
0.17339671465036086
0.17391598382768825
0.1740888779947813
0.17430169794471753
0.1741665731330927
0.1725773166557884
0.17124087635103727
0.16893036910561157
0.1678603587435895
0.16649661063417595
0.16724624350993006
0.16850444980356497
0.16942565357661396
0.17185500514099364
0.1726135824153066
0.17460444865657873
0.17579865492739438
0.17649966731098743
0.17710548209889732
0.17714538268091423
0.17756952594640663
0.17777385873751264
0.17878779811823392
0.17967453276914966
0.18129296606100095
0.18179830246461606
0.18214392942020202
0.18411581705314148
0.18508284006856185
0.18785958123355137
0.189807063360168
0.19194889811151564
0.19414369866898484
0.19543770602956873
0.19612635760604902
0.19558341349641567
0.19462392545945212
0.19166527359204888
0.1897384947127446
0.18573023942605693
0.18448525789996936
0.18269114555210866
0.18273726127281834
0.18124074868422657
0.18097866367167278
0.18004474817375118
0.1795131725737385
0.17920006294879645
0.1792072099714178
0.17783729016220348
0.17698655522954415
0.17452804113807058
0.17299861631277033
0.16769697313522863
0.16687525668540124
0.16481853354621107
0.16466872636619864
0.16487789806629072
0.1660035302452964
0.16616828390441601
0.16643192712110083
0.16764712145352087
0.16951499816693277
0.17028153920783376
0.17110594827638734
0.1717661272533315
0.1729642546737636
0.17369297520233248
0.17397367522217677
0.1746996018283462
0.17507753845293467
0.17590993964724166
0.17628771758515266
0.17738058577665997
0.17800744735506385
0.17843989860725853
0.17824975340528915
0.17864087516922045
0.17979806464531728
0.18061663415900334
0.181052185818987
0.18059960248356527
0.1796052023482558
0.1795504198031907
0.17870783133008197
0.17822192562712214
0.17765448173366757
0.17691670717463157
0.17593740308541822
0.17689362730727828
0.1775009570670938
0.177287624711883
0.1776810652357512
0.17774873051035237
0.17726067323433023
0.17603010614608053
0.17352301887620547
0.17158766955374874
0.16887881931563556
0.1665793825279655
0.16349047382382492
0.16101118334868997
0.15865433824263936
0.15605032813902148
0.15534622772608045
0.15364321292192468
0.15299896932124785
0.15082931256979754
0.14965329504251895
0.1486490043727002
0.1472834467198454
0.14578071082364708
0.14528213167006196
0.1472184434413728
0.1472419466536355
0.14709624639147112
0.14620711023106323
0.14570122019165957
0.14648988390679893
0.14545784507755843
0.144800666223671
0.1433580656638368
0.14291473197747603
0.14154218854833917
0.14117483458733612
0.14042007649142751
0.1408141103545931
0.14110749360260422
0.14021767470731789
0.14053814267288756
0.14276671711987016
0.1432264071845509
0.14295131554691776
0.14293836290753176
0.14194315130007934
0.14133165873503958
0.14109427113737955
0.14216533590089092
0.14227964956167666
0.1408738705848697
0.14231109045342177
0.143341174332779
0.14100961073560464
0.1402256095345881
0.1384694689263834
0.13682512282362894
0.13963401861398925
0.1396276952874609
0.13883375203009568
0.13888018165023608
0.13925497033977455
0.13960642621067826
0.1393876481489115
0.13877041170709964
0.13772946509845072
0.13869266780464468
0.13901732746248352
0.14099085518846638
0.14089909305317241
0.14211538780142524
0.14273289527346694
0.14318932204841212
0.14418705719918698
0.1446889425848888
0.1455264455456178
0.14541353890039127
0.14676389173000853
0.1470331704870706
0.14740003235493426
0.14944840851458024
0.15026466403894248
0.15069194187419668
0.15038990542469255
0.14939330336055995
0.14846034333867225
0.1479083294631212
0.14824164333930193
0.1498780380534444
0.14985253729116482
0.15058196322336914
0.15181281648873776
0.15141853014604179
0.1521848828245152
0.15198333007023868
0.1533508208603916
0.15448015992565162
0.15589203242114444
0.15766688584403238
0.15693683114407356
0.1572337350719938
0.15805622533136304
0.1598364927260326
0.15991197849490682
0.16195742375486893
0.16195947668722321
0.16288948614534624
0.15898695619845787
0.15691667877478874
0.15345349460846247
0.1521071454996118
0.15308803877761154
0.15421001033123588
0.15910010834915173
0.16270097855474858
0.16726911998204902
0.1718059745273006
0.16528658006545432
0.16564732725973788
0.16476647210952527
0.1649336439843692
0.16591411006244655
0.16604638633042154
0.16726763869901287
0.16813324332008922
0.16970656989833283
0.17163316848218815
0.1733140866200577
0.1742773164803674
0.17630027750985997
0.17766409565246039
0.17917809427860068
0.18162026725146718
0.18226721325881415
0.18322313718290478
0.1844703661386375
0.18480181124684408
0.18512994332240737
0.18540170775123305
0.18539320695763148
0.18491925399649767
0.18377347879873135
0.182381550391742
0.18228649406635042
0.18078297703859572
0.17996259735494427
0.17818526634027043
0.17531997688536
0.17441514911237443
0.17211221326824871
0.17110149585528128
0.17060658857007732
0.17011313896831567
0.1702112103713412
0.16862419854600086
0.16743346246088459
0.16609930138391554
0.1636221767378865
0.16302745330167867
0.16407705353226848
0.16505284669354953
0.1673985428248121
0.17063335234695273
0.17443738080502616
0.17718446282738026
0.1806744738592424
0.18101495120321426
0.18263463205196134
0.18327658607320968
0.18348230208040162
0.18476642783259498
0.1851436559358181
0.18641919537075305
0.1887449739507579
0.19135472222945804
0.19294262716809477
0.19568453665271118
0.1973344928821339
0.19881253576716382
0.19866663467596507
0.19883462323728954
0.19838447211248728
0.19804503932626338
0.19928235320579624
0.20116373425529394
0.20208144718853563
0.20411664936750057
0.2059115318119215
0.20688583666107635
0.20889714429139902
0.2086406524987877
0.20825667897883432
0.2071641058443936
0.2050831603197961
0.2048617581250955
0.20595145870710527
0.20603673883688703
0.20695847840476703
0.20737170514005276
0.20773156861807135
0.20839540125896322
0.20885674052800388
0.21151872593329193
0.21226405726365655
0.21536920161528483
0.21768514752538054
0.21813959353804352
0.22075079157648467
0.22441778621597347
0.22666976670807526
0.2291586731277
0.23209738366862404
0.23319784653185147
0.2357050255333018
0.23795463318303994
0.2410236351221024
0.2434697195144226
0.2436614092771626
0.24728641822174108
0.2504549437512478
0.2540041112227204
0.2548518622951401
0.2563234106369077
0.2586935528552772
0.2597075192673791
0.26244280675185083
0.2644738165195667
0.26487535678210566
0.2653063860545445
0.26533511621260636
0.2648863606505194
0.26507338987004136
0.2652780803057274
0.2645980426573599
0.2648522942017876
0.2653282094663983
0.26540217485304485
0.26533148681011554
0.26593557506631005
0.26480807786960614
0.2638821763849685
0.26311862133975883
0.26333619660607305
0.26309449564378423
0.2629653416418557
0.2621992068492392
0.26140339181978334
0.26085510688895247
0.2606198891546483
0.2602159698962677
0.2593410955399454
0.2579662882454798
0.256942298615486
0.2560432113390533
0.2557667381418748
0.25418053603003715
0.25374864732969316
0.2519291629125865
0.24904971310812316
0.24790362405364136
0.24307219188447388
0.24129834440995915
0.23707285404654482
0.2327790846631798
0.23229589432414355
0.2267229734894029
0.22137271140747455
0.21544466123122788
0.2111004150268676
0.20554957836522858
0.20347872573750808
0.19846878453969424
0.19255116946155468
0.19044014592578817
0.18314062972161796
0.17980471639051315
0.17813016988341113
0.17415995290078148
0.1717960380545424
0.1702798775597934
0.16999014434490867
0.170609699270111
0.17183291888156155
0.17343152710164275
0.17608700653114576
0.17771454198406478
0.17909943134499012
0.18023143522495222
0.18417013057925205
0.1889017306088397
0.19540768814551368
0.197705227265452
0.20376798014672523
0.20986293302321277
0.21466043973445648
0.22034822077688543
0.22248898925490387
0.22749785269208722
0.2306701168315713
0.23227008616992845
0.2360952321257857
0.2400998770325106
0.24407092050491747
0.2482191412358191
0.25369026769976805
0.2601582704826134
0.2655823786384275
0.2676531840308164
0.27442942319356894
0.27614367577498283
0.2790832001511837
0.2819272016615393
0.2845956863939646
0.28874007598736384
0.29003449343382876
0.29421428869267074
0.2958243553119123
0.2968698383532142
0.2975455290668658
0.29815536920493396
0.29906241351435525
0.2996324830010961
0.30294051046198484
0.304809411039766
0.3087026313167362
0.30915391216445204
0.311192155309421
0.31442508249478257
0.31469687194348206
0.31396859029004204
0.31484821675242936
0.3113216556329547
0.3115293300606442
0.3116982818917386
0.3110898501197418
0.3104567943380849
0.3095415472218578
0.30757074634908627
0.30556521471048614
0.3023093589595379
0.3003253705110874
0.29777462204956795
0.2947451458232556
0.291306819323411
0.28812228308525845
0.2870634848443122
0.2842790868555599
0.2808827723143669
0.2792351356127098
0.2769509419236447
0.2751642732884551
0.27473834339856734
0.27458542877594605
0.27361852802176057
0.2733028280181785
0.2732369861916991
0.27410420122217716
0.27453392452713926
0.27366754838342267
0.27282977703886396
0.2730882790913581
0.272334292904587
0.2727866154567422
0.27162851597653825
0.2711340163167002
0.2705482595409336
0.2713833882287595
0.2726130881841167
0.27343033689757
0.27427537620130577
0.2756995971753641
0.2749427285815923
0.2738100994851101
0.2725496855620293
0.27109736327997513
0.27074007566734637
0.27020786631679905
0.27056959757181137
0.27111241983784684
0.2715781811747157
0.26964171296178824
0.26846194607185303
0.2683336802363529
0.2676923534975729
0.2655918534161764
0.2655749198941407
0.2649770307980012
0.26404498650056274
0.2644615706405499
0.2613349170296677
0.2600369757682298
0.2589669210752398
0.2576060192642443
0.2566925402252064
0.25691807529497607
0.25734625562228364
0.2578672793849269
0.25885773947504687
0.2591672484888329
0.258512322467393
0.2613643422197206
0.26111458888354744
0.25971114526549227
0.2593163871215483
0.257379538622089
0.256631606116574
0.25569934226028884
0.2549708128348867
0.2543910373099456
0.25502063878387515
0.25507748378500283
0.2559871510974085
0.259021782062752
0.2606773793338413
0.26130651117894654
0.2612152837396006
0.26134279456086706
0.2611255576985586
0.2608337528505612
0.2619778774261686
0.2641359212001141
0.26698422188248716
0.2687153138598652
0.2714437466707743
0.2739245795989619
0.2755074591503777
0.27738585366595914
0.27867680851622195
0.27826465039948456
0.27764899739617693
0.27732063328962203
0.2755614079330431
0.2732082909817278
0.2718197937161155
0.26868200915753904
0.2670872707948771
0.26573686835944893
0.2653793709515157
0.2645309803695398
0.26334699918154214
0.26235840513693126
0.2603809962565085
0.2600399124129413
0.25785935126009585
0.25454394656936474
0.2522196240940308
0.24852925154612335
0.24675562561323536
0.2434655627108806
0.239722091059896
0.23831285146835043
0.23522684177453926
0.23587921460489922
0.23545038684665184
0.23640916158769318
0.23780678700034336
0.2382962564583722
0.24045294413488433
0.2421321806422581
0.24138830871424735
0.23996915814536615
0.23953060845221316
0.23847486998764
0.235998326998903
0.2351821972072611
0.2361376077497293
0.23815385487370447
0.24161310937817
0.24456896640611597
0.24603752541556304
0.24853192143871658
0.2495857396124745
0.24846004867988986
0.2481733047972333
0.2458412934143197
0.242758516781384
0.24082938394199999
0.2380924950843947
0.2365155862841421
0.23594048059195724
0.23380464436147297
0.23185843681194607
0.23101983920740823
0.23180971248078203
0.23161412043720947
0.23026535432753445
0.22950493175710637
0.22881116422242864
0.2250759470741043
0.22109381285445853
0.2181489480113134
0.2164256138000371
0.21471034724649254
0.2142928008613548
0.21380253478448658
0.2156117167960379
0.21789821548856847
0.21834904208150058
0.21863563997871563
0.2188731667568152
0.21820617165254313
0.2171477891036841
0.21576886042981816
0.2122658889293553
0.21067666253021353
0.2094506863259024
0.20873046706591714
0.20841724569764836
0.20761292885483199
0.20971126426021697
0.21224763820525835
0.21627432715373737
0.22044567352122257
0.2231480236221859
0.22451628550369018
0.22573423919615956
0.22723051926948204
0.2262323373098441
0.22595129065037495
0.22425302941797462
0.2251930881448839
0.226316130571364
0.22741810711387256
0.23293345201898913
0.2378228130471814
0.24387769135190784
0.24750592684452358
0.24818805848533212
0.24852309035416748
0.24879516997968434
0.24929101279605784
0.24883288287553965
0.25040127704644644
0.2517870064024432
0.25410690927635415
0.2564526345124413
0.258281599165892
0.25935543791775445
0.26094547505973564
0.26241882660727167
0.2624403907417449
0.26314292788816995
0.26331695396118937
0.26382994439717644
0.2653183601661605
0.2661899500886115
0.26753347730513527
0.26835521693278785
0.2695528906227266
0.27060994100982894
0.2715497344554656
0.2724894218735976
0.2727195147809548
0.27080647876250974
0.26974069126436145
0.2667857717926614
0.26474138869537234
0.26355351780078357
0.26086447840304766
0.25791255895497783
0.2555389828608254
0.2544270394465026
0.25505565386619117
0.25435380320666867
0.2530815235927209
0.2526574705637085
0.2529809230530058
0.2524068248793069
0.25173535711220685
0.25142770419574156
0.2506310935309184
0.25053009052391395
0.25098319551309456
0.2505367513263614
0.25105928309091446
0.25216729364837714
0.25267106262545413
0.25354869030331034
0.25377754953924714
0.2549224958800389
0.25405081973905486
0.25299084112925874
0.2529627187454796
0.25384010481197805
0.254710899823662
0.25627020106065707
0.2569822097128116
0.2576995135845802
0.2569185350007794
0.25559381471405707
0.25385570694172055
0.2537567074509996
0.2520232537533726
0.2505493962237457
0.24985095442190727
0.2507555512272725
0.2540885280755614
0.25443663312609505
0.25376511855891
0.25076527738196763
0.24721228939918158
0.24529977609223255
0.24345231825700378
0.24104456803485919
0.23912108899229048
0.23843728630917366
0.23851325143167493
0.23831496372675964
0.2382322647272074
0.2372996492785128
0.23737665407096425
0.2351023152633102
0.23202325448786437
0.22951935591346104
0.2297470955278736
0.22867518947180857
0.2285566592223678
0.2296666699742254
0.2313525295102184
0.23336334580804535
0.23403974417568668
0.2343421747453463
0.23339950296317508
0.23297014252054238
0.23099804853917733
0.23064461195078417
0.23235179255790248
0.23341437818333038
0.23360186372591726
0.23351878736021137
0.23395100299554034
0.23605810523560108
0.23757596947449233
0.23987506210170495
0.24046356476394712
0.23860007656547957
0.2348195684086906
0.23351390146283868
0.2312887990202408
0.23024588240488897
0.22877776279363596
0.2289692568630525
0.23058942436413568
0.23454189910314724
0.23696583304637459
0.23670749204901256
0.2340007748946064
0.22993308707438462
0.22559021916628477
0.22249553751718726
0.22163261658941802
0.22147902726159496
0.22105982665301588
0.2207965828227229
0.22044027743044436
0.219948860202416
0.22045316071234927
0.22005725559951986
0.21970930886349777
0.21815335893964177
0.2178020240544074
0.21676619252084378
0.21445428526398919
0.21413664765099538
0.2136882943431114
0.2118214449727215
0.2097892620652641
0.20811905508892004
0.20711341092642432
0.20708597192910322
0.20882929349362694
0.21006399114642807
0.2093301329557014
0.20948860694468405
0.20640157168230613
0.20518882711548114
0.2036120994719452
0.20294383406095187
0.20160764316093843
0.20152083955873307
0.2007643954606905
0.1980073638642549
0.19645315920502276
0.1958206564358888
0.19511084271307283
0.1935834761206558
0.19279410643447942
0.19204371006605372
0.19110744155533108
0.19293133855813976
0.19355441883323124
0.19361945919617898
0.19361074461698
0.1925589078662013
0.1919577782274436
0.19064636176585031
0.19099233356290196
0.1906684354881808
0.19150812625659835
0.19215325846173018
0.19203351925463213
0.1925388762648094
0.19097837884993843
0.190282244316501
0.18900691981876183
0.1869763628142906
0.18644398029527667
0.18439394958551808
0.18360968147162962
0.18274441455767984
0.182915362885644
0.1824744083958317
0.18363901433872507
0.1838992381955765
0.18296278987563525
0.1803148918796174
0.17697111334969012
0.1741504729953583
0.17056329576829346
0.16898747043920104
0.16300353316186603
0.16056435354926965
0.15871432673883382
0.15770185956327673
0.1559250237911244
0.15574694642671022
0.15542521707830176
0.15531569386797456
0.15535174690067427
0.1546742906698833
0.1539223339209096
0.15190819452427334
0.15015312644452522
0.14827790128801993
0.14760859775324572
0.14752170528533004
0.14820358870547073
0.14857497062270966
0.1489352455436309
0.14945154516205433
0.15087650598264304
0.15238112276221435
0.15337173736310059
0.15412116820914884
0.1540866539747731
0.1539330828153853
0.15393710564187219
0.1550651861004043
0.1566225118242676
0.15728724313551326
0.15832603632631675
0.15970518361763475
0.16051154440824975
0.16080587208663402
0.16140173744995073
0.1617670360365521
0.16391494573534235
0.16596432360584332
0.16839572702090502
0.17498238506221458
0.1786317766445667
0.18031097067417895
0.1836782578970258
0.18706477070802158
0.1911800606618008
0.19334890788132159
0.19585835393980816
0.1992692203731053
0.2011416088723407
0.20156885482024336
0.20290111770294628
0.2039997808428391
0.2061330966872601
0.2090498603028698
0.21279771250448726
0.21622573635781261
0.21879222197833018
0.2226785487627411
0.22373765821312813
0.22440928084387476
0.22701514086240765
0.2290194634237787
0.23192520133905248
0.23520622897531474
0.23839746455845975
0.24033557319762328
0.24499499367728483
0.2465571792288567
0.24718403447602966
0.24985495499160199
0.25276367697494123
0.25576098370643674
0.2606798305654306
0.2652295879994604
0.26765024080303057
0.2721414397342418
0.2749735759130584
0.2784144635198057
0.2785963629569932
0.28058455979883085
0.283194398619219
0.2861789809026372
0.2896098687167992
0.2920488692686151
0.29329342982390844
0.2979728725947311
0.30150776487867065
0.30445771983910414
0.3086112084718578
0.3120290358819284
0.31415151954532106
0.3155959239043817
0.3169699732580489
0.31773541886292345
0.3209550299994575
0.3234714049846522
0.32473331624831026
0.3269151274147751
0.3298848650390553
0.33348661070053787
0.33555832929092977
0.33930320157062777
0.3419255293546269
0.3430487753219184
0.34430953236215694
0.3446287112309091
0.3446632754748972
0.3444917457142835
0.3475538143508572
0.34804466175873366
0.35075452637456983
0.3544598915371887
0.3563671381021101
0.3584099330356487
0.35966098002473085
0.3606810527436477
0.3619695542230297
0.36298085412563375
0.3640729634233427
0.3648326628890849
0.3664133997463792
0.3683105416695744
0.36975520571194415
0.3705698556854604
0.3707572050018391
0.37092878772733184
0.37083757043515436
0.3697475570789141
0.3700018001987727
0.3703782442557738
0.3708827765734368
0.37054297556530325
0.3702545863257013
0.3713251464008713
0.37079582378839626
0.3678039999043412
0.3648127024729688
0.3619225329034898
0.3614022340975266
0.36216071640703845
0.36241935247997936
0.3617101515263545
0.36078886421941214
0.35966168349172095
0.3578922578513501
0.355519951008201
0.3543219861037817
0.3535044278049909
0.35433108049695017
0.3554918276623078
0.35724371745941186
0.3580569211752439
0.3579115617608045
0.35642875166066035
0.3559224563502657
0.35514981522727257
0.35479622053382437
0.3547949503743797
0.3532968973128647
0.3512189668666289
0.35073416381443034
0.3498148542488425
0.3499361768536995
0.3501087779740772
0.3506812038666872
0.3496486681299314
0.34694666900229765
0.34549795574616426
0.3429600080500491
0.34077527627895227
0.33838667466647865
0.3377281466330007
0.3378378074524762
0.33842013953411587
0.3382495657269108
0.3371203349233578
0.333710259406805
0.3305472035965918
0.3286892943592211
0.3293225041151073
0.32820724570220644
0.32702854369455137
0.32767312839497453
0.3282593145374065
0.3276264582497278
0.3274570854595177
0.32459206772065696
0.3226789279146803
0.3223060009532005
0.3218524394323069
0.3222377903378223
0.3224217558306673
0.32349200895571856
0.3231744800748269
0.32354776316803135
0.3223121871456283
0.32139931826306645
0.31986854899530126
0.31844818494558313
0.3180136200268086
0.3188285815051131
0.31860214797999864
0.31696898927592176
0.3159731479654892
0.31475232643880735
0.31269485793808294
0.3114199730850954
0.3108887414196497
0.3106509271961424
0.30991083111923096
0.31018246508664377
0.3088324000938426
0.3091306366991417
0.3091117255843015
0.30972225191414327
0.3123624268102766
0.31408730671244284
0.3163621982627073
0.31662934066845827
0.316294146749296
0.3152782537520499
0.31401450271679987
0.3145031122856846
0.31572927937462997
0.316361854296598
0.31649850008330144
0.3158720333874724
0.3153778428850752
0.313328184887371
0.3126864040748939
0.31116337645372405
0.31015294098891427
0.30994136560092356
0.3122175681807246
0.31244836532710935
0.31273603193542204
0.31210323684759855
0.31139292703245747
0.3111319666580182
0.3116526935820071
0.31184983750527734
0.3138004619516621
0.3156818762454753
0.31706570862526956
0.3170636281582958
0.31791567813376237
0.31817874701646975
0.3180217678881959
0.3183382991498082
0.3189043935652274
0.3196115449211995
0.3205720140863987
0.3198609798596449
0.31951771396728945
0.3197840420960222
0.31890680171301716
0.31789661141819814
0.31832435923924574
0.3176191802289412
0.31690996169605806
0.31606035131820265
0.31566487316156283
0.3147008254753382
0.31426787420496294
0.31346585338537925
0.3142411139678073
0.3130958493813354
0.31202437307430797
0.3107507733307947
0.31020386375735837
0.30947642558782407
0.30986018706086965
0.31088584281931786
0.31082307426413797
0.3113755271343656
0.31163462652149165
0.31281151514752037
0.3126826476628081
0.3141100844348128
0.31566416492565225
0.3166923663857989
0.3157808925391752
0.3152269721809469
0.3155058693756879
0.31556714971496297
0.3150239610292157
0.3151189602746527
0.3167625705571168
0.31495119085129863
0.3150907408059166
0.31442878754173587
0.3152073249903261
0.3156142969975749
0.3157786555997436
0.31703269052897165
0.3187751815161533
0.32098059517754446
0.322364727310023
0.32481266359751915
0.3273901167702993
0.3272713145779793
0.3280159467554995
0.32835388205301175
0.3295043250159244
0.3311597742357
0.3319186607341475
0.33456809580118135
0.3354612912997175
0.3357488916348366
0.33560312145703564
0.3355802902907467
0.33568886537281106
0.33442361646571506
0.33393293144695857
0.3357514670442457
0.33573794232789744
0.33520194821015437
0.33551428054192184
0.33567888621549025
0.33471034503916186
0.3346553179440962
0.33529965101131964
0.3352309557432966
0.3356744264242219
0.3352056810450415
0.334118137353984
0.33336081011218005
0.3329194561149454
0.3338379886455881
0.33418565352559704
0.3339451665582725
0.33331334487135356
0.331812453298539
0.3316254171776209
0.33021247723780045
0.3303822988487891
0.3318964084377043
0.33163993894324445
0.3301385659804133
0.32981127074342986
0.32829910316135874
0.3258348837155164
0.3249733810286509
0.3240213445929358
0.3242847404194185
0.3241976943976347
0.32381148380001795
0.3230226121785633
0.32214611365014173
0.32080924298309405
0.3196662480759625
0.31911892399172687
0.32009880861169415
0.32084608721613883
0.3217078364186314
0.32283279610762683
0.3219635332835217
0.3229824539980061
0.3242355125887996
0.3248779354129493
0.32553122064796025
0.32700922390195225
0.3286020688574669
0.3292604046507542
0.32911770035247284
0.32888275332450745
0.3286591245603508
0.32905447470181376
0.3279149578668398
0.3277043877475515
0.327041753398491
0.32625714133021816
0.32655717457455385
0.3265466119201656
0.32753536420056556
0.32682004251808366
0.32514033496545125
0.32474810981106905
0.32380197316495796
0.32322298107756803
0.3221460174258638
0.323075673995826
0.3232994304679163
0.32276480220687753
0.32150612049438515
0.32032781208896605
0.31691116968173816
0.3133219921076057
0.3119310356113727
0.3103145924629428
0.3089771798598033
0.30738947154075313
0.30673739786731574
0.30385720391715126
0.3016368243452477
0.2997887040651587
0.2979881384665185
0.29565720046170296
0.2940463932747518
0.2914072893930383
0.28778622621666805
0.2867870418503769
0.285965372371026
0.28268173445339373
0.2781415446500863
0.27585461599286315
0.2728183619079325
0.2692798902663822
0.26731742890630594
0.2648812633096912
0.26346209872145765
0.2624467805404228
0.2606792916207186
0.2583830899729724
0.25549100598455843
0.2520994411205247
0.2506073662068312
0.2482028718614012
0.24662017105458314
0.24541355044771387
0.24484447243439358
0.2437252255377702
0.24246046642375751
0.24154266296625693
0.23819422338164098
0.23446861236628055
0.23232821966253683
0.22910356332551726
0.22609647655805895
0.22437696869058005
0.2235767633304647
0.22127524625979697
0.21740986948957794
0.21381963463561027
0.21198668520112274
0.20991545445164225
0.2090966758447314
0.20864763414179985
0.20943543990415248
0.20961564664705468
0.20813201515125454
0.20631096744537852
0.20347626949799627
0.20147170063130587
0.20053115754579642
0.1998968618851918
0.19940761929861814
0.19991527589717634
0.1994912117933817
0.198626188149357
0.19810122146193837
0.19499317255753273
0.19276683637180234
0.19135958203095432
0.19038723926122475
0.1887032688867481
0.18713428302618396
0.18637214395609258
0.18599963476131223
0.18462831182735728
0.18463275160892237
0.18218815391103338
0.17998746911894212
0.17935237283406008
0.17793046032594512
0.17592266927382563
0.17555799012074308
0.17444125764260632
0.17433305812700597
0.17446657601905805
0.17271061619951555
0.171347916363377
0.1706696384184728
0.16855873903796464
0.1669028102250391
0.16507485537697003
0.16492557306328717
0.16460395665629343
0.16480846485080328
0.16401045853885227
0.16391395175814213
0.1625904957225608
0.16136201986026227
0.1584439591216573
0.15671140276063972
0.1563192116932673
0.15544704677751395
0.15718976564766113
0.158013707046662
0.15832983408812784
0.1586210050539525
0.15855492327883297
0.15821540064430856
0.1574512953410195
0.15781714047773154
0.157416129012464
0.15448079102038012
0.1537929190236832
0.15307104292308418
0.15260882855843408
0.15276359963523112
0.15237834649726908
0.15212751649922948
0.15258765791945908
0.1527613977138459
0.1536018796865849
0.15461802432072796
0.15580506968046498
0.15525441494178008
0.15665197352625285
0.15901653765070234
0.16002038933390994
0.1608431817638593
0.16185305411077205
0.1607597323702803
0.1594228170967782
0.159310892772343
0.1593982924419403
0.15899373867355265
0.1594794327854577
0.15949152235904074
0.15962802847402735
0.15958749937902944
0.15848808183470936
0.15513159467763563
0.15350660152885728
0.15146026078852043
0.1506816791928065
0.14873403152004958
0.1488708052973815
0.14771953752828718
0.14708720570897799
0.146062208802766
