0.13161135297539336
0.13128145911260947
0.12962121525466086
0.12894029878633095
0.12741830645229585
0.12587539118066313
0.12378126721285647
0.12315558236781046
0.12184107759588517
0.12012453321952214
0.12046597131413624
0.12045426711867842
0.11894056240040199
0.11714488912008096
0.1153362794981125
0.11523575128646549
0.11685804223590975
0.11779526047459483
0.11919781840824455
0.11887089075821997
0.11857420804834069
0.11956366631535806
0.11966820821479529
0.11996394599234336
0.12451820492672996
0.12843534558975317
0.13041699105711116
0.13157093172479908
0.13498905728414198
0.13869648282549946
0.14075138989809668
0.1417645574244
0.14427894941921426
0.14713963160751453
0.1492171044389615
0.1517224573766795
0.1519176253824232
0.15582071679119314
0.15748873105566813
0.15934480996194234
0.16067247000207802
0.1613100754432502
0.16187840425673086
0.161394044541655
0.1609122747270231
0.1612160910375027
0.16036092455692313
0.16249182986173796
0.1629350044746893
0.16310254626927395
0.16277913031392796
0.16207626650202964
0.16306950423979977
0.16449515189791133
0.1661548494768223
0.16672664485981842
0.16984086976837356
0.17255003919583434
0.17504099204432322
0.17651461525630358
0.17634901262244843
0.17834687540941013
0.1776041209533465
0.17721837920744063
0.17709596472138042
0.17743539661480823
0.17750768401402053
0.17671698108552583
0.17547470537557544
0.17556052823089047
0.17371254890214566
0.1736684073180336
0.17442804415035762
0.17493032127452085
0.17414115821995993
0.17250890730425406
0.17030317834705982
0.16853697919564692
0.1650623911733196
0.16330941173458507
0.16016213413859928
0.1592493816119242
0.15513558266501504
0.1521817265870022
0.1516114640740988
0.1507619401034902
0.1522144285371704
0.15390016191433836
0.15590270890959937
0.15843132909156785
0.15843024115319917
0.15920790174727403
0.15909883868293176
0.15738275329354215
0.15387734061878328
0.15283425734524622
0.14956468296060016
0.14794841844020543
0.14801916250161823
0.14761528376005897
0.1459974175107173
0.14251502748320016
0.14128665181697758
0.13760445013043202
0.13536958998493448
0.13163253051093632
0.12922149698812704
0.12980191322298681
0.13003807541016785
0.13239102422476884
0.1330515589668003
0.1358336745332046
0.13635271345517178
0.13829673033559464
0.13729973476805885
0.13597553994613487
0.13668506974650457
0.13695361067022255
0.13685120780739998
0.1374148877114408
0.13807063497231004
0.13992099727844212
0.14184627196689895
0.14177509761268953
0.14193134721296832
0.1424750505035898
0.14194624352359975
0.14289682700208362
0.14553346886007898
0.14811501049322012
0.14864014405333467
0.14982858794846537
0.15062129695612375
0.1514654799207499
0.15273140798869553
0.1528911275537768
0.15302804693805244
0.15149260083933253
0.1522136095472788
0.15170254596058871
0.1513164662684471
0.1511074340203145
0.15119438448480033
0.151223206367454
0.14968849144538768
0.14862868467201504
0.14797680441178293
0.1462993740301704
0.14287379190885582
0.1388743875082873
0.13637952731534594
0.13542728639349083
0.13371674299594138
0.13308258837249679
0.13442407025954367
0.1353977662817341
0.13661419406860414
0.13723524525491318
0.13749262619426003
0.13789527622281506
0.13625297867174951
0.1358042519332257
0.1344670097928489
0.1330941446207421
0.13433157955893354
0.1351712572685652
0.13672908885105164
0.13695294871461955
0.1376874849152417
0.1421547468263549
0.14325378860458185
0.1477202711339074
0.14888296163464793
0.15226729649325618
0.15251680330315193
0.15076722105441606
0.14978008619037053
0.14927581879181567
0.15178599043949867
0.1537825053803236
0.155464743505096
0.1568349772959846
0.15413554609682895
0.15197196897541052
0.1521137595254452
0.15393831702677635
0.15430132485808717
0.15587410900315293
0.15630093607182735
0.15699201223094933
0.1565544164515166
0.1572239578849121
0.1554262338331882
0.15174862157335864
0.1503285406366663
0.14386548798856164
0.1393739146551653
0.13484508391327205
0.13371117034466237
0.13009371361743619
0.12737898882213936
0.1261834520966034
0.1257875970929708
0.12626052574005897
0.12811149854320072
0.12846265527901876
0.13103316515238056
0.13485287886874633
0.13762655670602536
0.14012078774060982
0.1444339209210972
0.149370323596985
0.15384500883593138
0.15457994525122196
0.1566492935173136
0.15886947254907294
0.16092928225664002
0.15967832163974605
0.15888842258096053
0.15799111744878896
0.1566932836640778
0.15601823462759473
0.1574911069782728
0.16030761160735724
0.16371896325780422
0.1648891529553222
0.16649845785430142
0.16543620681862573
0.16402155141797986
0.1616227531782754
0.1605793044527511
0.15948668927389673
0.16193471927699912
0.16079971899811363
0.16023577066426758
0.16068786243352345
0.16020259469947465
0.16027572063280418
0.16060060509542157
0.16109997210159643
0.16145233353689944
0.16064687976093076
0.16069465190990123
0.1602316108621902
0.15946605790518628
0.15992575412926988
0.16066754187800975
0.16094952978243646
0.161047278506552
0.16058978513749278
0.16002669409842146
0.16036678841408425
0.15958852567274817
0.15881132963747532
0.15854621202312508
0.1585007943908682
0.15878993291991994
0.158432489494146
0.15713629107441224
0.15653895424850067
0.15440567980779568
0.15430572145544758
0.1542404087149749
0.15508112805989055
0.15718658840667915
0.15954293454232907
0.1585713821812828
0.15772223887687759
0.15711920947981145
0.15675878957201084
0.1565505352849766
0.1578590704999311
0.1594132106386271
0.15980255251718908
0.1594586440135135
0.15761361574045357
0.15595826644188324
0.1545739368285583
0.1543276488730158
0.15393960493488432
0.1531888810503281
0.15044858275153525
0.14890876170286646
0.14891389237903582
0.14647633418316844
0.1455162674911247
0.14418116977834255
0.14385819599409158
0.1439200204807252
0.14333483154668217
0.14394144207584783
0.14370536655593255
0.14332084773933176
0.1420047788798932
0.1425281583071298
0.14057481943474306
0.14075905903311695
0.1393614574338416
0.14059026731270846
0.1410613248753766
0.14213805616773262
0.1425229687460456
0.14294625023998778
0.14439244316672478
0.14465618288668644
0.14631260461745935
0.1465953563868793
0.14403897998612164
0.14185655523833646
0.13941994259982488
0.13761243452366245
0.13341051041981616
0.1305903416844826
0.1296644344589809
0.13015022813742388
0.1303535100095678
0.12994388998493006
0.13050540147709974
0.13072344834837102
0.12994227029292055
0.1288511379890196
0.12604450528421118
0.1246300052561975
0.12311400715200113
0.12206147365526272
0.12076230556573367
0.12006373790463029
0.12017442681684157
0.11917383789986788
0.11860241555052817
0.11661722031036972
0.11687036302918838
0.11598685460283778
0.1128109396651511
0.11054042884007327
0.11052459070804269
0.10993057452645405
0.10907958418937262
0.1100204708064038
0.10994656969085707
0.1108785129282267
0.11095135907964548
0.10943561059164267
0.10562042065449698
0.10383580973404391
0.10042094135512616
0.09870368201043397
0.0973964238550009
0.09828843286961478
0.09804537349296069
0.09868863762695214
0.10105394513868879
0.10163603278021331
0.10179809455814674
0.10105438318584037
0.0999765205416805
0.09829538305761282
0.0982497677276033
0.09834276612900451
0.09865758381360479
0.09917878062140953
0.09872748925371241
0.09922463881394755
0.10117731156526207
0.10230684764525569
0.10390950765769091
0.10386792265676012
0.10477170127445971
0.10550159661040046
0.10578428198723859
0.10699992882806841
0.10688077395364795
0.10717944321969966
0.10664728351900858
0.10600711498044509
0.10899054319124823
0.11022302342315768
0.11246647808157553
0.11406055267892165
0.11666137548783354
0.1177069031003318
0.11970039762546687
0.1222055872054207
0.1246387936252394
0.12616008249358135
0.12842807286217411
0.12853251672840363
0.1304371022074326
0.13126927152775997
0.13160939036611324
0.13116856362671958
0.13089899493601934
0.1310409885687831
0.13124179878462952
0.13065891821876702
0.13046559698684013
0.1281259679347982
0.12781513022962648
0.12827391085572987
0.12865171827614316
0.12783480346658685
0.12494565843560759
0.12214306957362508
0.12073122366837497
0.11912778143307116
0.11642982068603214
0.1150519463743908
0.11306276929676633
0.11217397210250676
0.11238331613396871
0.11238850077747616
0.1130701897984859
0.11272506331777402
0.11199724081986809
0.11259857903357547
0.11277899474844985
0.11208780230319344
0.11199621445680522
0.11201053830327032
0.11157678048435189
0.11140406994100951
0.11166238650780351
0.11124266063431429
0.11272722170108582
0.11269073425290119
0.1135641168639091
0.1152416121698426
0.11603711784983226
0.11740250635041974
0.11478572948234023
0.11461203632218515
0.1148036036559261
0.11319787442324687
0.11287836118225217
0.11124607631082732
0.11268236369188553
0.11342183208949738
0.11320225786510722
0.11270754081234342
0.11261367921039564
0.11203651529264125
0.11039714968640675
0.10859799271155005
0.10535168598933446
0.10362320069325925
0.10318793394530638
0.10322517061617806
0.1031780370032159
0.10431926191066561
0.10536420347509905
0.10513236053814959
0.10496638721881339
0.10405384069479315
0.1037877015358818
0.10335243118018167
0.10144949448040748
0.10053545363615372
0.0985994185498657
0.09814765253459307
0.09875612732988841
0.09860941914631728
0.09977206264147195
0.10043284326880127
0.09955733975841917
0.09853449381537317
0.09714696167156754
0.09892863470710539
0.09872710748904207
0.09877768684460435
0.0989993883996271
0.09576386884976185
0.09368743836655183
0.09385010779155208
0.09119964943440872
0.0912920504282839
0.09407350915304358
0.09863186614533018
0.10108935077004721
0.10185667162387206
0.10200687357192939
0.10071572772731477
0.09918208913838142
0.09689933146925445
0.09677294877115766
0.09555969865971428
0.09530140717328764
0.09601825308754929
0.09586262587726788
0.09554814158187183
0.09398341196480946
0.0907523448296262
0.08848635931354283
0.08151651748136057
0.07857551157980032
0.07435475172224335
0.07265349974768294
0.07252548629466722
0.07386753084397443
0.07612225918047769
0.07870345360617556
0.07831373975019029
0.07968146161691833
0.08061150482774489
0.08067025694695211
0.0805743462932527
0.08079562600602805
0.08049344034321951
0.08279380227611292
0.0858547158615315
0.08733426133228708
0.09072933024060599
0.09354444247732088
0.09468717461232337
0.09862026186024757
0.09784414848251059
0.09814379176059648
0.09796038688928982
0.09847364333647546
0.09953150962623641
0.10111386869220244
0.10462884119276734
0.10624597532028948
0.10853987444035
0.11108870827345377
0.10762128324724034
0.10823309157522257
0.10414369628949245
0.10425446528452664
0.10395035240072374
0.10572104214242166
0.1082654460525649
0.11046478726723359
0.10591483106928626
0.10558968268257465
0.1026090598587075
0.10317943687123357
0.10387123256239206
0.09913237719487952
0.09810667863149095
0.09610284398921323
0.09591238104027452
0.09350699950174848
0.10283021889899187
0.1038061663798036
0.10431035151540555
0.10382319229470427
0.10446379849577384
0.10382375427222337
0.10390263017787213
0.09947248787449228
0.0987513195455629
0.09724934692567574
0.09655137015066853
0.09666036984344636
0.10099004568119527
0.10254879600998099
0.10431433135547778
0.10583660322846611
0.10668297151508507
0.10736967678245854
0.10543673767034219
0.10477653861994125
0.1050069820456762
0.10593668327639119
0.10573692422318345
0.10805710441651159
0.10843478045700801
0.10920650236785776
0.11097641608867226
0.11024545796229204
0.1092043997338596
0.10818670163170083
0.1053650811224072
0.10218266991879596
0.099635295074092
0.0977954494963058
0.09628630227230031
0.09521990344573514
0.09456324813734476
0.09276310080930422
0.09134552290007672
0.0895074782201964
0.08854207886229004
0.08827207215154964
0.08784780511214099
0.0886035011190618
0.08900565468914144
0.09004441247110373
0.09026934207853674
0.09318361514233942
0.09360571759573419
0.09410805619998626
0.09367502103352328
0.0929392082411733
0.09240739124816075
0.09193991052707061
0.09206733145025166
0.09312737694013831
0.09488376315204829
0.09933969546015245
0.10058691696404876
0.10031034705431119
0.10069473163137363
0.10222880530195473
0.10288961726662545
0.10220001546898942
0.10257341922233087
0.10094473230082524
0.10225371649682129
0.10597414079576191
0.10715440161711483
0.11142799556670051
0.11351823669801513
0.11567624377216983
0.11838288911409971
0.11990407866798332
0.11999005535343003
0.11937539129482326
0.11815598323713014
0.11725987491849332
0.11756802951066332
0.11907836410789552
0.11923643150826342
0.11967184697471751
0.12072067458958699
0.1202487755847167
0.11980875412218508
0.12038552259916055
0.11961501343481888
0.11879932182246045
0.11983957724742408
0.11975263470044387
0.12062005178474636
0.1213046987940137
0.12068617125228587
0.12017218631135232
0.1216581639906075
0.12156644955757649
0.12087051851090166
0.11940418706737037
0.11895914913171297
0.11794285799185153
0.11737011203114403
0.11636541067422387
0.11634539811578792
0.11816747305940281
0.11878515776617762
0.11876609406228167
0.11939446197076582
0.12005090495997131
0.12170943959559113
0.12443435958639582
0.12523071121548435
0.12570505838177995
0.1279123230130068
0.13017447099145135
0.13267534112798351
0.13396225304914897
0.13438086082968564
0.1353480593531855
0.1359863201681343
0.1357588884168129
0.13588359030582073
0.1362279627675138
0.1349070872694143
0.13444876934810746
0.13447862684600778
0.13491771471636882
0.13519061762099197
0.13251431700873048
0.1316302529854452
0.13290702155207487
0.1339525857391193
0.13519717628458794
0.13532082432700396
0.1341970844855755
0.13341811717178886
0.13439584245491246
0.13377590047980234
0.1323193548955848
0.13121600585544607
0.1310391354526583
0.12908030028345896
0.12786344892314844
0.12676435834312055
0.1258923198450524
0.12462306223822954
0.12160241384818973
0.11995905243489946
0.11878866600666034
0.11353785448181652
0.10978368707613631
0.10572227091548399
0.1025545807604217
0.09724417185284182
0.09940212633864849
0.0915260938774635
0.08789387764715728
0.08698595163576088
0.0853293020707859
0.08562224206657185
0.08546718642630462
0.08875795049503123
0.09407573954207035
0.09748083126094444
0.10213604104794441
0.10712405014248116
0.1118378056539153
0.11804489374645895
0.12295887395571192
0.12414119866328747
0.12379788818209289
0.12274970669588832
0.12389345626267664
0.1254875147275338
0.12741394333965575
0.12891028810043764
0.1303256770113362
0.13158188567181617
0.1323507319756705
0.13265494295731864
0.13248037754618583
0.13302821688246974
0.13346985241972603
0.13345483762622581
0.1312304868527696
0.1291830924414906
0.12713645326313106
0.12459252069098614
0.12189991331231238
0.11960635466994166
0.11672547530823096
0.11517937547622334
0.11242263292468113
0.11399274154726653
0.11906057967578713
0.12473082153677986
0.13015262960979568
0.13611247011786304
0.13825303465917396
0.1449036981730259
0.14581859846236966
0.1460926660186174
0.14708280542193672
0.1510508341470703
0.15532242948687106
0.15605539135370422
0.1597389459144884
0.16009144540133877
0.15932141951840506
0.15948950421600477
0.15909670977493148
0.15646797780295668
0.1574589454823193
0.15868505527069632
0.15908052079887358
0.15690701286052552
0.15567372833338874
0.15581244676250702
0.15576974936505933
0.1536588555261359
0.15251801038045745
0.1505576790028969
0.14530059333991568
0.13940509980057805
0.13586518862524316
0.13184117101967857
0.13052706649411921
0.12929577504466144
0.1307987762149522
0.13288733837424604
0.13582473872977324
0.1382686428125298
0.14057632808550927
0.14637785619177465
0.14754456559076037
0.1469831153326527
0.1475346149117337
0.14460930061249958
0.14402940388708887
0.1439598762301434
0.1443422340756899
0.14367165328859044
0.14114404563008928
0.1389478017711715
0.13867365098555037
0.13560469379773835
0.13425680090338835
0.13256309518415002
0.13444255406719147
0.1359724374072423
0.1393779834115803
0.1431637557286985
0.14776046567730147
0.15090329066073715
0.15649337317249112
0.15672211401687114
0.1565774734118771
0.15794717858778307
0.16022285797523755
0.1622603278985383
0.1640069904765805
0.1651935031207817
0.16647382552272094
0.1671455624509282
0.16793734437186114
0.1695959795769689
0.17052940301541133
0.17079942770554604
0.17088335579709826
0.17126383583911903
0.17272277304386713
0.17315468814752313
0.17098039167204235
0.16738312663927654
0.16463805742677123
0.1636533959717416
0.16043408056759742
0.1575829227455226
0.15693053117038416
0.1562410956329881
0.15607467510740788
0.1567780778129116
0.15645042924570493
0.15192564886584353
0.15044633191627516
0.14869797347639474
0.14752489460613888
0.146708293160861
0.1467225222063852
0.14490950241737333
0.14028685850175118
0.13868606731789132
0.14005743529297354
0.14516116997347478
0.1515757486799456
0.15567082339898836
0.16271182983292437
0.16753062896281662
0.17163090758866414
0.17156633215690476
0.17000594513766468
0.16597731274780064
0.16286008204038693
0.1583103207870682
0.15908642336215467
0.1610070159689765
0.16248117793740052
0.1648917597445748
0.16916154712540504
0.1712355430723303
0.17470550504793142
0.17805037861063688
0.17689233607800098
0.17567763478338874
0.17493887167529829
0.17128228641499843
0.16639598573932682
0.16371246329057665
0.15676991047071145
0.1500147463121336
0.1457168434536664
0.1436975033413696
0.1381905925191368
0.13610450371089067
0.1362183827592171
0.14058208270154587
0.1431523132776312
0.14886093620020574
0.15300872947638267
0.15868140925165075
0.16135334036602716
0.16154665634213436
0.15998403074056547
0.15822158300755435
0.15787519933707855
0.15702543954992035
0.1600297100182564
0.1624987675855435
0.1623391743295774
0.16113253681075856
0.15975124786622227
0.15844470627801585
0.15572726463817507
0.14932944756650687
0.1448505502451599
0.1428504530783758
0.14193346508538832
0.14151953594458702
0.14207103817378117
0.1445751250355078
0.14527142272399102
0.14734327726086532
0.14680190521342373
0.14410631083328668
0.14114759411080355
0.13858874710963973
0.13744132118778332
0.13587043404819993
0.13598850561381287
0.13887912057947263
0.14152114302057833
0.14115147754614404
0.13955551451891546
0.14101054156311787
0.1400725824709646
0.14123315227507682
0.13916137043105817
0.13506319331202812
0.13327543232656922
0.13311189203751128
0.13303450273085674
0.13392446925034948
0.1351266652228908
0.1409740225013196
0.14545466794650128
0.15005463808067526
0.1524013542920478
0.15305120154546895
0.15240609365859165
0.15251689703538587
0.15151185561055874
0.14764717419896586
0.14605323908958445
0.1459699100702365
0.14759103550366084
0.1480748797899012
0.1484060677355217
0.14878821579846166
0.14911869105717754
0.14715735751051406
0.14211601733370255
0.13550347341787194
0.12792351739096045
0.12179500678547568
0.11763637224897468
0.113567849095161
0.11194863659594141
0.11240011419061051
0.11439228877033067
0.11923970030989535
0.12425538646689635
0.12676684681688094
0.1316511376424244
0.13450333282060967
0.13574740444077135
0.13660711894348634
0.13631071771071124
0.14222954641462326
0.15013799891219945
0.16012819280219145
0.16514743750326816
0.16662733606387178
0.16963303954885972
0.16928553769217114
0.16777531905466475
0.16706401235321394
0.16043836717156879
0.15969096959698936
0.15840180522808647
0.15847082489261743
0.16176316679809535
0.16921886478904014
0.17144114543270497
0.1741728681599936
0.17360319442766398
0.1731996922909928
0.17076667734601436
0.16977413056160584
0.1633343568507422
0.15765774165127838
0.15296961834435577
0.1520041138554359
0.15242254067274785
0.15356253708988957
0.1525655936178123
0.1530605449388665
0.14936706426840735
0.14743808866900493
0.14463836253305426
0.1423740625236067
0.14370628004362865
0.14611014222117483
0.14748995892853903
0.14949296107522325
0.14744826428579638
0.14822694437145795
0.14686218914947238
0.1475789875479912
0.14834767012915143
0.15221707332086282
0.15456844426090438
0.15684569104359514
0.15668162638065145
0.1549283850895838
0.14856933523834528
0.1455004403473326
0.14316082110310882
0.14053737886639614
0.13487472795857472
0.12771590839681615
0.12533002150448386
0.11784582010992425
0.11229931226489576
0.11130619099462732
0.11078399131626385
0.10766817043524732
0.1089225183677415
0.11396160022648585
0.11775997445166961
0.12464958263963007
0.13343352462768387
0.14121754151725247
0.14410308868376093
0.15034417089770993
0.15798998958476013
0.16155676543746067
0.16879824925037676
0.17244384953677425
0.16872356906091968
0.1658964106711857
0.16701969444925063
0.1680251649093128
0.17000637380081868
0.1710595714424979
0.17473039020932102
0.17582644583533846
0.1754215358510046
0.1712153381337218
0.16741421970392753
0.16423940089862227
0.154370783431441
0.1492313014197445
0.14760719315354792
0.15001012920894746
0.15219206451415462
0.15821957974950612
0.16281510299467297
0.166471611175277
0.16877823858279448
0.16976443890398846
0.16886501332452153
0.169005656783133
0.17018705952561813
0.17095090172939761
0.17042111641480226
0.17052667538809033
0.17004115566802233
0.1713126516963562
0.17201754157798751
0.16867329729764197
0.16549620191364242
0.16408518340964623
0.163377173030301
0.16350105747102833
0.16802270768070957
0.17130257570014376
0.17109684340810122
0.1702872473635109
0.16842282650155668
0.16747924583238125
0.16433678139648839
0.15927637503317485
0.15283078760404392
0.14905573797665436
0.1481389160526346
0.14741415833135896
0.15041562490991164
0.1484347304571227
0.14435677279929815
0.1411926916626579
0.1377488669218273
0.1360538530902375
0.13709806757803403
0.1379744091269881
0.13573226389868268
0.1360152499132171
0.13889496999355944
0.14105731125975468
0.14507341199431267
0.14734582004700073
0.15179571635138117
0.14738543198313142
0.14647534291207742
0.14494530878278936
0.14501379902121764
0.14766546121389212
0.15204671703117015
0.15759933350188726
0.1553980461174479
0.1539659181739287
0.15255110888029175
0.15222170286716322
0.15281761035044153
0.15094853320219817
0.14196618706621425
0.13386666483701912
0.13080179686389073
0.128328135820005
0.1281396255826064
0.13303447022457737
0.13728228256196492
0.13602270615713288
0.1342700205939234
0.1349378170502952
0.13600026002857965
0.13927482890283874
0.13073094050372913
0.12777610033986714
0.1254585979375671
0.12416869602239093
0.12305893013237276
0.12129562735649599
0.12029908919702854
0.120099796020955
0.12105353872531358
0.12007549879553633
0.11751775797051253
0.11642174493674173
0.11605609519748046
0.1090833737430739
0.10148624224420352
0.09725511102951287
0.09712647833475471
0.09922438085666266
0.10503878488050948
0.11400629524327859
0.1165892823911621
0.12029110419655704
0.12192816873336357
0.1174677834011975
0.11657284289110459
0.11829864366444917
0.11864972912324626
0.11779285087275279
0.11747055195277001
0.11629132098111132
0.1160085366469394
0.11669676802209232
0.1169500529421251
0.11992494205176629
0.119718830423193
0.12043345210237184
0.11841725135617738
0.11895448601433527
0.11529166129504295
0.11403203959311861
0.11280138869640896
0.11152615037002263
0.10901308307233029
0.10721552195311186
0.10389195150985409
0.10178476163852682
0.10013439312979193
0.101056454439993
0.10268801078434608
0.10083679327346015
0.09853256186108196
0.09530042751805422
0.09492495047144231
0.09662234954315288
0.0980178455721628
0.09927087654742739
0.09984943717982124
0.10043788598803909
0.10134427878630115
0.101381476905585
0.10214784726436554
0.10227366267063243
0.10350652952196779
0.10425369813552923
0.10145491483427124
0.09819499785608801
0.09788086431595158
0.09732586046698573
0.09793952422164483
0.1008905200432904
0.102512924325915
0.10381863262109584
0.1048520632436345
0.10574115368321926
0.10618650979306435
0.10574899870777595
0.10649270718267663
0.10992408272455463
0.11040680937032354
0.10984982582646426
0.109246383405572
0.10908259646895598
0.11189768281853396
0.11292638812530457
0.11726700184506045
0.12192614098336467
0.12418616193255139
0.12503212178217757
0.1238551068275682
0.12223964774779113
0.12334441344048024
0.12403252783363669
0.12646230543033482
0.127387929470646
0.12852549064868585
0.12900812817346824
0.12755222132675847
0.12727137426374474
0.12813399206248194
0.12864059856986432
0.1299939367074335
0.13187071726133848
0.13426588180142454
0.13587309679927392
0.1391273069102962
0.14075870695275383
0.1407133637947316
0.14256387536472365
0.14368255104186906
0.14515093219442682
0.1473998024914866
0.14955030534335503
0.15059615950710048
0.1514773264731503
0.15230452025985944
0.15394645187669959
0.15437754407789525
0.15782654307531538
0.16123747030967098
0.16339362940103147
0.1644243422234159
0.16195798446797796
0.16085256266312453
0.15861061595432052
0.15679098000356806
0.15726353382102903
0.15938962856084277
0.1612747951164209
0.1624596902404989
0.16206784282020475
0.16088904610729493
0.1606040204072194
0.15778999874282246
0.15704919736202252
0.15706953803269902
0.15535056482763068
0.15390240315695322
0.15037039383997292
0.15004173172766402
0.14905545744935228
0.14861600893079235
0.1484734075991178
0.14843776002130604
0.14809783404331126
0.14823717401923425
0.14720100031838607
0.14647664289277085
0.14583192741437198
0.1441628978448044
0.14463053544361718
0.14522908557756237
0.1473885791641239
0.14902418958023494
0.14836342265626573
0.150519833295707
0.151307948581137
0.15256000710491666
0.15307892321435407
0.1551994405497435
0.1577953576230717
0.16008530237917057
0.16135987796737808
0.16311700476151464
0.16298524179900054
0.1663570224508792
0.16715477279042537
0.16865064726423
0.16967509025694963
0.17228016689205314
0.17285389837646686
0.17353980248404427
0.17546921519878408
0.1734270490691755
0.17164828964058335
0.167757787284815
0.1651205859772495
0.16464466068692163
0.16182574932089203
0.16131801961761055
0.16057910257011337
0.15745241038989674
0.15570046162435194
0.1520780202044933
0.150064490926964
0.14836689422805063
0.14596608922946097
0.14466012682886714
0.1441432366821666
0.1441003433129418
0.14196859269458675
0.14023720075271076
0.13855446723084924
0.13840086217240938
0.13691535353040418
0.133882207312931
0.13470149321971941
0.13198372189604926
0.13053422686314906
0.13162513345886395
0.13310084368238317
0.13503802800665782
0.1372059989943919
0.1394152918663481
0.14077043478506773
0.13905596175123325
0.1394459901545905
0.139560681181354
0.14025397132547754
0.1400971115484581
0.14081524061444495
0.14220298409261725
0.14364423646524765
0.14464990089252344
0.14368682387420292
0.1402537071105457
0.13761674796842546
0.13606057306406155
0.13402911691844038
0.13290028199763948
0.13326972676303198
0.13540573761892838
0.1353701585992599
0.13546710632795467
0.1348275318615027
0.1313382128980468
0.1284299054318744
0.12928406256305086
0.1319310946744408
0.1345912760407911
0.13887067123238214
0.1420901059699932
0.1429536356140193
0.14209066835016895
0.14243669222158578
0.14527414815707004
0.14690735045259293
0.15194613019510647
0.15307080627902298
0.15848861184977564
0.15960606631463686
0.15778193006157343
0.1579677037229778
0.15702211883094455
0.15779480306933838
0.15821135681375073
0.1607745059529794
0.16398258664789872
0.16285887586130973
0.1621274980337606
0.1598832391196414
0.1598366927362414
0.16005540686703074
0.16149318424146403
0.16340618211236185
0.16467822044949565
0.16727974975289672
0.16590787826785253
0.16463471912620833
0.1643748053119682
0.16813084806245232
0.1723503320744741
0.17466799050975598
0.17666620550189743
0.17514199913946094
0.1744544916846347
0.17303388986769186
0.17170652163229994
0.170774693372291
0.16824105118198437
0.16735738191831576
0.16691468610910326
0.1666125643257941
0.16340745516834415
0.15969145145829003
0.1576830781930156
0.15703440881490544
0.15076896001688977
0.14845123372997038
0.14406545278912072
0.1413631964254828
0.1384926456043895
0.13524066960246217
0.13321908688691148
0.13300133899300276
0.13151578588168727
0.12937670567839404
0.13013851777264748
0.13457613211044034
0.13767868398527958
0.13847720591726007
0.1387205367407724
0.1382641740872602
0.13731210812900665
0.13799340384561545
0.13770270571155172
0.13846140362618892
0.13872904353580146
0.1378129601568654
0.13404582331110038
0.12987288722150483
0.12867072717952133
0.12844653894225697
0.12786121215386043
0.12896275947894226
0.131238921747055
0.13149273715942006
0.131560295383697
0.131034125103564
0.1288393035363888
0.12968737906637137
0.13019637097095713
0.13033083032322323
0.13446366994391348
0.13632928446661627
0.13598020953328754
0.13689499914552603
0.13526197584774438
0.13517827816197134
0.13521865936130703
0.1355691388202165
0.1360080507872085
0.1355681657779875
0.1361231303793803
0.1344649736431923
0.13552510244380742
0.13635655671047076
0.1372268290027778
0.14205781303571965
0.1457825603433757
0.14900839188282095
0.15134429163591087
0.1536049579926848
0.15283911202898365
0.15277403715266746
0.15353803061007215
0.15349388895127108
0.1553322974181749
0.15763438146517214
0.1574355845378547
0.15780312940276003
0.15659051427030862
0.15721134976123616
0.15769879076482562
0.1600439852812122
0.1625512136915483
0.1629866995978858
0.16447790007144386
0.1633883769164871
0.16417568368133423
0.16311156057773998
0.1610537924279249
0.16138587615175518
0.16289874216099431
0.16451275523193024
0.1629024581976219
0.16333843627311267
0.16128449374782255
0.15956445970358513
0.15782560524257064
0.15574961424991401
0.1547486469613597
0.15286332923313842
0.15172828369246788
0.15148252704262855
0.15012527777705692
0.15032780884018515
0.14988379079311123
0.14897247490525184
0.14811872239542537
0.14602747486198692
0.1433035400747862
0.14232001197547015
0.1411725679649787
0.14079645352995837
0.14146559857330693
0.14260779248778144
0.14331429191910267
0.1436911075163747
0.14441739299105122
0.14347850821234967
0.14315407532153457
0.14007444345902648
0.13923881390776746
0.13973406085171808
0.14033211199975687
0.14099964795489467
0.1388588124311125
0.13722154125391223
0.13710369920451188
0.13736520254960832
0.1361320305948721
0.13805399388742856
0.14075859740033253
0.14400016383302158
0.14260121053584193
0.14082195570634964
0.1424962825312071
0.13962592403919802
0.13864685836453344
0.13880973919510328
0.14016197112286577
0.1396612024680315
0.13847407002723783
0.13874058088815225
0.14074658446179739
0.14044260649469753
0.14053841579123896
0.14111101311535634
0.1433980637633364
0.14287552824231725
0.14437029969020052
0.14419715990326573
0.14494516959296294
0.14510838607087997
0.14326775153416332
0.14308845285901756
0.14314153737914365
0.1444068136503597
0.14662835823906256
0.1475479880701381
0.14968884053701226
0.1488435766604977
0.15073959624726493
0.15240400079193245
0.15102513076439936
0.15116537617063033
0.151796619493585
0.15241163703287736
0.15070071645132394
0.15033474634356786
0.1476723775235757
0.1464705321725758
0.14540259293452001
0.14317631293283709
0.1430960527859113
0.14148357957872792
0.13989496043383182
0.1364634234700793
0.1328697461388364
0.1330138446973425
0.1324989102248284
0.13115875824251294
0.13138892908472424
0.13085004260773742
0.1290168063662956
0.1258686986505026
0.12406163785416265
0.12334641849700907
0.12330927001555483
0.1234968098703086
0.12434118197091859
0.12316283481162722
0.12185003817896041
0.11988589758985695
0.11902572594085667
0.1173023273979082
0.11732181002457513
0.11771254829609996
0.11677425375500687
0.11549760271685741
0.1175634437900102
0.11794911424732742
0.1179797264170036
0.11931339179224325
0.1185606791744502
0.12050828998422365
0.12162980041422355
0.12538894943333276
0.12567526366731452
0.1261016200176573
0.12123924277487723
0.11687177680832092
0.1151717452139942
0.11320691790452353
0.11060954733378907
0.10842713033278935
0.10952445111891647
0.11020917562112491
0.10993867566663448
0.10896196531968345
0.10805242046872934
0.10908324119455166
0.11016970658246164
0.11097494097295435
0.10950200346185453
0.10892301278578423
0.1080856014752741
0.10712882136530408
0.1069078524734575
0.10499885775029857
0.10242792669876595
0.10108068594825063
0.0993936941575285
0.098962424971296
0.09914489607020807
0.10074292140944889
0.10125758469929584
0.1034362737617724
0.10627313344056555
0.10605070079904651
0.10641818101599128
0.10607218094572617
0.10518223360422077
0.10424851415363467
0.10386742174978073
0.10431765319142383
0.10499195591028494
0.10669238789633459
0.10737914805623625
0.1056366783715659
0.1044162220519143
0.10034642490202854
0.09698489960365078
0.09511140323249342
0.09458124914679615
0.09436313029637285
0.095390155313577
0.09599911929770963
0.09780195392573576
0.09859545151900666
0.09927007969497628
0.09749103724594778
0.09746011377731334
0.09641701148061863
0.09376701928591638
0.09535717725048906
0.09592536320342747
0.09674924624294035
0.09792324494990526
0.09740537373248134
0.09808684928473818
0.09686790758937444
0.09782727209612202
0.09952600468003917
0.0991732667439849
0.10212528932763469
0.10412580943555241
0.1041058311052047
0.10242721766918025
0.10094654531988571
0.10027830071380184
0.10083125302920819
0.10124458918738863
0.10172361184387602
0.1017067461835234
0.10012647497586528
0.09903440431606653
0.0982879903482677
0.09651581172815867
0.09654816666012118
0.09480431431973965
0.09315092652584533
0.09027758251391
0.08750911726602394
0.08677614609353615
0.08735289011524923
0.08768774680606677
0.0909672164932066
0.08984319750919889
0.08753975934051095
0.08705921374996754
0.08583789290407652
0.08434399394768413
0.08223535089593748
0.08098980429326723
0.08123211897326732
0.08040545763816528
0.07990054259102346
0.0787887049098033
0.07842299126756407
0.07788678754018662
