1.6496089787733113
1.7758238408981448
1.5367897655765983
1.5315390453991844
1.5414978668472457
1.6446454045296786
1.3932577222310738
1.3062249369037011
1.2813928845822657
1.2174770434414877
1.2756323953175939
1.3178788632684628
1.3746478447578516
1.6694261610679206
2.002296241145035
1.0919609007275912
1.057664581947063
0.8109496610562192
0.6203440013604838
0.7526646452948867
0.983820102314955
2.4809313334399414
2.4826300276703126
2.6740490085257793
1.2276465605551135
1.0517322766935737
0.9812218537146615
1.0185464715047934
3.1050256662806084
5.403676163126757
5.216548075354103
5.772347958300974
6.303334793274895
9.126006061864766
7.175037998680307
9.947839564624715
6.632036113626791
6.734867605100743
9.05829134603027
6.096754373044275
5.525799711796998
4.970843207539229
8.805219697333133
5.377630701176224
5.74820379614236
6.028513637923562
6.543364470671565
8.949102124984446
5.132324707872854
8.189080655206249
12.124536657340652
12.203355999467838
5.4080675664461015
8.656172104290548
16.423172075552127
10.476078441733579
7.167250331628902
10.441722854161728
14.783923529433702
10.20023624764265
12.970424920466908
12.44361761677469
12.629215162409386
17.683607491865228
21.481685428979578
9.302566806596184
18.11340191396489
13.923056807096533
12.966200620162027
12.166674949816587
17.964675288201928
14.778478439640878
12.316642610601255
9.136819734886682
6.2725825463645135
6.726518201350655
7.503120930481442
9.948798111542319
6.834126706025907
7.283157796158401
7.324644472133578
11.191271823402417
10.121193468956273
6.189859561216723
5.614726290802947
3.358558340912127
4.07833212927112
10.976777303828625
7.81496935018574
4.990940674856866
8.224791655122406
5.872742857054413
5.694543984816131
5.734546903412432
7.5177977614646965
4.604969375324243
4.258493206832915
4.462221025463625
4.448896981581146
4.807461676240264
8.511566311446021
5.330918726955936
5.832854451722306
5.125907539471005
7.684272962044457
2.969749792856673
5.661365578120019
4.403355698224275
3.8413208203454303
2.02200515478967
3.2209479904865725
2.6077086604904403
2.5159841726769963
1.6921476438502083
1.665898185068966
2.742122700426924
2.063085791745986
2.59867575379817
1.2895894771952983
2.408956669084559
2.0637167914333348
2.0413267583514196
2.0908212453894217
1.9616015502332698
1.7238132089730844
0.871825436317053
0.6695721143235607
0.4683416494350202
0.5369800804256186
0.7324460315371708
0.7136676792576109
0.8779749801300186
0.8205323130505209
1.263135495406534
0.8053888287844841
1.1338111539681175
1.0717023549890863
1.097926540679509
0.9435124990517452
0.9993644354907107
1.1750252534145036
1.0076856206196882
1.078692561109706
1.0780266044792621
1.0632311896633149
1.1300927974421242
1.267913586515944
1.231897632758708
1.2629057178031515
1.1643664328381211
1.5650240341230455
1.460607004599374
1.3372680544065336
1.5538497670249547
1.3902278497966774
1.3350015666100354
1.599268805601622
1.6375797655232263
1.8922389317862671
1.6744504687803086
1.8539207968572804
1.7219741735739826
1.6025754530895597
1.975543946047387
1.6024472765194233
1.6068396694100517
2.6071993102317754
2.2109759804768867
1.3796312497907244
1.8341845392985547
1.3613614147508457
1.5704564825898206
1.6266683238526878
1.0132103069141347
1.5542017450459595
1.8974666877794397
2.007856563072248
1.6272982551220578
1.6557643715184618
1.8109978162985747
1.5825685480015177
1.6943822783012554
1.889018129244036
1.3157486238703142
1.1032798874710266
0.888659177079092
0.8138256008816436
1.008619194491372
1.1385334999229744
2.0799529981152514
1.8962528711902162
2.129577713902374
1.8650234712520013
2.3512714883067667
1.8631410354797293
2.317417134563187
2.2150236374802943
2.067449289029098
1.9992547969114731
2.182249644684828
2.226483689078511
2.381024532881489
2.2844123232897067
2.6901111496621786
3.17826648347156
0.9113435199736347
1.270028104945268
1.153872677412632
1.5070990571756258
2.9874885054495843
1.3162843132803628
3.389216619868173
7.891230896428344
4.215529725424047
3.9840709098084446
1.5686744674412023
1.0186680143383846
9.897515277027164
1.3879983490334182
4.4151363499659055
1.4823657457954098
7.01885176545763
7.245283829081425
7.606540598766477
7.9313373922319155
7.9763649120504025
7.4695100226719235
6.320683104122728
6.382874235333827
9.891532014691633
9.557108525571868
11.755739223193967
8.923828309302127
10.277912688542695
18.120148428771444
10.42845699076237
6.73302332271668
4.841208194585297
2.6003038227800417
6.123159284513531
4.088260143082063
7.449671553376215
9.241048785685532
10.163767207099088
8.751599327118587
6.820035459491483
8.780779784550353
4.631767609655951
13.176777574721891
19.91394240928335
9.73612573553697
8.845770219019666
8.519066713595022
6.3525883133459775
3.4572475955227207
3.6864583954989967
4.847482858873948
4.804111360867948
4.251283329414713
22.082971263326037
18.33795421586005
17.02018995540247
12.841140245430845
3.6646663059354188
7.27690317037465
7.116177599151316
1.4517800260068028
1.5792342727864308
5.878982373401419
0.8502661044988775
6.3199504770873505
5.712117428279303
5.374208758344473
6.179602239514549
0.17761494374350245
2.991471323806684
9.334315431863327
3.154400714001162
5.268474868842932
4.227861430058508
7.569157933324872
4.408784674261429
6.420358054712766
6.867267612761945
5.593707721755417
6.6274985749858955
5.752877985755871
5.144243162751628
7.663713971682535
8.651641306966646
18.280993643054323
13.263828775590733
12.533266227269884
11.14339456969008
3.1199303130440397
7.414478779109851
2.700467755992239
6.941427716816274
4.831826041982588
5.400943147421959
4.23111955666404
4.6888924391741575
18.87121669303155
15.76880715960595
7.633012078402956
6.6180797622140615
7.2618847384334915
5.504126318159714
12.698258880773023
11.034132685884616
15.222124798394395
7.475873485835569
10.871414150163627
18.035933853444526
17.601307340720844
12.375032121075206
17.288849940439164
12.597728059815228
26.08647385679705
13.939590794249673
10.194307944657476
7.091394913516323
19.628057132900317
8.232774116139982
4.808632535241182
5.900395981955365
6.958345433530125
3.396769769516787
4.155364189780128
11.947787758777734
12.028577857219906
14.572373161691738
15.889792734948927
7.201552124637044
10.834187425537108
8.729333227228953
5.293712495949431
6.87829985804412
7.056538654477967
5.861199850039616
5.922234055602523
5.539195749076628
10.160776473967443
12.99866691911916
18.192778160069157
16.282790210893452
11.14067692975927
11.187890508772268
7.563847671843943
11.087433579190177
4.59422975388232
14.004113628734373
2.83995310515372
5.755941279868277
4.1951996175559785
2.7292195776287356
1.9723423052564015
1.6194676487409765
1.4175618330228708
1.776536942040299
2.6834921334706197
1.9483387027506267
1.8361519878193662
2.432708262811313
1.0897765813498712
1.4686075639023746
1.1277527991054825
1.514236829520582
0.872000384239664
1.1067607529953376
0.48035356127648265
0.3961698655300211
0.5460885655816481
0.9764741608656371
0.9807893461951076
1.2469116332841874
1.2102868794671275
0.752696798298351
0.4919669523147031
0.45139953966167157
0.30723834023237534
0.3741012797522169
0.3114913420072053
0.24303443053499976
0.3007721585901151
0.542976725133887
0.3083240918935629
0.30890909864182775
0.43512717038499316
0.35610116257642416
0.29699768999235043
0.4028490785792528
0.35595168103384245
0.366859663199318
0.42206196595433215
0.3396265479990201
0.4530045280721162
0.6070495975623454
0.52434153161017
0.4339025808583493
0.4415244514980162
0.5313214055577993
0.40102551926540403
1.1928615393406876
1.051117223539857
0.9272423440910244
1.1138222550227435
0.710730896990358
1.1551977180544946
0.8855900974931981
0.9533679705664145
1.2297861507358214
1.2507510245817455
1.1770037315609074
1.3311063728727646
0.922641489976348
0.8204802365834191
0.6356995063953994
0.6250775357654248
0.527605277142254
0.5179663359823948
0.6366074993120933
0.6224644587338136
1.1185280641042261
0.9862392426875248
1.1709488802471804
0.9564427816244156
1.2307776903524106
1.4806050952354322
1.11110536656135
0.6940535910468906
0.9522931039565851
0.7232480784639476
0.9939687164473829
1.10516992880955
0.8549728210477943
0.5189855609887128
1.9683203699004383
2.3904867988571077
1.8503971243201776
2.3018745598294705
1.6321380738443185
1.095533579081823
1.0781406673277254
0.48831429810675486
1.081948886086738
0.825103968401897
0.8196277624306767
0.8086050843150211
0.6898449437016869
0.4209208785375959
0.29316212608112024
0.470205584003571
1.2680885811059421
1.6500068388645204
2.9763815438699472
1.827507902529005
0.5133032400350134
1.8543126670938268
0.5621588516271527
0.8342926291395187
0.8377678698095501
0.779367950151373
1.0229751447311748
0.3988435959251577
1.116297931177803
0.49143991768954204
0.8581531319337031
1.1778183700035552
2.980629336364905
1.524891127917909
2.0678184883608575
1.1523423130053358
0.7005062951363916
0.762027216752154
0.9818047524809644
0.4935682976901806
0.4778892353389617
2.523620139709519
0.8711519129626248
0.5525357500393041
1.040339613592557
0.4431731348076816
0.4014810273877917
1.9544967403231355
3.9448779894106907
3.0232445540292177
2.8438925438411244
2.8382595553925825
3.312613506966109
2.2036755355839515
3.105747916005072
7.750388594160806
7.408482912590711
2.69041595624923
2.6886154368691426
1.662549297702764
3.1859532237528567
3.3183534991133485
3.5594913654627502
6.426262035160461
7.331922984413266
5.139915096217459
7.342596346220861
2.3373942409228725
2.1023758047734735
2.4269081622221322
4.521551387264528
2.5834283086350434
4.9546121714426405
4.598058057070216
4.652655319709996
4.077994956811032
5.112635740720531
6.862921772611871
1.7334441605142956
1.9773103525074234
1.728312307041909
1.5716077691704395
2.0405382477896126
1.7639523933399672
2.424427337545208
2.5313539818541635
2.0664121286250774
3.322897767219179
1.8253460108517807
3.1360662832036033
6.107437389772316
5.9354230545592
8.165486670357373
0.9543310068686341
10.43113532779207
6.08229158286181
3.154952318770288
3.752923250446744
2.1404462536194666
1.6151483211243332
3.7810611036377964
3.824565112307764
2.960151165741924
9.194998919442966
4.245307074323441
13.451380568237548
12.590691575660545
4.661474268296017
1.6278127916576655
3.471464079212926
2.8433511464018393
5.227189097001917
1.2133730935101137
1.2184800070086617
3.270792697931539
1.3278983071838788
2.638114101994793
6.902600305900779
4.766948044886803
5.350703020665834
3.950288401809478
1.2156268070611227
2.6533237606483264
2.840260468374792
2.5354729152746396
5.619514594662432
4.965074968726455
0.37063241399076335
2.649255651943297
2.780364703066019
0.8634284931689876
3.028191287240047
3.270352825015697
6.918685006459876
10.640069704922476
5.310336337209445
4.817963275386576
5.449979380084178
4.32327174979437
4.8526847906085555
1.7019220981791814
8.34932196799514
5.518712562294933
5.442538933750528
4.702869329488484
5.148712861906227
2.357759232191622
5.317890005566122
2.4163907298551863
3.0337974085233848
5.448200355290469
2.443046226801575
5.3570144483375675
12.064424186683613
5.185185517975674
7.935160543359558
12.264764987008874
7.4545384035189555
12.344092316442811
8.427221399662358
12.46707160722024
5.237213547083366
8.086998493203057
7.914852263271459
1.6682241465133174
1.4535074639167784
11.066898331415986
15.66539414615887
12.745552228243728
15.806290433274745
15.661608254535452
15.933272831155307
23.85900485358685
12.26339364809289
15.300783648535091
7.991713778976755
1.0734330212829017
0.6595855233199304
3.9709323138897856
11.13047956698755
14.673979671321566
6.440218950308231
6.30101313216097
9.848888203911965
6.345711334141705
9.70089805862011
9.224789931884219
22.902809200213337
16.603981807851756
9.665375972498268
16.1872023724432
12.961033678175642
17.865009628350673
6.338411194766329
12.638065356841151
9.437143155176837
3.5349751601496613
3.4725071339376674
1.3826910348894579
7.1591263826389335
4.414716520243757
3.767521000397197
4.482102579215588
7.917468666425703
4.501726671478066
7.6640685432198605
4.382330584750043
7.270499936909614
4.9592335513004695
4.516956542149559
7.752742119662114
8.785181635234379
8.28027285467702
9.373827158972464
6.588619511619775
2.984749599642094
3.219066310018243
0.2282178661683283
0.2650884686240945
0.21719363120329413
0.17956363053308064
0.18448146932078383
8.745549334267915
3.6716918541025123
8.582524253034059
4.455691061613882
2.7794069138684674
0.7165734038096547
0.3062874499301315
0.5526477032590241
0.7780905214051301
0.7830772911266581
0.3628739332693321
3.1458724443281842
4.753010324119279
3.3554051071326945
2.9501448609077787
3.2505314592007046
3.320754778639176
0.18905830159197795
2.7013012504984886
0.22085563779957007
2.4439578251403793
1.0104728820133624
0.8747193967486855
0.613692956108187
0.7453919830839614
0.6960464343495626
5.305563730272876
2.7810625621614333
2.3958959958304007
2.7962839613056527
5.077872808629612
6.0475909577317655
10.086605339540338
7.876574508328005
8.798620250114851
14.711770946529771
10.203238727777862
13.734457210481295
10.548381159449493
13.037670643922828
12.098760915327006
5.613871970745845
4.742032247628529
8.103359181967194
7.624855092657088
2.3097338720440588
2.318604928312707
2.765376278586669
2.372029241419142
12.721925526179499
3.012619762035546
2.10389079926697
2.220875775792714
2.056383849979635
2.097037053240353
3.3083835079246846
2.286338190926782
2.9685409936962888
2.4130211481235095
2.751769325997717
2.3557287556416284
2.5491726941740835
2.3261471714820074
2.3767612448641464
1.5543989886786709
2.217333751250744
1.9316108098851523
1.94148973780717
1.622638943104921
1.815173014538411
1.8039087384396655
1.9764667497041046
1.394678756237613
1.9718400463534718
1.462162620706648
1.4199059380704773
1.3870433274779077
0.906271703464746
1.1288592472374301
0.7794931771918172
1.3346922838309883
2.0985365728174292
1.3397719480404557
1.7487752960112473
1.6850659754005655
1.7048909018582765
2.343754261241145
1.9540364647828075
1.7469796537136688
1.6320633263432605
1.7089798418708047
0.76729375790928
0.6192636702169636
0.4882941096867038
0.8254030809991685
0.9099205260085282
1.0102183688383735
1.175738573669195
0.8083234821778239
0.629702392103136
1.3639430607349647
1.4734515623602524
1.4657837232347455
1.0423186419044181
1.0362068871798067
1.2840818243312155
1.2951322658199722
1.2525898051134463
1.501555828488864
1.5438742442110467
1.1879593839146179
1.4732181703447256
1.6318994670222096
1.8680953541902183
2.1164654486555072
1.7985007801238937
1.7655786200950108
1.8675790026239896
1.9041500585287086
1.6188589323733567
1.508488446772223
1.252270009597072
1.2645423085062848
1.3557566020867469
1.4286353059985735
1.138570553203091
1.096763489376159
1.206718050212715
1.2834654234789886
1.194361746356336
1.4054052046413745
1.01264659663874
0.9990741760617723
1.2645337141315642
1.4238252021761322
1.4872604511829857
1.1889196218146594
1.0912148756021538
1.078937225322559
1.1243577330660197
1.066495008349881
1.3468357965813593
1.491274365701844
1.6835404821302724
1.8279954395177078
2.214545703944056
1.6174634505558565
1.7542768292852835
1.4213518174035835
1.3706734209332307
1.704142465802479
1.3495136147806632
1.9142493791009674
1.9855580859761262
2.649890616724135
2.5866785565600665
2.799929773524936
2.799637056527569
3.8146904989073724
3.1161167910014123
2.3288831893716564
1.0796042604564335
1.0784204594761415
1.2637385415826716
1.6741677872864258
2.6953249797658603
3.3448099702818324
6.216688368800186
5.0469196166023735
6.367370874008334
4.974032488437445
2.889234421464355
2.3894419474423243
1.9924402152321552
2.36426334894927
2.9500320716366657
2.2008215204160524
3.7509869080453186
3.854099365058925
5.389398613971884
4.014580955067434
5.676436631549943
10.061305901841589
2.75041148654316
3.1391632249040837
3.4630485905989987
0.8820971346455755
1.040096808598885
1.1677769855328786
1.00572368439718
0.6604054288625122
3.064659865565136
5.231235619091391
3.277554963111059
2.7918216241063925
3.0413906476625696
9.221404131128859
5.539983541238027
9.076668013724234
12.069194722384522
14.285374962667518
9.487427213811905
6.47962692538628
3.3364764965070477
2.9853280585516386
2.50247226113463
2.0318182515395535
2.3061501485825056
2.134880471113928
1.7176952654269517
1.8514488143981587
1.9636057621734906
8.179995998392377
4.815300396050175
7.605723281787677
8.191272802235863
4.877036779222843
2.429322060156575
7.935003350676415
1.991909871123255
4.63835396149791
2.139932335870644
2.026059713010045
2.588187754007964
3.249265770074596
7.510778341780951
7.345326374968453
6.266454509179875
6.604674900256595
6.436359734331728
7.0185326419643825
2.9962281280690224
5.930640437248731
4.602059555228536
6.941809121279357
15.817522272874891
11.1504155602388
12.187558894006132
6.405844608060323
7.154043691762484
14.948381755861869
3.568245986751929
8.414430059389414
9.92918771366505
5.52646484247379
9.736287617323104
2.771478733865075
6.087240175353922
2.5283709844014526
2.4146811810520896
2.937097999878958
20.402295428992602
8.7534840226873
2.800927058431599
2.666118178845049
1.7271301334646385
2.4011362025203717
2.014680138049055
2.6440302549196177
2.884170829652413
2.290109717801494
1.2222317193166536
2.3992224082039653
1.424019594361664
2.2365794490341173
2.443088638611623
1.9255237524511544
4.330380016013612
7.699376428945655
2.724150830155158
2.5335397749147544
5.836384425761902
3.999108892257296
4.2375835444956245
3.023626055066889
5.1985038186778745
8.720668809124856
10.692474516064053
10.460271265405321
13.04344596701539
4.203277458893308
3.7181869813569266
2.7172362005191664
2.5275318085799303
1.9904805981132068
2.7358619905689414
2.8604007294772966
3.237816321266101
4.511767868355973
6.116204235024549
4.614158092627249
7.034249320141403
4.3297111038461145
17.97979893041831
14.692945967357138
8.402261986789037
6.53815139226783
5.445871035093873
3.918267228876695
11.206492423046807
16.34795552001011
16.159220008900697
8.91425237580156
9.689426136416467
15.419430380247178
6.5334650977185715
11.669315923313716
11.609168696681174
12.355398095511699
23.17697202644005
11.83743699319965
14.316951711866285
11.656151010469625
16.69162181591617
10.055550366946305
15.538284517596907
15.864086194763587
14.90100387908763
12.221531078367232
14.141240348090744
7.929630039181769
13.326409056332817
8.346762113458468
8.663131031218168
12.96996302071857
9.426318370146388
10.7012521706186
7.2733097760819305
13.980079403714399
13.862729333521434
14.034186883339876
9.724661890554898
14.731413493203206
6.370167718825187
5.372373649487533
3.689570047508572
3.2666257982296285
4.844880963410449
6.095367402417788
12.847613964431499
10.144581362111058
11.351236720379578
12.798364286862286
8.627455958754336
7.072012272221272
7.50040113029735
7.31860862673966
6.818614460121887
8.515686896794971
5.726025849677585
14.687790836627949
8.711454039753338
8.730423194872511
6.924325651794611
9.991604068864444
8.373362816690273
12.267148888698326
6.176410067461602
12.393447132618737
14.928659700884722
11.933672034849954
8.775760694024703
16.19213572721049
7.621866468766119
3.9385776731130804
6.443602221246647
3.564703142177951
3.6748978576911
3.9006234005417797
4.188796418470674
2.928170471904746
3.755478905103317
3.603596431827514
3.0439075252114054
2.5094260408477416
2.8359454017727943
2.528394493252795
2.3970514046430083
1.9686035571490117
2.0031093537088447
1.4694210926640134
1.415873648705794
2.047741195342867
1.7848453145109993
1.9024728392118342
1.783098473989691
2.043532068072767
2.1708876796171905
2.2913152940213055
1.6082491855344891
2.3184467042152677
1.4268964132393271
1.47512857905557
1.5797527471781898
1.745020096717435
1.544114494573122
1.532534935286138
1.7516867330784252
1.7814819979087377
1.9705616845471368
1.3928389650689537
1.8203135495006797
1.7966024430126553
2.7967264066953494
1.7494664473451516
1.5596779311447941
1.8241524858550016
1.3323657568836866
1.7845661493162066
1.2389749877226728
1.4046821409173726
1.099263159679472
1.0935197763148155
0.961759674755833
1.2385406874529756
0.9546756149390383
0.9574807814517673
1.5659374258152572
1.103466067037195
1.6264162520174987
1.578717475484084
1.3528191617613472
1.025440402796471
0.82610736989333
0.3740649280761608
0.48667820409587215
0.6117241430027323
0.8765578037661015
0.9415252671832357
1.006339706352766
0.7884772043164958
0.6730426395515856
0.6669092054286865
0.9498156850004879
0.7907183397881765
0.854809122794854
1.0432717075277962
1.0982280344198458
0.6599388692743288
0.6524305661528461
0.862937930062739
0.9739131785919151
1.0287596056287902
0.8433050025521368
0.5907152888527042
0.5214630366316224
0.9428920718222719
1.3349221440244357
1.664507394885223
1.2663398486997701
1.2896382702159936
1.3160838465142228
1.2272879574474649
1.3845269914683067
1.1539012795252175
1.6224606230995378
1.4236559869176866
1.3692401220325068
1.346947292962126
1.1302245170018197
1.4173744906569397
1.303716016225716
1.1742786887660803
1.0966779607343806
1.5230425798510157
1.2382199444913777
1.494536737602385
1.813705549210581
1.1567467669577007
1.761728937514856
1.304778665717874
0.8238340599638694
1.1689235336035346
1.50118767596587
1.4077277951935907
1.377521182656692
1.347328000028074
0.7405317125266047
0.6529543670786784
0.5505114647593479
0.9375928480180076
0.9863782371489437
1.2944169672000911
1.849205552436421
2.1231400144826686
3.4110269470059515
1.327052086882365
1.220615945292444
1.1189311752429438
1.5541945539869908
1.4664373033109905
1.529192345172482
1.509634265503835
1.660962983074608
1.5546577652528502
1.840136014785081
2.0096748369661017
2.78575216402859
1.8895322817514102
1.9974049409404846
5.832514259994712
3.571040541228529
3.955791158083487
4.010636809942746
4.496607812886204
3.159489766227293
3.3389799835772527
2.710091265167036
12.020822688091416
4.450880644854627
7.0939828063136705
7.405479332280625
7.502519522037626
4.42790319142988
8.16745247560072
7.2369413227843085
7.853414564940822
11.936983416592941
8.699246357485288
12.791572031635726
10.388050886385713
13.739251907527963
13.347242106366295
9.859679462094489
8.577741852703875
6.5135933360592135
7.282944965424531
4.549534043143127
6.793214507291649
7.572543159808949
9.383085572547124
12.00883729045685
11.063142932749962
11.860099003272834
15.429090878852886
12.995005712968254
16.48459300358836
12.052404618417855
7.239234604470601
7.872793963964064
6.923918288963487
7.235410184753823
6.3928603570327835
6.95727149380461
7.874938009623814
14.881859091803367
15.646337304039218
14.698959370560507
15.574156427556721
15.999607657560441
12.560380158699072
14.974228697021909
14.208203305611917
14.80240788246891
14.339883574737788
15.435141311806348
15.544063900509283
16.060802816358745
15.565741551622938
15.168686592188333
11.562189288618972
8.12805128819426
11.086962810023078
10.773058971402207
8.950209834449947
9.110554520231968
9.22150166413957
5.351614731113344
9.04842395670577
8.076382446927648
7.91000703127464
7.590005375958216
10.451626754869356
7.565265363141286
7.662890732945132
9.488008578636764
9.010193031268605
11.187621992166946
10.940503337384737
10.4646916326633
9.705131221257968
8.295980158476926
10.846056226502421
7.641468286265784
4.02130224710283
6.592532096674394
5.381835862594273
7.205286897701699
8.474534326667246
7.580742932618809
11.761513645883781
9.366925813728269
4.939554750989923
4.803676019627748
3.4866991899070072
4.799862320949584
3.0724579470978925
3.6277848024763606
6.264191518434972
3.682777443247809
5.148524188535885
5.647084867848049
3.5698624843074334
2.9749011525708875
3.0938035989102017
2.5793215527120776
2.5593559427035446
2.724191739195078
3.081378162715224
2.173274805821891
3.47272592026782
2.6289749483252005
2.6499816536475067
2.412323418198727
2.7797509663002957
2.0669314377381753
3.0797104040947523
1.7589670435026137
2.618471420484382
3.083419980726529
2.8203115622268347
2.425042686610386
2.143683617851569
2.400164926392396
2.4375026949856737
2.277814747922791
2.3593404702119933
2.568985310135679
2.7472882643969663
2.298201314378665
2.690562151507405
2.2991392406182105
3.033441382272824
2.414274918067612
2.1536478261031164
2.1069322398267456
2.288537489020122
2.7294190309053503
2.705292053481226
2.888758913639066
3.414849613709182
2.3994615427807213
2.222363362631922
2.8567910272334722
2.52227913076798
3.300805072514218
2.8439494045103935
2.3411318987933516
2.587367655939911
4.347377021600869
4.793854957977056
4.58226281719835
3.0978049186539396
4.382224319249568
6.80879053498216
7.00739602968456
5.113168857927916
7.848643191882914
12.41088246659876
2.7820490611320903
3.244102753697671
3.720511270713697
4.6662331062390106
6.195406865869205
5.309809926957568
3.024842557101576
10.628786304309987
6.563775159110977
3.836646698619414
2.710219608555351
8.10460969622884
5.6439725272691605
5.899102680724356
5.791907157630591
8.26808938834493
9.955405801776323
9.945107785555114
15.307041062937653
8.198995806671062
9.398406393756398
7.538575362459665
6.738835799792473
4.595229801170747
10.522964900412612
5.378452791690881
5.116536474469638
7.117510562412734
8.09687469011402
6.059984877519204
3.6577190576385084
4.444738642652562
6.151826599177068
3.226675822294402
3.547729184164008
8.876579885286551
6.82508317427296
5.149200717717861
6.753039076288227
8.030044876569006
7.876030498149054
7.579490144112862
9.279471000156429
8.606849425908518
7.982005582857296
10.78668189443815
9.659724589843416
6.050632163334244
6.269728034144697
9.913660162987927
9.430094413000916
8.793929302404914
6.640438734800362
14.75194046845109
14.222335647029407
10.650095616426317
13.889716422003147
11.10672517020773
13.730095243539102
11.52351492911906
18.255045487843557
14.578158853875198
10.95445959739423
12.5502844391815
16.491914549982788
13.016056513834073
11.77143997630905
11.22603322616898
12.120485186227182
10.897678313517787
13.604020209434177
12.662291912970947
13.04359781149601
14.125466240762705
2.9879141135948757
9.121034740417459
10.002449766746127
10.301009118553369
11.323915693885702
10.24465277194949
10.029613476042304
8.473083285194228
5.904742625204944
8.892510010524646
9.664025236491796
9.517084870233731
10.082192817087517
9.617582120016007
8.917337504179123
5.456394345968039
5.159591764424615
5.5676430970711
5.200213601846359
5.447604595599921
6.11603611626976
5.569688051015892
5.127107364266967
5.577107444015189
4.295117445259023
4.421768480117795
3.375068198216245
5.362272040732133
4.159951244685277
5.0105151666179895
3.562729500330724
3.1839329030727432
3.1640096498073493
3.363447774573173
3.669034939868026
2.6387888562542896
3.976204484784934
2.4359263605297343
2.705191316393269
2.6347475264437032
2.7746600625863005
2.9010321536859767
2.555105263712617
2.564135374456024
1.7152484840652704
1.7177679278349394
2.653081454681945
1.7737958051098945
1.778852527378472
1.775914574654157
1.8077880836774909
1.8521289178493696
1.5833351102717002
1.8244812709055087
1.8234760808410602
1.944833435599796
1.6819987990950473
1.6997896842188482
1.6949103749461785
1.7158435695829262
2.1492886267911895
1.9827077489010516
1.9509343097759864
1.8462846833790842
1.8760222240207955
1.8457549988474575
1.6963155045531166
1.8458307881503129
2.3220856932444374
2.053036491388462
2.373284882539009
2.1811679883146637
2.0410156755965945
2.0051909651340267
1.808048114886701
2.116274537294621
4.219113492569841
3.2168416747764077
3.7107911080254303
3.8601112771317765
2.0462961119603094
3.5265155806965245
3.513582570264841
3.8551190311029373
3.4250453409342017
3.232836839702125
3.590797549794799
3.677699147821868
3.5427226246610486
3.468506173393279
3.1640868253981234
3.3759384887590898
5.116412237178407
4.212272473812325
4.249552305435424
4.451144536177482
4.601033675155514
4.097582947895891
4.73111677638059
5.241562448097511
4.357499012121017
3.575892094616075
3.8256073789173057
3.42254977385374
4.051806598705937
3.808901819380973
4.539350406640707
7.60331536504259
5.504564885911337
6.631710819660967
9.15433009744512
8.667149868199967
5.230308054424986
8.633810580408227
8.521066978810108
9.301997872241813
12.622043982768945
12.136648906584941
10.70094607579328
11.607809581751129
9.95209213391885
14.044746883163612
10.944046615460982
11.65695997336992
15.00735018215446
13.075357971911112
9.154385353983344
13.03794252498128
10.368872563205917
9.671733804421544
9.99195568764379
11.506428836694278
13.017148938825793
12.558254874094128
11.89888175457273
7.547589600202163
14.097123989339675
3.0455278942451485
3.243332851059292
6.2400696571654155
10.508275970136832
7.106967192491629
12.481257317513824
8.908163028567904
6.572660256709466
5.240886458542296
4.349702261941989
2.933101820417501
7.3164307751364905
3.181953410275546
3.3594295465174278
3.0437097280709606
4.845690190893496
6.325080627132617
3.65292415057023
5.3883357440036335
4.974895858949813
4.586467708805405
5.28091713051281
6.227167730192902
6.186129097250033
8.834124507487548
2.9728410794586795
10.073853591768948
7.90861933415855
7.356168001710739
4.798070192653532
8.355934033892122
11.651093713951315
8.893735794762184
8.995987712483629
7.4322852842055935
5.411035390719243
5.881094306792386
6.908987241517023
9.714686096270722
8.334396295822582
7.3414562641803185
9.08161998292458
8.0500250447629
12.393950995923692
7.259850813167913
9.170256726295746
10.415190792906486
11.340181660246493
11.642279671794501
8.706998907044953
15.468023025333972
12.474754954599073
9.908122152244923
12.48216007436672
12.282703593954874
6.969101944629311
9.816517564235944
11.435145933792572
10.494578164979448
10.07302608340646
8.001841636450443
5.065614664964873
3.2529994900967116
3.740767158162626
4.157032537162796
5.638082880787398
3.2094583689937672
2.890452665410124
2.9668586939644115
2.8776057767185574
2.8070199608553104
3.3788766726762822
2.8088137352361695
2.9964032585454
2.8484992274892713
2.8076360511060297
2.9161188261620006
3.133655489379848
2.7433687971098992
2.9232158924151004
2.772010177848754
3.7924085252340576
2.650208347333666
2.9231755562987005
3.0121895821730624
3.725627282889905
3.100970278451289
3.7903975906213376
2.6523158956874284
2.5508983847172604
3.1197364383778057
3.3464861077938446
4.131924171783753
5.394650474195656
7.14815132247233
3.615693447003582
6.1676296628713985
6.647469421657076
5.464775642628005
6.1354554069769645
7.043872020856028
6.143933343270561
10.595742065668478
10.764213142663829
9.61090473840472
12.164938779938756
16.74068023043983
10.211737194428547
12.622322491739732
12.889676995225127
8.385999008305124
5.7967187532248285
5.561619761134766
10.891550601154316
8.559601639370436
8.987584463325717
14.615464460190031
13.434341778425011
6.465674141873457
13.906486472500603
8.83402381789296
6.686822896949794
9.410342348533195
5.800473611504411
8.305802363380023
8.309259827302736
9.270161640870564
11.730773457414319
6.0571200504326415
2.893474946975998
3.3163641529531667
2.9264172860389626
2.4590969584995097
2.3565029494554937
2.053270230846945
2.6618024692123274
3.029448559950923
3.3954518254646553
2.8505888328493207
2.3526136276037826
1.9386221275336972
2.50099185507957
3.0039530503515537
2.1989226587861004
2.429337562355565
3.407606846144927
2.7818956167331437
2.6543867811706936
2.267014056079968
