0.009801266048136916
0.009724900940623765
0.009715717123446618
0.009823785750981499
0.010163037568365358
0.010617593923421773
0.011006560565865514
0.011059614302557069
0.011161326501739182
0.01134250210504283
0.011453302968571309
0.011712109115294394
0.011770490059800378
0.011699185216321125
0.011768472274330633
0.011648305956753365
0.01125486986041227
0.01070673418815304
0.010281288713681887
0.010088974056831696
0.009962017253024449
0.009625484060415284
0.009325095550833794
0.009049699088206268
0.008629653383020658
0.008593970946922016
0.008503932970592763
0.008539173290676483
0.008552786050604591
0.008630123853441748
0.008672811837018101
0.008860714766864564
0.009157357539054077
0.00955316706468998
0.009907684270169264
0.010568961903699752
0.010793314985140811
0.0113723172852556
0.012034063452097208
0.012477391349960926
0.013017163129383317
0.01367596813337207
0.0144138261787578
0.014984793775969316
0.01582851658966244
0.01660882001890775
0.01711421576604467
0.017933466924254966
0.018109227740174552
0.018574037510998724
0.01888126901011124
0.019085024246668865
0.019460428022489436
0.01980621791898684
0.019859422772244256
0.019891566661629865
0.019928879107457786
0.019826644432310168
0.019559044717635293
0.01972112965383447
0.019849187892999987
0.019878043346332735
0.019452234220198504
0.018792165507422656
0.018249712286550417
0.017729090517911952
0.01739128943209125
0.017396523269914956
0.017209880202602612
0.017382377519219318
0.017573271110878134
0.01767469454912265
0.0174932612701429
0.017264267667598837
0.01710747834643468
0.016514456725653034
0.016191448843231728
0.016085158639784748
0.01612888534748433
0.0159553416762857
0.015920341819506696
0.015891976709373007
0.015539897325878358
0.015194509798395118
0.014964780557805507
0.014696337166891952
0.014488514792922088
0.014077388068101293
0.014138237365959852
0.014027495389329885
0.013913407413469947
0.013746595957818459
0.013178008679252945
0.012720247189179665
0.012173984605539003
0.011954973162057504
0.011831882217762758
0.011900843014211081
0.012039355456587795
0.012094774896851224
0.012160634184842966
0.011962700515259638
0.0118766951399452
0.011545135136319759
0.011447578110420072
0.01114605527105996
0.011196514013441494
0.011339315140419812
0.011580057626605165
0.012023825994874181
0.012237830750558044
0.012352427276446186
0.012095453462994663
0.011715665374200565
0.01095742812994852
0.010444605625908144
0.01014013211155829
0.010067086915936243
0.009823369436605958
0.009648006833406487
0.009522621069825505
0.009482938577412347
0.009395382418025096
0.009146157390877822
0.009046532705624362
0.00899106229697138
0.008931621073196182
0.008901369496948372
0.008971883483673825
0.0090046949302134
0.009084756652725411
0.009039660449330581
0.008992843544921341
0.009000230766439037
0.008954885497263507
0.009115726632169172
0.009238285675940674
0.009342811320536201
0.009358127099846575
0.009691551023953141
0.009938535535818074
0.01044246460000162
0.011086427107450135
0.01193359682963219
0.012107893390870766
0.012594470928730353
0.012756020511984708
0.013209351563637822
0.013388859219246268
0.013463067603709545
0.01368637613599602
0.013749353121645649
0.014011471134147324
0.014109392814952179
0.014628796691214904
0.015375259722041543
0.016084109046393173
0.016768894352463565
0.01692915125050971
0.017134128051494696
0.017035002780984014
0.01717435330241989
0.017168908133447132
0.017273311017881914
0.017705829678535907
0.01778280783433348
0.01805048831292041
0.018174151117343267
0.01827449801719391
0.017792405081992015
0.017753526681262736
0.01730348702949071
0.016933844703552182
0.016248050321671283
0.016121733261624655
0.015955412249509353
0.015657577497791515
0.015662328674371197
0.015598359871997975
0.015436683439936085
0.015511298506947593
0.01571051460530586
0.016004900077598985
0.016349907828400883
0.016571466810364262
0.016673930204857062
0.016556606242665344
0.01649854995976161
0.015994776574771594
0.015524393369078612
0.014997478767407507
0.014725976557842977
0.01424914873357501
0.013648059616622596
0.013456083469474916
0.013063136633612093
0.012920720551190427
0.012780715321256714
0.012634017838542455
0.012602859863022727
0.012538854725725575
0.012523328610043788
0.01264036425112057
0.012591155263712581
0.012493766656272281
0.012606283168902697
0.012775020983985466
0.012771533680581542
0.012948728322847543
0.01290376094834483
0.013210394640874581
0.01355177668272923
0.013920552187033064
0.014052236783658082
0.014397391661274983
0.014632781895876315
0.014997374949383352
0.015474497825388478
0.015832974294273126
0.016233078489621026
0.016410334800566254
0.016640494967680008
0.01718781282197022
0.017452631134691428
0.017781191201669003
0.017743580829033944
0.01793839487614791
0.018153171540728454
0.018708006158749096
0.01891823266248079
0.01931997569154722
0.019709232178035822
0.020078642093035885
0.020841667450931335
0.02114296660240601
0.021255560453665546
0.021175964712275615
0.021164866700043482
0.020781489277361547
0.020508802702905345
0.02025308473561462
0.019515041351717798
0.019102353826583145
0.018507235185104397
0.018434628123114687
0.01847144571636456
0.018572279331857563
0.018594054029685902
0.01865894691353921
0.018752899798657657
0.018763296311419625
0.018969609640991175
0.018907378674927054
0.018836565879107006
0.0188565780478634
0.01848443321644656
0.018106845398764525
0.01735643475298714
0.016527946031018734
0.01621996204352079
0.015611290272318019
0.01546169265518911
0.015608949601336566
0.015453911254817942
0.015558982195614796
0.015995549755404476
0.01605962820923628
0.016119953175579325
0.016231907188770663
0.016092374623684055
0.01590663838058335
0.015579294476972155
0.01500982525417604
0.014591196011128743
0.01374732433757396
0.013458103988184941
0.013043243635324622
0.012466253292330276
0.012395746948201813
0.012117234796270263
0.011993453789082006
0.011668646814457135
0.011415255083317272
0.011406437090200401
0.01124654023815164
0.011331390126842077
0.01125740418159558
0.011223280059983484
0.011234261576308186
0.011204306123074503
0.011104145057987073
0.011069607540796726
0.010529995833598527
0.010314534809619861
0.01025522072216698
0.01003248720116948
0.009985684336521075
0.009922206381454593
0.01001734818492504
0.010056912503433105
0.010401867589612663
0.010487247695979232
0.010812211802777005
0.010993775665549141
0.01152256283132111
0.01182211459223834
0.011891653139226284
0.012111709995518975
0.012304596313565584
0.012448232115210584
0.01273225525958942
0.012966791703411206
0.013073102932840617
0.013297358187951996
0.013563704353854695
0.013463356282383904
0.013493114437166207
0.013541408750863215
0.013569805824352531
0.013319367325803095
0.01314451487754631
0.01283652761758949
0.012634097034884741
0.012572317079608885
0.01268109185953809
0.012461211449470483
0.012476484806952525
0.012765704086988443
0.01278928768873481
0.012750123997478496
0.012393496455125254
0.012233738090969162
0.011874492961848044
0.011238797979288622
0.01099026343709737
0.0106248840843965
0.010522536054190495
0.010108499259568457
0.01001011985018482
0.010078342599881846
0.009859522191312914
0.009648178716859954
0.009393568017396806
0.009251216510378291
0.009063861334001212
0.008815960895595495
0.008652593364499469
0.008618094607552373
0.008642964945727473
0.008588706057815431
0.00860771956853194
0.008654481848958898
0.00864876358978141
0.008663980720360754
0.008490465159301892
0.008118499533070294
0.00785413289961286
0.007564611752222464
0.007368503430665559
0.0073307341491877535
0.0072908635221259205
0.007234471079490904
0.007061178493597611
0.006944641192972179
0.006904586045879117
0.006709391481159205
0.006643271139342886
0.006538679867073603
0.0065702867485185985
0.006582447788462382
0.006687083823755362
0.006708079428458145
0.006743888885498416
0.006728627136081219
0.006725931906476847
0.007006828075934011
0.0071199259457067786
0.007442513587726296
0.00766093245383786
0.008006361871415731
0.008177822064061722
0.008348694427619974
0.00849286551769347
0.008433627179815804
0.008520908706760175
0.008475807949986456
0.008381223270800698
0.008539800096091258
0.008799997769708886
0.009208942649199067
0.00925486224784811
0.009366823249025467
0.009486549559755166
0.009738923070604696
0.009985905203043408
0.010106352292316956
0.010248694477855539
0.010284921862141819
0.010313640684008188
0.01023903898487208
0.010520728097250753
0.010550678805519072
0.010623327678283124
0.011026266315882757
0.010915824310808354
0.01095574627813536
0.0109106240839487
0.01066752039024824
0.010374041046369192
0.010010092226377937
0.009512199190691472
0.00897247569701046
0.008821635328488314
0.00825430884252187
0.00803197127097887
0.007985262894109205
0.007805723414680892
0.00783814284927126
0.00788093070784486
0.007792462720720206
0.007745848803417029
0.00760613535705396
0.0074245809458272
0.007425817655319479
0.007312165856366365
0.007241403542769913
0.007247726782149404
0.007304246235997712
0.007489752641758175
0.007518637909149255
0.007715224424688599
0.007610978607876256
0.007520278358062441
0.0074814399916832
0.007259846589008018
0.007328902632573966
0.0074769745880018555
0.007559771802149337
0.007784145897693072
0.008214795802147536
0.008477532848334057
0.008831633495316283
0.009050533085972572
0.009154034772890715
0.008840211269895941
0.008775845596444181
0.008363426708607196
0.007981553687689689
0.007854042430076385
0.007593413531576057
0.007374999244744341
0.0071730620254378125
0.006987460764624892
0.00687535230362314
0.006793958948779868
0.006628866976399961
0.006513412134965748
0.006240519588116114
0.006128778363840908
0.006032552160642592
0.005963525264351127
0.006080461259851717
0.006291753756685098
0.006361063872976337
0.006584258824724215
0.00675247610034964
0.006867401353474689
0.006857303598373272
0.006718085039004507
0.006610824039025161
0.006605288500391669
0.006560869102266545
0.006574183589060578
0.006483961805236654
0.006661455883946852
0.006970408841862734
0.007018706354575759
0.007349793859903501
0.007420129141159168
0.007618776176624105
0.007740648809153554
0.007694139872125904
0.007201359536029283
0.007127468932019256
0.007118874193079233
0.007152630566889438
0.0071675503059810105
0.007318792098573068
0.007263358527239204
0.0074390970668955555
0.00762605180399846
0.00774665877248863
0.007944687528258533
0.007999519365710774
0.008251475664486297
0.00825033254390689
0.00804483953499939
0.007861623593431994
0.007423678283851225
0.007244372182078211
0.0070479570503274
0.00706731919126046
0.007091099458741789
0.007280699149201847
0.007523287726949523
0.008077712051702641
0.00828480436529842
0.008759721258902009
0.009003293846556654
0.009245382767461063
0.009424980724625387
0.009627445370905633
0.009686655972611733
0.00979804330534722
0.00982492660133166
0.009752703417327407
0.009862287137127187
0.010066857078014833
0.010332697624677447
0.010475560921761766
0.01087118635325281
0.011388955919620743
0.011532408213344775
0.01185186789047348
0.01238708062355549
0.012863276432263185
0.013092293051653141
0.013601666894755454
0.01384655169795349
0.014304375798053779
0.01498889907605069
0.015145719745801456
0.015678008869860743
0.015898318407983954
0.01640222157891153
0.016885567749911897
0.017024712803105604
0.01675226522624752
0.0159223936493346
0.01564982143583408
0.015523017703770011
0.01484184542383436
0.016069476767106423
0.015876610351262584
0.01573552814188832
0.015712585898877626
0.01569729010032449
0.015503837241750302
0.015272917382642017
0.01522637859178251
0.01519500622879721
0.014919827529991828
0.014532619329760646
0.01423104237691605
0.013589064471994964
0.0134491409909934
0.013295332612078218
0.01314489992107507
0.01316074523489485
0.013211810980251471
0.012939887335143318
0.012545435703429603
0.011807660378845009
0.011570993004245814
0.011053532126681821
0.010721155742112295
0.010515372726323344
0.01017454128438676
0.010041773648055682
0.009741849696947018
0.009498532321335974
0.009180785110055415
0.008869326923220445
0.00850847407707719
0.00794097992953856
0.007521001884531334
0.007309277353147013
0.007321581256770125
0.0075937363118396845
0.007538297199441097
0.0074978607351650975
0.007411366589323809
0.00701030348897423
0.006887156349309252
0.006662029885114658
0.006542779830690714
0.006364423645023476
0.006251520487196588
0.006297808565811344
0.006342770760393894
0.006304002833359551
0.006350612858649701
0.006327655953890518
0.00629052049843444
0.006368973149014107
0.006319891044636991
0.006400863125052741
0.006476115069760252
0.0065630545348902124
0.006802578722327241
0.006906641427897184
0.007019010691921281
0.0070181914790638875
0.007061902987281592
0.0069649386584898654
0.0069243527420590895
0.006861754436455317
0.006844707672781352
0.006941060980491182
0.007345741538694661
0.00742307509548083
0.00793262826001261
0.008083699123508667
0.008242315937353719
0.008502611497740434
0.008601620035687412
0.008660712870993206
0.008677078931116506
0.008697605149213635
0.008715281612799376
0.008920222377986693
0.009255232285267704
0.009847474918857535
0.010359438608044865
0.010769704367574472
0.01106595580095598
0.01131731679712918
0.011389440124695827
0.011312937686028413
0.011217849210221545
0.011698680019075546
0.011753686524459935
0.01237041451575126
0.013003888810867809
0.01330993700482098
0.013891039536645344
0.014226356387625719
0.014573875049990383
0.015004148967859446
0.015522663618773505
0.015814367973334957
0.015959469420887818
0.01601169141378927
0.016109933547957988
0.01600792227903152
0.01627279215144376
0.01617865125019373
0.016283739389497887
0.016289383449829203
0.016377219415367593
0.016365792481029116
0.01659029199883847
0.016299466186609525
0.01604771032076031
0.01565023088417358
0.01510474719132297
0.014711131213056802
0.014392840266643087
0.014164172479880065
0.013891245790120915
0.013469355567995712
0.013379964256233879
0.013396213418982467
0.013471982614888783
0.01339172706102026
0.012957790410811498
0.012634118448014611
0.012135721412299395
0.011976046154694553
0.011665598045919955
0.011687831488610786
0.01197773940136283
0.012367395328008767
0.012650198859874739
0.01306299623316689
0.013265127072344039
0.013329386967391688
0.013580021094733849
0.013580732976664072
0.013323677587098204
0.013187275312901384
0.013240856427352746
0.013463676583364842
0.013881199086742433
0.013893915251383334
0.01457294349515113
0.014945454715264466
0.01510953153568399
0.015230469466462431
0.015350781425211162
0.01508418515410267
0.014540038035813042
0.013973889288107288
0.013363199655041532
0.012731101638707571
0.012659163841727817
0.011781130761108285
0.011311469639821218
0.011135530640262526
0.010889567979971008
0.011002911143342647
0.011002846718936487
0.011350987294846921
0.011740320527512218
0.012028873541277327
0.012136649572341899
0.01214126556677092
0.012245444259563363
0.012303937914925886
0.012585316543054132
0.012687052979635594
0.012529335488231517
0.01248415905362884
0.012420691982696002
0.012414312147979483
0.012456753435974546
0.012006236455014935
0.011831898027340453
0.01201361013391013
0.012589490990613943
0.012827906175113734
0.013029875924437157
0.01320294370885744
0.01354521226709848
0.013656480008982078
0.013724028657111777
0.014078367408348303
0.014619647943786757
0.015486172854708052
0.016168483317475592
0.016726192772802663
0.01702577731061779
0.01699742032208958
0.017198718295159135
0.017152115810015186
0.017248847368417784
0.01742254341468267
0.01747337864640825
0.01750546246412387
0.017342191511811475
0.01687127209903106
0.016384880057763663
0.016222111900741475
0.01590996596652031
0.016006943658236544
0.016404318764809057
0.016479242860632595
0.017394821532817416
0.018017253757563235
0.018334462354972166
0.01859108949619205
0.01908794996085637
0.019597442849846956
0.01966892041645323
0.02024755998600177
0.02046285793952639
0.02079517367798328
0.02097375222811206
0.021246292203976096
0.02133698319067099
0.021483186515335668
0.021455257214505356
0.021597317153460464
0.02146822011633439
0.020995094779744067
0.020763374762490926
0.02052911343893142
0.02000639930893729
0.019684602423663704
0.019115435086940972
0.018835007057928246
0.018597415207992636
0.01851721698544167
0.018529936983144975
0.018245278632189298
0.017642221864719306
0.017234753056206968
0.016824139017052188
0.01575058300797067
0.014853535795573247
0.01445129330048837
0.013922936812673406
0.01372299236640929
0.013477303023655962
0.013645607639396009
0.013704791199005589
0.013725081763410352
0.013560320943574022
0.012908216235466813
0.012661741246322574
0.012496198395656358
0.012458235006021792
0.012603048703670397
0.012784649149671645
0.013033697805639132
0.013541490608010354
0.013612162775282474
0.013494398370691978
0.01344745503285146
0.013576098094867425
0.013486419636189916
0.013620226477267627
0.014206042115704764
0.014772131466134075
0.01490886572858329
0.015264617382985735
0.01542595174878091
0.015510033148253947
0.015502311040388819
0.01571540601115643
0.015715986147807292
0.01600518837917653
0.016346879814365622
0.016626164463057983
0.016152954370263366
0.01608267620835648
0.016261828233254977
0.016114898387440894
0.015808996758876644
0.015947302483643417
0.015922942694620815
0.01602483536821179
0.016048955507999257
0.01589734941100425
0.015752524173971355
0.01616352056830973
0.016980862482888444
0.017389629081526994
0.01806223793272729
0.018693271912614516
0.01889905731082104
0.01891592719747371
0.01891530800034082
0.018793474612808694
0.019392190839117383
0.019902670869427257
0.020031454259707874
0.020669951253190717
0.021143805232850678
0.02133009495962771
0.021264481356812158
0.02156917183984038
0.02181594962703341
0.02222060363430901
0.0224122911750433
0.022947476633503237
0.023191642740846254
0.023237218986083014
0.022921480462994005
0.022418412392269833
0.022161614887398796
0.021707090898680715
0.021337641343129685
0.02072630454747104
0.02045329769975885
0.02038973987614855
0.02010601733729931
0.01966581806349637
0.0193575795238593
0.018431674596778184
0.01797133422378844
0.017572024433401803
0.01741098836660696
0.016924195928202414
0.016510985517736543
0.016108147006610014
0.015865427033672434
0.015796569061885
0.015617504183877834
0.015577448302435798
0.015580644929548065
0.015377159151097358
0.015505799140547222
0.015412182534290933
0.01515285912406016
0.01492307979572706
0.014175524884687346
0.013581788760605076
0.013143125392987672
0.012827755436544588
0.012453954870158426
0.012401225673767698
0.012359489404262044
0.012251754954412716
0.012221718731396396
0.012197357935011182
0.012128551698713942
0.012314317547572647
0.012582425727259604
0.012940955979937666
0.013579458948095303
0.013982497946337913
0.014065480729260038
0.013841929552337531
0.013723284161387923
0.013798518818731351
0.0140271517244552
0.014252158924613489
0.014427559071609803
0.014712845805889973
0.015333412122116405
0.015544519055160157
0.01596544685740416
0.016315401316196302
0.01662693088185565
0.016609472069492988
0.016510900847697213
0.016154205230473843
0.015424329356695233
0.01473589761362038
0.014228753640685838
0.014008435192395103
0.014208374982428513
0.014616073040014433
0.015253159598033226
0.015757200761071167
0.0163793662618067
0.01671246320456141
0.016512884371608576
0.015914246519033955
0.015509380142114112
0.01494357257513522
0.014449532003731686
0.014502203133354388
0.014120825393808637
0.014097576526872838
0.013837333157216997
0.013842445244685716
0.013613359090824012
0.013479805128151352
0.013312262211150092
0.013152759110631577
0.012746114678661994
0.012498195557040683
0.012208414062082259
0.011689841416965304
0.010986591629475937
0.010655376710887395
0.01054173526965819
0.010569369645404994
0.010616449087864351
0.010553439143120508
0.01060708059699161
0.010544031289020057
0.01035298602342351
0.010223855929374708
0.010201378509351143
0.00994551859788057
0.010029846014718668
0.010096971920714303
0.01042055005170558
0.010910436945062506
0.0111023295523647
0.011664018786508738
0.012124265939267836
0.012389809759645255
0.013109377389431312
0.013832410820545229
0.014203542366500076
0.014659531631108998
0.014867167236871218
0.015048944118463994
0.014961200643019317
0.015072449958392289
0.015061836872618231
0.015075868672771647
0.015203301130045564
0.015402167325177272
0.015473833817203981
0.01573148785422564
0.01585562624980571
0.015526435987385553
0.015591383713576148
0.015294214959883784
0.015326608161075303
0.01525195265466613
0.015570994594813797
0.016046294583378414
0.016452588039417047
0.01646113799727481
0.01680974934855129
0.017088486369458245
0.017517996170136656
0.017721398847827072
0.017880608054171826
0.01772930482808152
0.01787813987214236
0.017821814168736922
0.017675575628504653
0.017204288856959262
0.01689323360133488
0.016969321191040825
0.016992905892584762
0.016770573136056708
0.016787219241358106
0.016780843149940473
0.016464339540690577
0.01599149861257049
0.015303688665388481
0.014843520906211136
0.014901415671171175
0.014982515860855772
0.015041919067351018
0.015073873210098
0.015210059424369657
0.015316810004671184
0.015138103922765716
0.014939648081145368
0.015437933393905095
0.01573219909088149
0.01663671211365159
0.017231015880052793
0.01832753567656937
0.018617395046013348
0.019082791598883264
0.019312602996912724
0.019728503068810084
0.02027564241478537
0.0206393880727498
0.02130296262415818
0.021616111536519194
0.022652423220707117
0.022885004766651104
0.02301365956806014
0.023184972274128156
0.0238600368780014
0.024819635653137016
0.02521736264262563
0.025782445284473203
0.026372784622274777
0.026491590212143885
0.025745980893443737
0.024516199418079896
0.02366203572089718
0.023145462823822592
0.023130253085814973
0.023523128028838027
0.02407187238141701
0.02479167757118285
0.025052210274674545
0.025293020133226908
0.025041311126021926
0.02463913175438253
0.023175432680586385
0.021581409537484712
0.020652771735588864
0.020306743860664986
0.020259765875049778
0.021132649917265475
0.022470847751647413
0.022606853278062028
0.022063501699990558
0.021112552276039236
0.020651012459882427
0.020452168224121915
0.020288575332797355
0.019397211686084825
0.01890679135086793
0.018018570711260458
0.017385482571362236
0.017188526276532355
0.017403230036279888
0.017119514252640113
0.016618865606845837
0.016658291562026327
0.01677575465089297
0.01660068900359537
0.016602036929793278
0.015497573693561315
0.01442517790960994
0.014003132543804152
0.013308657422508441
0.013379039357332345
0.013712954519328796
0.013917505668835484
0.013909138021757533
0.014224304859070998
0.014507971470043079
0.013843639843602836
0.013178346998715113
0.012736844191882027
0.01187762832429622
0.011198182757356566
0.010624619322031431
0.010256638703186886
0.010336787323879732
0.010631361058011303
0.010831614984385505
0.01053122261688346
0.010210851467878234
0.009898667564517964
0.009634749159264716
0.009439421148478401
0.008917012444977656
0.008563070043546747
0.008098179369056803
0.007597339051801794
0.007444969465611224
0.007016682848570113
0.0068004094362404816
0.006724571594160694
0.006873713561690943
0.006951870556267574
0.00714917226531567
0.0073851954075711355
0.007369818539609019
0.0071181984659886175
0.006506332562150707
0.0061102194062467655
0.005575028912565397
0.005320899470092095
0.00527330633055423
0.005372767026496044
0.005453423212731269
0.005799059610193959
0.005828194247222121
0.005773267851525367
0.005643010672374177
0.005056375839266408
0.004829606668782191
0.004241253156902853
0.003917102673843018
0.003837773864088382
0.0037028385325478877
0.0038107651279908963
0.004078843085979433
0.00453057463666252
0.004630037267795568
0.004643549116799019
0.00445918862260329
0.004280877753296065
0.004152477525239557
0.004120168601904374
0.004126072652004759
0.004391301457736477
0.00468091384094267
0.004726742081806494
0.00471128543787513
0.0047053052171282615
0.004647577590368594
0.004786795435929726
0.004850213755048896
0.004855403572454641
0.004884983769673326
0.00498654954789748
0.005139972552833505
0.00509496959040796
0.005054823160225072
0.004883945947253046
0.004455900953133115
0.004079097446116556
0.0038353148573172778
0.0037203627393946753
0.0036414749258810697
0.0035919987884073254
0.0035830243054528485
0.003598076461766154
0.003615703793630591
0.00348325491843966
0.003436017383450596
0.0034750226142258576
0.003534798399854368
0.0036551852713446386
0.003912956805865312
0.003993004230488673
0.004389472759309751
0.004770916587154908
0.00512960227199685
0.005520296287842039
0.005830276699671024
0.006248880239127073
0.006690046570748657
0.0068107016881191985
0.007143461733650562
0.007239738895526993
0.007138410926058924
0.007231030041803406
0.007296244442624646
0.007378065469470984
0.007274186857555559
0.0071579858392752296
0.006868216655074549
0.006598651992311855
0.006448109155823061
0.006077801202661083
0.005911584775800427
0.005879062388606548
0.005998951221747009
0.006181814962733095
0.006397060083518574
0.006412345914687714
0.006482156559176343
0.006535468811243764
0.006379127290489374
0.006402182638851499
0.006411231514105208
0.006263389003747219
0.006238079826856783
0.006312663285822839
0.00649465091396869
0.006509582656356784
0.006600586024745153
0.006645809602343146
0.0065584986002568384
0.006528739645093267
0.006475584152554543
0.006505912874169531
0.0065138395472080085
0.006723275212539949
0.007076605082419099
0.007266655815882726
0.008027390681574082
0.008582194631994168
0.008739987046550556
0.009093890897568138
0.009144212973852355
0.009297555785781442
0.009480314808991235
0.009554296465608715
0.009569186271690844
0.009629741125077147
0.00984065084928171
0.009964024136747776
0.010153079676475564
0.010213152919900804
0.01008437510914509
0.010070699640613082
0.01018664436827062
0.009995294330451166
0.0100636645429614
0.010026199858234431
0.00988407520484742
0.009891283098819734
0.010117192209532593
0.010159951757262661
0.010357876044275474
0.010163332281085541
0.010179038467071301
0.010236912611504324
0.010396996864748709
0.010343290765979037
0.010276053808826353
0.009913029008397014
0.009744359607226739
0.009613574607816842
0.009463867192091018
0.009151360000493092
0.008705818687407206
0.00862065189943748
0.008251771255498972
0.007900952247102182
0.007640034291736243
0.007355949965671639
0.007085374450482428
0.006848908646943116
0.006612012688905674
0.0063892379444391995
0.006026280155217128
0.005737686654854037
0.005650967973040789
0.005444659962567335
0.005276908596180124
0.005202874798642092
0.005081430147027292
0.00497293714416389
0.004885900933348706
0.004731780252052542
0.004743362697008162
0.004883117148402861
0.0048491976139204696
0.004864691558612852
0.004918505278448093
0.004921743627274125
0.005127873171933075
0.005131539298329775
0.0055128503999021024
0.005709964484254488
0.005659550493474311
0.0064296968754149085
0.00660740326876687
0.006648375206450716
0.006738007761070501
0.006810121626375114
0.007150249733587406
0.00733373441515178
0.007657760365527214
0.007554112636948315
0.007421095433565203
0.0073339709322413765
0.007004191476008922
0.006834598858954499
0.006404091648931623
0.006336781523134033
0.006107753623030497
0.005901778455763433
0.005688604395675723
0.005346122817428764
0.005131944708809885
0.004995233900213608
0.004960614028266823
0.004883629495987285
0.004533791878637826
0.004408434492009833
0.004039505474103144
0.0037372410295006576
0.0033635689299635245
0.003214642616652768
0.0031152999773236658
0.0031221542680069858
0.0030754692193654784
0.0030843512198002057
0.002961863713045168
0.002946660079561779
0.002751740169976897
0.002559784997359667
0.002352005744317268
0.002168458737463379
0.002182473087691439
0.002220737651633161
0.0023130342369451244
0.0022982139225328807
0.002181842106920749
0.002059516403806798
0.0020207307601723054
0.0019828836839678697
0.002006176421739892
0.0021433804642726297
0.00224970569347555
0.0022838568161334402
0.0022471024495744106
0.0021977421921237717
0.002017963341274674
0.0019491807905964611
0.0019404563328888243
0.0020498093148065715
0.0022185790987273362
0.0023805266068698833
0.002524199031767274
0.0024433553903879285
0.002309928309423529
0.0022672038709170917
0.0023680842313208487
0.0024831076744044485
0.0028956872383955282
0.002975663572014603
0.0033668936937794915
0.0033926685898574204
0.0033032787881384306
0.0032673852378693287
0.0032400123079990503
0.0033704067218599068
0.0034718192493121427
0.00379150643072838
0.00411178376724647
0.0042217806612374915
0.0042090395517747755
0.004254564304403409
0.0044437351581933055
0.0046961114893250165
0.004968736505386471
0.005241276410293592
0.0054578775479311266
0.005524966563338881
0.00532803361505358
0.005199452212386499
0.00544632477811533
0.005590676588729174
0.005924956669258736
0.006154150427911938
0.006313322355436478
0.006113856373188849
0.006130481896059379
0.006088957194804398
0.006099136299326053
0.006104437777241741
0.006082730351183648
0.006122658756907906
0.006216439543297507
0.0062069366742191
0.005981767837967561
0.005856460787620019
0.005645993919911521
0.005680701504575283
0.0053474208350155795
0.0052921406837740294
0.005208229195154355
0.00519777119111967
0.005084987325457584
0.00477061950857373
0.00460253300487049
0.004445860339154497
0.004271280172723749
0.004279201590238651
0.004270202663330804
0.00441799177955151
0.004470579493709102
0.0043836545335952945
0.004216487878549032
0.004030273587202485
0.003763551620382282
0.0037839695349330105
0.0037503381988271385
0.0038227056135347165
0.00383394787087765
0.003800422097941924
0.0035126014220535225
0.00337122672450732
0.0032682739358091554
0.0033585500580147675
0.0034019686843359876
0.003357755599209789
0.0036215560489648384
0.003822562119086828
0.0038501522139398033
0.0037207363041034556
0.0037639368675801816
0.0037942274086306183
0.004167090716293206
0.004469849431422463
0.004768683337038994
0.004995377564963177
0.005078717411468531
0.005064872098002306
0.0049947622185509645
0.00510546223873507
0.005291601133075743
0.0054298244186636035
0.005513759395049156
0.0054986923313316265
0.00550444067116473
0.005352083339442383
0.005098243050986115
0.005165415408804518
0.005183731322321041
0.005261586587241516
0.005577794536605097
0.005635469117061029
0.005696351017922802
0.00555778001223659
0.005314025984268581
0.005008834929725451
0.00481902221673496
0.004737813776655695
0.004739908479879254
0.0048570363109214625
0.004760039388776298
0.004473909577956134
0.0038775764751352603
0.0037097672274406953
0.003469868424688007
0.003255547903845682
0.0032194084559992995
0.0031997199778941434
0.003080830637506481
0.002823686822504247
0.0026220341329615004
0.0026192851710081073
0.002645613087665907
0.0026454569089561604
0.0027099287502496427
0.0028826518114641493
0.002924085882262828
0.0029772839803879894
0.0029392057484335338
0.0031591942189103635
0.003253995933237624
0.0032123276254372854
0.00329409411525535
0.0034649544284936053
0.0035267265904423513
0.0035460300350279314
0.0035951694838249866
0.0037631057922122833
0.0039380805835959555
0.003973803686870987
0.003924845024902363
0.004077122577935771
0.004151499525240991
0.004109448675692559
0.004067864000824064
0.0041853431395074666
0.004388258224138651
0.004398344588042288
0.0043710625171532215
0.004297779406966842
0.004238364770565621
0.003863697781526433
0.0038280438103072815
0.0036598752794359374
0.003636860608757899
0.0035036301479957053
0.0034793721996821134
0.003370628132448579
0.0031644222858477865
0.0027991006506852796
0.002681483005099707
0.0024139505665083175
0.0021397563332299064
0.002070624689621573
0.001974668708414282
0.0019724597427914752
0.0019079490830298499
0.0018913574400248145
0.0018302034971550928
0.0017466909056043079
0.0016851725388309497
0.001738400235864051
0.001801665178747107
0.001811207891027183
0.0018743188557155126
0.001971673302670334
0.0019555648258627167
0.0018664856051456794
0.0017878455384820833
0.0019006226895874928
0.0019526440351256402
0.001979739645096544
0.0020089421429555264
0.0019976982914208337
0.0019822774994351644
0.0018499343581741367
0.0018177388155333411
0.0018078953173670058
0.001764926624349672
0.0017722495554134642
0.0017815897240161412
0.001753120835033406
0.001718187352002928
0.0016362912020149681
0.0017260189388599158
0.0018513476851085794
0.0019341297855098544
0.0019889328044732256
0.00205665163526375
0.0021724101281688484
0.00214932411407721
0.0021169645220076175
0.0019909346187286714
0.0018486811651941299
0.0017383822590270408
0.001773608593101119
0.001821938690897863
0.0019150784143237326
0.001856418716042309
0.001655484858089877
0.0014848503968871727
0.0013525768498004619
0.0013499756451952015
0.0013361982748671718
0.0013542109356709908
0.001392937975186928
0.0013140033036587978
0.0012262177597571087
0.0012047934887293831
0.0011504739917762446
0.0011747837623283203
0.0012112734299740988
0.0013008540392609542
0.0012528815069910845
0.0012243729877344216
0.0011420387789066206
0.0011482293613821117
0.0010935989668101388
0.0011762885380359363
0.001317714023357472
0.0013758479467957205
0.0015293275062244842
0.001697980815323971
0.0017654407139140065
0.0017835179154988552
0.0017527040001436931
0.001670581855380475
0.001606219408052426
0.0015954067526578269
0.001669165283354369
0.0016726105861733609
0.0018088365732217538
0.0018493447259986505
0.001654311766386143
0.0014983938868498169
0.001216497669209463
0.0009916986402666457
0.0007952554788351928
0.0006168156365031044
0.0005831204159801607
0.0005716682458574566
0.0004820086700853039
0.00042989540851385714
0.0003726548212919777
0.0003436703264332654
0.0003448260157876282
0.00038773322872160933
0.0005145356747614214
0.0006075539703765282
0.000683722043799636
0.0007207667594981198
0.0007128222967902626
0.0007958194351807354
0.0008437825003551235
0.0009657911675047895
0.0011726491196153834
0.0014216048428385816
0.0015995202299959662
0.001602692726297334
0.0016594269448704027
0.0017260905934308284
0.0018360356022673913
0.0018086260860259232
0.0018765496009798131
0.001780150159725049
0.0016826407593568775
0.0016189489895306955
0.0015621781062411847
0.0015373548689374063
0.0014529530231931855
0.0013643508861850202
0.0012265784340142229
0.0012651233556581006
0.0012715676234886235
0.0012677900466234679
0.001232790630301917
0.0012549705244425074
0.0010810311596902923
0.0008987473060996686
0.0008752229458215916
0.0009067559426839655
0.0009376488430530516
0.0009656948139774287
0.000952369456743486
0.0009016389194887545
0.0008450691651875009
0.0007299195326980103
0.0007719955226819944
0.0007949882909706283
0.0008605943016884072
0.0010048288227312622
0.001143213908210054
0.001342108461634546
0.0014796161818190422
0.0015346124963214265
0.0017204319895160567
0.0019060112690856925
0.0022077749505359356
0.0024318561873629416
0.002514853171716919
0.0026629523584746607
0.002847927328002988
0.0028243899477349904
0.002752852597919763
0.0026239875136944858
0.0023210133379979
0.00201899422985096
0.0018037360181588653
0.0017584120186897474
0.0016650121634204616
0.0015593896251105395
0.0015350528240297844
0.0013859758713975657
0.0013262559757099342
0.0012029888139042572
0.0010710739664011645
0.001010989964912364
0.0009912864716284117
0.0010170441225018736
0.001055726344166529
0.0010843904889724135
0.001051272673312976
0.0011168621871305785
0.001119746774861418
0.001080830721011628
0.0009993958402290364
0.001046286390805676
0.0010842161259486398
0.0010876910416210293
0.0011374860427827457
0.0012298449435834777
0.001347261061907089
0.001538867183962749
