0.44784215998450444
0.39761608971961704
0.4233618725401886
0.4306015557739598
0.41990140022183703
0.3834634832454721
0.46702583245478446
0.5167673103508021
0.5330832582890886
0.5398771842331516
0.5145964826741005
0.5001298611959658
0.48094772117779794
0.3894130517041336
0.4112084568013493
0.5513974748270112
0.5562618422751602
0.6458648722609712
0.7217403735031145
0.6850097737065347
0.5850688099194434
0.5495655603242301
0.5741901226596268
0.5071301494580605
0.4915614376604525
0.5575013904062501
0.5838070404783562
0.5640947170236802
0.629733313203771
0.5615236886856599
0.5016956528563581
0.49367506373545644
0.49488070980797877
0.4608828563721352
0.4874396613333179
0.5266237159960215
0.5474454327012167
0.5383497720246512
0.5534660569052283
0.5678206383889052
0.5391579443433075
0.54685272439463
0.46463657010101106
0.5497984508720606
0.5348825664851038
0.5976283332798881
0.5732192094724369
0.6275702357198175
0.6344576716866325
0.580753818373563
0.6123608505007458
0.5646359239489611
0.6787700047963291
0.6378013440455159
0.5793123955868322
0.46845296445469803
0.4328201252800573
0.4934087337298237
0.4675657301184041
0.46833236270866435
0.4274742450112831
0.45901776219708534
0.48051653601793765
0.4897573214869703
0.454970951083217
0.5009234738061246
0.47497638000886266
0.48764028591351116
0.36465092409921346
0.40809309467567817
0.4658395763350295
0.35193130224871416
0.4726918711886772
0.4349510952175747
0.4795873652501532
0.5125522659463604
0.6253481895540834
0.5220978839827954
0.5357975618494625
0.5061935935683041
0.5614344902324224
0.49433122143559605
0.45009150118804697
0.402645133674327
0.4810054967425664
0.4881680828680742
0.5042601144275382
0.3397199580862808
0.5830534245560774
0.5638482935608803
0.6136797142144357
0.5731255776772617
0.4929662021136152
0.5050003250228101
0.4327418841008283
0.46031113867869594
0.3812617930546874
0.4300127725699622
0.4822088298599331
0.46518559232478657
0.44542311079394586
0.45256947588395513
0.4491888011470178
0.4915735559217801
0.39944946261650793
0.5279933640457589
0.42147541028458574
0.4045368438585472
0.33551230106984503
0.4788446223329601
0.28178894254530973
0.42770525439184637
0.38117676538953743
0.3671809062978788
0.41513796491317834
0.46254601042005183
0.39723681869236815
0.5250023748913115
0.5150767969797349
0.47425718056784527
0.42216339169069916
0.45065456651804
0.48093848094694036
0.533462648418052
0.5922596758469824
0.6391341618679618
0.721436354163456
0.7881957131520488
0.7619099479612774
0.7060502378924363
0.6912293376039401
0.6386003142980136
0.6494991594628841
0.5261622529280052
0.6781509392808247
0.6106786781571025
0.6215990181118356
0.6080555992375267
0.6596957767179246
0.6646527845955965
0.5953659609402752
0.606821441106992
0.6118150091191029
0.5939086835669979
0.6142080964737133
0.64330900732739
0.638524401840131
0.6906314523090152
0.7034474231886877
0.6419523940999771
0.6034233892550214
0.5499977853008519
0.5375220135184399
0.44934844882125274
0.5180509698320718
0.5420185835247722
0.454169234557807
0.5058909872344987
0.43388946355530056
0.4498763028372819
0.4410238522220391
0.4978306950810529
0.5158811433144997
0.47762084098241586
0.47549152101908376
0.5228604616216275
0.38746696461875124
0.4097745149061621
0.4634523183020333
0.34863025719973956
0.4633622275068139
0.4483117273463211
0.45803587054880884
0.5835906352470528
0.506890774910714
0.44614039256120647
0.4331730866196069
0.5015401536274539
0.4561054686206234
0.4393362152928999
0.44020020327227843
0.47765601691456755
0.53922195159694
0.5471785642314896
0.566595796423522
0.6312633357555789
0.66672431991816
0.6034454569675319
0.541664647556107
0.5038543077657688
0.5084890442541422
0.39777072175256184
0.4604897858984552
0.3565992513940134
0.49514579179384893
0.4501166174491538
0.48043047240058295
0.5610501842843066
0.6073755359872999
0.5907589650874324
0.5003673531867525
0.4735638818287777
0.5141427227934839
0.5000625157723455
0.3502135878462331
0.6143580422818068
0.48812424808618693
0.5306442037406017
0.4099325155984644
0.48337223173925103
0.46304850202233233
0.4321366506798968
0.31769386677009026
0.3978794552761975
0.5532356085476307
0.48030021209281193
0.6723165302079416
0.4659047196743844
0.6467963177543783
0.5848953455105598
0.641496400504163
0.5452635839307736
0.5007967798749974
0.4604341026781659
0.42018995837761003
0.4900145803376139
0.507815291732579
0.4256338960746999
0.45298770684270157
0.5076313579313615
0.44699262292386394
0.4000872389992116
0.4902373264770414
0.5493994370474984
0.41966958405251914
0.43768766997936953
0.5555522840491706
0.5659397393861085
0.6305864116057555
0.5787845958223208
0.6496434557591103
0.46740442429685
0.4620381645398341
0.5044163316288057
0.4579559370897237
0.24131284395981445
0.5560892696952667
0.5275172107316385
0.6286853083157118
0.5086824928803139
0.6618306163094344
0.45803014787929996
0.6476126324860504
0.5912370966883234
0.672481841879724
0.48910067460861434
0.7249530684369959
0.7388757475076135
0.7376110009629959
0.6000831225644933
0.513826862294837
0.15211712093007101
0.4733136213964234
0.4194826270851681
0.41730289691293443
0.44465944489777015
0.4790519458691229
0.5434014205449428
0.5445877983625844
0.6893820085357321
0.6201509523276204
0.8433603767810137
0.7396135111892517
0.8980032460094791
0.9132454006723375
0.8827845640163653
0.8720401473914537
0.8708271725463848
0.7259505920891373
0.40623436381731176
0.40725289435293127
0.29945474757049206
0.3710380856299616
0.35564144390486485
0.27405244847404664
0.30181977638246
0.22499076439989604
0.06285114049797637
0.3621784548539866
0.4358168019106273
0.17028560271608453
0.4376568071951389
0.46153826073095094
0.42148076743904067
0.39869105487116535
0.35914466883806917
0.409007613953284
0.5357184601617324
0.39402002831286415
0.5150558289667253
0.212964492262269
0.18499223489665617
0.20982988502932126
0.28165647722172116
0.2998578595298945
0.26967054558547743
0.26783823324230327
0.306390439584206
0.35757171040532243
0.41060672901045503
0.49519864210475867
0.47769532677752496
0.27772844709059075
0.25859954276609953
0.40428241407609394
0.2686059173814633
0.5370561741683493
0.5391368724458057
0.5140922512495368
0.6541867997922711
0.3078121205071313
0.3193446950226791
0.42772978363862896
0.41502089218077576
0.2488093599825822
0.3046780245240706
0.31828051470487256
0.39015527389940635
0.36643969950004596
0.3721447367677221
0.39359821957633245
0.47794267545913177
0.32719224276831715
0.2911947428899503
0.22112125115677836
0.3891610545870455
0.2143768925969172
0.31556164101767314
0.4947442635040536
0.3710045124028524
0.44253403602790714
0.40092939076341977
0.4344438772504845
0.38478161076105544
0.34501240559220225
0.21169449933502932
0.21275892525853185
0.17100286551604654
0.1899665897217016
0.17719773292667423
0.18147810219443614
0.14425957127212094
0.1294805380905461
0.13967635675729814
0.20385095852460716
0.1592073578806791
0.3898898852527191
0.424497766780378
0.4536378430425762
0.38109900375279104
0.2587651015803602
0.384269071537763
0.32366455807685646
0.3146121254140879
0.5609096167550547
0.42155308633593164
0.5699867661273376
0.5037484306839406
0.6589761362844122
0.5929211173806693
0.7828342453926872
0.8198425120368761
0.7548057489284381
0.6101051281932591
0.6300651359794807
0.5984453775280677
0.6023486437630418
0.6764387190115106
0.771864064344649
0.796934772826629
0.8541368383048195
0.822535673170292
0.8544598076553055
0.883264737724499
0.8615216539698856
0.7727120875823489
0.856922911410842
0.8521709591185785
0.7982165886879146
0.831569784285682
0.8591744698175832
0.8103791726438329
0.8320375445796653
0.8257881549024569
0.7996697881189031
0.8395269031363582
0.7867893012084081
0.7213631505641053
0.7647643600184446
0.7994640774449641
0.7954548771152569
0.763808945612847
0.8250504286266097
0.6845965012308022
0.7065951175755696
0.7103864178478606
0.7168104860176346
0.7194773129510889
0.6768140093299341
0.7048503370385991
0.7207953742779993
0.7144475123248772
0.7164261856082617
0.7385239434656798
0.7409628816263812
0.7613814571358651
0.7432338866243335
0.7362096063747963
0.7503710005540962
0.7769134954248205
0.7952023896148837
0.7799818019025155
0.7818814459817953
0.6598521885017252
0.6687564561487396
0.6287670254098237
0.7191193423790704
0.6186646001690703
0.4662151868300254
0.5666530812419994
0.7214934211714001
0.5928364570286297
0.6856093109456495
0.5851070709446314
0.5283011093821645
0.64096420505857
0.7693449432585545
0.32199118633358365
0.3159047917514011
0.38234172583609516
0.3207910170789394
0.44897161301018673
0.6741411348210988
0.6500575076933301
0.7902607104578808
0.5786381245756071
0.6434294888575521
0.6502173308393456
0.6347427657556093
0.6920351688008947
0.8115106694121107
0.8711530843363695
0.7949967364292148
0.5324460858645066
0.5452428323916071
0.3515881673101916
0.5311845674164122
0.7715695744454942
0.6799690957876546
0.7526481386501769
0.6959591707219563
0.6723999643683394
0.7028297375881127
0.6004285003462244
0.8116140147625099
0.5500629390625977
0.7768780378944306
0.627882684189505
0.5019236056260187
0.36470162631648795
0.48920360810321695
0.43899262720761084
0.6135276915700015
0.7118884064154533
0.6996527397999346
0.5952437789452671
0.7664677829520229
0.7787702273634621
0.49277156735634925
0.6425771097377693
0.750858749535546
0.562590048316507
0.7961483210443201
0.8139269983806499
0.6765655241865615
0.5628615393280744
0.20781828767179078
0.3845117047557933
0.45226104632472364
0.1826779712990883
0.18484342110568092
0.19955579255574118
0.13486230783214362
0.3012164837671544
0.25990060934265313
0.5280482096343418
0.3578203661961883
0.3661170349633946
0.3628330921928554
0.5263286174106206
0.3108547293067651
0.31207186179630997
0.25722422025986375
0.10463103179351534
0.156724450643766
0.6138169818656063
0.318649942751747
0.5344242972027784
0.30397777785878327
0.33899652917866896
0.4391557761221434
0.3054698225549322
0.37655655282622175
0.3703783496846926
0.2628081488515045
0.3656874703303189
0.3882532351608774
0.4857190192936174
0.578909178024554
0.3382263289576947
0.5442478460462501
0.5931285329709228
0.6195416143325254
0.5106041925063622
0.450212392050808
0.4635941129272215
0.41040758513554465
0.30466588130636907
0.32431074550681166
0.10684385728106759
0.5883859606790036
0.1496171687002327
0.4273176095037674
0.27300966142889976
0.3380756521850594
0.445353975611531
0.3780746103175625
0.10492751010558346
0.22419202922720702
0.16462511308885
0.02596442186275142
0.46636254138488986
0.2941002840371309
0.5528928817497941
0.2614086511071964
0.360758108701533
0.31191743940905525
0.32274957264862797
0.06676223807054908
0.4645943799175707
0.5106248114634927
0.3794488940858687
0.48594916235693036
0.19097810950628627
0.23601082740440132
0.3809731628537285
0.3308278969470182
0.3564753599100821
0.5457000323806642
0.5262266644072653
0.6311187191276006
0.7115326254057596
0.6543781030736772
0.734744715183143
0.829612992784006
0.7788262282073002
0.83781166994179
0.6302102717769216
0.7850828683015714
0.7859875169974933
0.505401258059478
0.5910148358885062
0.740961095358221
0.6520963156271352
0.7321476469191001
0.6724809424387844
0.7074791589627353
0.6016285177814891
0.7173591651489041
0.7895264608799545
0.7124405921136555
0.7278001504062097
0.763863023266007
0.7508177264232362
0.7226589582149079
0.7661981273284301
0.5576272919187996
0.6341984967840899
0.6398241887973387
0.6267107752380846
0.6642942423444658
0.6753799424940692
0.632950462459567
0.6500077421947426
0.6037169140206099
0.6614548213199869
0.6781184426129777
0.6709112983727417
0.6517585320176604
0.6781076934871451
0.6359300460943018
0.7217814141532524
0.7244568059908382
0.687515790795033
0.7078091020890386
0.7818758757535825
0.7088883480622767
0.7058200620490628
0.7216358174216652
0.7252154880372779
0.7178821025553402
0.7154557216150911
0.7716150539315082
0.7587451589100107
0.7961299063325521
0.7569596638357022
0.7074896157096582
0.6828356064770597
0.6621918392741367
0.6783389906990019
0.6722715247412347
0.6448947881092979
0.6620700635714729
0.5316310429465244
0.4728802577198843
0.562786113665693
0.6991532213164434
0.5127793842827004
0.3762023117302903
0.6065984622545637
0.609628248735415
0.5595579222331223
0.5420529038314308
0.5274574391153972
0.6328312570364062
0.596817512863863
0.5993552197225847
0.41359249088759853
0.5951771468716056
0.4776675070941333
0.66264150559751
0.6204974221994388
0.5990453565640053
0.6112172459955838
0.5944367165923009
0.6273190582332763
0.6481543252864364
0.6477075685807916
0.7234499010751932
0.7245325001580853
0.8438808608434145
0.7979827296921741
0.8169866885402849
0.8338768076573013
0.8903371603870655
0.8718376382942128
0.8942385979398143
0.9133658482829812
0.9107376040870809
0.7812683880396364
0.6759249331401658
0.7683884005316812
0.6957486829046058
0.8879303489762812
0.7294439365550252
0.85397570769453
0.746659680641934
0.7006698313718364
0.6911836765317907
0.82790122829552
0.8175782844769818
0.6729195958973634
0.6475652237919418
0.8640235095626974
0.7080869838792818
0.7514539881080861
0.909314196669359
0.8657074790501605
0.8939940520924433
0.577620859295644
0.63101569437731
0.723037474829315
0.7645969882974862
0.7008044967706877
0.7442705413021887
0.38783508558410873
0.5988312814677208
0.7567911451364226
0.8344762644573869
0.32228612979971866
0.18103556970946685
0.46909865450094035
0.4064614923793369
0.2736182979377234
0.2885586403132076
0.4414340542230431
0.43900360154537116
0.42553695273852565
0.3532310733392761
0.28740356482484264
0.1997566653963891
0.05811967077482308
0.10764030699333223
0.05548330155766183
0.07795371511272499
0.1286109514165665
0.12376366503487508
0.07393292161204905
0.11628260993425929
0.0682414221433929
0.19023812568934273
0.22511998203464292
0.22195965582269797
0.21810340640516165
0.29414101015498867
0.29254248859910253
0.10995181608560792
0.14642656931901538
0.13356633024286196
0.1879264096221888
0.41042309636985097
0.2286630703940061
0.39177834398958855
0.48000309371822825
0.40907131009919906
0.3809436398338079
0.3267553189871799
0.4011217500255724
0.3649262498156311
0.3563474402764188
0.3058886935529966
0.4788834038616589
0.3830336241911591
0.5192603917369295
0.4585691346770258
0.45002482945247513
0.6090172453736459
0.5603822517889252
0.6630947168958025
0.4511877854755004
0.43377932786106366
0.4500466303450505
0.37611542489306726
0.34313558330135685
0.35569876972943126
0.32894970256246053
0.40749347269523695
0.4960033559637698
0.5710182360182608
0.6515176693848583
0.7048230811870998
0.7385744919705316
0.7839619933280184
0.643904723487165
0.6492161713978958
0.5828770207199372
0.5491456902898202
0.6519788119251282
0.719243453057634
0.49762511458897035
0.46547062417048723
0.5778891393958296
0.6607719676895379
0.6374115464963852
0.5482223581930042
0.5206678772883604
0.5319914586606185
0.43933413104592267
0.4053558874977248
0.5219045819548902
0.46134053075579007
0.4608909599297459
0.40518496129710085
0.41642447409056976
0.4729137490420024
0.502731363592673
0.4825428869374658
0.42143476472483493
0.46775505276816093
0.46979812835241885
0.5287732352191546
0.50441064727303
0.49003352941905853
0.48227970769401823
0.5787077713411664
0.634200519994394
0.657457179281098
0.6305040334787444
0.6450496988689385
0.6232566803850168
0.6265096699640068
0.6492939711902781
0.566962178006943
0.5140833711796693
0.5828136990365108
0.5604568560124575
0.6049596751144241
0.6023183374376911
0.6056262791229543
0.6293275341308168
0.5725450404863376
0.5602816727706662
0.5908198735085128
0.543880449741793
0.4896970230875502
0.5031381377100798
0.482600974763463
0.5945803606302456
0.6170571850199464
0.5468261139680654
0.5866584860569767
0.4420469032193438
0.5035966739276808
0.30689762009877064
0.29620812836876736
0.2791630547695723
0.29776855673801955
0.3165209957968232
0.36650476055132675
0.5378139764339377
0.5796263635345524
0.5701274317921936
0.492008078997633
0.3306080936463577
0.3985822592581252
0.24905482254518188
0.22795629124241587
0.18506661103691646
0.17061634873778744
0.12557956376588084
0.21759039846709513
0.25531613990783
0.43061007142670077
0.25089990760628306
0.2947749267714086
0.28677996743201073
0.198525628801855
0.17759228601289426
0.39135386818188533
0.4302792262231393
0.44003034415179243
0.3844288002087337
0.44439072912562355
0.5516251998061282
0.46762866186564883
0.6495260063916273
0.6069874542125115
0.7180571295509846
0.7337847413930518
0.7297499436139072
0.6341480901318829
0.4930278414714471
0.4762320777406115
0.5715489565526837
0.45971719328218225
0.48090985919001766
0.5004130268637877
0.7094396931438943
0.5647236832820643
0.5268571260122414
0.42557300544878046
0.403850382212286
0.6478093032820414
0.7379994005441175
0.6111860112156358
0.5970402638952599
0.5351570833809175
0.5153497888648643
0.6632859830272126
0.6480419195923991
0.6336612227494033
0.5254886661814511
0.5704790434062087
0.45937082436942966
0.4829304866870656
0.5386384762875062
0.6384705530629835
0.5817744191635377
0.6705236105618722
0.5844067503736189
0.5682101709475489
0.5864400733020252
0.5425807467637817
0.5085302314293982
0.4635614971539065
0.3828804704901413
0.3591108302448193
0.2943679176910156
0.3465316313926081
0.380880028971703
0.37528338035533537
0.39222172624815665
0.2582433925632504
0.06152913186760742
0.3026065559640113
0.2746432168801013
0.32959693358935666
0.09322694142440945
0.4888729749749382
0.2966643274837932
0.08270790737253562
0.4039099782424675
0.2848069274482142
0.40731774951204786
0.1705375828533622
0.042618109736862295
0.0997532051976798
0.12583009503781362
0.1625753215508017
0.11085904582710018
0.23051900855240695
0.35258717323501054
0.327191460992784
0.29054828172895025
0.35610919869921315
0.1931019451705688
0.30764480740139344
0.22817054837496448
0.29014911621468903
0.3379547761670397
0.5292628744929896
0.1603078177777908
0.5111429384084074
0.38900691348117267
0.42637726691791944
0.3765330518705872
0.3322745329220209
0.23068373525300917
0.22668189696123983
0.16873202855026895
0.1454503080271963
0.14529938335124584
0.04692575089188143
0.16301023467970907
0.3420149765193877
0.18296593526399527
0.09995097289541258
0.2203435524322286
0.18049475796324374
0.3815155792527963
0.3345797752837268
0.276989405267297
0.3034879612526315
0.3699247974878728
0.21473385659915287
0.1304165991216715
0.10641394326122003
0.02558046110157164
0.3174876566622361
0.3596752033951704
0.25455351484407496
0.3308059629610169
0.32595307172533833
0.2225857025859061
0.07484380361863274
0.27044634698063874
0.1809113896710197
0.11426349786164386
0.41131478236958796
0.2940490742237576
0.42534128331650695
0.25867059923444935
0.5932264118314085
0.3972659221856139
0.5718176840301369
0.4551826616034922
0.511632467610662
0.2751527274328404
0.5419960949903552
0.3552077725421474
0.36970028021741974
0.17392515330747452
0.3541242561021125
0.4831767927601446
0.22404408934705605
0.24375085139691985
0.27581057850545343
0.3884953795303486
0.22804964311599735
0.3409649658857584
0.3608738478441725
0.36546562623683637
0.24635704563798624
0.2168396640685196
0.23564604621880966
0.2562083895933441
0.4728262789713651
0.34489382714604594
0.42726483257419623
0.4713519571650876
0.4223494683874322
0.47545108335315445
0.45981459718553824
0.4578995513066025
0.46478955044121567
0.38114352970705806
0.24858646232217008
0.14328658301852257
0.09245270294615311
0.1664304436804698
0.16444271487597117
0.11312218627879364
0.11166994857353892
0.32076772482973936
0.18569094061497146
0.23382068477963466
0.2724603517622481
0.2630092389112702
0.2019054560418885
0.0666295427829263
0.07567566619552621
0.19287834107542537
0.11708328179575149
0.1762601400848437
0.16654925134391768
0.10692616559910641
0.23219333953115343
0.17100122399235268
0.18690756340898523
0.1844102832660887
0.19707669948826484
0.19437072236782746
0.15009767700915422
0.3025949361495189
0.19015194247706782
0.2958055222489461
0.21384190677316886
0.2542426924317942
0.2504345200396221
0.334736333797023
0.1924278431926178
0.12073677047018078
0.16675087007782582
0.22597937464606738
0.2587118016927574
0.3557274912542229
0.3122326273179777
0.33256819003661253
0.321972320471276
0.41767562339161035
0.4102466722595095
0.41164452542528923
0.3745464631472016
0.2567745036063928
0.31611488638325574
0.33687213604381955
0.38602929557574334
0.28313765331473056
0.36834020362819736
0.27571463235666344
0.49456416691302296
0.482210503871131
0.4018428436153829
0.3427195085516832
0.3722643707165984
0.3615059438132542
0.3310842633816472
0.34587576419670774
0.34372991023408966
0.42736395022761914
0.2977006311895483
0.3756080384595733
0.2820964498854979
0.36093424149146036
0.4370914677649484
0.4685286056045333
0.4982301222675665
0.4339065033915948
0.5273405152878939
0.5732378839861445
0.6552744955417221
0.5982060385553004
0.6059256934115475
0.4735869170469947
0.5811160266920001
0.5866207632584041
0.4008297147775447
0.5456508727973931
0.41112288396452307
0.4516719088892837
0.4722703889969516
0.6195199592418722
0.6386575652272423
0.827911768343786
0.7913816828730331
0.7211875446997442
0.6177551033709422
0.5987292591135994
0.5747729931422296
0.6662282379793523
0.7144625591588672
0.7119181958851234
0.5895288651990236
0.6583688583916301
0.6237080576413443
0.5451779421733182
0.5338271926923289
0.736960748814268
0.7594071125653141
0.6317016162584226
0.5815780043553028
0.579792950887788
0.6419180387167619
0.7379376358944398
0.7763197935516638
0.5996762075387616
0.48510921315764033
0.4405558484291819
0.5549017592512124
0.5912949370907931
0.6946775951599916
0.67588056771599
0.5872814514972569
0.5743284889334024
0.38546990124181135
0.4903076262938016
0.542768712580143
0.6398162953862141
0.5925868058754442
0.5218251442939957
0.5038812709134977
0.5849402076877869
0.6540842631212591
0.5332832146021921
0.6943986749399539
0.6772705244578923
0.5467775013437547
0.5988919011976156
0.4511137766378875
0.5577762414983161
0.6604387376708561
0.56382875466908
0.47269170019816825
0.5025625308462942
0.5480210887925877
0.48648426399917427
0.6673265703592306
0.7106560367805236
0.7477179700979051
0.5907668441710235
0.5704166159184783
0.5239206920940205
0.4805444033871582
0.4604128027085682
0.37206304025414405
0.5647135587194753
0.5394463354228685
0.5516869466114346
0.37856592136348766
0.4599373923387295
0.46072339535212553
0.4838314678444893
0.5277873522039118
0.6872464579742462
0.5451753360623373
0.442872953421128
0.3422218228180895
0.40462821556578676
0.38482852225602426
0.1819029848762779
0.3380160875532602
0.39370924101385535
0.4411317795342309
0.39919769832329555
0.4425104008669683
0.44069219185696834
0.32354707881306105
0.5619317503986972
0.3143228060162676
0.4852701384568954
0.47344629119397463
0.3881011182427744
0.4628586547480964
0.44996856704369353
0.41184919763019867
0.24368627277574548
0.3180016646786715
0.347576335579654
0.347814780945711
0.643723847408372
0.5386212356989472
0.5599640856592409
0.17657485190834224
0.5341002780318509
0.5151570778318887
0.4457109454455657
0.5184128969942807
0.46094440153766425
0.40057724341877526
0.47973070063952206
0.3734876009247294
0.500397503874874
0.5682013231744824
0.37422184187267343
0.6136379187908312
0.5524805736601102
0.48268331587622165
0.4031213936248841
0.4113853090258338
0.4071631079507544
0.3802194498741818
0.37448270806812006
0.4993184135957668
0.3684730248102575
0.4896882064181954
0.5698044999314675
0.46572124425770006
0.485019274014048
0.39930851320723915
0.3513521999929601
0.33102138582589574
0.3832908362286108
0.4426448460850178
0.4129494487427647
0.49498467488740244
0.5588190335612724
0.5371695855381922
0.5712041119967717
0.5155726250664171
0.4980400085573992
0.5572865631066397
0.4681239002482673
0.4076551208137799
0.4029423375059552
0.3728791107006514
0.4163018534665108
0.4006554557826288
0.3691127971477545
0.4561740694681769
0.3563601430236722
0.30487070336674954
0.36887591679125287
0.29822096172871837
0.3400843270177102
0.3375246086928898
0.29039798109814774
0.3165923605465989
0.31309461905792985
0.3165896720214343
0.1573352960184514
0.11617200207996745
0.10212915949843486
0.15595071216280562
0.37506879202095317
0.27936361937438614
0.2602361119004012
0.2448095390935697
0.32700128717043225
0.18074608592593394
0.18862507521043229
0.21127051527227733
0.22875758678075242
0.16745046893574747
0.25358016179460546
0.18933159354820447
0.18378429974263358
0.1333335349330796
0.08351732856869568
0.006580920275198538
0.10786560132580172
0.15281427240858747
0.16811102267730732
0.19562434223997072
0.2146962693692806
0.17341041007059427
0.1792362799636005
0.15101117734817487
0.24859590261526862
0.25029081375132667
0.16618909074881383
0.14590117404248784
0.14732030217957726
0.1805578452552196
0.21068804641791872
0.25221910941976833
0.1484318158806563
0.4531359645104077
0.2072822742764033
0.2091625764877792
0.24679741103693323
0.20735301833087932
0.24096952796049037
0.19230466242780778
0.21589804895329492
0.2378524848604277
0.25007553441890723
0.25937902206201413
0.21647054234900603
0.2513895470678584
0.20980355328514788
0.2584047650777578
0.20420640604251786
0.23533033879461643
0.2811056815670447
0.29255337547270016
0.2901050039465232
0.27243296574613224
0.2625584411426154
0.2387054813484842
0.20860931351267376
0.23397052599633836
0.2685186435086619
0.17340805884045968
0.2181410648564671
0.17721765234665057
0.1237285257761756
0.22717130471388833
0.22745773977135966
0.16369585168988388
0.14659893073261845
0.14987117445561163
0.14237875557867624
0.1415316367728439
0.14677710399555954
0.16086291358591087
0.12887009004079739
0.06709317414596008
0.012176078629317761
0.052355764814756664
0.08551411026515529
0.10598591715575402
0.0929621283750398
0.13351389158830115
0.07268308473509637
0.04279799796503844
0.024936914949477123
0.018111192434959986
0.03323744647208968
0.06515287295600596
0.05503260526152733
0.036146777116181084
0.10441500798212446
0.07695263065776722
0.09585236535609618
0.10342535599437894
0.10024089201653413
0.1352782188921804
0.10210743127997543
0.14898212708394407
0.12257794969370552
0.13073290461151546
0.14768499456645068
0.12039389200168334
0.22475953066906604
0.11196704449663318
0.15319316463337868
0.13183821588024755
0.17274562915196476
0.13560649546266137
0.17514467623481425
0.14544895289109297
0.14860959739941848
0.23219519738405522
0.17979183661432105
0.18055731769619957
0.21664804999845463
0.19179698454716218
0.2055068425410775
0.209058851211065
0.21436417291150422
0.2242788593919209
0.2861627596358481
0.25355530588610775
0.20773352455443675
0.3230999759746724
0.37295862926641377
0.28910946171874813
0.2978369258433512
0.26556551255972727
0.2791064995772367
0.2843966382938098
0.26186681406845375
0.26814149795360326
0.26702384358708636
0.3029375717410766
0.26818013111943195
0.3043043559243966
0.2762562764683362
0.2753945763386538
0.25634157540714514
0.28820211575408533
0.27561866008372465
0.2928371353329345
0.3265386369230327
0.31048530321173395
0.3270517675947308
0.31962125697351884
0.29110987099669716
0.2541262845527021
0.2536666449707461
0.267857841579325
0.24333567270447873
0.2486107216984469
0.2857974971041391
0.29662733617886583
0.3489036602360254
0.23571581732950053
0.2586580986607213
0.3008546020495556
0.2244889566560386
0.2885590281730244
0.29182527353788096
0.33118868162009035
0.29822251236701325
0.35262738758434403
0.30786297694875225
0.2690477041543279
0.3405354039512156
0.3133760889975364
0.3023370977666384
0.2936520585793328
0.3386516007771848
0.3072545727546052
0.3138855339607348
0.28954598067505466
0.3323487988442336
0.33950885721857454
0.34310800458908897
0.32997430010724055
0.32155476393664056
0.270998108911563
0.2577655502452989
0.21899464360423176
0.28850037787475363
0.3119200315505232
0.3326106267492842
0.3624057093667724
0.3794354257514532
0.33043115930019357
0.3095388019448791
0.251154582908862
0.26222507137140505
0.2744175793683714
0.2735963131331273
0.28504382475033757
0.3635602398303555
0.3738924308398286
0.37152048355854317
0.32481951616621774
0.342003399383858
0.32732422869103767
0.32226046211673787
0.3121289755812889
0.33239603503584253
0.3808519727808873
0.327151808939438
0.321548606500417
0.2732011085471383
0.34707516669699784
0.33376221817235685
0.33501738831362643
0.30960336198975313
0.20819719243337798
0.25522390023687286
0.2910450529935019
0.35229216834619015
0.3285962618217008
0.298663975046299
0.3327373912235087
0.309737593749713
0.19290509652528454
0.2450811569163986
0.2145182905492756
0.2729050063739623
0.2966391457646145
0.28797540874877675
0.3246294975824538
0.23643727114708682
0.2057131808946412
0.22181930689639373
0.18268000909447688
0.187055570139832
0.3206263830659516
0.3300831740114143
0.32092194216755604
0.31557929802223794
0.333176499149414
0.2509013259991255
0.23019289015658442
0.27662525331750976
0.28558340213870365
0.272377356839559
0.3215994752929929
0.33958011576423175
0.28095453948463817
0.3040014417499475
0.3127763680512765
0.2637026652819592
0.2594607949846202
0.21798211864428593
0.203015032100408
0.18469636761013664
0.2278663280637058
0.22662770389317888
0.29780597531056635
0.21236928463589028
0.22784282485520638
0.15097009621436389
0.1635586448519084
0.13854115852406765
0.21273281516658638
0.13339243606231177
0.17669854235463422
0.20840539448475429
0.23761320986546242
0.2533130501670188
0.24812404407349475
0.25641629944667615
0.17115326184299848
0.1505456070919868
0.1673956332922925
0.17525705173935074
0.16511871666611358
0.18497828455935658
0.18225390917020334
0.1766967142649449
0.11059275168152666
0.13958019745624178
0.1298228750567011
0.1288347990584644
0.0765733777948312
0.14348274569267475
0.12162473898728854
0.08685908460149175
0.11637455434630214
0.13339644448368324
0.07312768340523707
0.06656821585401365
0.02883685945392628
0.010141911489564722
0.05833621372806512
0.009267007051919664
0.09783195110048214
0.022195586919647674
0.04312432787580654
0.03618195865196606
0.04779317022079018
0.04987315847379606
0.006895692139511301
0.018963427752311024
0.02546153144716602
0.0699011163586307
0.05581546924642601
0.054411879042362894
0.05753072085653768
0.01504891811097167
0.10909801873814046
0.0468383295274583
0.09183242538420533
0.1486771538880678
0.17601534257849977
0.10209641709963206
0.10648765869611818
0.01889260869118888
0.012666725175076728
0.11114445704572845
0.06767689799052891
0.125992357843553
0.16782292915533517
0.06673890095322992
0.09876195313849893
0.03430551211692693
0.055890929597549696
0.05418501979294901
0.033308217486221564
0.10718890443657084
0.14052042258153508
0.06187916139903784
0.10229802052962052
0.07113129332258979
0.08800404746398055
0.11158484702681377
0.08341957107980759
0.08059853250520393
0.10454268291469504
0.0798790467380465
0.08230858174629264
0.08900270626018762
0.05976938151092523
0.11410044538616464
0.12226881399301708
0.02779657333101964
0.08736874021818462
0.06576352598611124
0.06301175367303086
0.1185097544603876
0.09180294884465792
0.09430042309614223
0.036635640041570904
0.054745209093648974
0.05755340385521312
0.04280598659423092
0.07185676627969345
0.0777475991540193
0.11379246984272377
0.09659285308499287
0.1326164664545988
0.08039275012414539
0.0926826371940694
0.12437110128253305
0.07932918986138611
0.12604495051940143
0.15475409407462368
0.1422246814511151
0.1433484868858007
0.08973613272035291
0.11052287213882214
0.07721089283688921
0.14374705493860687
0.09918308028998497
0.091407399724744
0.1660018233912231
0.12893645144853302
0.15249108563383104
0.08403956997310853
0.08153463247505892
0.029140759293714392
0.14950855009724187
0.12869451297977177
0.12326503636382899
0.21627250665297643
0.12145418503936838
0.11962137809266901
0.07590716317016097
0.09217282546703794
0.09835320625421336
0.10500922340672357
0.18317662562676693
0.2648561859021089
0.24441399043953063
0.2001212238782607
0.19746730398471485
0.23003578635354405
0.14069599477148578
0.1851268039786691
0.22477410105741932
0.2722804636565442
0.14649045685776899
0.22724440763109358
0.11253736409641178
0.05189615182286797
0.060375325659949186
0.06655564537060478
0.07761444938338537
0.09826345519966916
0.1457682244901767
0.09176932381076475
0.07540578572915344
0.12169552654884656
0.10457900804396336
0.053377631119225805
0.08248076783751154
0.050154491368837456
0.1492885417223516
0.14078563762516172
0.164633947260972
0.025272261666426828
0.048706798085828916
0.06332372593223258
0.0485300156350722
0.18163936850566154
0.26487457465073244
0.20243980257819097
0.2899643275670818
0.1856078776463156
0.05117677915214193
0.11813476201732653
0.14689122834929313
0.25523392086147306
0.30823355436294464
0.27524195174421706
0.22828880969916454
0.23981188220459365
0.12230973022493373
0.11939440844610556
0.14711774275282916
0.11283871884963748
0.20738840869089
