-2.9114345356238487
1.933940952810654
2.222793050629736
2.2044070430473055
2.4714761154085845
2.1659287043234694
2.3160580423667634
2.537844731303464
2.43533315925563
2.45160808135132
2.4071000728665894
2.3829815853937646
2.6465265828550204
2.6152816407900845
2.7737609979864577
2.819501021852025
2.7938688260633864
2.6545688615596017
2.809654767591017
2.828868266091411
2.7220159538023703
2.773977934704589
2.831329339483396
-3.0893336631593393
-2.8916815096829502
-3.031321524105195
-2.9850057698544634
-3.1144254433035035
-3.0200176690524794
2.9662880158837863
-3.0127567881460258
-2.803002009129152
-2.692996795584603
2.977412913430517
2.98596646140339
2.9258792593217033
2.929480227951338
-3.0242248655684922
-2.944029047613123
-3.0483951680641366
3.0827133668368325
2.6389507827145624
3.0350113117296367
-2.91587645447852
-1.782036917733948
-2.3700858992248985
2.887150371509365
-3.0390101941684495
2.6342662450004206
-3.0078215156432324
-2.09990127502998
-2.010378916592495
-2.0208323659315104
-2.201403791374329
-1.8391569757263726
-2.26004347938261
-1.740417607589207
-1.9206930702166958
-0.896861168874567
-0.8726557970244464
-1.453703193674563
-0.768567257114842
-0.7600297136256016
-0.9114624210217588
-1.5014249158761332
-1.4748674807895772
-1.2492871844986675
-1.5165826626643741
-1.2881374021690033
-1.2053795935022622
-0.446023601980361
-0.7244763615215947
0.48014441452817935
-0.337490331928609
0.1375516570260542
-0.4640358942659214
-1.0824364483729507
-0.7950228426357838
-0.6884111806645842
-0.9756423385529756
-0.6311760300136545
-1.105319005924212
0.3750055624876214
0.7876057240579327
1.1250070910382166
0.895500301068178
0.9578697409393206
0.8143228549272158
0.3412859268554242
0.6561794013351603
0.2239617228840014
-0.010849995550791315
0.4536647845080037
1.0722724608416772
1.1276978044032644
0.8898574468128415
1.5259231134839815
0.9571561293767913
-0.08645656984288216
1.4785704666916997
0.6260714061980943
1.365158264603548
1.160172127008638
1.4475596195867724
1.5847578695295017
1.4349334199928916
1.5614653513686736
1.699862212062618
1.298676620895324
1.6402547153025864
1.5274159403325058
1.4540862808382888
1.6916567717983173
1.9005091517989796
2.1437218714815836
1.9604900118622655
2.0833582296923097
1.8653704831932076
2.0269702977700335
1.824607234287961
2.1627081922802804
2.2135909584076416
2.2992435213762272
2.222467844639169
2.3297304859607837
2.628800973656619
2.697129080299326
2.6312023578608583
2.7743621575847954
-3.109717411509061
2.580499906255819
2.6503747271789777
2.5973247998101323
2.9760490475871353
2.9805225376428806
-3.0383331809923178
-3.0092626726414524
-2.889453252600906
-2.905918426060171
2.846396463061551
2.7160191557004687
2.693952218790925
2.682368335055112
3.045956421978867
2.776909716414078
-2.9709711196304154
2.447041367955092
2.7027111158013075
2.471201831628128
2.645684522228336
2.6863603976006303
2.7525657800674934
2.8498716179733825
2.7661992909891167
2.962805619553394
2.5634535411606323
2.604030135428528
2.307120359580411
2.6946203893632346
2.7504483833863214
2.986524767263029
3.0605362233419022
-2.9582977552606673
3.0495172885089845
2.967630441590265
-3.1203039136091624
-3.059532431126678
-3.0482029017809658
-2.5601303594632463
-2.996708118434668
-2.7486401635287034
-3.0320607407762705
-2.8289125813084652
-2.369860333069367
-2.7258346976824597
-2.2780346439086356
-1.8827685762223227
-2.0070077254252525
-1.8039216426543805
-1.223107782374364
-1.8580895532598698
-1.4552536008794938
-1.2666561085672445
-0.9460603902420688
-0.45284556764045364
-0.9618750059034173
-0.36361749670143806
-0.3573436604289149
-0.534111894045192
-1.0807363162463524
-1.1989891471685854
-1.524567970732727
-1.2007020261759136
-1.0834008047574903
-1.0541037435294773
-0.9871878391096832
-0.9542382946081832
-0.7533511698624947
-0.869964473114101
-0.8507318684493318
-0.9892383816857271
-1.0789573827324068
-1.0101314229642926
-0.8836929889291498
-0.7886548980245349
-1.1230253838770987
-1.0815731232834398
-0.8720412275667645
-0.9005409043370866
-0.4909482012063234
-0.8833271188314649
-0.9066145290876126
-0.7830735579825542
-0.43504875476320676
-0.9327484810960597
-1.1000723323278143
-0.6330704159111897
-0.8500021012944706
-1.2124862599072632
-1.6483192567832046
-1.3367541804796914
-1.1915157917103385
-1.0556554364350916
-1.1387832756360978
-1.1605839879231237
-0.8360027410689429
-1.259808297790209
-1.212457828652903
-1.6982061074423442
-0.5421951037567238
-1.5819265890969703
-1.6881827620073655
-1.915856933948977
-1.1848495828607275
-1.4139018105069192
-1.2152830574181823
-1.875644618596318
-2.5930936521189567
-1.630122780918417
-2.6891498605135196
-1.0837423172749217
-1.9147147767346127
-2.290864538342969
-2.8757240324347793
-2.722197526536598
-2.098703555378872
-2.288147363377161
-1.9727852441474603
-1.957928838030922
-2.0032963508649577
-1.8792426006049872
-2.097736581240858
-2.1598468297235907
-2.099951532415514
-2.390365307837606
-1.9846497878916218
-1.7272945352668414
-2.162804632166476
-2.739225509997346
-2.4026630049031055
-3.031497813001215
-2.2772153220938764
-2.6093191359275587
-2.5911306043423568
-2.421506348206401
-2.136469596796934
-2.1972753201599
-2.727261070068322
1.2257942708681349
2.3392934380169548
1.6373972950722264
2.204071479469972
2.0206559929965815
-2.5953459605849716
-2.3561094519596377
-2.1432371427579873
1.048298347610657
-1.848035268670031
-1.1725116582826556
-0.45924462937153376
1.4057020869616954
-0.10189734722388659
-0.8274252167508952
-1.6609757881347957
-1.8194145000627149
-1.6336089674365744
-1.7668724234642683
-1.3761521064635898
-1.4973554935847369
0.006923603359697899
-0.02661379256306498
0.00020998951137614734
-0.2757990062997956
-0.4200902545118918
0.24369009759230031
-0.3288614092265432
-0.3468307407553863
-1.3440901897970832
0.32668278016295954
-0.41337254557187897
0.10433202668570116
-0.3961069539530561
-0.09229380722413486
-0.033957727654311515
0.3431811513401728
0.5954151374213786
0.3328341446241596
0.47616504813966415
-0.10021250433486069
0.043799067896955285
-0.13989569926916134
0.030887252948443883
-0.4525507400018469
0.1825569979200707
0.006332766015284692
0.4065940751003164
0.6356273608965602
0.3789850133146225
0.47374997379602124
0.439460134400017
0.09385487937003116
-0.026986729340523593
-0.042583905817125955
-0.2941337750766501
-0.3514971880393528
0.1510193211079387
0.08456237628091126
0.4307816841472135
0.8378829312030192
1.2314938474995714
0.8819390436345858
1.512141468746042
0.818935295490147
1.6384814107032426
2.0153588340358164
-1.3044320085530634
0.9682015425217038
0.8596211944540914
1.146714161052397
1.1494897194683613
0.5884232109271763
0.8450516996566693
0.9827744867363759
1.128748772816047
0.9699762642743298
0.8791005458602802
1.1202908040428106
0.9218738844433689
1.7693730085055905
1.7083952658141088
1.548783917302717
1.277045354560458
2.1601718196002593
1.5767113519634617
0.3304652970003726
-0.34746224520894026
-0.2477563557941769
-0.39649549891312114
0.1779531345229722
-0.12896056267345354
0.24489198937286324
0.0200904206755775
-0.14910588852343343
-0.1811431251065979
-0.010189794634077981
0.39464290139905955
0.5037777894013317
0.4524968556509963
0.4464752540831992
0.6922314299401005
0.29134564754961134
0.4906061082316275
0.3409978548573266
0.1270241725491429
0.5329964829471181
0.9251678841946457
0.851348249274779
0.6870225598693889
0.9497547222143822
0.5162501425873305
0.6535054394941977
0.35169935145368586
1.1762248855694124
1.6281802173241486
1.3379406750273015
1.4210206508254961
1.2658449308626347
1.2271647865497344
1.2698891132809265
1.4005516923334933
1.6897250632944383
1.5728879435922694
1.7760454610168679
1.7109423481696842
1.9010222279782412
1.8401690420587988
1.9975454503527237
1.9441662746873951
2.00192600386029
2.1083384830086165
2.037022911828571
1.9580241140771038
1.9522326348826182
1.9060140664222036
1.93322787730465
1.5499640960330103
1.9471254517400298
1.9059590267318067
2.187597464724688
2.136362738441447
1.9367304446186806
1.8537167203463072
2.116375918542926
2.1602476302805984
2.3799195958035795
2.1560767984202722
2.2401930018624974
2.2959695110603633
2.391697348582918
2.2289420980354135
2.380318206499358
2.361836361034989
2.211684932154278
2.052361691418198
3.099292156210533
0.7688392989818038
0.6482197791837753
-1.043600098272421
-0.29191379193250305
-1.3035783170065725
-2.3180205100958813
-1.1865246266675793
-1.9894667141578397
-1.3199035040052804
-1.8128985705662408
-1.741598299583596
-1.9853491130996248
-1.7661359318706376
-2.3404078176489165
-2.1495764186246262
-2.2285777166204315
-2.2129215735597305
-1.9898095931920268
-1.805460803283824
-1.8989158764916103
-1.8512072318012092
-1.6838416313989193
-1.5027853149972303
-1.440507863393582
-1.341828841452368
-1.4370040993921807
-1.5495530133076338
-1.4736618456094237
-1.9793333496185788
-1.7552800454199629
-1.654003800168653
-1.8926730525425235
-1.5109186728687751
-1.3385112515120483
-1.2811327215282018
-1.1812677230400375
-1.1346650997212169
-1.3896456777385398
-1.299313714157053
-1.3383990307676195
-1.4062840219692383
-1.5886487674556728
-2.1090743209061853
-2.024249453160125
-2.0268083417940486
-1.955412867664712
-1.3819410893999025
-1.6713607395833405
-2.3142542673647006
-1.2613750784710536
2.0896835592850453
0.4437021547268762
2.3757980023828913
0.9185343134041106
2.783656527618672
2.4645248769852577
3.0962852483391385
1.2787952878351077
1.259289496762558
1.5008010047641978
0.8906430862230735
1.1172743352182901
1.147851795282882
1.3572998491412633
1.4830600155106497
1.1638182308018075
1.186037839105117
2.2350403546704425
-0.29923552835547274
-2.038106417100052
2.003073624858792
0.6425402892388548
2.3873769352039576
1.8745809537359883
2.4219291524133704
2.1228431335871485
2.712749565182704
1.8290972973513202
1.9350423043903575
-0.17003870121525622
2.5114308678494903
2.8951401307467335
2.472562159971089
2.8508947632096238
1.865770750920774
2.3861009489508436
2.843744599183386
-3.004027635745844
-0.991261313991773
-0.26568293624522626
-1.5146751765529827
-1.5655423728514164
-0.6140281112679676
-1.0099152518371914
3.0151541253975513
-2.2807391957325462
0.4375536310828419
-2.381554922769927
0.9103825208175359
0.39299989929245227
1.2937857489718914
0.6455086495381795
0.18291031992112788
-0.34860251759816285
-0.29174678615520533
-0.051795465975157655
0.018459108941223695
0.33087960293212576
0.8945449180058906
1.0029548641500732
0.8562474223819353
0.9131867499137664
1.0203753106664502
0.5482444340842818
0.30124993729717314
0.9845545547045778
0.27789389534051284
0.8838928184332533
1.036278966802459
1.0670129591240243
0.9505801173868658
0.9234530200912427
0.6651830420574646
0.7947797190495559
1.320462990425482
1.3443543550280157
1.3604759278509158
1.310147012684811
1.2825925234709383
1.3697727509445015
1.404230098844258
1.5801926350820488
1.7490236159343988
1.2397097692482666
1.335287913954221
1.4173780044881004
1.3844730734204473
1.3555175944131879
1.5290182559509844
1.7731550334116721
1.8574250673873542
1.937323988632634
2.056531644759022
1.7256113799696657
1.464269450888902
1.4193786342985535
1.930508748918805
1.5320927229059431
1.7749028004221081
2.4641342563832644
2.034050518348416
0.6435470256342591
2.068246261674558
2.0992964592215944
2.1426806294145084
2.305583056430566
2.508474524543899
2.694806745171156
2.6193453233651645
2.846080728419167
2.7867833297420095
2.7024791510297312
2.822192408401349
2.7853271439950236
2.720741723236344
2.6718628060081038
3.0489812406395544
3.041314582614649
-3.1010539654845
-3.061870902530299
-3.063961579746604
-3.0420986147477307
-2.991368141341354
3.075293873583949
3.0948437775518136
3.0288273288424152
2.934195251402265
3.117435018247828
-2.889817876904207
-2.85374115737238
-3.089574311915484
-2.639913536369961
-2.6773254716669546
-2.499855214873766
-2.396112604229452
-2.113840902349272
-2.2065774374976668
-2.2743955724480815
-2.248614634104659
-2.4526676511253585
-2.553847649473858
-2.4300663403195766
-2.432854005221385
-2.129870122711664
-1.992037320818282
-2.1169175961228235
-2.0136492912660313
-2.0305154022033385
-2.0333895908625554
-1.7725489430691057
-1.7275187079298417
-1.3557481691137305
-1.7305386523239934
-3.0537538966674043
-1.646143575109004
-1.9330030061947616
-1.9637576278993976
-0.06796498700904112
-2.0509923905003102
-0.7172840161174969
-0.6735619704108836
-0.8832348479717456
-0.5374193272327672
-0.4115848711400079
-0.37079739409049334
-0.9455329266652152
-0.37091917913054107
-0.3384245769044857
-0.1431188617886528
-0.01975250421813671
0.09043132641228477
0.03711041025075768
0.45419083723123876
0.5920226658791156
-0.010295017670402655
0.555517635658112
0.33925939325525784
0.5807260830582364
0.5788186889442548
0.6576954044143823
0.714086977978446
0.786825943879563
0.9214177024019754
0.827060670855156
0.8456900778498482
0.20896084502462609
0.2065131599955196
0.22830382655237333
0.3674189436620528
0.5939745652895403
1.0978722879321599
1.134135951105081
0.9480317835975833
0.8366757090075856
0.8503562236621118
0.7143389664558331
1.1986085234848256
1.3795188911187857
1.3004499456694396
1.5220211362381963
1.3579057532593724
1.1280414003344381
1.0770155425158126
1.0983158252431335
1.1986870753916525
1.3198655386615028
1.9191356211182447
2.1045261123677617
2.430813689902263
2.5401151603650978
1.6622075041787479
1.8650007833694378
2.023718110082376
2.6351239222140554
2.7987649991141446
0.6157307055412514
2.8443830605848706
2.9655830788662625
-3.0960632136675414
-2.1049612615522983
-1.7264766603030994
-2.425336773553452
0.196028079664607
-1.7119286569791279
-1.5139707673922596
-2.070433112362642
-1.1996127232217673
-1.21006468411353
-1.9660071347841936
-2.0592787542227744
-2.2615319983524027
3.085167798675528
3.0525158858462285
3.024560888913251
-2.8416338728291253
2.703675571763793
-2.1803106590291628
-0.4922992176395757
-1.4575186520012942
-1.1465639725983199
-1.3777002035312107
-1.3682348870518528
-1.7882182633589554
