0.260401715149429
0.2590504011940529
0.260599587186199
0.2590194631351335
0.25708343368333103
0.2552650596280973
0.2545230264401632
0.2552326283012472
0.2564397665603061
0.25770806619429604
0.2579878243821697
0.25816203319843684
0.2600877352629529
0.26206502190171777
0.26384354869366994
0.26687926776953175
0.26869066084096394
0.2709341308974127
0.2729855204982209
0.2741116025175435
0.2751605338099706
0.27587061234266474
0.27758230564733266
0.2786692404316277
0.2797315618130569
0.280243034137617
0.28199317370951515
0.2859030232281786
0.288990251650677
0.29131054047578375
0.2914514643267082
0.2915614869639721
0.29118001165565155
0.2922763368645372
0.2938303298725451
0.2941790996749166
0.29638124373316027
0.2971599949096206
0.29852751623713314
0.2986578797954642
0.29938680269361967
0.30044597842134607
0.3020118356333501
0.30527569525731807
0.3081724802148124
0.3121114712289398
0.31525667472788044
0.3171337238010084
0.32051933298599233
0.32223377986425483
0.3229706692170627
0.3230346025458299
0.3243223486371041
0.3252263000418921
0.326090429104918
0.3257795761755016
0.3270492239654602
0.3263446033078297
0.32494006980189005
0.3234371090278718
0.32261083249749095
0.3226317684648244
0.32082596767384375
0.3195888460837261
0.3175656920822926
0.3143148956801453
0.31374308484316804
0.31320687140307046
0.3125042199139274
0.3126455678443725
0.3124932099770438
0.3123172225546649
0.31223976679756704
0.3128121751150043
0.3128214607525338
0.31243493413045115
0.3120800455155851
0.3095598548907451
0.3078770847031953
0.3055955522642321
0.3054731816906017
0.3052341526770546
0.3051848130144398
0.3042731487043628
0.3050565167450127
0.30425497827793346
0.3034835243416274
0.3014179356609342
0.2996636745244029
0.2997378628091497
0.3012347645940764
0.30412759583627774
0.3049458002747188
0.3069668048235291
0.3067365161977721
0.307406868484427
0.3076859916208646
0.30992030773381474
0.3106515535402919
0.31106363512777757
0.31229760522256356
0.3139493200465123
0.31482096991807607
0.3182836731054112
0.3206169918732434
0.3228502701426469
0.32207709770821247
0.3222236471124896
0.320980049573344
0.3208894937090562
0.3203022248776895
0.32124335993437053
0.32251998874183274
0.3239270253452716
0.32590066004566987
0.3264765334911502
0.32621031289545777
0.32689515456104673
0.3254963059809141
0.3259434268687432
0.3259789676685045
0.3278413500673589
0.33030670478882823
0.33226778916465605
0.33284088362604797
0.3328809395688827
0.33220643854316123
0.33307931913940386
0.33472126647916106
0.3362829461931777
0.3375905275229919
0.3405810769865418
0.341745540720064
0.34211395527557975
0.3412527915403503
0.34093081384320717
0.3405481744339123
0.33863486979184965
0.3384904932725902
0.33755765531639076
0.337105453030222
0.33639507091104126
0.33620731330857195
0.33590526555095473
0.3334169923778954
0.33206287109284627
0.33025295801257804
0.32990983717596667
0.32973620170656964
0.3299173181988388
0.32831238154300324
0.3274573520658558
0.32582502949246406
0.3238402817799678
0.3235360517987376
0.32263744910725495
0.3230202525465532
0.3234155325054166
0.32554527199778843
0.327175891554104
0.32667853192014834
0.32428874020981124
0.32238780604678663
0.3210503680667424
0.3203931576160065
0.32018674284913046
0.3199731127855412
0.32022240544404595
0.32127687356972007
0.31978725280500264
0.31863040925563185
0.31749788420699654
0.3161073223342881
0.31529258023102935
0.31482089223761134
0.3149496251947161
0.3160598135090493
0.31596740620210306
0.3165789636128719
0.3148678924286097
0.31386697946995723
0.3131856082527278
0.31178261586480643
0.3116818746386957
0.3106056232996367
0.3116281674884386
0.3134985695679897
0.3162389443077539
0.319533557451621
0.3198273937142398
0.32119594855038935
0.32094806213407806
0.3218055124921141
0.32278462958933385
0.3256331235553296
0.3297383892763489
0.33216322935686055
0.3368080920554311
0.33883813791031103
0.3386717280272298
0.3397971941637478
0.34074920824595906
0.3405064625433517
0.3405008966181432
0.34053752082222866
0.34003778478588675
0.34101017066510086
0.34171655082220026
0.34182274496498544
0.3414165462622155
0.3390632750625074
0.3375677883114948
0.3340128267459253
0.33268534876509115
0.3327194778613305
0.333724539426502
0.3352000861201576
0.3356625741745672
0.33607063335370535
0.33637565838279376
0.3366030150145588
0.33747388081052343
0.3381800924206229
0.3385222853151018
0.3384079037669114
0.33913207554178565
0.338872991401287
0.3376802579907165
0.3379287557335788
0.3379023184047709
0.3390442310308249
0.34019329848151625
0.3405640317023263
0.34139587483743916
0.3421484542660943
0.34413029018047603
0.3447065432107011
0.3448249881392982
0.3456710311769147
0.34507405173385286
0.3453959993271727
0.3466234196693825
0.3489035592453579
0.34939755139281187
0.3499766421926103
0.350342225714823
0.3525091260677451
0.352764425140612
0.353434530045017
0.35347422804513373
0.3534675427366122
0.3532451917243132
0.3547401861996549
0.3551991362759875
0.3565680342293504
0.3570957110415596
0.3564717995261131
0.35544786218655533
0.35560692357998225
0.354410683038045
0.3541779942924372
0.3536804318275933
0.35237657449992366
0.34958543652945456
0.3470970838671833
0.34644480476992684
0.3459972903268412
0.34532164612017313
0.34325693953718406
0.3410457071170792
0.340685686603117
0.33949003767174285
0.33948367951276304
0.3381968227650737
0.33664490041616946
0.3349774303443218
0.3330209761135868
0.3318321890600314
0.3305821055499132
0.3296935831988183
0.32869352074560126
0.3275328345350973
0.32729469729483884
0.3276688156418207
0.32646818756069484
0.3247987402363326
0.324673053653647
0.3258933472798936
0.32552480068047907
0.3249865383291722
0.3233345780236908
0.3206020008416136
0.3185592882952023
0.3171975692128525
0.3152995221950056
0.31452536239202256
0.31404484663923343
0.3122733351965802
0.3121982895696629
0.31206012593464083
0.3130589652523732
0.31301505638433336
0.3122299358267607
0.31154407573311743
0.31001520836920654
0.3097779824305418
0.3087172569595799
0.30927649038729305
0.3095659974786428
0.3114341662340757
0.3130599893617694
0.31437548223491285
0.31421626650795714
0.31565218605078915
0.3164696515361546
0.3181417873721527
0.31960536727866906
0.32204866071651095
0.32554063652913745
0.3266637416539081
0.3299116987442689
0.33067233531896756
0.33109553500576505
0.33232650681343123
0.3350630071302404
0.3367434240284924
0.339957605939129
0.34149735391829333
0.3429195121066024
0.34515202583791943
0.34607814618627963
0.3475237153260194
0.3476773422614587
0.3482526781004559
0.34862318323194985
0.3506044972409671
0.35170561558562874
0.35263965311957357
0.3557551536430963
0.35641226917646457
0.358086297779007
0.35860850924221255
0.3581488399653735
0.3574647746414998
0.3553442300357002
0.3524527252444006
0.35152856155826073
0.3502307276104678
0.3481828568015274
0.3478089551892239
0.34929597732982226
0.35037080169764356
0.3504171545118506
0.3502258476700237
0.3498460400100728
0.348960851005315
0.34861505732199216
0.346268805115529
0.34454155581704055
0.34140108006104775
0.34020537402342554
0.3401506586771314
0.339529259643821
0.3399549389475153
0.3405743645433873
0.34154188757559184
0.3415382963622496
0.3413914238053248
0.34227516683430714
0.3435996167610663
0.34385864133477917
0.3441268084135493
0.3460292491736521
0.3478479666692566
0.34961644915803286
0.35177877805426244
0.35240649267435414
0.3531629238028894
0.3555153615565979
0.35643825847958377
0.35651860029768334
0.35650248833071435
0.3572709019759207
0.3566011764419725
0.3563850188147813
0.3556025392025168
0.3549896505646763
0.3536347199168448
0.35263946991195033
0.3503821870618102
0.34857729351616007
0.3469228854234287
0.3430524615168654
0.3384908039559559
0.3358831361973843
0.3355706540488792
0.3343397166949272
0.33300630958868627
0.33169022590106606
0.3310507259259302
0.3283062151180829
0.3265324831347863
0.3248326900211538
0.32390784750474094
0.3212821220276506
0.3207634163689665
0.3198906842507584
0.31785048500775515
0.31612334084332855
0.3144416657422406
0.3107260090937589
0.3095172013080811
0.3075706630379643
0.3062405547378778
0.3041000372677327
0.303413887448576
0.30195216424072574
0.3007012446651437
0.3000198862563637
0.29713223743610695
0.29539114954490925
0.29189535223701524
0.28951560529213516
0.28559831254099155
0.2835700662173658
0.2800292173039165
0.27750314710852686
0.27646388413723155
0.27491448638148597
0.2739179307298067
0.27276265114325043
0.27273510731817974
0.2728957391514891
0.2712847054264268
0.2707516042841099
0.2703220554109579
0.2693811913657307
0.26823445793381273
0.2673356251360273
0.26489935176283713
0.264235533568048
0.2626357076235676
0.2628294186624234
0.26275175089995645
0.2635525607118333
0.2652191341687652
0.2657986323879934
0.2660738405784662
0.265512753952127
0.265187935630807
0.2663847265936356
0.2680944889609649
0.2717922932262408
0.27352053356266215
0.2751043912206348
0.27785331054630646
0.28306131383572625
0.28539178820643313
0.28823715753549417
0.290689114626971
0.29221184454958665
0.29309983337863627
0.29416647126594875
0.29551654869042066
0.2957267361164066
0.2962956131799146
0.2962123321658247
0.2966203021933425
0.2958290282097552
0.2938926794450813
0.2915553041813449
0.29084472958835117
0.289547763643771
0.2862615007275231
0.2829682848312573
0.27800231775311
0.27096894414923367
0.2688135916324149
0.26310179162489333
0.25955447747855065
0.25598446416584364
0.24887744726402192
0.24456338178787754
0.23843199788719502
0.23555390856091166
0.22922018696597596
0.22589022595952363
0.22256640179117504
0.21755311200770389
0.2157685658984624
0.21380094782912554
0.21241060442597254
0.21191496754147665
0.21090366043518297
0.21030841300077388
0.2091302881424993
0.20940139201304725
0.20984910127104497
0.21263386597497372
0.21431536181053298
0.2168714362265535
0.2183712317776895
0.22136052070386297
0.22277843575985953
0.22320840479639265
0.22326125625892157
0.2236766310776419
0.22453231313427224
0.2262432665871826
0.2274179767214314
0.2304011314649365
0.23396030874032753
0.23591739174193727
0.2379731270459145
0.2409731702744129
0.24280307770016715
0.24466280036975366
0.24801168381375244
0.2505919938118141
0.25191638528205296
0.25240681076646015
0.2523409376431288
0.25227288816784377
0.2528526930842995
0.25306612570775294
0.25275196046151843
0.25139535857840595
0.24856391731759722
0.24455656668559986
0.2431984588419287
0.2384835690177174
0.23553731211576526
0.23375959086109535
0.23376055241950183
0.23357537293689923
0.23575150726862343
0.2380861396169788
0.23983679091574922
0.24315147316763142
0.24341441904312125
0.2447208560115958
0.24420144327052357
0.24413866010675483
0.24331829086156978
0.24212761714902067
0.2395490253685825
0.23732511283411503
0.23377445582195255
0.22932030552555743
0.2272280471346711
0.22250388801198281
0.2179805094023779
0.2144526631658567
0.21171661886302853
0.2096443713182589
0.20657481293752666
0.20423739892592074
0.20322368804956933
0.2031194788996234
0.20418155657305964
0.20439089703830696
0.20499324951102968
0.2061665187238851
0.20736390800659182
0.20977021701465026
0.21403163195447333
0.21758567490414382
0.221662597293037
0.22320256407027342
0.22727270387980475
0.2294543507772704
0.23112307381447814
0.23485443121966507
0.23518644630450689
0.23691442699801168
0.2375427191150584
0.2392092431076962
0.24023728809161837
0.2410034679614174
0.24119213312723203
0.24122164757594936
0.24111102864676148
0.2407664157568238
0.24057779007850977
0.2413711691188128
0.24200738940729277
0.24138009606661734
0.240509216823444
0.24010481107479037
0.23822948056602905
0.23719389421314716
0.23685285550462104
0.23627969303223056
0.2363134104624728
0.23669643833506981
0.23741909668907885
0.23634125880931273
0.2338472751858685
0.23318834663654325
0.2317047706916231
0.23166270268711
0.23294787319134974
0.23409111517116038
0.23493904750675224
0.2361816384428749
0.23627288590739778
0.23665104943994225
0.23829723799380362
0.24124346076536204
0.24601847494723672
0.25135294880374776
0.25217159339768747
0.25644414807751004
0.263327319598054
0.26783360356934105
0.2717711284199691
0.2741758347304206
0.2755248103943976
0.2780923116149044
0.27886836829520345
0.2820477031961087
0.28469542310804347
0.28556360423292776
0.2871887839664332
0.2888096638104683
0.28865606153976114
0.2856613139553592
0.28532677872323564
0.28367140987616013
0.2831225777017091
0.28180897875578026
0.28072833644048145
0.27729479940361784
0.27564674912847353
0.2721036007852359
0.2698174096790426
0.26831636008067583
0.26744866750885493
0.2655330966077998
0.26380138025238214
0.2618674576799993
0.2591072336911893
0.2580163064327262
0.25758783392545204
0.2572066824607424
0.2571633881895058
0.2585818499568855
0.2602520423484823
0.26139355402032366
0.26303789001766553
0.26423698460104156
0.2687691837900636
0.2724868903117653
0.2738131200336336
0.2761118580471752
0.2775022186780716
0.27854462807247615
0.28003219981746164
0.2827111397519789
0.28390123106790915
0.286574747201725
0.28787072552491455
0.2868107922851265
0.2843204260484693
0.28274347256289645
0.2797930562277221
0.2769948595701911
0.27558186130017237
0.2744125492551679
0.2724749325887459
0.27184985817131907
0.27196355835455843
0.2718079052075402
0.26984074490919585
0.26803686598395343
0.2667123209137031
0.262633771292016
0.2611693933163552
0.25869389584081914
0.2566870822430469
0.2552920591090396
0.25544194108455404
0.25716031925242755
0.25911411797627826
0.26005300205189574
0.2606753487816835
0.26071156063078277
0.2628537213803665
0.2663491282047935
0.26920979281703505
0.27267457174979504
0.27517748043332885
0.27838463569575944
0.2818312385597538
0.28558443642611436
0.28846512055712703
0.2931858647686646
0.2985466684322803
0.30102080517686397
0.30686297469271107
0.31161450625847215
0.3149318242372182
0.31803506578579765
0.3202206693834293
0.32179655505191207
0.3256734711068014
0.3279077832434406
0.33184319403544177
0.33578369910564654
0.3380016484166694
0.33941228799361955
0.3402454688095156
0.340809995575239
0.34037645183719933
0.34139388267688814
0.3431426093913065
0.3426390014647146
0.34185878514731916
