0.12129128957040036
0.13434791247266448
0.12252484369526942
0.12676236960476409
0.1313597674702086
0.13540413283688707
0.14022325687278514
0.14622988348878097
0.15394260488595052
0.15594952245453106
0.1582705215278704
0.16261714086064352
0.16536507790470628
0.16906886958326245
0.17002288526614823
0.1706365872561595
0.17028721767728622
0.17033590527371534
0.16947396649351446
0.16900182776766906
0.1672332016594796
0.16595510966155447
0.16653235173702724
0.16876387857740083
0.17096749185776633
0.1730644316471776
0.17541383524785586
0.1763141931814385
0.1775223256492225
0.17744277930393998
0.17677696665870757
0.17457522796885577
0.17436302756620187
0.1753118452317323
0.17948668240472127
0.17963975759905487
0.18432263444920813
0.18650227035821698
0.18684878203656943
0.1878085510800278
0.1898122792055866
0.1871715894439081
0.18488876487348405
0.1834707030445483
0.18521182411815804
0.19189732501465592
0.19955356489252485
0.2028271211393847
0.20950721886345916
0.20886102508219345
0.20569940138729156
0.2064658754222935
0.20697036429857163
0.20715367653062625
0.20544413817911558
0.20031208565103933
0.1976940513496252
0.19548890339671804
0.19664012998701114
0.1993193519135154
0.20331438194038776
0.20561823849368208
0.2099165343996446
0.21350590988263324
0.21410710108640357
0.21373222632718014
0.21185272263281885
0.2119482767757305
0.20504238031960983
0.2014772450720257
0.19755961375376047
0.19410576681068162
0.1883266396115492
0.1852374376911919
0.18355867168103915
0.17954835599210917
0.17774831033952948
0.17504101403059186
0.17391758081808448
0.17202465083562996
0.17097023684792095
0.17011172340115405
0.16918292783704125
0.16836211232170745
0.16849638933219246
0.16835470588011722
0.16853146812258937
0.16798234546030413
0.16804685944358838
0.1694903200761975
0.1699163000198755
0.17005261541026861
0.1709532014204336
0.17140164038290326
0.17036706677508093
0.17005613437583306
0.1708305331276027
0.17243778315804165
0.1720824247726544
0.1734168219194012
0.1727401754212027
0.17299803047817056
0.17161062827112133
0.17320766153395792
0.1759704802685605
0.17837705575995233
0.1794561956336423
0.1820808900691811
0.18309661912117117
0.1832716351328607
0.18195798029408333
0.18099218682348853
0.18016035436592462
0.17989567443092738
0.18172633737129396
0.18166965677096023
0.18187469237149276
0.18109221087206118
0.17891118577087048
0.17669434488833832
0.17525800477681008
0.17400787911141624
0.17363778435665994
0.17138952197651908
0.1707933200922397
0.16967452685508946
0.16871136362455316
0.16567869747721176
0.16486818052718444
0.16254507689885198
0.1630558346924955
0.16207671170291446
0.16165229274891324
0.16154134103745912
0.16263819996738602
0.1630787971319207
0.1646122642245633
0.16282622137369418
0.1636502122678372
0.16141022423957146
0.1567204313139499
0.15554468798067125
0.15207833256394535
0.15072015035963188
0.1496473552435557
0.14685040333964902
0.14525107173812685
0.14415299644721885
0.14215141216007648
0.13918305309739798
0.13889585005821342
0.14125226247403405
0.1462006942866818
0.15403878693060927
0.16131505415814226
0.16508400063633952
0.16872945572345266
0.17010311685395954
0.1734540548096198
0.1754484665460567
0.17453593512371093
0.17153509736833306
0.16961169730212813
0.16980705039551822
0.16927776672260297
0.17060089856228192
0.1732841208243752
0.17685281276934678
0.184145613734634
0.18473557420344963
0.18468666194214794
0.1817335664628787
0.17588278858812234
0.1735700710385812
0.17719666672120807
0.17978054906960672
0.18404430395438315
0.18523058221533867
0.18349781789185932
0.180238263426862
0.17848195776410825
0.1787156028756764
0.17674351836330923
0.17505989773080405
0.17085215056563413
0.16903256560612726
0.16549487595720855
0.164397658179911
0.16573055689480745
0.16687580205159855
0.16610993108475056
0.1643633788254658
0.16248581663260944
0.160427065091218
0.16091012723810802
0.16156112405617698
0.16253327588189656
0.15742359435657105
0.1548657939498471
0.15238333064646556
0.14915929479360052
0.14783805311576814
0.15034100421896418
0.15007755092847938
0.15027879937088215
0.15172322778919564
0.154300571124179
0.15425946565248405
0.15628571179007206
0.15751995953298448
0.16001151254621254
0.16076353191231393
0.1622761756221623
0.16192466235373232
0.1617443719565434
0.16236422196213846
0.1620862979690451
0.16107221184121825
0.161266182841091
0.15783606372565376
0.1564585499195577
0.15175983629358658
0.14853866244885974
0.14684412654606818
0.14543695555267883
0.142332102044432
0.14130148945731483
0.1361817797902617
0.1326955722846976
0.13395141205246466
0.13349048386531331
0.13542244528679803
0.13766816788750053
0.1384193958378064
0.13991097733979196
0.14145598437186743
0.14293425951188166
0.1429987495738587
0.14053279897816187
0.1377527013395699
0.1367235152819682
0.1366702943878612
0.14073259742986632
0.14304858187065
0.14744093423354557
0.15125963473976503
0.157667480224342
0.16048798217310908
0.16280889796847892
0.16725333491653988
0.17371413352203074
0.1771259362330777
0.18699188503030711
0.19014035960582457
0.19578443724040917
0.19974051425376713
0.20290650219418005
0.20150870097785586
0.2017662805160735
0.20007380387189388
0.19883800487020817
0.20001257081775145
0.19537316501686802
0.1907061193045712
0.18684802849131216
0.18487254433740322
0.17871889412345182
0.17617228147547165
0.1748560214454376
0.17261864522271664
0.1726460676231466
0.17100859810258867
0.17353426937818903
0.17531501072354685
0.17665200989187754
0.17757092879673025
0.17471014481214034
0.17313067989788106
0.1710989701373886
0.16670239519052543
0.16496691994236024
0.16514313826727106
0.16612093597895333
0.1645855914067947
0.16405442695983674
0.16047171657114145
0.16117890830021214
0.16070050153844312
0.16020416589327607
0.16167452526498782
0.166077299845068
0.16924867036414443
0.17093507873312616
0.17322767909382147
0.17449025385965125
0.17587053017163162
0.17590977429523294
0.16938410962941583
0.16056317910362816
0.15703486243993597
0.15374133033127307
0.15268168534999976
0.15354793468504221
0.1552406810413834
0.15846718957666694
0.16030351892198874
0.162552667869041
0.16860413638620111
0.17044687876792633
0.17401187569876572
0.17276073136438536
0.16863627155442518
0.16236159158511917
0.15982733580699066
0.15838476590221476
0.1541692422589312
0.1532326573726614
0.15164821467137943
0.1537480175554595
0.15519326992421276
0.1545228555166409
0.15380983725715502
0.1527518160649364
0.14839225506990655
0.1459034063502825
0.14555576800750764
0.14509294791132027
0.14466811645896585
0.14336464986813247
0.14343576055687984
0.1437930820951374
0.14384028099060703
0.1437853297887744
0.1417271599982457
0.14163809715407794
0.14240063574255415
0.1417631704951887
0.14198182943626422
0.1438271786168927
0.14595486114563153
0.15162796003515697
0.1534435746571927
0.15676127815508784
0.1636885266894929
0.1671518519470733
0.17236481112983532
0.17476432186401922
0.1750391378644748
0.17439480450832323
0.1729954895545069
0.17357413411746772
0.17303791862618767
0.16833790055216924
0.16772611721390157
0.16445223004515092
0.16362249687272024
0.16426340144259047
0.16132496109556788
0.161486222044185
0.1622186567664031
0.16570475921221592
0.16569263860432226
0.16906294384648377
0.16890523079485334
0.1692831908609782
0.17105712881667376
0.1700170985368971
0.16835304075890684
0.16651413172628496
0.16416411555160967
0.16374320455638366
0.16361498552977333
0.1671516707355903
0.17075240261851035
0.17226060273776156
0.17647923031838855
0.17445795528744895
0.17416900088730936
0.17159890865427668
0.16932510820484506
0.1621777148090287
0.15806405155569325
0.15520752577562452
0.15344421749236176
0.1507488087481981
0.14701040362582943
0.14589763162916908
0.14377431819416409
0.14297905839328218
0.1424481319042405
0.14196337141056178
0.14131830597589065
0.14148653940317182
0.14123757242434906
0.1428012838956824
0.14400754401420465
0.144737823406844
0.14552225607634955
0.14537558093122183
0.14749377748097464
0.14950316654027224
0.14993813503372228
0.14959011566001393
0.14850588880260435
0.14776922782303442
0.1481183279642823
0.14867899839154064
0.149150751827962
0.1498470064255241
0.14976464631718445
0.15027896865455384
0.14868550491217075
0.14509784254711713
0.14470061895378902
0.14216527696123826
0.14157372758401812
0.13942275500999035
0.138144443626467
0.13713158426628969
0.1358978123268194
0.1353262713275371
0.1357324770743006
0.1363351056860603
0.13662934966794907
0.13715844157682527
0.13872627875073862
0.13935408449934797
0.14071227662174207
0.1418604997411199
0.14302749193639436
0.1460897676291122
0.1471120707906729
0.14788503477284481
0.14665930201180935
0.14541079913073268
0.14511198309072862
0.14487804349887223
0.14561824894554704
0.14633666901709025
0.14959027024736568
0.15057529641204598
0.15193642246266847
0.1534223010089554
0.151233520670178
0.1524213494004099
0.15119695873400668
0.15025293260930872
0.15017097522961348
0.1464433499008618
0.1432507520981636
0.14172391863855666
0.1411896278257632
0.1370117881943128
0.1349185430379544
0.13200287831659174
0.1273965113325448
0.12614218668869662
0.12473103695586005
0.12302648538635741
0.12265279211238982
0.12557227378546792
0.1264647174590809
0.12756082272065425
0.12684159031646028
0.1256838299585638
0.1251546127900046
0.1241734137341511
0.1252452386397807
0.12520717283768623
0.1289505503205071
0.13090794708398368
0.13208909575181077
0.132956038141321
0.1366566906466724
0.13739311335094154
0.14263296561025166
0.14434930071390664
0.14290144859368187
0.13875269499583154
0.13692120934861102
0.13492735395062092
0.13129511738285782
0.12785265109301988
0.12003012755295059
0.11812411896439386
0.1155620036888767
0.11753967908368117
0.11649137099545763
0.1197457600320361
0.12155593182972957
0.1264189819660095
0.12432671137108167
0.12141975489454697
0.11403011367767968
0.1080723445416645
0.10463337432302003
0.10527488891211698
0.1073312138831329
0.11904417204150315
0.12026649561410982
0.12453022646654403
0.12567704205357114
0.1246143424234607
0.12500954636137665
0.12507437892041223
0.126571485403975
0.1333241756595591
0.141549763001666
0.14766274531691576
0.14751860700175712
0.14921225103297872
0.14740769674127496
0.14553009833405622
0.14236140088310184
0.1403909935449488
0.13995886460901802
0.13947102398937522
0.13660189386759714
0.13187838169145377
0.12282375818540281
0.11861295188973098
0.11160521552657661
0.10807858456893146
0.10694434260316879
0.10865588460772424
0.11401718907814093
0.11544206399411436
0.11891968251484522
0.12089214008562847
0.12246428006768259
0.12729078506482758
0.13273285450066072
0.13547233443511392
0.1364902538734681
0.13336807035532758
0.13674691263903627
0.13924136203629156
0.13968972117027387
0.14131857996954184
0.140253816725386
0.13910438866438404
0.1383541798698422
0.1381247453953549
0.1377785255784727
0.13815676305868435
0.1384993338890016
0.13833404540946662
0.13838124420510925
0.13548447964861063
0.13417347738777982
0.1350511727243827
0.1349893963198261
0.1359280598467926
0.13378122840660622
0.1341046247574889
0.13572258468446274
0.14132847914574667
0.14218494108355734
0.14551990390595018
0.1482871775481313
0.15208510820602011
0.15143772810067396
0.1489879449214365
0.14931092595284462
0.1505415733100347
0.1556744700138894
0.16028536587165892
0.16221711297186564
0.1612187771313504
0.161185539797371
0.16051580365720466
0.1619798908840632
0.16672927738013626
0.16733903061364405
0.1691633080733199
0.17018374419465374
0.17602004593601686
0.1790295947434965
0.1768918978186756
0.17067810459081853
0.1656875456896393
0.15972563348014474
0.15726015405297153
0.15468814067272235
0.15427128605761334
0.15490285664931522
0.15628863496019935
0.16041147515195034
0.16267615897094023
0.1669434995807658
0.16931703913693483
0.17130937800743998
0.17056662032739595
0.16968633738791056
0.16953623036709078
0.16903823752863179
0.16682014864904535
0.163274585808465
0.16206405298555043
0.15558323339476382
0.1499538002925321
0.14486114390907737
0.14269408754166074
0.1384945905315447
0.1359737820639088
0.13395776167775028
0.1313249554202896
0.12946687034574372
0.1301944628644202
0.12987098864710372
0.1305607527519562
0.1335956268165604
0.13651655637542276
0.13896005159551883
0.13829113822298625
0.13796609523446388
0.13933875595644174
0.1405756140222058
0.1459449724722715
0.14878852272691362
0.152195206578359
0.15936434494833765
0.16245452305018035
0.17224400147624044
0.1792644483692512
0.17923997716473403
0.17836249808305701
0.1792886323780775
0.17697856952009566
0.1753743691129031
0.17431789665721484
0.17314028840852472
0.16852335453428835
0.16494990118530856
0.15738302787073472
0.15151815281612185
0.14787148991171478
0.14789226222485968
0.14791164344704116
0.1487253413937324
0.14809442958310592
0.1459219221247743
0.14478092274359788
0.144500725400321
0.14424783256948948
0.14290650821360626
0.13980908799734684
0.13710788168411137
0.13775174552253433
0.13839445048999266
0.1386366518048156
0.1430752654775564
0.14917845265260973
0.15281217270564112
0.1579658126912696
0.16162405689390374
0.163348171492164
0.16609874320582002
0.17017667781401905
0.17146105438399073
0.17460594824714434
0.17522121680002578
0.17327117756115812
0.16989993722224672
0.16903408698763006
0.16564479912582986
0.16388228187548237
0.16307842610405904
0.1637406654845024
0.16520891809030913
0.16979179003674358
0.17113617906173687
0.1740297250124383
0.17611884712339398
0.17610554425977645
0.17591635416810583
0.17371177571103172
0.17448725752109578
0.1756185054563308
0.17755361531493605
0.17772056362544345
0.17772026462352897
0.17705041573816183
0.17520559562889287
0.1712373897048614
0.16717684113981637
0.16639672543165432
0.16569990706465262
0.16672530490095333
0.16919929329933647
0.17381018615515725
0.17672760791137548
0.17761839888304226
0.17850192630587253
0.1780969049160234
0.17516041786095976
0.17235283726201925
0.1711273564627123
0.16982620464543746
0.16699910941226231
0.16544736091686435
0.16522495086266803
0.1666027297502464
0.16831333406549445
0.16745231486191753
0.1695185843422454
0.17067455044575972
0.17131264237198132
0.16881617758591744
0.16673280394904355
0.1639447182532531
0.16097554636627115
0.15534830033402952
0.153784304212871
0.15015381018936166
0.145644284435016
0.1400515013926159
0.13801085281440906
