0.009755988522409241
0.007920765305020597
0.010920641209814935
0.011541567456770532
0.01215894905440778
0.012862047510147273
0.013392399671462182
0.013968404652911343
0.015078991721113766
0.015450013583023083
0.015633303520902024
0.01608075613503148
0.016356462198723914
0.017118891836365495
0.017684587997626837
0.017976107476465247
0.018037857124285288
0.017909958894768135
0.01765658911068519
0.017151377135446517
0.01667449598171933
0.015648128769988754
0.014832770215859775
0.014051660953101666
0.013358046836912657
0.01326247802068443
0.012869097621209169
0.01261662887083651
0.012291518118253561
0.012004309744641057
0.011139030052928678
0.010433739597135283
0.010319555629922926
0.01027756550561878
0.01062311563783336
0.01075817445855268
0.01105921698406174
0.010934151536642372
0.010590954657128046
0.010395322672536811
0.010076434772108577
0.009723680657427881
0.009533059579214609
0.009450421895794755
0.009488240911558326
0.009841019371056716
0.010195555970943028
0.010314721193383477
0.010040610220408997
0.009775097738743906
0.009773058397748275
0.009957727589307724
0.010287869127854714
0.010536040610019485
0.010688971390788522
0.010262630312014725
0.00966378408036975
0.009151273052662535
0.00897016916322788
0.008722204542972085
0.008630432857055326
0.008518226162372841
0.008360911817921323
0.00817766000377165
0.007886178187538773
0.007086653759178316
0.0065191863539347
0.006309216665101852
0.005896576538808885
0.0056735686772351555
0.005431340614944652
0.005374084765705207
0.0051370497370151974
0.004966916351228844
0.004875715056583263
0.004845827543624638
0.00484318983074728
0.0046691833276944405
0.004715949439704881
0.004736950477334619
0.004687014852239027
0.004592328646508346
0.0045581507223987315
0.00457300573556222
0.004722541990705332
0.004770483307026559
0.004825886982047723
0.004741868497013748
0.004641610013414658
0.004623052899818637
0.004600401566314245
0.004618786093206819
0.004522175648283554
0.0045307672652961945
0.004700168940749759
0.00476294279996107
0.004870835144703659
0.005029603049490071
0.005082217778879893
0.005051199433427918
0.004937954795689384
0.004683296230527016
0.004621217728834888
0.004569001291515555
0.004691973254791472
0.004926791203585586
0.004983314296134042
0.005046378706803538
0.004848047467733949
0.004628476799584828
0.004437431597125983
0.00428671248713894
0.004221774830718077
0.004176198293715463
0.004182992637699488
0.00418647056766614
0.004198838732218678
0.004260842239830543
0.004119754619168032
0.004123149869298076
0.004075863679442804
0.004085221847686745
0.004085346982483371
0.004162610098735827
0.00422429007266528
0.004433427858196171
0.004555381349540029
0.0047876600272995385
0.005015643086247879
0.005278591975721387
0.005431802935949437
0.005846842281673393
0.006214697530095077
0.006289696472235129
0.006516193724251546
0.006646062984708441
0.006920428438557727
0.0070910632260309855
0.007220420773106412
0.007469976906745153
0.007603213233469322
0.007542541922137458
0.007483142911859546
0.007392913669977642
0.007443450583652418
0.007331404046957672
0.007372421251069063
0.007349674708876106
0.007362256820799734
0.007231050375793432
0.0070386955118462045
0.006903714506186559
0.006796548962658513
0.006861616997582522
0.006933445538915124
0.007010230513424543
0.007253175369457192
0.007362430226598908
0.007610961236873786
0.007848337786992503
0.008096959807670211
0.008206780963584917
0.008428624213728383
0.008630882084348115
0.008976580130101766
0.00914825569324815
0.009316326153576153
0.009654676616950205
0.010084056793988324
0.010219668715998787
0.010515966144159748
0.010542001076163907
0.01046640599234093
0.01067500250685888
0.011075549951339294
0.011151080377902307
0.011607216962576336
0.011808527254373532
0.012022297151315576
0.012235863990525541
0.01198637173746794
0.012131669992787354
0.01214170691693776
0.012181657828131992
0.012568374205199712
0.012754026313952196
0.013272601956949326
0.013344807951424596
0.013197625459403653
0.013218438582604233
0.012762083426374143
0.012693787267414686
0.012698517359722494
0.01256034399571162
0.012226748856620298
0.012119494729669913
0.011944089849897008
0.011431069895294464
0.010767729019912322
0.010421876894815763
0.009916371612749813
0.009551101754231224
0.009008258774044587
0.008908827444775263
0.008537252060904648
0.0084921163328375
0.00807393755352298
0.007381722179768896
0.006898693229463633
0.006699483284951663
0.006441971833096562
0.006494419094182022
0.006348653140377049
0.006138211131329191
0.005982433853995428
0.0057122465858057605
0.005703213056054547
0.005471695326280945
0.005385213886171666
0.005357181557134083
0.005257086091485461
0.005291667449721108
0.005479462313686242
0.00544085746765364
0.005469305077807086
0.005348240677262271
0.005398787104993258
0.005206364109850914
0.004943305353910807
0.004765545352097506
0.004661661992607274
0.004461662029377094
0.004368736339302742
0.004358738913944841
0.004447822287593209
0.004376600324745796
0.004450955925367959
0.004288344335331798
0.004185683712900978
0.0039265735161627706
0.0037476919734365276
0.003527270719038218
0.0034737065195321578
0.003370832960047697
0.003476935450184568
0.0035964766823992898
0.003569284897461545
0.003559140238026026
0.0034815345994621293
0.0033106121706138088
0.0032477249047012887
0.00330359569986854
0.0034413445910552705
0.0034019573778549714
0.003696734253143185
0.0038320482295076965
0.004075393034975758
0.00432167458037561
0.00446690451417683
0.004628544772160919
0.004755336054298798
0.00493345497950232
0.005098786310540046
0.005122407142248551
0.005183085941843126
0.0051420596665470416
0.005153801111874178
0.005238032877971951
0.005306563650538186
0.005447760145943718
0.005679910757347806
0.006062769340084773
0.00630018844082979
0.006705635444222162
0.006744858376217862
0.007040609441165038
0.007349986282589949
0.007611509224851487
0.007799545383415233
0.008103245933851972
0.008273397653367941
0.008681297884086859
0.008858422686264876
0.008914031044949007
0.008758141108925255
0.008318462802696857
0.008143713162856631
0.0078350924964497
0.007662423586378775
0.007643691853606213
0.007806297556368523
0.00809544700861088
0.008147855274881943
0.008271446985631275
0.008171813110241757
0.008027914928876955
0.007955044368784785
0.007710424482192131
0.007313586496721369
0.007283571117628331
0.007107284823073443
0.007028931247545935
0.007081046953347792
0.007127712920736484
0.007078562251889464
0.007112091618624044
0.007152105233651307
0.00742049783334537
0.007430409182700519
0.00774199917001143
0.007828849554949457
0.007717899512664955
0.007407894806244911
0.007239810315706888
0.007273798849293181
0.007304553127651938
0.007438848551285149
0.007528309761778029
0.0078243708996276
0.00786066751019655
0.007926696189005841
0.007787149563771445
0.007628972068169845
0.007339735908461946
0.007203720380444631
0.007133443332117337
0.007254635219040399
0.007225043377915068
0.007245461281890966
0.007367379949737097
0.007398716238561484
0.007377573818117883
0.007465208516550156
0.007493282509445323
0.007620465116043524
0.00793260698424378
0.007948093369396817
0.008112202131040162
0.008490761568920318
0.008820848444068385
0.009639576054373844
0.010030210536577952
0.010548435171264312
0.011529383383053557
0.012367723867184335
0.013554724715407942
0.014221401420064816
0.014704749422034345
0.015547062622973253
0.01549551768301891
0.014808520986178238
0.014419398133071753
0.013562855936882024
0.013397957104933156
0.013102706107195878
0.012908834517678292
0.013063047586378908
0.013337189894906305
0.01376011588114535
0.014144122355012261
0.013369127812838055
0.012777819115055305
0.01158366290583163
0.010885609103246733
0.010065376629930439
0.008747824062768752
0.007536439801348953
0.007001815050133209
0.006383446930699975
0.005545249542203925
0.0052680985218041985
0.004969328706798758
0.004711198630598079
0.004733013377745839
0.004820985533131121
0.004837372887266262
0.004881311734545436
0.004938503504466776
0.004960710292767545
0.005077758696077871
0.005163721175851861
0.0052805451770731055
0.005436563473707916
0.0056177468206612844
0.00569720059637584
0.005792721699528054
0.005925732459199912
0.005873106207225342
0.00576937344424644
0.005726070430417654
0.005712571761810446
0.005590915008437945
0.005562582209472032
0.005348116397884293
0.0052195854686000005
0.005188009426797721
0.005070016448862766
0.004895356311839153
0.004723741529764006
0.004556778626067459
0.004403014138975781
0.004266199458698583
0.004213343854949143
0.004037206351972225
0.00402695781475877
0.0040020525075034835
0.004014494942949631
0.004148098260195939
0.004352598370787639
0.0045037066403838845
0.004768841223403085
0.004949644629135051
0.00521989512141654
0.005501697134704895
0.005907407378251431
0.006225552318490387
0.007040168966287978
0.007440200801451445
0.007829978658010254
0.008719445737497701
0.009139685768149929
0.009687691043166607
0.009880461788247122
0.010324522520656519
0.01040493649079129
0.010836187369350336
0.011190178393691411
0.01140391393724326
0.011782540178688836
0.011703448018971652
0.011652510967694336
0.011524980317087112
0.011442212021061368
0.011067467352781923
0.010810430756747435
0.01044356787423703
0.010051137562164292
0.009918466766189753
0.009846496432435044
0.009678376838406447
0.009780055483385683
0.009721066352769345
0.00980018344772535
0.009723605750786731
0.009819480929084374
0.009925179821508343
0.010102009329700134
0.010278024755007224
0.010462515927342347
0.010335148834933451
0.009714421578258985
0.009322209816233029
0.008065636218906198
0.007576369607617426
0.0071191316839451044
0.006437789147667875
0.0056868394845924816
0.005379255892504574
0.004705886154747609
0.004512167738950185
0.004171800079407347
0.004143486615472914
0.003990442244788714
0.003923810595935601
0.0039142691876473245
0.0039631095072568175
0.00391465154884161
0.0039426556854541325
0.003839279492951042
0.0038187406465420596
0.0038346003339751965
0.0037988370857830614
0.0039004280723631615
0.004135251946548279
0.00423287840921371
0.004636966515521439
0.004937693828350828
0.005088040388577115
0.005429867626800746
0.005749054058510126
0.006193026154336994
0.006990559189011062
0.007486101419821203
0.008379308360083122
0.00878743558876102
0.009602094602560824
0.009669189583316458
0.010128693999675437
0.010199343542568991
0.010127338629390937
0.009512763105805063
0.008549717440761063
0.00822956423405801
0.007748037804129098
0.007319687827345933
0.006538244912164391
0.006151318117833188
0.005880824991958676
0.005065501828080333
0.004811360723487349
0.004626079872339235
0.0045960635086307305
0.004873980051666063
0.005048021734218265
0.005563630313623771
0.006101987001648225
0.007128465908758206
0.00861454876243597
0.010126371069837738
0.011343509610458269
0.011654457074538169
0.011215766750970895
0.010971025858967757
0.010473367762539397
0.009641963353081113
0.009065884751861316
0.00798104836002174
0.006718097080105128
0.005415366640240913
0.0042464247569798195
0.003618655611343251
0.002860070747763301
0.0024927540447601503
0.0024783692722328133
0.002701975895701708
0.0032121123085968283
0.003541615140312814
0.004357540558294926
0.005068846216125361
0.0054623010936902475
0.006099841323328563
0.006469688380337851
0.006939569999897735
0.007196396520767183
0.007163009567110658
0.006770510674738871
0.006153325625756703
0.005746912491681376
0.004925478500924516
0.004570726618609836
0.004240951357995189
0.004039740933586307
0.00393229554405621
0.003861617318315647
0.003690564263086201
0.003503936021568109
0.0033354496724412415
0.00329914844490689
0.003165323151833395
0.003095026298756181
0.003174084299802747
0.00337213857970763
0.0036916443452729856
0.004018692112311296
0.004221672063504278
0.004499378805008157
0.0048885042864413
0.00506517532533938
0.005617410152873575
0.006105905003362509
0.0065566918909762874
0.00712173263429242
0.007643584330711432
0.008113838128455945
0.008558056124156038
0.009011608526377094
0.00922019206695964
0.009153513056791003
0.009106819819538823
0.008817398697247647
0.009013731674826457
0.009001833166637678
0.00932968085870983
0.009444790579909013
0.009809813828814908
0.010451310328063368
0.011484543073692035
0.012010997260428133
0.012889477410604774
0.013305828794488692
0.013677201918695878
0.014061796192157533
0.014219497588968167
0.014248685970419644
0.014142091557844225
0.014321681962935354
0.014201149439884476
0.013989364067635063
0.013777899642315619
0.013600515044969157
0.013308080528037076
0.013136158771715862
0.012574261261289344
0.012410068850916015
0.012320249638520265
0.012226563396482457
0.012547833934125629
0.012916033078465875
0.013114677197776448
0.012475079821424664
0.011641274155274859
0.010925555302710197
0.01037646712105621
0.00972344715214954
0.009433804408966889
0.009209859848748456
0.008623996863427123
0.007678586520774529
0.006827854709348782
0.00639525232404557
0.0062412923306111034
0.006714221098722811
0.006931492641659137
0.007422986669319971
0.008022252406048914
0.008463451804211677
0.009058043100614923
0.009312763427443752
0.010259545371069514
0.010822146706037454
0.011770681256565382
0.012867868274873776
0.013287033216362662
0.013848646743221598
0.014103239293026293
0.014464145119746252
0.01437064498642442
0.014512254696069263
0.014449211367526082
0.014331398204741056
0.01360887649457731
0.013159241635852923
0.012417300169887895
0.012085580442517252
0.011705507853988538
0.011337020973371203
0.011429221131156067
0.011439760188059133
0.011533960630178397
0.011606065528023124
0.011550553965852653
0.011415307768343845
0.011604522463771864
0.011718240479609362
0.01193605821802492
0.011989865716950855
0.01245922854930707
0.012738603728617404
0.012881558788151925
0.013114725099082254
0.013358883921422907
0.01355647436912856
0.013429304438953172
0.013139756916370548
0.013048428911708803
0.013278831155874471
0.013329405607078782
0.013501526120297772
0.013706985244859282
0.013748127700599638
0.013606740031241358
0.013231560972781867
0.012827053152736325
0.01255768594034086
0.012598370476546838
0.012513225922210838
0.012347459560969637
0.012017786729493997
0.011805576840142922
0.011471736740098664
0.011047042226166003
0.010786107757855852
0.010575437710091637
0.010500556398352043
0.01053231337041859
0.010576995148216443
0.010931585944294178
0.011079135776885001
0.011272168368631734
0.011635375300219668
0.011869275206222827
0.012069174527706944
0.012175431231720426
0.012033583310904863
0.012004798998145643
0.012014704361549382
0.012052775881760291
0.012143733873506545
0.012495338763270428
0.012937969639994135
0.01359532339090096
0.013936330499344058
0.01440491615801844
0.014491997760204763
0.01409022012799288
0.013745868471094106
0.013038644294468405
0.012535604677057315
0.012315492998458993
0.011900648210006179
0.011325322693498709
0.01116749963234167
0.010828918453270369
0.010299418001580359
0.009031000187320686
0.008543365738080727
0.008340643810117513
0.008066143291974193
0.00797027706011093
0.007953667677162761
0.008125921615924087
0.008268818073733572
0.008134096503679172
0.00810638459808678
0.007798432609731436
0.0072760445854030895
0.006624122314152198
0.006216582519335203
