9.81692543723737
5.963203726372389
6.092590986273924
6.119816622000274
7.039971801640689
5.797996913162567
6.8426588981448315
7.327989505647589
5.0087086269924
4.84883825412932
5.841030394823524
4.7426274709888885
7.88077068339575
7.8096190278258835
14.960813122983549
8.163942187126148
10.670463443387934
9.98951420772689
13.486568024808179
13.25395313310166
9.916877946401417
13.161657508603152
12.79025571544555
13.094448504485769
7.6675601554044075
16.500309206006296
15.987418246793078
8.719258296002016
12.801902031462685
16.605509520147706
12.943239040366473
7.536233182069125
6.627583028204311
11.314767144209956
11.39351258031095
10.729980171909451
9.913883559507426
13.606432458915094
14.016928790011837
14.133805299072268
10.136302397453248
7.7559801476611385
9.733908617560882
15.497560956601353
6.074623974705871
9.202361863867068
8.156130614432591
14.297518746906183
6.07444273404052
11.986825461046813
8.566813674681903
7.8985913821167575
5.440109825050748
6.569523761842409
5.4302333238714535
9.273319463940403
5.090158460660577
5.904791818717325
3.3535324281098466
3.3306175712368438
3.8343292096667563
3.0801360874650947
3.1661331939092885
3.6166789502909857
4.496541132761175
4.4070966632320125
3.8301712693273933
4.946674836017636
4.03809957423333
3.301731638089297
2.944773162711868
2.769918857834025
2.791601943680443
2.494594424295581
2.9143183458687827
2.2832811498449703
4.2866534057918315
4.155379497957172
3.3947287345407995
3.6506829301940704
3.264468166877621
4.461646753705557
2.8766106725834413
3.1526092255703873
3.6093937522381276
2.6819100625825505
2.877178539355383
2.5238297679885915
2.9862492438331096
2.793161376264246
3.0316206592603754
3.1131376854781196
2.743973242180317
3.824858754155302
3.943976858565861
3.514894441853971
5.741607426005292
5.038823863310979
2.57383161811546
6.724134401685495
3.917900189272326
6.288365445827956
2.52413236982759
4.289445815963162
4.713771971970595
4.947270453892304
5.459560604604422
5.457099777952969
4.490689683877914
5.694154555855041
3.5340351123234206
3.257192547994541
3.938959981127406
4.341102323003744
6.990810615474373
5.9781793374790215
6.13294767819999
4.806338736176665
5.736537819892235
4.830589253417122
6.2183423153070025
6.449322560194403
9.390171142473196
5.6439659840318495
5.704969051541498
6.787368447690393
7.593334590525815
7.1981719762620715
7.608198339604132
15.644969405247846
7.837166393845389
9.953785061050404
8.79386254981623
13.407767458877396
6.03114525636246
14.223248618098888
18.35187984094585
17.16457643238964
17.559606788442792
9.343706702689927
7.752748675792558
7.778225700972629
7.1467842586377355
11.956585636037806
13.582760161474909
8.698580046437108
5.298029859176113
9.126513220511395
7.334274951076826
10.464044668179238
4.456076616865557
7.886377967968332
10.457211101447005
10.461103469713272
11.287123596815942
6.468006333378173
9.562263426981453
8.330835044866072
9.728433438393296
9.193407897675048
17.30543740401392
17.506012736714965
9.946754526826393
13.394942584190574
12.298641922986688
14.15325273781357
13.321077499852004
13.11452931150026
11.376031385203834
14.278986053134764
9.281375184401748
15.159786230076415
13.74551587541329
8.317385747547654
13.577052435238112
7.877143357719262
6.159181598842862
7.0840055077338535
6.418738170472008
4.151706851270353
7.709767671815968
3.676463562128867
3.58315307524988
3.1032023575812606
3.5881450849117416
3.1191284319103385
3.218253721553553
3.00722043347046
3.07673886767134
4.4559784373389215
3.7557224641328846
4.470218984050399
3.8096415778810546
4.8013919154604645
3.1896180572827566
2.9742698644870114
4.417244454466384
4.260081689471589
4.836554399798186
3.6113443358864323
3.633705204259911
2.6035700452492194
2.909660760934044
2.4572069639393397
2.583562422633917
4.554202727743549
4.6460218918691965
4.354522215087968
4.727861531881815
3.488477984863698
3.031220253521131
3.377464680048882
2.9303844787791453
2.730183683142667
2.116529684931157
3.1099404540153475
2.908617341471364
3.0032869760015357
2.6064822084387904
5.308638229583371
4.815035684863382
2.7535506190703614
4.061470161602995
3.127650025060289
2.9412969554908637
3.1149442642771112
3.7174306326385897
3.329115131461786
4.55744494206297
3.622299421951598
4.439776015767616
4.907859258942702
5.587551612895266
3.6589422122916098
4.359249140611623
4.318870921647465
6.1242623332351815
5.583710671903152
3.46244703938097
6.399429989531886
2.4543618673338155
4.026679961967216
5.213054851252414
8.499960737204262
7.755929031192655
7.480627153177276
8.850478673006942
4.713802801213148
7.332507655213625
5.137799908221669
4.748667566278373
5.175763493174119
5.596071914366207
5.368743957851972
9.534392886258738
8.364192501955577
7.275001977817756
9.614424233521383
13.194220837189935
11.361530845852823
15.667263591694905
6.372352684285452
13.881623461904303
13.612481975624656
12.277326178729192
10.85799965487297
11.65660634253383
15.749726293326836
4.162457855462941
5.1298970114652205
5.132054792488645
7.356689457609062
6.346403173788788
12.328275831082621
10.945993800546589
10.007130280324208
3.28310694126804
8.53070733637037
5.800543241168702
3.9703819244922967
3.765774265128176
3.008395032497548
4.319684994914893
8.16035088530478
6.29217472769116
7.926923216323819
5.662677152076723
7.406305854160898
8.2995694102501
3.329866643391557
3.4568914984147137
3.472234427190611
3.8364334082323928
2.9517349244017788
3.3251832583137726
3.5060416388566447
3.499502854900954
5.933676419814748
3.509692546159729
3.124150334436489
3.297949325226815
3.177752416708222
2.800916892860349
2.8849749302559387
2.8680397204470136
3.3506006523005447
2.792417127767996
2.382915870892008
2.9192300826272937
2.949479793415068
2.772747523855247
2.840092452637886
2.162250070593262
3.0972293085892346
2.757613471179693
2.9873832906478066
2.195069011902944
2.4219479786160623
2.2099964062862663
2.8239713590491204
2.474068556965212
1.974404402372898
2.1000399130466625
1.7922428834540114
1.748630277279498
2.2513205729474115
2.3271111872615453
3.2318032315066483
2.704144120576632
4.634755001461551
3.565876114926558
4.97754458503613
3.356360192229957
5.20838173105682
6.842446786963873
4.0061613620361936
4.5365330363373975
4.33073274068474
4.195955007777961
3.0256058414194826
2.291205368302533
2.240850450343504
2.621258403915263
2.1671299021426127
2.7727430740836065
2.5512733923857653
2.917582818710681
2.7849424868295785
5.108568637532727
5.695112406737157
4.952465229046795
3.658985639901748
6.729679425581038
4.450803452287959
2.2138226467945885
1.9795064041939618
1.5932771065318465
1.957220385427382
1.638758461768965
1.547984983523531
1.8911562523157859
1.5746736667624741
1.4396265704520108
2.0289738496697494
1.7124619117691924
2.2963439891830055
1.8762704165069741
1.7236225223587234
1.5536077313283634
1.8187692932075823
1.5952494972045126
1.7877609970910826
2.1052854292624494
2.3509290049257885
2.131041971361541
3.6228169913517285
2.608597279593596
2.134484754359691
2.290382566792842
2.480293946086591
2.778510295058149
2.4298674289898985
2.663358279502387
4.295507327670491
1.9454508153756855
3.866077993130097
1.960329611251407
1.4891620832107288
3.258182839002045
3.4657101975500324
4.802812065168845
2.6772911181317425
4.92425784025726
1.1152482247488367
1.7563241816619246
1.1664871646800257
4.099025560708737
3.361643413793864
3.7847447423836167
6.395431849035771
6.13575275521759
5.177789734632441
3.067634002672761
5.413773950179726
5.657025378353376
4.718798332869419
5.721440021669968
5.694541260175193
8.400971667166425
7.923547296131153
7.272461729344002
6.621909303504188
9.650760444272768
9.883051901604766
8.696294678149647
7.701624361103737
7.2103667036515136
7.479473608175018
7.9150703994537706
6.593481531355986
6.910345675384588
6.274650193523714
5.594493352814167
4.87039088554149
8.84616909540347
3.2307779098305764
2.7707840948508022
2.911047571794088
2.314671083425435
4.499607425905523
11.23974822673175
3.9442813972046893
7.363648581438703
4.532456545468725
5.701897044934142
3.7674382627610434
5.7360340848641655
3.8456121498663642
7.210612878210431
5.878050441320605
6.544404256046677
6.182234627048183
4.3021864597091595
3.462336617298972
3.2865449290369404
3.0919193769185362
5.727035811493172
0.9910506431732694
0.9823788199611754
1.004958000302909
2.8166690860664576
1.5603489812328681
3.3700532807890156
5.162936399707517
2.095166066524392
5.896268823493273
4.445587689879256
3.834326220878462
2.5621777566516766
3.3983733793905158
2.713711728350926
1.0407762071042916
1.1838606404099494
1.1220760059534078
0.899341710921058
1.3329644171059454
4.067700110927085
6.1166141626082595
3.4941077068921422
6.042794556826763
5.003066375309771
5.652732632200847
6.08857391560924
10.055996033068155
5.028587290380253
5.685846287936133
2.684677460463631
6.644170220361491
2.5782454286676213
8.173891072534806
6.710513063406379
8.67684245102834
3.4180900306313156
3.085635329178339
3.8444076747212805
2.2232700298713013
2.643202551926378
3.039177049187873
3.3274674334392706
3.677720390272868
4.254135222712533
3.54366451172564
6.661320388844561
2.314347317103519
6.498882591401459
5.621692375108055
1.9729250470697774
7.629841361190313
3.8928410987498525
5.24429109691907
4.466167656674289
5.675506391601823
4.8861519293883005
4.504054275524976
2.5566307181297074
6.915759084123023
11.965574509254235
10.24836957687607
10.095988479095807
5.807057416115392
10.448630754074383
11.49488342699276
12.650067486509581
2.5749455359444586
1.7576386391001488
5.7236160323026
6.132695773910121
2.883635467079419
3.9633344890550894
9.7121385670096
8.815957747803383
2.3982868524860264
10.074508997735544
3.469609128035221
2.541740466198017
3.345877122305295
2.3788825811553997
2.1179999214539955
2.934402942385293
3.206054541307501
2.753455178671273
2.5705065265661156
2.289488200332003
2.667249035102202
1.473777626072564
1.5169060950096813
2.4172708783145436
2.6529670827896643
2.224413928258516
1.8632481345293932
2.3390999533409067
1.488149912664565
2.5216944501415726
1.850703569145645
2.1865302997376683
2.098433392441136
2.3752196969229686
1.8220924054041359
1.306057044850632
1.468823331465675
1.3918822359196124
2.724609366535228
2.9726798710216844
2.8804831991799666
3.2765585702397537
3.3589734682211003
3.5695592311289532
4.6247259639531375
2.3702120716789294
2.54153759376871
1.4605502541265019
1.135683827179236
1.1993006045968426
1.4963683395991763
2.235676775921388
4.276340709515226
4.620717260485703
5.082350822865803
5.919523447194576
2.436227813900676
2.692346458615489
3.668254397452911
2.355950630116344
3.156161566650875
10.055803234237532
7.915325799947558
3.5784963611480505
6.978655113252691
7.503337212021108
5.168805917303009
5.96318586156725
6.653188846764321
11.412720073248002
8.794916044822356
11.788774143611082
15.196107615132405
7.651416679685066
7.887396401517902
7.366876525344713
6.731450935468507
6.804013148220579
11.715492568911708
15.757993062686964
16.34491818382402
11.575021883755443
15.740988627710172
16.08794637057265
15.551466280106577
11.915673292912084
12.056333238352657
11.730628256035345
11.419184760478355
12.75312951045134
14.689877905276308
16.272733375147734
16.012091959223135
11.43968875759949
11.26405194312363
13.149922773368925
6.49547153634568
5.635371674763319
9.357724586971383
6.626739879530438
9.392234841112963
11.177478504465686
12.762653207595395
13.228918926770305
12.383536257785742
8.320626005592056
8.792297276470194
7.0452750569192535
9.74354719083244
4.676378513115613
7.638469282663832
6.452215622077143
7.27898868033852
5.951905189717474
9.376526060781105
15.74104467667372
5.264642434173797
8.291226464972521
6.4541524727252595
3.331136042733423
8.917998928803822
3.717576525594039
2.7373044164041493
3.7282051131376663
2.585499161642038
2.4262222963036413
1.9237167413425262
1.7812100817685383
2.227969303555529
2.1747925094272107
2.3903688722008116
2.294787767827196
2.310974787057968
2.136081877421074
2.6289928826712705
2.620625772193759
2.037253578676239
2.7012281868611474
2.3109352710015165
2.506630866242052
2.2363680342603987
2.28582378986845
2.5036974052749996
3.4018321853357847
2.772070208694971
2.576549472692373
3.354493493707344
2.0290375946842394
1.8143631584417523
1.9044292946465713
2.269690436421092
1.9366734522875244
2.1401591530476805
2.475122450005565
1.999201479126843
2.007440244985426
3.367526400787741
2.1113416835157404
2.306906472685379
2.3247637922348416
1.8761453365976835
2.269690136923687
3.3183664986695325
2.497402363444485
2.5046698487416985
2.5675421481459715
2.9356025109890314
3.3811905418437567
4.888034087670681
5.2975881233157995
6.31794840105526
6.526107445694582
4.33430445423381
5.7048704203066345
6.305648381599113
8.861802272131428
9.473481592907806
2.7108347229081398
8.624531206642573
8.881022931440608
13.979072117914551
5.945100231090202
4.1461491034769695
12.283067251915543
3.0459649519427683
4.175743665011532
3.9349881880600277
7.966798751593774
3.4488670831978867
3.7051736009722993
7.440295507333988
6.608156441251163
8.346923516454467
11.287985927589318
11.230926923719462
10.628186994050967
12.354110204180992
7.950763262936564
7.415026078740428
3.0609697159193376
5.0459095835684336
3.0604979331959172
4.155370265336816
3.907181605945474
7.188935984284069
