-0.12644941382556793
0.4240260426220833
0.49387885490343186
0.6892872389937508
0.800869589860948
0.9426843695962142
0.9463388706675269
1.0216033432271456
0.9576004466646871
0.7881394010218848
0.9089287240873489
0.743265217868581
0.6225327883898775
0.6126947478034976
0.84253565186775
0.939971466714304
1.0730819711907742
1.0486040459036978
1.1093102631581173
1.061674702621987
1.252295722890978
1.1326269039719963
1.0280030018107076
1.1061127155031407
1.1849241985741643
1.0988573921538654
1.0959651222638118
1.1373289127905668
1.7142383778733616
1.275257761445083
1.3140243429804492
1.5177250652198189
0.66091390735934
1.2444703569047473
1.1231252773293467
1.8778763202808246
1.5623567800848523
1.3140995583878998
1.3519651960901256
1.371313707359647
0.7272935272451215
0.5922944833727108
0.5447572685643176
0.7078107632114744
1.216174715937174
1.3312889660271863
1.3704710156281186
1.2946338799325396
1.8176926647549343
1.475028951595559
2.0041656381237476
1.7413567723174206
1.4469947839601802
1.5501273443031298
1.7571439188948463
0.4958464451191896
1.301435478047915
-0.04417534291967119
0.7401573351564694
1.123064966945291
1.26102328219143
1.3218327770740426
1.1179792471579413
0.8078423884617573
1.429815180740838
2.664845890569398
2.4175842062378696
-2.7001624634494235
2.3465326095049583
2.6360024258185097
1.6912707851999307
1.4161709762505368
0.6357297950235952
0.9527986219144926
0.2363791706945047
-0.5640590658686438
-0.15714028166181526
-0.5058620852408503
-0.49489735765072357
1.3365910791142617
0.40971047940552086
0.289873852985114
0.4344109424736198
0.2524024038032183
0.40262787190600985
0.12341184070886992
0.32002784597155237
-0.046933776357203645
0.18872511159766295
0.22343138182181316
0.07022178585519405
0.14703078648878465
0.0019131589744171436
0.2138257572323438
0.0498754339307765
0.26025524280585594
0.26421293658324385
0.033617232987902694
0.08016142051297068
0.22439955319892838
-0.1058846794589971
-0.14088449852233137
-0.005627830705769688
-0.344571129584828
-0.14267837273062203
0.08555189860745574
0.02894356410191432
-0.0070538948270218805
-0.030907967230043704
-0.15270130946659752
-0.3773371789838879
-0.49290635652002135
-0.490640857659013
-0.3957274978705183
-0.3781365588146372
-0.2666188832893166
-0.345650732383095
-0.26270760045092206
-0.3673420101402821
-0.46939097495101795
-0.8612029393771276
-0.9743345215541303
-0.7590084766069568
-0.8676439100289396
-0.8394407783014464
-0.9577442877538239
-0.7727493541677551
-0.691895243530864
-0.7362249970131004
-1.0814616745419399
-0.9670500569585729
-1.1313423508558902
-1.0621908089641523
-1.1417134015152735
-1.3061283466400297
-1.1596218819087547
-1.1626630330772831
-1.2780657775927107
-1.0602599143947091
-0.9536813258257079
-0.9098725673845527
-0.961128400932084
-0.9751797522738628
-0.8642951759023924
-1.034628486079735
-1.0973267277395375
-1.0836413763579191
-1.225826678069791
-1.3705713137541493
-1.1776001801877503
-1.342263310818684
-1.3576350366474021
-1.2551999545216856
-1.665306627049651
-1.087343865632223
-1.8189660919069377
-1.7300457251484533
-1.7908124374687464
-1.643190391950648
-1.7096293617726939
-2.4744261070520035
-2.493831190066763
-2.333413071171546
-3.0110189824267573
-2.7647829289469565
-2.586383880538978
-2.4725878082385133
-2.37884300094827
-1.0901129535832836
-2.064505312497968
-2.4021804041970696
-2.466298079719308
-2.5525555090252734
-2.6377355020472493
-2.454413978901672
-2.3094464975584525
-2.563917835954842
-2.670650774229758
-2.4715726069955464
-2.490604121177246
-2.417496140782683
2.9245482711230446
-2.973930729336267
-2.671498395688061
2.8888855427646267
2.505895116020403
2.9942023249298537
2.9609796816846656
-2.9223082255999877
2.7763505720767534
-2.5154254062217314
3.0528445684031764
2.906944894987309
2.829489792237165
2.5597547719034806
2.7716389756203816
2.905717990604195
3.036886777377597
2.446402671588532
-2.410574330459216
-1.7411683176485824
2.5918050452737895
1.8494258548795748
1.4878887579177467
1.56053440514356
1.5792075686167482
1.708836964853118
1.7673588467435117
1.8169707799154637
1.4468892056569278
1.7932521164817699
1.8057377635063736
1.7679478449218817
2.372038978253698
1.5125506858521676
1.783570020134827
1.8144172378376007
1.9054567572063619
2.986139520383516
2.49649990835746
-2.9435940478331806
2.979240744737795
1.9474618041788023
2.65102803106831
2.9009671170327693
2.5508843267585624
2.2149244442542892
2.2013718786017678
2.427853914540899
2.6224663736676748
2.2171054675886803
1.7301225422314968
1.624665017811979
2.3606323566359304
2.7258198204981725
1.9488387461512524
2.269936751910617
1.71204597724059
1.9319692224852774
2.4187805773616704
1.821896568517419
1.991006026433432
1.6638744012446143
1.5904423224025337
1.217783260884819
0.5673563148754135
1.3582948734519726
1.6616024699350802
1.4039678467220214
1.4472087919813241
1.3685321900264462
1.5191848722284982
1.2923365738870563
1.4625627453670387
1.2611938737961268
1.5226769512689258
1.4981782427870454
1.6471241420648348
1.5055698967100013
1.8434972730578916
1.4069971657702731
1.3333700823774615
1.306873861039904
1.193426717320675
1.1712301177991606
1.161622905313951
1.035719783788254
0.98311953515715
1.1345995659720003
0.8028012777086841
1.0985321795945626
1.0154848832085825
1.0884131832195638
1.0925491725953116
1.0224123399693819
0.9076759329558318
0.7130246990377287
0.4181261007324262
0.4029247629230844
0.21158401729301063
0.4439681841492688
0.5555873340382832
0.4874167534353417
0.5876998722814702
0.38624397099907215
0.441894167619385
0.2805553617652817
0.0498239267888436
-0.20865335338842184
-0.07529668582496613
-0.350345795349781
-0.3489719442551749
-0.3724647566157137
-0.6800118815016412
-0.45731634994065334
-0.513848161682455
-0.3848843535482476
-0.05249934409915932
0.18722146033125595
-0.10199054665154364
0.06337508571731267
0.14340867582900785
-0.05595943652701692
-0.2527336517053445
-0.6320314837375528
-0.9481456291516435
-0.9385449987778544
-0.5802729305809532
-0.7464207698779699
-1.2248296308866218
-1.018399004553976
-0.8726680943511894
-1.7284628187793445
-1.4356984156819765
-1.4629987427296463
-1.3887854762666805
-1.219773507204819
-1.3902135249191787
-1.1134227672954515
-0.9568273883484985
-1.2302247049115524
-1.3279702021946915
-1.4580866077529995
-1.7642614698903472
-2.0190184639212436
-1.736497032007128
-1.7481616055594273
-1.7135158884228285
-1.694399464066465
-1.7593000750778447
-1.5755271401583468
-1.716018064205607
-1.6136158693242797
-1.4868176519243463
-1.5908515245856436
-2.1580186914698682
-1.8558895372268007
-2.1662452936970666
-2.064925428801181
-2.239650206658797
-2.0435476608280663
-2.3401886083096017
-2.066330672594737
-2.1342496848111128
-2.3719095462028106
-2.6711595957534704
-2.982387718317223
-2.779252129230209
-2.2386151188478207
-2.1829125587363754
-2.3559094066170227
-1.9521661691821333
-2.2381900963700745
-2.103783593049465
-2.4223705445243313
-2.3779360872493047
-2.4994622438870375
-2.3690387110369358
-2.6110340157019185
-2.941319832087122
-2.995010222905617
-3.0512757482565207
-3.0756627389006996
3.085500684080439
3.018963416691659
-3.1004185686513757
3.103682020849756
-2.771849656798795
-2.9101420945531085
3.0889373459748612
3.085211894395636
2.9913564297876207
2.832494824425793
2.3762995467382355
2.773798917402257
2.2059585264982484
2.317199984579987
2.009333232497813
2.0631910109058396
2.1666752835356227
2.1708421902393154
2.500921115416888
2.6129828483268627
2.787403917919404
2.5708838917367394
2.2306262940906523
2.40496625166403
2.538089344728166
1.945057050034374
2.3005358309428336
1.6225334312857105
1.644629000240635
1.662929123856924
1.7630150837816092
1.7524952846872504
1.8666161620970856
1.7970414871490756
1.6883029335860933
1.4812985403425318
1.5066666910086983
1.3063877714663978
1.6490301512275611
1.640235513906297
1.8572507031384144
1.9661803966198081
1.341317059314093
1.569701905515246
1.2824556900041137
0.6817221468728168
0.8284589700673725
-0.07372445957379906
0.6087658536281614
-0.7535931760740239
-1.036355234262522
-1.0773753228331555
-0.41488411375524026
-0.7957509062874882
-0.004103204804238986
0.7520670796284573
1.4603656656458728
1.1497907881889018
1.3775552860042697
1.7210605823971143
1.3502932899738473
0.503445894553987
-0.5781832041699161
-1.332498984587114
-0.821853887648275
-0.6668852829511803
-0.6708515595739528
0.1917829857835446
-0.44366026246656265
0.2899409063777259
0.5021166795609124
1.2638486378848532
0.7158075560948489
0.5967650608500269
1.2407754846309815
0.4889494696771416
1.1752950875395245
0.17913788940775036
-0.14408040049171575
-0.6939871904402901
-0.6594574748484181
-0.956250947975708
-0.7810355029108733
-0.5849809801868219
-0.052000831361071975
-0.06977401320717892
0.3359401128928821
0.14450275715719446
0.08021631906728155
-0.11068891187830315
-0.5850911643554859
0.2624702546749924
-0.012181382126395806
-0.24999193868986758
-0.768699132941144
-0.6264566249359758
-0.7262153881009806
-0.586415132584169
-0.8032009740408256
-0.5265361020279621
1.0736073591128934
0.08434097720001445
0.7660353199595507
0.2927760770758686
-1.0371848814350075
0.5001821189975246
-0.47568246211118154
-0.5680800996992802
-1.4444531834051026
2.498467251372562
2.4927511902954924
2.533213250421745
2.957350339451832
2.4614574066772352
2.331829525559755
2.758164277905468
2.251526345777276
1.8933223060343247
2.858590207282493
0.24507560052031396
2.479547138100794
3.004731000253353
2.8174460205396366
2.317618795215242
2.8050095549215603
1.8082455126348775
1.0244964320752215
1.2195961998159586
1.5481321905905356
1.43381267013977
1.1783629201128616
0.32386975484412106
-0.38470592750346516
-0.6057285320871085
-0.8189333046838291
-1.122772886198043
-0.644584701838902
0.12549069452257633
0.856705483831641
0.8105480287597518
2.240107369367495
1.3503804873832652
1.7490847741056543
0.9984228273226061
-1.070090543907014
-1.1279639127152963
-1.2701913958132796
-1.27347068984187
0.7767827713330734
-1.195042804300556
0.08524465335056805
0.7656297656690843
1.9701705726947758
1.6702288390702476
2.186209654747355
2.0575658156818832
-2.9304887359703615
-2.5114187806709287
0.035623040233271785
-0.4833230039687785
-1.7765154827764773
-1.3189570757181215
-0.5153023071103994
2.6483103718310184
2.044441186692782
2.265078595313856
2.179600029926895
0.9100824834643089
0.5767183729756966
-1.0809413761036393
-1.6496491881469721
-1.8091109838501729
2.832643045288231
1.8203175639188645
2.4110655736924245
2.3301933759506146
-0.7139137810817692
1.675684926296883
-0.5626302494928336
-0.7933354598301778
-1.0440543749624749
0.6120806900348008
-1.3859877087111077
-1.3317616337396774
-1.6473893652901515
-1.547823027132068
-2.0864002932917654
-2.1833497819803314
-0.9854677235871994
0.4555098658678277
0.9968394890545698
-1.321687148354314
-2.4711611229231036
-2.2008528227707815
-2.691567453883855
-2.300506628128776
-2.2409508217300393
-2.7041484739470785
2.3998977076963963
1.380275676049253
1.4794710551389902
1.542670674094869
1.6347436321499567
1.5186356996322488
-0.8927238794106077
0.9067655072943421
1.1053773552196013
1.0986161361393305
1.3517665172713056
1.7018717391905964
1.6431830820067383
1.9227436968408909
1.6298324102458035
1.6838136633818874
1.8224678827181615
0.5283818818412997
0.3033704851290406
0.7526825625543175
0.8570822242362819
0.2545231188324576
0.6518450757387247
0.584210883936812
0.8913445594183756
0.17043696644173015
0.44252343250858894
-1.1281694103555386
-0.9284882107052358
-0.8195443576996145
-0.2092087901694561
1.062703153212974
-0.16495132034046747
-0.44703096575021745
-1.044916251828665
-1.0972300078353292
-0.45980337890146955
-0.7387179390726293
-0.1646543526055994
-0.5714206866341556
-2.1286711927344433
-2.955615993894203
1.0956776381429965
2.2098433645891813
-1.2478725751677897
-1.6796354406490348
-1.5353510226827352
-1.9750357649358348
-1.6894232039444914
-1.5914604305601499
-1.8227363879364502
-1.583951400055437
-1.5238243585113542
-1.448497715871059
-1.3869438777274274
-1.4058494772929944
-1.3869922491772917
-1.5021595539132613
-1.5042409283842884
-1.5328940409225023
-1.3819922222020347
-1.4296643868498204
-1.3506592973297717
-1.5712135289470857
-0.9301032744362188
-1.6343470448049868
-1.6945781061706353
-1.387417466761419
-1.6389057565572995
-1.4967008771361399
-1.8025816901224356
-1.4820209653987755
-2.081125635111039
-0.7357319407381041
0.36985797108398255
-0.20957816168595672
0.4730623092338121
-1.9759336609689968
-1.995970469952265
-2.3607560812443458
1.1881317679002212
3.0708894329317618
-1.8473164825280763
1.8463402047605735
1.3994395953930476
1.5815485598054981
-1.7991734265806285
2.6147723011257042
2.1783538600542265
2.6204253500346955
2.2622630073951853
2.4072129966415976
2.397687563165309
2.803293272351375
2.843041853831705
2.0806755765680123
1.469818549646047
1.113023988146074
-0.675163412420763
1.4873768678613766
1.0542004367862083
1.2931818169975737
1.4803692720364423
0.7658112586543275
1.4041101764067323
-2.138954867358822
1.775877068504677
2.041795493959462
1.1166393141187911
1.0626966507960947
0.7256322641836443
0.6529468198873746
0.8656978116002548
0.9878376309891281
0.9131440982295804
1.3332408392634172
1.4994901665772231
1.5445190761492074
1.0287015361762453
0.7547906415871803
0.8696527427135351
0.8922764619271709
0.7808269155837313
0.9693778505702033
1.168393113407758
1.0556065406192012
1.0443627546705918
0.9254942189517937
0.8361380792328038
0.9360026209913687
0.333233840202523
0.5929668239386257
0.5798670155682841
0.605070742223037
0.5447309038714455
0.5251792825590984
0.9010149962153843
0.5560960822478271
0.40415847154715445
0.5711137073529308
0.8055880408587098
0.5061643031049439
0.4212807983676508
0.591427943304675
0.2630268949115344
0.5647320191817338
0.4165848235422095
0.4542370740265841
0.42119107228902986
0.26611021971735677
-0.09079433983207792
0.020413187016445334
-0.07842901529921527
-0.0051450604825190515
0.12160898067557369
-0.015519318713104167
0.08159215958885774
0.30365960680625015
-0.11107323065841142
0.08740742965749146
-0.09513365791391132
-0.40469060365288817
0.18521112678495735
-0.16423302101729487
-0.40436357820741203
0.41800652239575314
-0.06423179291738275
-0.4022555776973749
-0.09663146174892777
-0.18722460487924206
-0.4233576325876588
-0.06074427049815042
0.2828964972842601
-0.3551036797912108
-0.074497796804969
-0.04307545371016854
-0.4185770859231422
-0.24869998291294165
-0.20822102319332952
-0.358033298234921
-0.3115840034201109
-0.2849735992488178
-0.28853572299128893
-0.46296089331999646
-0.5728222346735617
-0.3403430879081801
-0.4038745777436766
-0.6537425638248632
-0.8238714679901455
-0.6432074203321696
-0.33377805855730763
-0.29814352734699207
-0.31811664081471946
-0.3182443075075364
-0.5581692844048534
-0.32101586610714405
-0.27602909041740814
-0.34553664964913294
-0.34541123917126687
-0.1892148047553795
-0.0833111128518335
-0.6125764313305844
-0.3338663051599732
-1.0725247760792196
-1.0457263684507756
-0.7487137270584439
-0.6820574566544529
-0.7294887308172516
-0.2934289027777155
-0.10587553876364311
-0.5251619337240717
-0.43117099937328746
-0.7177742563600987
-0.29256624782973195
-0.7046152220364283
-0.977409804417329
-0.9215434393281221
-0.8684710536161532
-0.8093031276829603
-1.1551719329964323
-0.68400933491207
-0.7333101848439055
-0.9218579291459091
-0.716052028621107
-0.8470827000679023
-0.8368487576127825
-0.9120291457167845
-0.9011390304926512
-1.1321115274226077
-1.3409304530437098
-1.359382527340521
-1.1257496137358256
-1.2911884139675305
-1.2211395566912238
-1.4473282504261802
-1.642360054170944
-1.5764514400510201
-1.2074910273903314
-1.7911147513494887
-1.6552678831195018
-1.1506950730924446
-1.1399417863281727
-1.4709911140374385
-1.475413090362318
-1.4464411699153361
-1.5326974397472723
-1.4602418596396476
-1.520539135745652
-1.442239468586719
-1.557846618527485
-1.6050666268790659
-1.8207983537404329
-1.6119542697398965
-1.5994238672199954
-1.767649607638126
-1.833034343032238
-2.1128168719189544
-2.0736754045007033
-1.8689895287160492
-1.970360467838243
-1.8142798350508487
-1.7151702940353508
-1.844002048828701
-1.8036840588522836
-2.287537920073509
-2.138727301773696
-2.086688713570616
-2.1404398159957423
-2.045280612347703
-2.1500832820725897
-2.2005148967604504
-2.1509877527284713
-2.2781553318728847
-2.1910595481853608
-2.370089940916481
-2.470327782103911
-2.4654231268265066
-2.4143052219270422
-2.410397325901937
-2.460333436642228
-2.4187989575555062
-2.5164958257911754
-2.6126449668749996
-2.5842571737510345
-2.7323442807229714
-2.6577253989051504
-2.894790362938551
-2.68526321571605
-2.7453157540954525
-2.604210535995356
-2.689752696215489
-2.6471120825708856
-2.737601316986254
-2.681910067871388
-2.7347527007627512
-2.8316249755081344
-2.835310464592593
-2.946002004477434
-2.9205324017254712
-2.811203753487574
-2.8543865205023793
-2.948606944386391
-2.8316561596303087
-2.9927815556481203
-3.016260505580075
3.113416779823078
2.986584271552249
-3.0953740033256922
-3.064273029184649
-3.05655972887615
-2.9582554341573593
-2.94977854817159
-2.9913954332460757
-3.066428517508703
2.920266917097302
2.991669247666096
2.9091162357890448
3.0029854945066092
2.8031910220260063
2.9572522728368367
2.9616692049409834
2.849310249452358
2.9172042174028596
2.8837801232065003
2.741149505146755
2.7739055349986654
2.7684179779911897
2.60045618367378
2.687573642429597
2.8221553367821857
2.8059823115120115
2.772089849218633
2.660133147830928
2.461855670040538
2.685325789178781
2.5151131726567386
2.545168323898544
2.393395849073653
2.516319110791854
2.4107930617059354
2.47003754407642
2.337070148329503
2.3486779834574976
2.40036337753603
2.4294845081383776
2.3209608942401223
2.311138323396636
2.3000431446696834
2.4705728144251893
2.2936898564374246
2.2151236017108284
2.299015303273086
2.2426041276676605
2.1297032286370534
2.0139595125286327
1.9511348573039586
1.9369990900833158
1.9628594182104155
2.094166203245307
2.0060529396672626
2.155163132646039
2.0445765305864647
1.81823972398602
2.0174347775430346
1.7601292584641466
1.720190401817147
1.7266004031416973
1.8145811632888729
1.761966206926393
1.7754226779033726
1.7664811560618394
1.6962244958722459
1.5811818955486479
1.5926067282419334
1.6548475083625238
1.6244321260637569
1.5191494313591465
1.5446494126855073
1.6593144422076818
1.713237796992231
1.5102584759441715
1.6537778454666026
1.5630906872117594
1.3636611892114319
1.4593314104981845
1.3761930839318104
1.3427319077415518
1.3160280992751856
1.3315909989004966
1.0798515831491646
1.2589371253427148
1.1419643982567433
1.1679426144775356
1.0652723522085596
0.8514464140030601
1.2980742630217101
0.8449516998125094
0.9262521629287062
0.8399555580418031
0.832604638685381
0.5794539996104612
0.6165953405287729
0.6493787913628845
0.5901275655967203
0.6328745036890766
0.623390922349787
0.7233895173997957
0.6990934997675458
0.7626415558462717
0.8044418558892616
0.6378401670873997
0.4215303017943498
0.49105071573414033
0.40990700380875394
0.37781319334753555
0.4533176483304486
0.29836559624408837
0.38017592570259506
0.34274137639021507
0.28962994197083713
0.5484363932657894
0.3908885991420952
0.4467856713825073
0.38111685378944427
0.28974311719564166
0.123090841979684
0.33597550838922213
0.18240618609456252
0.014342652965035056
-0.147727925058221
0.05135693948610757
0.09932651848454045
0.0342848074364444
0.06925385392024658
0.08275297160232778
0.08895916136681292
0.019233447816717923
0.059316035464278764
0.0030339354468915144
-0.032636005674916035
-0.11903456229255141
-0.23061975081033723
-0.11207033498481833
-0.09519669205343433
0.042519137908871775
0.03829416705145538
-0.046495093606031455
0.008995163969157914
-0.03813123731146692
-0.18858546156209827
0.012964126122883777
-0.14121287252285641
-0.2131447883321866
-0.09844084805090524
-0.18788290663363943
-0.17400860555006556
-0.3030535985069752
-0.4612200184219325
-0.30522507846094626
-0.4503234845612781
-0.4112691381892358
-0.6108247161285294
-0.9002397480383115
-0.6891504273548575
-0.40426838003312
-0.6169671609333867
-0.3874255578743068
-0.6692544671660843
-0.4409577316631014
-0.420172252702685
-0.5458805046924631
-0.5595224413952361
-0.5590991346705754
-0.6854345621874861
-0.7701760719958742
-0.9552011458512284
-0.7617682961549629
-0.9059713443189426
-0.7987881549163447
-0.7459155933509306
-0.9092236956610741
-0.6020768465620828
-0.634541348513959
-0.8593333221220123
-0.7124371890955264
-1.1221529466543119
-1.1860598672671128
-1.0782824723057969
-0.9342631611534992
-0.9530697989121718
-1.2517568022010703
-0.9344819734665655
-0.8852806896980487
-0.8976565292218508
-1.1423050508241235
-1.0343300552185695
-1.0684859179052022
-1.1227849555468137
-1.1550209217439504
-1.3016260297825597
-1.4060636749826585
-1.2093457066657225
-1.1643330500537428
-1.1087331673361098
-1.160338418367082
-1.2205809908475171
-1.4084231271746244
-1.6320916919298674
-1.8779390641314693
-1.9133953905121954
-1.9455011507700728
-1.803878634785773
-1.8366753607244786
-1.7546694084709835
-1.4787358411273686
-1.5722505540859044
-1.633081442655883
-1.5637192610209627
-1.6835114083857965
-1.6811726548874837
-2.040445628991259
-2.043149741262128
-1.7876304459011434
-1.9552819636001293
-2.019090476439172
-1.6904030065067446
-2.005286919356561
-1.9874504611135688
-1.9874025723465292
-1.8500225149613427
-2.0861467145518158
-2.0493394894958543
-2.2707771995932617
-2.029588672920952
-2.095118491433356
-2.032561708427791
-2.1611843006739995
-2.1124368854346947
-2.4367863735722586
-2.3064920441399996
-2.5550004431384536
-2.370142213373951
-2.5870250493431683
-2.48930963759349
-2.4069539048475037
-2.089943868611787
-1.963798819023377
-2.1742024389219066
-2.4381028266063915
-2.7176894602518913
-2.6883221285128065
-2.6805480862257567
-2.291910162154894
-2.653714429457815
-2.5598371972854514
-2.65769173802232
-2.6881211232295636
-2.6680507200592714
-2.759622087051744
-2.4529591572517213
-2.5991420613442395
-2.540652534194009
-2.6724586994229242
-2.720093855136193
-2.654875063148684
-2.958316554872799
-3.0051420794656356
-2.7777489503498356
-2.6309154502842196
-2.7223839823578673
-3.0864943382529733
-2.949627047775661
-2.913527129085851
-2.9319242104902927
-2.762036349582795
-2.6562379273052446
-2.7900841005433565
-2.7262417767605474
-2.8609193853959813
-2.911687797429517
-2.906488297598247
-3.0147632533641815
-2.9070186011864654
-2.9323584539298713
-2.9050395492233156
-2.8867633156292944
-3.0645907397916616
-2.9323649130090903
-3.124626546218724
3.0361557097517293
3.0552901041942175
2.970689185571742
2.8370257571935333
2.728089011850543
2.909113234001685
2.8494851317947565
2.9057796695340175
2.6274427786822483
2.7320137597998304
2.7658120945533993
2.7569570005758335
2.8712455619143964
2.888882940325465
2.904459867263165
2.864461707434179
2.8745543750652343
2.6801866026928334
2.418142853526492
2.462239101477611
2.6434861886689287
2.636644883341873
2.872135325524926
2.8188151135731565
2.66026635512172
2.6355231671382304
2.616822153480172
2.494660876847165
2.5058941521242803
2.512579174220534
2.4342297856099084
2.462071088970916
2.4625951736002976
2.4296306954476714
2.4585100258830095
2.468653344091726
2.333490588742396
2.295237494923453
2.2095047117515025
2.118149449609016
2.293186319474647
2.1693957157606083
2.047444527144116
2.22225530249885
2.218347100509775
2.0806101995836674
1.929153250277985
2.04346716778086
2.118327606114968
1.9906635014345757
2.0025977372988693
2.493331492012591
2.571633059425661
2.2860182406182514
1.9783845480347522
1.8564490594568954
1.956154048718084
1.535402182088136
1.9321942097641263
1.902645310090895
1.6684004042454816
1.5862261400737037
1.5094916535355898
1.4212118014872754
1.497645112768334
1.6652487349494964
1.5003837296959093
1.5461495790724384
1.7468489313262172
2.0418447282457195
2.0381633725737656
2.1581370743132573
1.836739321184105
1.9960074273844637
1.5808763617325596
1.2944712775262324
1.5498656815408327
1.0762589030642202
1.5910856978617598
1.031368590865259
0.8165448881283097
1.2038371517598871
1.13802140518394
1.2009782136643723
1.2022516958198446
1.0204085649360066
1.0894553597631094
1.058560094845158
1.212909967571626
1.1258654646606532
0.9058380712176438
0.9693737731975492
1.0006429857083938
0.9939820013946665
0.7189976979673585
0.3946856854941666
0.31060857126588126
0.3756329435661194
0.4586095275643885
0.5258239993656878
0.43797771153093024
0.63958828411842
0.47249876175168926
0.2515201461420594
0.2521416000948787
-0.03985081503056893
0.204899489407196
0.1503065674682619
-0.16809968693764105
-0.06270348055425053
0.33115775559174465
0.21268894979092515
0.2666453375046844
0.3431524794509606
0.28619167336199924
0.12117902112033163
0.2340711253797503
0.2445833677230274
0.19585499010614071
0.011624181699665158
0.09513006810505417
0.15797359778260905
0.08133827149337895
-0.055331489538651024
-0.06808755442424137
0.21106567204128043
-0.1326502046980363
-0.31902228162799695
-0.22850982305044196
-0.34176764660485665
-0.2233751639233372
-0.2483824417453451
0.008010611959915778
-0.08179646414185046
-0.0888816860013482
-0.1360460678866847
-0.1556686690499029
-0.2967904168300327
-0.25411313888950743
-0.26029341318061505
-0.2730616519889319
-0.1846451488807185
-0.011320275471961438
-0.04442160713805938
-0.012623144641680142
0.10892862023499549
0.13700032301468257
-0.041283412043445974
-0.09712212972491784
-0.03472164156623572
-0.1607432169330189
-0.19620194767023874
-0.193761999688271
-0.18785689233001293
-0.288368278276815
-0.08218695743608295
0.01696257659678146
0.2758265973303151
0.2284290362671007
0.18509429344631012
0.19210758975799946
-0.03400283240680105
-0.10192657853148643
-0.13679725640423276
-0.13445796480990363
-0.3316438990982192
-0.27676174164222006
-0.29947423874788315
-0.18871671217431343
-0.09286810352005097
-0.3529578463737268
-0.03851988214287652
-0.2305497450100668
-0.33960657258882354
-0.32269547102530344
-0.7070955169319474
-0.5679078599046843
-0.7265217704127324
-0.47533424854583645
-0.5108813528510657
-0.2711980029114446
-0.537616178949649
-0.3743341070121901
-0.4859686232346305
-0.40048600985090016
-0.6620427342280994
-0.48976568540637794
-0.4612841490850759
-0.5412068439174396
-0.2974159519092382
-0.866771434901667
-0.800936064999288
-0.7337319590992314
-0.972353357425513
-1.0690207810003058
-1.0755191919350093
-1.0993375422057576
-1.215037120908104
-1.2097383759553662
-1.2709959789379266
-1.2009685931632081
-1.1810125884032017
-0.9769098347523307
-1.1015665646679917
-1.1044371337623555
-1.1138383758319603
-1.231062509974253
-1.0693832175671834
-1.2614745446623745
-1.1188652214616248
-1.2934546494060708
-1.3803579299884634
-1.1006650385377394
-1.166557818117276
-1.4428020568699889
-1.7093421946215364
-1.3052895697886873
-1.40362040730743
-1.296285473429676
-1.4637577543538032
-1.691926861462669
-1.2633920436804271
-1.4503374668150308
-1.221855733884583
-1.12967878718445
-1.5507953753537773
-1.233057156340099
-1.6825455213778122
-1.7331152030174108
-1.3677200988335407
-1.8707208168802898
-1.7470686633836667
-1.7399230119651379
-1.5756763189166243
-1.5404191004786745
-1.4340891779739973
-1.4609468202728464
-1.0983006502890942
-1.5146732906746343
-1.5859660801685003
-1.4790864565326327
-1.5536059083570166
-1.546912997236158
-1.6664612284861848
-1.7717881759055956
-1.823787683120406
-1.3662238839376812
-1.5184367101996135
-1.429624166723333
-1.5915574648744681
-1.6072473304075243
-1.549202412130108
-2.137594079602503
-1.9964454855818679
-1.7837876447607381
-1.9947276562683154
-1.8058390638602724
-2.0037852350266285
-1.948844108766599
-2.1010929989451745
-1.9775942691004573
-2.1334552528660984
-2.384498239284453
-2.1334523381518142
-2.320993993526993
-2.1404627856043974
-2.015391376281939
-2.312877880634871
-2.1373234444300517
-2.512243075622177
-2.4751852150923654
-2.6140462783223097
-2.411795008769653
-2.309344951621763
-2.315110970151854
-2.2577576578282845
-2.14524464021906
-2.853311999833347
-2.657046194238842
3.1411812632788623
-2.7529524440748268
-2.2139711893103193
-2.674717947035183
-2.6819504437740393
-2.610858064975411
-2.9339137513577707
-2.949634720663239
3.0369587534820277
-2.9348189553091135
-3.00846914337203
-3.048437426154849
-2.701993697921649
-2.7417828322676927
-2.555612013693923
-2.906968485808198
-2.9881547865599325
-3.047177489878142
-3.0327814080449773
-3.040889066962991
-2.943020105094505
-3.016029556676751
-2.8733199907478
-2.747681096774974
-2.9054680535264095
-2.829913085487583
-2.8705271152662983
-2.872689391690597
-3.077670320041325
-2.887540697933374
-3.0181661841467498
-3.0219916542126857
3.044837862717377
2.8502293347530627
2.809124578950356
2.890655406599722
2.766507953165522
2.8532795017864894
2.575183721845942
2.659499533164635
2.8416676986408222
3.07649261772675
2.9519518143009416
3.0387407798834736
-3.070008400437112
3.110755798778691
2.9526690901122006
2.903531382407966
2.7005542511561433
2.526550029462709
2.522189519787926
2.5916796901272634
3.110014711110195
2.8818188928304767
-3.0103120640594696
2.926080520397383
2.700789273717785
2.577245130597441
2.462167058282084
2.542613261856397
2.5410894422035306
2.5583867069703423
2.7553845109615396
2.776909921965486
-2.9024079813029795
-2.894192003466835
-3.051196131042613
2.801441226198648
2.619828431155198
2.442005310506678
2.5582863558578004
2.7908299348082464
2.888226707747158
3.095421249027956
2.998143755217541
-2.631097904514122
-3.128849159240839
-2.856256980783871
2.5623007442759307
2.0169613058752174
2.3359377943977844
-2.991497597772262
2.046951125745452
2.338474361202897
2.732544044133939
2.839890934178089
-3.0645286789460333
-2.9801981548775562
-3.136317769385149
3.0843366241596093
2.7347718226066453
2.54878060833412
2.450640317406702
1.6679460680258964
2.2055336966473913
2.2207580467650243
2.358795827056317
2.1967234402995635
2.012592488530487
2.019625988301838
2.0089406934713248
1.9976419900300064
1.6336468512454545
1.5934836863988566
1.4515465511464627
1.578205740723308
1.7053894751537804
1.593314809649388
1.4770161346378041
1.286912743069371
1.191223492250033
0.9639061961590683
1.5413471581225697
1.1912674828812695
1.7072191294121004
1.4339826151861608
1.6711385813047688
1.3586093619776125
1.5596932592700559
0.7954284816666995
1.4328348868803749
1.1125338580209616
1.2209037935864802
1.218229322038253
0.9087169180123972
0.5506762133364349
0.3919325245544786
-0.2518990353348008
-1.713674311209292
1.6270761712865482
1.1183124045976216
0.3280739067406052
0.6560770913208984
1.602341773517734
0.2714266190408882
0.9262590919235862
1.4350078385334457
1.5172870732838384
1.4780216189979765
1.6776468633967498
2.234303004682828
1.20006380072862
2.299483701042049
-2.2416348177177117
-2.1948912957606805
-1.8352875452332509
-0.8846294804006959
-1.1536002072970284
-0.47880527295878794
-1.811021758216026
-1.2320151644559991
-1.6970409911168514
-1.9331910085275867
-2.5654652098638304
2.381760899648916
1.9636502164833207
-1.0596449285113274
0.09132959412834923
-1.6473228076297703
-1.4901106296515902
3.065165414828119
1.3714306681773234
2.2302183363648878
1.9805147730821961
1.2507776376570028
1.307266994578711
-0.22442966832091238
1.3106368639796073
1.225752589255346
1.5694449687392074
2.3095157435978657
1.6859177240483476
1.9808285671943262
1.971532631400584
2.098886749116437
1.9810887430084891
2.1585570965352403
2.325158867107341
1.804210878049733
1.7354179453248937
1.720883933818334
1.775957105617099
1.807602189561504
1.7326715403150057
1.956979744698266
1.8343388133448741
2.0065835722254506
1.5919451013293349
1.6776080795957762
1.4197162227300837
1.3950324236292673
1.4307678442789151
1.4129280544853824
1.3528684792045877
1.3449994396839267
1.1868477758034535
1.0829301991319062
1.0997800713344652
1.2359144001889977
1.1707221328530468
0.6290118735810115
0.9030907031342317
0.8587557900808523
0.8923659692870788
0.8013768107853021
1.0899877346616889
0.47044748795378416
0.46500275010703007
0.7577752022277006
0.5946465912680974
0.8874084435197476
0.7262840655914937
0.7399057431141725
0.7843143371608386
0.8885060828132512
0.8700414548019628
0.7683638917328489
0.7133020051779994
-0.06361631439533391
0.11178356737468732
0.06386258009561703
0.07893372530273098
0.5124450680020212
0.5940729805821765
0.7417145424689638
0.37188706404156635
0.40509619062226204
-0.16484858155665846
0.020439743675475613
0.02505107242780324
0.07791662591811901
0.009915271838348408
0.012423817837397426
0.06507794645310272
-0.06127160738223764
0.11697434888784568
0.02895610450051761
0.2671816141363766
-0.17911679696842323
-0.012088565682746973
-0.17100980370074512
0.06638250309509915
-0.02540691867648446
-0.06328564296814615
-0.11836290197580893
-0.14697338015199232
-0.1353334533341777
-0.21228355504464216
-0.2656869732432888
-0.1705057954735735
0.0365700292026189
-0.0597521373704214
-0.1245027140427734
0.02456901470379088
-0.15399486143881647
-0.2912609470352052
-0.17982267428966123
-0.4015792775330592
-0.16992234429924993
-0.4314281262200587
-0.40591186463809226
-0.2527765268105563
-0.30504155986032583
-0.26433154016215255
-0.2809815114655966
-0.2513390094905605
-0.5310819365558037
-0.27662879612504665
-0.6900557293977421
-0.7017466269551597
-0.68391766568318
-0.5837473525624738
-0.639949013445811
-0.44903710477470704
-0.26560775397760095
-0.24152430763512495
-0.2412477463526653
-0.24269514433947997
-0.3704906141117908
-0.43598022621368027
-0.43554785816438396
-0.7643013925364187
-0.48816803597029634
-0.4954939660747602
-0.6483491856450754
-0.8908099549268208
-0.8495908312637173
-0.8226049099179236
-0.8605511518661983
-0.8618199715904815
-1.034125726684941
-1.0198852575160477
-1.0449117137228512
-0.9708017204008537
-1.057191030820935
-1.0962864697552037
-1.1470049668147095
-1.2241218747077518
-1.3411967014785349
-1.2024009916558311
-1.4625664384280148
-1.295175754397449
-1.349223561371863
-1.313038195061932
-1.2978495937318597
-1.3642331101770842
-1.3429566820669283
-1.3407833735671466
-1.253725729547287
-1.3934170305467075
-1.3863755967513707
-1.3067078561870964
-1.5014490205091051
-1.4528701184635504
-1.3097296005757724
-1.351504289703737
-1.288945474295452
-1.457000130982639
-1.2372122300685953
-1.412734455486496
-1.5063243633548
-1.6111700995669411
-1.3652818320481868
-1.4087757594948784
-1.2648564451218314
-1.2512586100409573
-1.2724157404008785
-1.2954928134752492
-1.4066606537796256
-1.5525263088935755
-1.6535051396756355
-1.6235059426188334
-1.6209974845721278
-1.6392464023068776
-1.5231962668643533
-1.4224187430064077
-1.5682087760751255
-1.6146378097470566
-1.9501478384988382
-2.0343461527525433
-1.7184385183669564
-2.216991401549974
-2.031214601206225
-2.1825633518469574
-1.9898083707174343
-2.233035915768439
-2.3387151922440133
-2.307380503591317
-2.5189899077911555
-2.236291851195447
-2.7397717288644587
-2.4769994125055708
-2.4548137987211236
-2.206648218156497
-2.3818065377997897
-2.471450414584575
-2.5220637078177863
-2.531261430826098
-2.766862151931385
-2.787970448852354
-2.6280518658024214
-2.5453205855024468
-2.513597686237854
-2.4654174344190634
-2.385268469381226
-2.383982095340229
-2.4659314803526478
-2.673953028217117
-2.876058280826689
-3.0528406172948865
-3.0933232865772564
-3.0151119243240943
-2.8717605807533757
-2.6598700595982065
-2.635549947002608
-2.5785772970457645
-2.6309221860358747
-2.7690361093688893
-2.9443766163820353
-3.0005362210232387
-3.0220856545072325
-3.0115563210326592
-2.9639796512712917
-2.902664571723914
-2.8980411704827445
-2.8122478516489395
-2.8935128646528656
-3.0248203502990765
-3.136628431207779
3.117109484698637
3.1153371646323027
3.0861415684833755
-3.1262017946655067
3.084147262656802
-3.0596247643531953
-3.1235910210885063
-2.9870380385883233
3.128655159552149
-2.947949160132561
2.855154304362332
2.906579534259322
2.8045396223789885
2.8407509878333688
3.0331885906870832
2.9840326322595883
3.0109856203101555
2.9650586073138743
3.0100491928711492
2.8447886404198117
2.7583595857753282
2.7227759181525193
2.679669421658008
2.660427800810833
2.680583741601152
2.745077269825367
2.6290574844218377
2.6355175554719272
2.66170043000987
2.5779093917488582
2.6179038178579317
2.511546927963597
2.4933273851118205
2.434382125691511
2.400173957242728
2.327848764945108
2.299978592461208
2.2791017454286417
2.2825782101031082
2.2415902149502718
2.392207854141192
2.3384825748683893
2.3255628047126886
2.127355423573968
2.1643585481884475
2.237922102414565
2.0072548268785426
1.9935758046083574
1.9979197042099144
1.9230214585734535
1.9771507782236502
1.9029141605912816
1.9910503080362392
1.9340340220431356
1.9566861988268998
1.8694991546960325
2.078644403824388
1.7543296643690192
1.843629500828481
1.796191032367939
1.7093654460742083
1.706665592687912
1.6530172134631675
1.7947158487931187
1.838731141412734
1.6138435824599147
1.6549771909655886
1.629323187150463
1.490406362257462
1.4889392639179504
1.6282987004818994
1.420369578879547
1.3280934465654062
1.3258577860051097
1.3892929085336483
1.4430850723342248
1.450697985427452
1.4310110429822835
1.4426411057445518
1.4515492096725289
1.3793273910412203
1.2859071101203552
1.192637852761897
1.1894663334225306
1.1393151306456566
1.0941418229002697
1.220561994206168
1.2403524381308393
1.247045718011234
1.2419057309479213
1.0320720864795203
0.9092706588855812
0.802982371253139
0.7172246166464971
1.0496702762651373
0.7195861686871171
1.0994777120569819
1.0375043425890513
0.9745828769431775
0.8120780482262012
0.730595704058211
0.5635798394925443
0.8114021545737385
0.7887860245132507
0.5394356386487086
0.7323795569329692
0.5855578304712349
0.4581533417630673
0.415709535062599
0.4065718161034301
0.4420785065982411
0.5071980789332075
0.33601913368558245
0.45401487871207524
0.3912240380835675
0.4703770111575187
0.48503929552828234
0.441475776176172
0.26218362734314277
0.1883883533708502
0.23491280334665243
0.08575961425011562
0.1974604674786256
0.185265385145862
0.29070334033771594
0.1549479215176576
0.21174425045233486
0.18354942807495206
0.10625166243748428
-0.013187785538454835
-0.056691360179580284
0.016298762526250034
-0.01006678245759628
0.07329880004462684
-0.13495734035334006
0.08193023544077571
0.024062642622423636
-0.0777720148806604
-0.10317797608895594
-0.2049841194302294
-0.3433380586159462
-0.18464332983781845
-0.34193374116378106
-0.4734137733101461
-0.46529168022351386
-0.49569442849148226
-0.18509465362656982
-0.04370685196581053
-0.3843921507554171
-0.2910485184184561
-0.239471533332081
-0.43521364363161436
-0.3303276830800452
-0.46151889717509215
-0.3805980612792867
-0.42611504753908824
-0.31333302546789954
-0.2740002954011542
-0.30238727969065987
-0.3081353768546293
-0.4570628996399043
-0.3936495220392718
-0.31623572654602056
-0.4937916738423548
-0.5524469403958673
-0.7173188816072033
-0.659880154426151
-0.6207487305271391
-0.7293256478017819
-0.5233268860490397
-0.6424117818496691
-0.58278668810394
-0.7577621706231521
-0.7517859399013903
-0.920830973590459
-0.9584245046778418
-1.0930207748708882
-0.9260464717508725
-0.9658644455241843
-0.912085899153403
-0.9561923488032704
-0.8433456440843817
-0.8654616304126403
-0.8527536502392417
-1.0841804173897296
-1.0695753636103111
-1.4215614729987027
-1.3481380085949022
-1.271362773333248
-1.2399696927446286
-1.1873601091949042
-1.1909913416085347
-1.2220689624246677
-1.0458114260704379
-1.305365526414087
-1.1374008706282979
-1.235725498215993
-1.4516881953992378
-1.6168747273038415
-1.5726089026124188
-1.5932544809931937
-1.5802441430470142
-1.473607172877141
-1.5016220110004335
-1.4301658471619771
-1.3985994528775327
-1.4448699339157953
-1.6628900775747317
-1.3312887513835812
-1.7582478064320224
-1.7758341663280424
-1.7690525475367362
-1.8143485759462983
-1.8262582627297899
-1.8014865316669075
-1.8237086397172468
-1.7508274411844473
-1.8483775124940751
-1.8554084527798211
-1.707451637968333
-1.875311967430358
-1.9847864274356342
-1.9231625411982003
-1.8925712710013738
-1.9719137488554157
-1.878377496812469
-2.105114836756357
-2.0514936681485403
-2.1536498129351695
-2.122618618893703
-2.534882668630746
-2.340225018647257
-2.4470284702527496
-2.4145545206008854
-2.851418289243584
-2.6475305741067494
-2.753619648656059
-3.0544476658785875
-3.0911379412882267
-3.066599148592035
-3.1308912779372915
-3.138854834769131
-2.9127920690072675
-2.8123888980799583
-2.7339107812461227
-2.844179344927782
3.1165822121456106
-2.9870295142497785
-3.094347810018568
3.0703342673021874
3.0649852290923594
3.0004547532342163
-2.8553403288059664
-2.994483780693962
-2.940328556741681
-2.7804714308169354
-2.811196957493041
-2.3820572201220567
-2.675632922392221
-2.923988588962119
-2.9634074728366095
3.1382783229824818
3.1230391417431194
-3.0075993181038805
-2.8855712355505734
-2.9437130918998236
-2.7518204814820066
-2.8470357928909173
-2.912976246183157
-2.769515276957968
-3.1237101235771645
2.9786376802639865
3.0578465593913324
-3.136322722519466
3.1412974038631467
-3.032683409656938
-2.652629510956707
-2.7011501861581437
-2.6510763520009366
-2.890257656257679
2.771303758895305
3.067558598526533
2.738252115062647
2.7314901800365474
2.8369816699181074
2.7361925313919806
2.88359820329907
-3.087956134780599
-2.82131395997035
-3.033126922588432
-3.1396535535514154
2.853228193355812
2.992938671905447
2.8428330159475927
2.8070994188400844
3.0067144217202606
2.941139834423265
3.12018748031771
-2.9939618802909247
-2.967601312251912
3.0851816159177683
2.7809655483307236
2.684929056539507
2.553613899589417
2.6079876560000335
2.5578558462343484
2.407460198911101
2.521704859628898
2.1118884519136647
2.410428873507897
1.804023900519291
1.846889877018705
1.952990928064072
2.1185255814070296
2.0436179753652306
1.6619724170026025
1.8694626577085478
2.050490837419907
1.506318620320503
1.769416092231728
1.6092529189175842
1.3114945132412856
1.1695456412867178
1.4890445208365735
1.1951514707815014
1.3199994523250804
1.538969049894946
1.2347856711275964
1.5095175302358073
1.206352106305905
1.3618640281606194
1.1102597478872103
1.4879136097500092
1.213181530249373
0.9418341871542794
1.5824053608682054
1.456102925598293
1.6387617804952443
1.1609975889750415
1.2723118484484752
1.115620835301516
1.1597372758143538
1.405673562919348
1.4802364605007183
1.577816882034421
1.6726751827834054
1.4977514851063005
1.690130715291851
1.8241768401489926
1.7111701735152627
1.6425086445344734
1.599740312695807
1.4305897538294323
1.428930997910144
1.316803951873141
1.4712548038875455
1.6250452104963637
1.5871575498733492
1.7862330323295008
1.7866637674204493
1.6888100257422884
1.5611933175255681
1.1524102574538009
0.7696906053075705
0.8459405603402438
0.6995957771366903
0.44586843431249734
0.5614575536316538
0.493665118609213
0.4856359091148991
0.37685298014381857
0.726530424732165
0.4652682041721868
0.655986751847645
0.42239093433074887
0.3231097995180203
0.3041031362622903
0.21219142179329897
0.0949961143410144
0.40948874635184046
0.307367751706285
0.18872350556712192
0.10425364687053248
0.39865404947007776
0.3948993346989997
-0.07992780381283461
-0.10973311017510029
-0.02791820210633157
0.04557607291178427
-0.03647764640158176
-0.16663525907338175
-0.4445859337028646
-0.5527097564201092
-0.5527057657673787
-0.6040848729403293
-0.4764750842231939
-0.19776659428859905
-0.19341220270364348
0.0935303359303586
0.04803208212142494
0.015848647252569455
0.09172389794344844
-0.24132800741683205
-0.07969840455759696
-0.41656385435505217
-0.27459854962994024
-0.36616541570806954
-0.23997120790718582
-0.24345655919245535
-0.08032577982957241
-0.20746170398720137
-0.29200427502475995
-0.3998062361597557
-0.5328603279912978
-0.5619088551500596
-0.6877707414880758
-0.6264550100686073
-0.797101406681241
-0.8529057036921222
-0.7968444100479154
-0.7363465595881735
-0.596769685261395
-0.5837078285957846
-0.6727426855734225
-0.7575301144246877
-0.8088112160570544
-0.8422948594149016
-0.8516102047044942
-1.0430518268595343
-1.1647707268886263
-1.0961447286569785
-0.762222829977648
-0.7906192217556504
-0.803409717408886
-0.5727673045449309
-0.8577395885915817
-1.0371978244761726
-1.1057283920193675
-1.1999105145771738
-1.376144486546769
-1.2905007188091042
-0.9747497313723144
-1.2325554240934957
-1.36979236676162
-1.4000248145473253
-1.3450373118271728
-1.6864112053357043
-1.8385944167881747
-1.7527004656828045
-1.9048188334706186
-1.4770067445274502
-1.4521616246148212
-1.4864289163840525
-1.304777883845188
-1.3174618323329286
-1.7318187193372276
-2.2177615496438174
-2.2425273081876416
-2.299223224182059
-2.097623147571259
-1.9480801298846466
-2.0680066399872503
-1.9439048127554819
-1.7585201433110635
-1.9774113124777373
-1.966160146916983
2.9153598907717355
3.1016230787148897
2.9756425597600327
-2.8949608081688343
-2.793817003272648
-2.391784420353008
-2.492957367442058
-2.5169095031001865
-2.860922025991737
3.1123205693128515
3.1126971987720697
2.929056470039772
2.996669493310007
2.9825262927763894
2.9597126173959287
2.801300996797353
2.621579231281925
2.3978745674273148
2.522087043319859
2.5189211394469484
2.7860139932589782
2.594342345414947
2.5951175984605195
2.5396280112909912
2.696092270383107
2.7102418452914137
2.5888107188089373
2.5734242038051556
2.235610718467102
2.4673627318456157
2.4554538116686566
2.678271532996979
2.6411629526655864
2.6322993997234962
2.606463940273904
2.573693148542261
2.604216411223858
2.6573392959816076
2.5999800505195183
2.3722884442876206
2.343798644552735
2.396772074289346
2.248407321035602
2.2833766931076416
2.295316273620769
2.381983942448332
2.448519500098839
2.3477402364599262
2.2423450293347034
2.2445257800466827
2.332546930714158
2.2320513841514726
2.141912224553487
2.213682758900638
2.090661649664554
2.123801770699321
1.8844611193058662
1.984010684069402
1.9014442091986565
1.8452750778243847
1.9131602645824777
2.0245498397935044
1.998592283592652
2.1800686544570147
2.121143419675154
1.844348495335512
1.5759429958425648
1.541293688042615
1.5591233724721234
1.1817378900890254
1.548956880893344
1.804853515839894
1.4962640817985675
1.6969752767411386
1.0487241659677031
0.427641666276538
0.5997712623547529
0.9826110117329298
1.0436145257797045
1.0225201197986389
1.5221948086584092
1.3567561358485645
0.7589371910488169
0.5005135453281615
0.5588959650442951
0.48366844855483837
0.2760467148220775
0.18639207002822547
0.4265260523100011
0.20995651940154225
0.9146613674702998
0.8074565957758036
0.8216631626653932
0.797085727355538
0.7351980061230651
0.4052421641055726
0.5076242037694272
0.29889747708426556
0.48066758555135997
0.3735702489736009
0.28813392806561927
0.2791870724652017
0.30802565082451616
0.2350738354340368
0.009637515515315885
-0.13434666458938013
-0.6558480569835192
-0.6414032345303585
-0.4836987106659895
-0.5810310995186605
-0.6079319539780682
-0.6144158736271429
-0.5073129827204184
-0.009226304354186976
-0.2881854345921007
-0.504917442114646
-0.8184163222239503
-1.009867331689832
-1.1695506201433847
-1.2341573056518782
-1.1893047615116037
-1.1862166926534892
-1.0971921876482766
-0.10085282065885466
-0.7374508628999147
-0.7823134439395496
-0.36481687761245774
-1.3168735915805265
-1.2669087955041407
-1.4842063720980339
-0.8552944283465946
-1.4380583489224057
-1.0798168777799517
-0.419428734641248
-0.6747093087523273
-0.845774529935508
-1.1904541545411198
-1.1051210911679605
-1.486412341813698
-1.4890034834597639
-1.8198164601873512
-1.7519666436574997
-1.5816389916190423
-1.1503428901712252
-0.6719397850187884
-0.926090658990557
-0.9576367402080684
-1.6602242562149523
-1.8960825381993178
-1.9331706651709333
-1.9024201452934977
-2.3106177272462665
-1.910896427639564
-1.2986661565879334
-1.181098423073361
-1.0584384562588809
-1.029814774475156
-0.9501026558115826
-0.9612033342847325
-0.5292373206967691
-1.1599676366548426
-0.6011237999553066
-1.5984106034939303
-2.104400740982193
-1.9909415294650306
-2.1092500065125166
-1.7520388898159593
-2.212153527407267
-1.4816182431085783
-2.0438556654656117
-1.4209900232915564
-1.001431759572535
-1.1691431415048774
-2.0882956206990504
-1.6327580764715046
-1.8623615346494182
-1.98729124610852
-1.651141036798215
-1.7960725471090813
-2.810075699505389
-2.7158121457894513
-2.9170191727941974
-3.00453965729089
-2.9873753818091524
-3.0292536750968977
-2.9517803919735113
-2.8821428269210685
-2.9719556765972284
3.0980140525983195
3.0125761702038125
-2.9573810243086194
-3.0040053008720307
3.0283201709442653
3.002025090506218
3.0329309017292916
3.115009262635587
3.0223032468995106
2.9236059468692455
2.928606451216483
2.8922869344341122
3.023634510154511
3.045821235486805
2.771025714952837
2.725904612871496
2.7503484557254385
2.83523035516236
2.6070391260181847
2.5498548911292835
2.7763083993788427
2.3771445262421573
2.3077851557282583
1.999272395492843
2.120477344901544
1.932224322862152
2.084603326395245
2.2445398345035863
2.562814879361025
2.4946711733358518
2.51081180646004
2.1407014847786017
2.301230199965032
2.709387043876435
2.4474722048083053
2.8722952978669447
2.67202777984224
2.824306042169791
2.6045807829350296
2.1696293755012173
1.2287821511555928
1.0398939657034474
1.301629571938964
1.3576815027883562
1.4264976349051832
1.331092196697715
1.2163030669909414
1.591230954682574
0.20207177102699184
0.20632407272659126
0.6529966862413866
0.8651838248932968
0.7270818740252808
1.0076612767992374
0.6413788958189003
0.7402700792594755
1.1338921003792894
0.4786080152599402
0.8591742808104169
0.5491627919855794
0.7733934080102044
0.7452959100217954
0.8530880369266418
0.8846862613510388
0.802289450219775
0.7801932337880351
0.5567883249944942
0.6336435388119486
0.18716411810622632
0.15842448196886744
0.3446881462026198
0.038236952568764145
0.273288640900747
0.15783132702151145
0.5397837532227986
0.28304810614511833
0.453500701013899
0.22919685046337168
-0.24638311708038144
-0.42977924788340405
-0.5078766624903716
-0.3938696929528476
-0.4591757733101729
-0.40413810762054175
-0.2674142333056396
-0.11568375672460987
-0.10493594112024515
-0.08602833988975798
-0.10863050079495504
-0.23304061693990966
-0.24134884490608738
-0.48926893481529027
-0.5799111241492891
-0.5305876479831613
-0.4693136901035107
-0.091519206775364
-0.07489032828984413
-0.3663483297848238
-0.455176505933726
-0.44825106953932725
-0.34266129483950697
0.026170825394617632
-0.11020934717748196
-0.08832500398224244
-0.08934794755521745
-0.6693365702748035
-0.7762598483343912
-0.6704944908352236
-0.6117294136078589
-0.5647297834422739
-0.44182645473096516
-0.4565232284929484
-0.4254937323625533
-0.4718610765107207
-0.5601896768084748
-0.669916302605473
-0.8819928355648777
-0.8483837915024539
-0.9382033518398455
-0.6781012163117042
-0.6642197755085805
-0.6059311390514267
-0.827565642279631
-0.6904483294453388
-1.0378429199441837
-0.9362284802236736
-0.48520865993185014
-0.32952598025794017
-0.8521968749426362
-0.8361603825891558
-1.0984750683452038
-0.5320849443734454
-0.49131583956450703
-0.36003803089666725
-0.16097364352922816
-0.4679001993438386
-0.42304330500314713
-0.4717672526213818
-0.6592062142089539
-0.7364833891117009
-0.27804133562003647
-0.0423866009229094
0.7257045309446802
0.46381462558874914
0.19527113564514217
-0.5219285340786186
-0.6095229423836188
-0.4151940184609585
-0.7020878566938673
-0.9899133573726516
-0.9186002499213474
-0.8005285895083762
-1.32747491154951
0.8423848077249846
0.9542594525427377
1.9606359592802998
1.6073607964942151
1.416386046541461
2.0153912137896497
1.663329673329177
1.2475079774997546
1.419750553224364
1.478876743258836
-0.23962401093698324
-0.0905866218526816
0.315495769138654
0.7160354063475709
0.6459850422648744
1.8199462974064735
2.141452279109276
2.451017974871973
1.5972770621782175
2.2595650308102586
2.3227171592599727
2.4565808636064936
2.04763225920367
2.1044508719037034
2.130625311981658
2.1268868240616152
1.9512977588171756
1.9618771554824166
2.079251901549902
2.0658614966740614
1.8435197563545427
2.6357936169039724
2.5517473028081312
2.4125900607217643
2.4216559974918637
2.5727966895107337
2.4177727137873646
2.834977379926566
2.1622751171939414
2.2573422122995654
1.7447912817578313
2.022312092201783
2.05422895033634
2.7035027000580447
2.7467566577010976
2.7700991297853315
2.8185420555589014
2.3738414623150974
2.867542669081621
2.9170007044442747
-2.660049792413443
2.4245463083784813
2.9979637275985356
-3.086928417593644
-3.1229956992360606
2.963801263237187
2.7502160899374366
2.839753975261104
2.1506379010013026
2.630735135054872
-3.0139391483546785
-2.661065179020966
-2.743951660286042
-2.519922279439295
-2.443142777395798
-2.939027231332013
-2.6138817974532107
2.960736706926212
-2.8121151977800185
-2.507381137639871
3.039119312556127
-2.593806536841609
2.5872972259068763
-2.6252566456317625
-2.274510867673698
-2.7347035932512376
-2.213933519744036
-2.71043954907312
-2.566986457446477
-2.2546074341923448
-2.6619590023805446
-2.728799511381774
-2.599033102744857
-2.612477048285962
-2.2718308867864323
-2.3185726283598855
-2.2844227102384833
-2.7054756037835457
-2.576455890102718
-2.8831367895432085
-2.7229732573453975
-2.8780333509209055
-2.940542447791693
-2.4723053247355167
-2.4434943829739186
-2.186622320735613
-2.110966550348902
-2.176371894665128
-2.3071576069855597
-2.354383924557999
-2.7773033954666673
-2.8528753452885525
-2.626954253101565
-3.0042804727766206
-2.5927960696758214
-2.7264696066660963
-2.492937104948466
-2.690830150952151
-3.0774648920506844
-2.6845067873965793
-2.6273318075190217
-2.2329248013275906
-1.9788011668853807
-2.089722763237883
-2.162431928364267
-2.329025963811458
-2.2867058474128434
-2.460966686800273
-2.3828744327666755
-2.2004444627416713
-2.2149634095843234
-2.469729145414442
-2.4613202373919294
-2.4744430370580957
-2.746391639754913
-2.7469973769456892
-2.978254235272993
-2.7148583131512467
-2.7276489046672476
-2.608452899659337
-2.6029250757042326
-2.6536925175680404
-2.626917324035707
-2.848095927064655
-2.7446628124891275
-2.9690735584782986
-3.12817864214806
-2.865758256896204
-2.7775586602541185
-2.7057930554709393
-2.8852115836246477
-2.75770822960137
-2.9050737774020625
-2.9036741620134987
3.0861867991754934
-2.6274158041890536
-2.9513325303155815
-2.1251109732591087
3.0593652336870494
-3.1227946905985395
2.666650985610876
2.8436309137488958
3.0897487597501394
2.8778981214615373
-2.8384177361427265
3.0964285918871064
-3.021649000295222
-2.8432515724862037
-3.095677665696565
3.0068218873041275
2.6489044394396766
2.300732774378599
1.6228712956227882
1.8294555791641587
1.8066954334628174
1.5355421717475743
1.754389500152869
1.5784370110215549
1.7800632438284014
1.6439749130457886
1.946858656403798
1.2923322555235355
1.858295540064581
1.8548969167890295
1.84418311587913
1.883880191998393
1.7451256208307944
1.5797093001205755
1.3960126099286967
1.4732147657651984
1.125293009706896
1.2922612676967618
1.3201458344812762
1.1654002903723133
1.179202749527648
1.3322590457071568
1.6704824341501043
1.5574594601415959
1.4671094905629716
1.0438888983744152
1.3642124170101135
1.2491629288120325
1.155542426339769
1.0784776390835524
1.0738088465843303
1.0922432914346334
1.0625956484531394
1.202922354998232
1.0720577574492913
0.8818198943457022
0.8602738125961192
1.01663875504862
1.0727596024076302
0.9730783185259
0.9514910781031488
0.919464162144819
0.8741402770802735
0.4493180790170843
0.4480995807395465
0.44421015184741736
0.3894864556820684
0.5627688653569122
0.2910396858749258
0.373329932060894
0.7102788592617115
0.6373848833909294
0.5118370046031682
0.16308961657277632
0.4029667723098404
-0.1317174453244002
0.41371756959699124
0.3270733620226269
0.3269608030893985
0.48980311690087286
0.6257077250063114
0.23487182412331717
0.1788147403065573
0.3220160218197912
-0.06355687015847428
0.09879168947793664
-0.2762754853201511
-0.415759705583578
-0.3592797729464949
-0.16376515711843312
-0.523507479770515
-0.1374094109713601
-0.24688374322574422
-0.0920170846027367
-0.17533273254441656
-0.1578882674191868
-0.1138792159920992
-0.41834802039674457
-0.31375134120354203
-0.30257512227238315
-0.23942761617313094
-0.13995718909386365
-0.018693865288366418
-0.2294881350728306
-0.06174359812551715
-0.5025046399198898
-0.3915173289510882
-0.25807825583510835
-0.4021260397308847
-0.468325690634021
-0.4213457898428968
-0.400228771078678
-0.2834118933219086
-0.34077662515500196
-0.3890530550233963
-0.47051201028068057
-0.46830514409723123
-0.40432518679054313
-0.46881373388849584
-0.43554108859560764
-0.42304121454865606
-0.5670749790993699
-0.4253465038770269
-0.5497470224667497
-0.604588471038382
-0.545111024754703
-0.6446473746401777
-0.6707675238294859
-0.836253568909637
-0.8897713067985441
-0.8461037623382385
-1.2083627234655865
-1.2242324746731892
-1.18896143939319
-1.2174607173175531
-1.075505017735431
-1.2179614841500224
-1.3068227319913819
-1.4850414355594186
-1.3763976248037455
-1.0376063719106605
-1.2081987158029668
-1.3033771404334797
-1.3296893112729486
-1.5441138223596507
-1.7225858883763097
-1.7146870708588962
-1.7608180009883774
-1.7635462749823754
-2.420946420646081
-2.407745095454266
-2.2085170366020113
-2.5660024602998517
-1.9410015690919358
-1.855443327478147
-2.2860358844346815
-1.6872889023122624
-1.881822712843332
-2.1848455775759787
-2.8718750727132014
3.0490586005362896
-2.5231708348936475
-3.1107108941002277
-2.7496340108609094
-2.9390752510059377
3.1026330496133485
-2.437813712771652
-2.827443806558543
-2.7157738701800174
2.3359580160727744
-3.0354090481164135
2.3877031328731477
3.047266267741921
2.905147778592016
2.652260391089567
-3.0676859775037606
2.8376661937108665
2.728762503488278
2.753272550247813
2.162814267753512
2.5261874362772194
2.3049432777126415
2.526258291768161
2.566482533095501
2.6780588141530726
2.7127843949711927
2.8223346368473026
2.8304392315291573
2.7817160939264443
2.6328954902937287
2.5894197236604386
2.5585579734053003
2.551827162353895
2.508416441222954
2.6254981935828012
2.8081972979336687
2.7267851493658175
2.9055873079404613
2.77870966755102
2.795994725850905
2.8826278483810013
2.5523207851442704
2.2508461259624157
2.073860508890138
2.1078907025696414
2.235879173192489
2.158158990885362
2.345607663847628
2.517942222399985
2.7604638457826285
3.0790946188051893
2.9151070390598197
2.5248135206265894
2.2774566100377602
2.39327716190808
2.247172271059214
2.1029412114494574
2.089927328845058
2.393480488548157
2.173182941547191
2.2487798179461125
2.3685097964376367
3.0347435735398713
2.924164508752677
2.8161146201314007
2.5838585691863205
2.5517140926168684
2.5040500621891093
2.2668234502581193
2.202993568961893
2.745161676253517
2.544958299429594
3.1080791161252037
2.9785971942240437
-2.9279651360309393
2.824460615312931
3.0506955790926313
2.877795933567898
2.6572642887351012
2.8068758529864635
2.728141649475702
2.20086703931468
2.5244278971780756
2.4769675945598784
2.5494891451053134
2.655149154014321
2.775345873462707
2.7298189600391853
2.5031534342152737
2.375146828004041
2.3547233137359456
2.4291208465307395
2.551825253187069
2.623400588085432
2.723116865324624
2.774271776994928
2.5408496854779545
2.8010974607707837
3.0217643256118416
2.4098834803290248
2.2633575259028476
2.7021081959047226
3.1325912789880785
2.8152003208780245
3.0869671896691737
-3.01605659569535
3.002983042157167
-2.858441869141138
2.2071199461831625
2.8885238310385564
2.7674158224686343
3.0644556782670724
2.751905489013756
2.9276938584392806
2.7395618765129326
2.915932121476731
-2.976394156511928
2.8941824547070687
3.104539247412819
2.9586451451139872
-2.8283432611663533
-3.0631755885165926
-2.9197470845130518
-2.493212183916791
2.885261612180515
-2.8643560563827446
-2.9031133311050623
-2.7972858928496485
-2.2771426421521404
-2.3099561531960733
-2.1960166905927414
-2.330324949471278
-2.2525234822057585
-2.4498688300220453
-2.9529923191609266
-3.0904880288232226
2.471292798001417
-3.086595642648067
3.0457048692704496
-2.705283097060117
-2.5304615310031635
-1.754330905563343
-1.986861755576593
-2.1018306221229746
-2.6813331161555345
2.2942313029635364
0.904374741996108
2.0539815347883756
1.7506052131630305
2.2257499567145733
2.4850191985151127
-3.1041364692233753
-2.3565603653979794
-2.502540931733479
-2.0337724789121885
-2.224160132304596
-2.933115566321053
-2.720868332616974
-2.9003684691458855
-2.3023745181703212
-2.9193834831595855
-2.4781250355243616
-2.0630796235702014
-1.5064634240683763
-1.568181159345691
-1.237324279551848
-0.757505683971976
-1.650285857168017
-2.072495977120519
-2.0288920296962276
-1.9274695701670335
-1.7248244835524855
-1.4369179065202802
-0.8330222211919497
-1.1747201172387307
-0.8232410213108835
-1.0038225201053146
-1.2867456114561964
-0.8705757261648919
-1.8419362871238738
-0.911131622828057
-1.042407254690087
-0.9092195653324108
-0.7165008473266122
-0.7669958770299022
-0.8484091616853433
-0.8614365461428469
-0.8456781388341776
-0.9668470931399792
-0.9522169662787621
-0.7331683159733106
-0.5137654386851106
-0.19808535664939456
-0.42682429376235076
-0.4684995528009748
-0.4865096243910422
-0.6439782470310416
-0.558460068919747
-0.5114338619657504
-0.5128953727358901
-0.0965347365910841
-0.26696822366619694
-0.3060023750930204
-0.17745374926682655
-0.018775359397836353
-0.2033902632064876
-0.1308997297059242
-0.1475220384294096
-0.13729789906152084
-0.10354237598620403
-0.3106936750941863
-0.1994962474938635
-0.31740872597809633
-0.25896901418294604
-0.28313255990491576
-0.03969629058764964
-0.04616626604417497
-0.05196523947357622
-0.08008430513218066
-0.04556877983340602
-0.27553123093000087
-0.1113264902288297
-0.19908951284876558
-0.2717958999398218
-0.2557388357017003
-0.35082502403726346
0.18949034614248855
-0.06970562052575048
-0.01285338050446498
0.007638356406051754
0.025881283604986986
0.17346836700956103
0.06794032513712932
0.12160928570910434
-0.027243509591699085
-0.040119954545009884
0.10189034981108719
0.16847376640816605
0.22104158293945608
0.19645979388204388
0.36216315043406605
0.2877884680056699
0.3310475459492808
0.27892660745430087
0.29656926046595755
0.14532691529002323
0.04308333650429988
0.24800073792424648
0.014350795644702305
0.1781998661591761
0.3046943958518099
0.20119755250410648
0.24833465556635465
0.09709286983718894
0.26505239199954095
0.15487401877071244
0.33227712311560126
0.20659779004741255
0.34992385983605123
0.8199266768400301
0.39698179145885687
0.2919769506574228
-0.0005459324288116504
0.0021119434583663937
0.23187755374528873
0.19345085211181368
0.5568222139011344
0.8318750430483494
0.9291526533371636
1.0532678678063494
1.3281815205517555
0.39677496516063104
-0.08477746122255343
0.32116984627680595
0.20368393135243354
-0.053298902126381144
0.9354038038180247
0.9714699222654447
1.4428715611830427
1.8849640745891487
0.9573717159487277
1.3005761885552105
0.9987555335938417
2.012558127246967
1.3815026578490646
2.254313872947409
2.427885322777402
1.8259867383577024
1.7743396724695286
2.841712779830116
2.07389820436313
2.161629597768766
2.3799976620832246
2.257551255660597
2.435723858729861
2.4973736263926467
2.634169775761434
2.5725205704333485
2.6143076873027398
2.4645793685391397
2.727943712845745
2.842230194402724
2.7682246816525526
2.798853458841007
2.6952128796098638
2.593763181788362
2.6569784360584947
2.8764306292939907
2.709062329522775
2.701055371729584
2.790761331779248
3.047973627617743
2.795614228652939
2.811393558368312
2.817002857584353
2.846739624341114
2.833970690274617
3.075282337158705
3.0094334568990755
-3.1033698770472578
-3.024053136109449
-2.998163478787142
-3.0172586742921177
3.008715421632058
-3.1212250647565134
-3.1268787469483534
-3.108205424363205
-3.130976467345787
-3.023039787896931
-2.9950531384442103
-2.9738902708551938
-2.968728330577685
-2.9148510342473006
-3.033401282088019
-2.9089965161178264
-2.919003919556837
-2.926054206893434
-2.8741778096836104
-2.9076638670282065
-3.075051561218746
-3.0381488286380613
-2.9048763573903225
-2.9484277625832824
-2.9323225003780835
-2.9025191998788693
-2.637396142941262
-2.782031599512489
-2.63193950184719
-2.8240054845483127
-2.9065329702269103
-2.8692036620777905
-2.949049265542689
-2.81785923731755
-2.9496439088619573
-2.927369988581059
-2.8027027945795577
-2.795163075772588
-2.943841893529457
-3.0060211548439497
-2.9894484227012645
-2.9769358087686126
-2.8934997884101934
-2.9215615273791986
-2.898474664261377
-2.8205602671236107
-2.942273887837665
-3.086914441472191
-3.0044777309929973
-3.0753404191204017
-3.093862086510789
-3.0198100693939143
-2.995299387527493
-3.0993554083060295
3.113013758195239
-3.1180284860870544
3.0423666164930037
2.9634014583504964
3.017510350011724
2.8356353401057244
2.8639654058038366
2.8280065615129577
2.8053813710883486
2.940121154491189
-2.8554655114055536
3.0515117835252243
-2.886759328963493
2.9180598879454682
2.333951816072379
-3.0952645512307684
2.921723260060537
-2.572533961493102
-1.976344335757312
1.9029443995156023
1.6540940957573955
1.8272898280954384
0.9386335787346198
0.6463851063617989
0.8155176402129589
0.6808697727815782
0.5333539245493452
-0.28566614992440387
0.026813732573172183
0.1442442324522389
0.3671615036026469
-0.14164427497170842
0.17937848301244777
0.03324008202470277
-0.033721966712514644
0.03816335828317894
-0.16550782366922165
-0.10852094950439516
-0.11574350420190245
-0.1687230991506131
-0.04813479153420928
-0.3349487221749722
-0.037894750851823714
-0.012602271769609055
0.051329675022352805
0.0955753684059534
-0.12397220048140363
-0.11121372017530819
-0.049123822452615915
-0.26542009774666175
-0.30566455381129587
-0.19218271915939805
-0.10562298010003483
-0.03032515025109302
0.14022300219473136
0.1840423794520489
-0.07211262245535428
0.0864828275927192
-0.3229429613435556
-0.24436938509881323
-0.39140522371498576
-0.33680494868140415
-0.16299897351828393
-0.1007551694639364
-0.1059486482389698
-0.017190410494936293
0.07766361294698541
-0.03177519291437515
-0.06829489741918116
-0.24965556726470312
-0.27350023268450435
-0.2202294319044864
-0.15443050804631245
-0.06655173774647173
-0.008031449433335893
0.09538781919174978
0.031752427157655
-0.11097010169695355
-0.035017454866199775
-0.2680243316451363
-0.2886456632052339
-0.348591286664012
-0.312393403544112
-0.13557501282206086
-0.08209007909612642
-0.034786533173296004
0.0890251306271792
-0.08054728332662842
-0.05791990293989932
-0.16025820746531605
-0.22059773145779885
-0.00036616412944302334
-0.056913728720546654
-0.27448823858457133
-0.1756427696434542
-0.0749215886321207
-0.09002057759009141
-0.051579585077521514
-0.2831347090060962
-0.27464935225038895
-0.3507371816143995
-0.40962604674560166
-0.354839936470085
-0.646878956486346
-0.497228226330392
-0.1243058505009818
-0.1272847084589061
-0.12078746693546744
-0.1548686358717786
-0.2118284329711473
0.09957036132562339
-1.2857224309499422
-1.0369281329925366
-0.5166406376295126
-0.8470867496253333
-1.0229294377086129
-0.8966449445771352
-1.3279998059638922
-1.48579965244855
-1.9095722872875596
-2.5630282095721078
-2.745197579559223
-2.944292366117702
-2.8677635978228735
-2.893064392858594
-2.5254042322236385
-2.687677374937759
-2.929945666523085
3.1340778174257666
2.9929568197318552
-3.01915183611432
2.9273406517512544
2.8985768852319933
2.9128383328333483
-2.9979401948082742
-2.880943872255665
2.9604072043082166
2.9950438733450437
2.867208767473818
2.815774256374679
3.0288508520791178
3.1023405342001946
3.0193297058418325
3.079691942051945
2.955762732364238
3.047002518699131
3.0447836441823597
3.0111265646431526
-3.1134634819958245
3.101703652468709
3.1233560459198837
-3.0847439614851244
3.0590226410595873
3.033302965265598
3.10092821465977
3.0069939523248044
3.0985151993831264
3.1184974567626527
-3.0952784071367123
-3.0720250851690656
3.1203350649221133
3.0293448330976576
3.1184075787969165
3.0358076434478676
3.0882021293977266
3.13323612445301
-3.109764754373928
-3.037767743345708
-2.9372674892517328
-3.1113797204163602
3.0786121288780963
3.067412419399577
2.979348621716808
2.9793820712826498
3.0192809156955818
3.117438396037059
-3.045384711622775
-2.9927702329075667
-3.0443625613560164
3.103513138028706
3.1199141843159417
3.0534531547976065
2.900862907630768
3.1094415369682267
2.9435937614599443
3.0619410504903573
-3.0501834131968115
3.1177239421562817
-3.0376502286657034
-2.9384046373933805
-3.0743666057758845
2.914637182181547
2.837631895334398
2.4219051126667077
2.4529152766330236
2.4685669760695226
-2.7671870155688527
-2.8104944131812273
-3.1060077222588958
-2.921634480138334
-2.6141641290027557
-2.2645348232414295
-2.9247148790424617
2.9325623893077326
2.5283444690626276
2.799114527715863
-2.8531727995215457
-2.5753807229584122
-2.1290514323698817
-2.173789929358659
-3.059174747885249
2.9819794915038846
2.7737813544425993
2.931090219321251
2.539829273382462
1.7674728791962655
1.0451653550771243
0.844361927683644
1.027672708363509
0.08991107590915334
0.1594918303064649
-0.0031000697796297284
-0.5034496425734414
-0.004379787721483164
-0.1734665740094266
-0.25116771204467636
-0.2483625900310264
-0.14949450620390078
-0.0647780128376526
0.14974432120742515
-0.18870364816408916
-0.12368786945798688
0.10381643909709426
-0.10442428329740137
-0.2021142589015793
-0.15304048504433637
-0.29854685387435786
-0.18536712019692042
-0.13861222198339757
-0.08412642925595468
-0.1111406722261401
0.03250415686127333
0.04976734910144999
0.0028026459152920946
-0.041080057573541225
-0.00779612282103169
-0.1506688211989729
-0.10464529148973205
-0.04110861523351046
-0.06135758686018454
-0.13340542570942973
-0.181052902896205
-0.22271045041876847
-0.14799107179271154
-0.08190792571491953
-0.19997496999024117
-0.04804398638110018
0.046779732825182406
0.021259107623157754
-0.021568388961914216
-0.10490513518313743
-0.11871454047636382
-0.17751943528357458
-0.15545838723614117
-0.04829552635430147
0.004603627506293667
0.08791471774175356
0.02731387104292305
-0.033665879524060346
-0.16469225027907108
-0.1959607157278353
-0.18087999000731267
-0.08872285244150119
-0.06431481340877736
0.07191409598440424
0.14084394726912275
0.03642357699833222
0.018265879832052308
-0.1534839224003879
-0.05130388584299533
-0.21077591760552103
-0.19193222186830336
-0.25577407983517975
-0.11484861017064761
-0.07679463269968204
0.11989357834214966
0.13833636094550011
0.10926062323429853
0.10872358239777491
-0.1004701609691971
-0.19168855717371858
-0.37198388694669077
-0.3335563992743196
0.04161918130313189
0.07575553722948206
0.18978450528460108
0.031883922902751376
-0.012367504754825063
0.14594000062434137
-0.061827272772316956
0.055108363330690864
-0.0021728607556641215
-0.11758229680454312
-0.2805660795429171
-0.16044497735656796
-0.1423725553555315
0.2297732965858602
-0.09286562205256707
-0.012630567351163099
-0.036924014339500794
-0.19169602615496303
0.30540369078079155
-0.43685563137694083
-0.799165409183696
-1.2922700577987791
0.042725170341471636
-0.25964805162484433
-2.1831950678025493
2.7164250085714503
2.923320689370648
-2.7775076564344796
3.0862855393063895
3.0741133911787677
-2.9942904997794684
-2.9946904185151535
-3.0075497346905657
-2.8940028131641995
3.06215099676235
-3.063303919792303
-2.969332252883414
-3.118638369492313
-3.0073681626948794
3.077137914485418
-3.0676013132046434
-3.11486326288366
3.130689216146971
3.07789165707319
3.1296153891913163
3.1282776522865987
3.098788322641169
-3.127416007715448
-3.1402133440106255
-3.129215151785642
-3.129854746788855
3.0052697186380004
3.0146742159456292
3.028771976979458
3.0352360849150326
3.020867867915427
3.0435191973809
3.0572409223696315
3.100873689179335
3.110111144618131
3.104152143845905
3.0742413433994775
3.026789104588506
3.0688136554993433
2.9665760801215684
2.9566226245965828
3.0177073127568823
3.0465933338930338
-3.1295891849677444
3.057742710631587
2.995317919173785
2.892895924950519
3.0233758630932583
2.9547533870610976
2.941525787347535
3.047462107404222
3.075257152130886
-3.1209904942755884
3.12181406740729
3.1232556136359912
0.16122847600956366
3.0173442444689726
2.9289186630958413
2.9759264074290646
3.0852234408366166
-3.1015250814355704
-3.109160517087694
3.070195908318975
3.1367181927333214
2.9826466063740655
2.971749645482862
2.781936991416681
2.9479627228918823
3.073800864524146
3.1166321399020056
3.068574415812294
3.015329557026911
-3.1399819939817255
3.0745801936548194
2.9379098845783775
2.954716275854609
-3.12452410662141
2.9677570056764084
2.8720139482831275
2.8726053779723615
2.905452341124912
2.700529416307107
2.300737203821506
2.573955340551147
2.6904233819061427
2.7653167853009823
2.5781065661431017
2.920851705646739
2.4887992188095573
-0.3894087872429031
0.21973155005506256
0.5561326940782605
0.22637420091081267
-0.0038504047289486215
-0.41039412007826415
-0.2873175636913866
-0.3670965858426608
-0.1284326137679263
