2.446286650744265
2.846414029983294
2.3951210982094557
2.3944831415240055
1.425782840227773
1.339673791127796
1.326936565840277
1.2831599218698835
2.6936398658896747
2.392519310114596
2.8241197124016866
2.33635875359879
2.973141209242076
3.1422981347580254
2.6847227673693768
2.8299976260753232
2.770120967187037
1.9841363230301365
2.3363513624563903
2.4257628695456432
2.6927410896407586
2.5008030674907116
3.3841682120526904
2.246528472408274
2.45319278249066
2.2022325125622997
2.336849756288089
2.328355820040132
4.447782493072897
2.9280628043744157
3.2179060044511423
3.812847885293196
3.0742598679291344
3.592799427059235
2.2889282103826334
3.298825286386792
4.393639768613104
4.02763432085586
4.282925726249196
3.8293983835572893
2.521107807172003
2.2367181480515397
2.214939933460012
2.005659195510992
2.5736060539312664
2.5996238162437835
3.152383880822751
3.056544764964551
4.564886119846226
3.854986924081828
4.001775727836411
3.406501312095169
4.212436897380185
4.419748229555303
5.51274686077104
2.8262065001965206
4.435457034558075
2.6285033038374617
4.01683526666294
5.233675923499492
4.297928939427483
5.94072694314289
5.0210481884843166
3.6277992301866506
3.4282961002455323
7.507699566700325
6.069848734873648
14.500729636426664
6.281865189986668
6.347936516820383
3.4416388799511894
4.492961949241299
2.683012196358258
3.1295059798413023
2.4863473698553515
3.2116419635390634
2.7863900666278645
4.125135237574532
3.9160688872932097
2.1342098898782806
2.109623873190087
1.8318587706266865
1.747093849799274
1.972233788423059
1.3913910209217595
1.5209748741039568
1.8937057217547344
1.506289264567075
2.0263513240400135
1.7088039844319585
1.8085091558325856
1.7849614972423598
1.583275444070049
1.644994065452756
1.8254978019182109
1.0991855349829573
1.3114147382158814
1.0066777648843717
1.4158378559180105
1.2154625253537552
1.4551248077485195
1.9267974746227594
1.6717982300462928
2.4552848470162614
1.776614777611604
1.8996048528603189
1.2670328667502422
1.6142713826096287
1.6672559876827218
1.5331053695161077
1.4910174217124967
1.5028040660208255
1.5512492508668418
1.9034571128988855
1.7946028086510928
1.440389628889429
1.6602747453451525
1.337578648386931
1.0001386221199093
1.0438040643196442
1.128620202691923
1.1623586658100484
2.0494098237850453
1.3934992264777672
1.393738755344943
1.5353482188845404
1.1704038194043407
1.3973656410358366
1.3558125415084947
2.740558729773385
2.170320344108301
2.8541661872962574
0.9396183593171452
2.818349736998635
1.254712996479733
2.768926382829792
2.4755043414452436
2.926171305552381
2.2608905311830143
2.8754275778837517
3.182538141090395
3.2389196182983233
3.0821544071922253
2.717898965397528
3.161783799167091
3.201735622810125
3.291402153237746
3.6281507934378494
2.549613549085602
2.308034897244676
2.652630189797376
2.683641720504478
2.508877027858673
3.0408160791828385
2.403105271332318
7.747044955841351
6.945763562177871
7.314876351730822
6.550150476037085
4.49161155810491
10.709687749698977
10.526142646646843
9.280319625116208
15.150017714755018
14.644974303183332
10.3368436704196
7.096180986740437
6.571015403102999
3.6588817958272073
8.203265886595469
12.34224252410882
10.182458624982676
10.355055525299191
10.776358541051518
6.646268804283497
5.4704098622104524
8.988442948409423
9.408423883393713
11.572804493912294
10.695352649919572
10.851981644810547
8.763326719361404
15.956868803393238
9.558186276908142
6.89887468205422
5.093804858994809
9.64909729110762
13.551039647848976
12.400520635621884
13.294550493299354
8.067559543226903
15.933582985647345
11.885720801241247
11.71204543406309
7.278592704094239
7.573758347560118
8.634900058310023
11.811597860308172
10.296218767252181
9.083886505224863
5.833150411616867
11.042374507616483
5.28039149273318
2.6126516610816495
2.7587977975276354
2.7659076209196467
3.3026032897693383
4.037866338022326
6.605427291531821
4.662168529812044
2.19064596693539
5.183984480403228
3.2698792623298703
5.255102095112827
2.424449102006725
3.6461366872419303
5.735296983579022
6.814721130294828
9.36038818183764
7.248367420580413
13.651002105402307
10.694809819972367
6.067696608382244
12.427815435028606
13.036059397783017
10.5230815083936
9.115346515728401
4.239137502058515
5.0040288453723045
7.395009319277827
5.003043760166426
3.3657620087991766
3.5701169366986285
5.555269450480475
8.393309606396535
1.522428011139596
4.770450278988822
2.41822685333572
3.684945508155338
8.588500458174098
4.900048550144824
5.678544185317028
4.244073930928251
4.550371910146617
3.51876334531097
3.209893306567845
2.979544594708276
2.964177543365162
3.0089374948533463
2.660953675174407
2.3046710618324737
3.2727417152520126
1.5276996880137697
2.362681200983234
2.5170534202095074
3.000009039175629
5.03004771224087
5.1502563039833
3.181008444784922
4.137557471856514
5.006160910273813
3.558472709411352
3.4164875916101898
2.7975823346920254
2.7952026076396277
2.7909854369437013
2.510942397466919
2.55043433407847
3.400193019198589
2.780105073803679
2.149829779645173
1.5222632739995556
1.6839747101307414
1.5538960377316196
1.649678176763554
1.521818714449004
2.234276953495908
1.8961999596351167
2.045986765947306
2.177665411731843
1.8094647038248446
1.8090330534968324
1.3177812275672078
1.7045363404041354
1.6259613685286034
1.8022545644266112
2.399554417767382
2.1128362965508716
2.140711994261852
1.7300803768681443
1.963331756258063
2.0169954560786074
1.9009876967136066
2.4371942247583975
3.0614993381659783
3.0012021129308937
3.021378898858014
2.169635645782133
1.852560828374991
1.678722854135237
1.6022459989352253
1.7434772842563617
1.8423056138132292
1.951960115771468
2.531955139813819
3.023497056037267
2.712588305837818
2.2499901363917294
3.5733137484024367
4.593314052639466
4.26037193914104
3.3668079926112724
6.2351630715168636
3.588986139580167
3.490593327612429
3.499031983065541
2.6469346805776786
2.9320381929002743
2.5693941511739506
2.211261744965057
2.361815547343358
2.4882730273871916
4.524949851494716
5.282159341446656
6.073935378563903
4.710264384029291
4.929138804544122
5.298602105601608
7.0670442266400455
5.710936493981184
4.104547103068539
5.436708275462287
3.926763853026558
3.6386423062163638
5.3993266939128075
7.457742136088555
5.717036305551082
7.1289692110365195
6.206015388151957
7.561410228063184
7.0571890894208575
8.323383393688498
4.351961228434101
4.8371659339960775
8.565624510880307
9.791988560272117
9.44861571763714
10.887898498618677
5.4365742217616795
7.776599310022052
9.750082288693623
7.081700738773637
5.719943243626205
4.859110369746272
11.734946089691606
5.572548975703775
6.40025392110603
11.943468307864006
16.70192966638377
15.842685006585858
11.402610170581719
15.713241744457282
15.70105172238676
13.87263677333095
10.31672619029253
18.517046992711958
11.310383324142233
14.98270159778043
13.48641417699317
11.515170636420928
8.15823640210757
11.08473613107389
10.413813252351336
3.4332896335196437
9.898081259090782
5.472435203470427
3.1921277146712455
2.7469297961930828
3.4301760611801546
3.602128283785619
3.944620607121795
7.34419529430822
11.131904817340118
11.953808715532116
7.616333441825337
4.287466444371657
5.17284228983106
5.491790570857992
4.046026792860693
5.493004585437126
3.324147690010194
3.4071442822003997
3.67090522906758
5.9216469562518705
5.6592741411018705
7.002677421082983
4.238859748675594
4.354420562010517
3.463189384590419
3.459110286624786
2.7966634506099375
4.142934171283741
3.729664959344805
5.169834688278535
3.971771466139322
3.2363149558260447
2.9168986448540513
2.439949654986295
2.7116749883579945
2.4306061610861756
3.4130377836216574
3.5201915781154653
2.568675499636421
1.962226365218052
2.019692742366282
1.3153616215299766
2.9281770360315864
2.5683266973365053
2.6427310485649165
3.172173908896018
2.4320360901297873
3.417291486213074
2.4694702849901025
3.748077790701786
3.064236128595629
3.5983672071065707
5.374251216540534
3.4736445614769322
4.826697172052171
2.856495151416305
2.035981017613195
2.1168202966013645
2.7556823311621184
2.3147802230992673
3.27067989092331
1.989283799103169
2.4420736482503798
3.7936079951057784
2.268049666012706
3.012937549011424
2.5328111849011434
2.4341552749196005
3.635303163847918
3.392084283253124
3.7677309199527835
2.1309200834006976
2.205851129440019
2.421993031026332
2.127561793435828
1.8854907286484877
2.4882819581306697
2.0567121399342887
2.2534844994040424
2.684454953460034
2.696317302906741
2.77307852092037
3.168028744187343
3.0191476390004324
3.842636801496634
4.163281395372197
2.635707423519772
2.8944834825383827
3.4597294093146345
4.706227015984729
2.78383485511205
4.028656548772758
3.413768244584859
4.132425578994527
3.39038426626069
3.442633817258509
3.4668871413283116
5.227438683340962
9.370396535212484
10.00641895393198
8.02276947987415
6.209645934189636
5.487970217124157
5.001390558673878
6.505529901665111
4.973373773996159
6.1045391656917305
10.698853790650052
3.24637071426942
9.573170011764512
9.332915621797591
8.91901314340415
6.68383608682611
8.942426138776375
4.995401604904059
2.936493571156756
3.4133972665867653
4.205540182521438
4.016316646088718
3.5210933106136233
2.6525555097454614
2.7702354591679286
2.9916401697069013
3.1237122411135116
3.8298321043962362
3.0704409280923475
2.9063531387608434
3.8238804258687367
3.8084005802601326
8.595956513555837
4.656417493335731
6.346214278077248
4.087056686037334
3.575278447812239
4.934740184794178
3.508263227265398
5.000880375350086
3.2883066258637443
4.544057157033497
3.0821302932756134
3.1800715777337047
6.619325969140506
5.81571212685448
8.23711363993434
5.361628445498772
12.992016764790359
11.946049097217196
3.2464445825804127
3.0462218899777724
8.751173358432066
5.535320740100128
3.9224226526102206
8.762996353587429
7.313663429990212
6.0731476146805985
5.6181499553395104
4.172031144196444
3.478264258003333
2.948805969163775
3.638467273452887
4.182838146535923
6.400072364189086
3.5006479796231647
5.3501943078895025
7.626283454784688
4.836524194704088
3.045476223331639
3.6302879052359933
3.300907519205045
5.829634356172999
2.651619469182483
6.538172262954693
5.767471959217302
7.305935215663962
7.548948531528895
7.699417543371415
7.970988009238772
4.240617212036583
3.068747169367472
3.634660653678653
5.356334248617963
10.881075695529672
8.462882947862536
8.632979779499783
6.98528875424107
7.015013773870308
11.573947656919918
9.363299158041553
4.811406049787442
3.6277528987322034
5.596892289956133
6.006039565349224
3.7313598524985663
4.243513919143124
3.8546359626981577
4.443510964586256
4.742652428729513
4.016217567961692
5.236328699960288
3.4313379533880295
3.974431701461146
3.398893367995219
5.208457607544614
6.663888225292844
2.563314883057534
3.0162055964717007
3.166717304622631
3.552848625799861
2.550430367071776
3.206364976129892
2.581351374512186
2.633412972513996
2.9195119282802517
2.500071293428076
5.188642767335837
2.7850761536532853
2.8018855061882904
2.5161519526145475
3.706654957148925
3.1003566921764607
2.4056256438351076
2.5896154995795415
4.033865570952358
2.3173330893171573
2.7039384569016764
2.788585192578405
2.427883428485052
6.697464417616355
10.913599340534454
3.9332866918216327
7.549061666833306
5.209335893969689
7.210910345115522
6.3230607286823375
3.401991609426543
4.365650738233581
2.212821927901393
2.402867844307294
1.9500999046691103
5.818518894974397
5.415716562790559
4.929588443886503
3.2529955477336037
4.815597411493156
4.797806873091851
5.131638146923996
5.126650442053272
2.9707522872234486
4.65586367378526
6.521879221080336
7.131447788207903
3.571759534155178
6.867798589176478
7.241683300955342
4.720098293916116
5.266617648333719
4.714453563122854
7.72606244897117
6.110514533061518
9.294351924705577
3.516957731354638
2.627351305800029
2.905600815742696
2.8820294584752597
5.375452019389807
7.206450707564658
8.623364815410813
4.070960437094807
10.819253094603459
5.870551112597973
5.758110702653553
4.292733944074156
3.4682467685737053
7.666727870990277
8.716347046406728
9.409799877825176
10.962185718554872
6.987224296345039
7.306594698620138
7.56262893370914
10.052754848880227
9.999816760957625
4.3620969735577875
3.8727949741481043
3.105313157777891
3.138072427661659
2.90714878806453
2.5980343642516006
2.8343849099564684
3.296318065868629
3.111307998766986
4.309243159516587
8.555583623014154
6.1230705078833765
6.671683265810254
3.869992817903283
3.1801039175711856
2.8304018474700507
2.8481636258581853
3.432306098074247
4.1805431802574615
4.320212190999758
3.8910775086108926
4.44415513431101
4.654495025068302
3.0087575448695367
2.6286389662007332
2.4612038665887477
2.8132239446045153
2.2985474239201706
2.924159337446606
3.4786966098272734
2.081316659227654
2.1078703078569148
1.8780677730284498
2.360092067828597
2.098912915168617
2.650560006679163
2.6917145046602244
2.286214153376952
1.8309452172297767
1.7771274389147398
1.7104123076022222
1.7352696924317104
1.9055027547919507
1.6774212454345716
1.9037913458911302
2.814795806321268
2.2233533531507113
1.7793323930638145
1.632775360448988
1.5319211534949684
1.575480900189841
1.5276538813951328
1.690827914380423
1.512649628735721
1.8323516522746668
1.452632805632927
1.4776599393605876
1.361303502432873
2.3130634362659324
1.4599198186206255
1.7370080199726767
1.3069543414578229
1.88159744047713
1.2640556167417636
2.6358696947045757
2.3656759449457754
2.9069945183290242
1.8940212555975602
2.3998563018629353
2.6210029320725985
2.7408877474208166
2.3013587953823844
2.4023284360157504
1.4358565712446378
1.999443673615953
1.8483857790749507
1.5196696457140817
1.2202156888772213
2.033744388648342
2.1446573274610774
1.6887746636771053
1.6887876621217637
0.776920065755338
1.3031394125009217
0.9649612437498465
1.3540294733752816
1.524527930315091
0.9992393386043614
1.3478578526335465
1.3822733089143857
1.1381171892294295
1.48172169342183
1.673367397592496
1.8952515865834656
1.2937039349848223
1.256261265328443
1.296117219745037
1.2253758436913311
1.4581245044605513
2.802431620925172
1.3501258087807195
1.9547645810839538
2.2586692307623375
1.808727567220867
1.5421141954169646
1.661695778131427
2.3343257681055363
1.8454137131200834
3.5976506542766984
3.4585791708789975
2.694812492583263
2.378740640240299
2.3229419494005468
1.6592734854041176
1.5618101455884557
1.8319596130804634
1.7565957598875444
2.1675443765951536
1.7531312406484054
2.0967471241894966
2.407278532697314
2.08308782761197
2.1335421328223787
2.063112573002812
1.8868038022674494
1.6134290872919377
1.7227311904788478
1.4528033582047537
1.274173838903829
1.1127549695959245
1.3447911559318497
1.3591870088025444
1.599358772367766
2.0021956269255563
2.864655704799998
2.4778719038585995
0.9918386722695521
2.350589921870402
3.0675355627738927
1.0760239129484461
1.58291303226491
3.3968169908271997
1.1692241619900052
4.158287903496708
3.7146727456777073
1.0898959152859278
1.0329018787774455
2.6123565959411437
1.6573057309466623
1.0274577770353246
1.5181809518833633
3.1245576624676796
3.2962887206031617
1.1713472571984096
2.1882600379844606
1.4634215581610257
1.9087776739302889
1.0813068356550792
0.9119278855299975
0.9943833816954243
3.5364030728615923
2.138736879584339
4.349198191754715
5.749907972993487
4.098573636482334
0.8758425848507866
0.8176955092768686
1.0235399854437712
0.8586077549999839
3.6827024656916576
3.692437962988142
0.8398796389005303
3.102633235768818
2.977229675210565
3.2088856241994073
2.119347825324313
3.2612329240087936
3.4447268508552518
5.747799122169612
6.029348475967482
9.876173758784795
9.931827713017205
3.6739599105256913
5.779664347997567
6.420687856753164
9.415782452773506
9.40847827521638
9.697685375159473
10.02683169436257
17.08937814596614
17.2374372828476
20.747194023387543
20.976906884484805
13.574116020208086
9.291151740008322
9.446778651113709
9.942026476332154
10.328012217322822
9.998424641501742
17.20014487660477
13.163852100393933
17.286490654544973
20.938732604314744
17.05694853470654
9.700038137866173
13.173734868033353
12.774380675434127
13.660704031639735
17.44500450109991
13.49665159041987
10.722158344445399
13.580754743233125
20.909758952939608
16.68693618463739
16.869111523307502
20.8462817405888
12.889362931515597
20.713800641128355
25.15251116443247
6.639721381623775
7.222018565040083
7.244895338052878
8.305329631330128
5.46950676430941
8.933244013753297
9.188375808126612
5.623136033385221
5.995132254190866
9.315689624639694
6.149950233676528
9.923484734693268
6.384680494390313
5.9453091949809735
8.71997369080206
12.90238521756255
12.101111764355224
8.916457144483195
9.708936726636942
2.9872465465342217
0.30747941749118757
0.29947621126389173
2.9170046578379027
9.12304597256993
9.36786868944008
8.450443222082143
8.658864736529852
5.405199251581349
6.027972014057462
5.743622667023199
6.042178861803137
5.99120538988244
3.235881875101696
6.032752527767001
3.49959821418323
8.486100684895831
8.243488955617282
5.874969956090177
8.355619165959675
5.736152103484125
0.4149183475354188
0.3482169609154414
0.27786043543456584
0.30965287088615084
0.3232706528384763
2.8656556015334615
2.8612480823800426
2.254495302185644
2.2438873503501044
4.7893804239756435
1.8560237911895054
2.277317454688821
0.5623420775296901
0.6241661496500217
0.3808299793708332
2.3396505903715075
0.6881901197296909
0.3315989152463075
0.48446091334653685
0.6438734756517704
0.6154411061005314
0.7519952814247297
1.9341930572968362
2.0019932331895207
4.01503906759475
2.205364381388766
1.8886460105134684
0.7495787234545495
0.7138727465038496
0.5550333228650015
0.7722204826704134
0.5234148939789723
0.6093940310352959
0.43695645602647976
0.46726343468659487
0.3466226373163875
1.2566612484134145
1.5008145637953587
1.8045910792994033
1.5903801818083647
1.5111021762997578
1.7264304936092703
1.2149004790331808
1.1037912910187788
0.8490811573957446
0.9414480552615894
1.1952046370021197
1.1791958060806675
0.8407393269007478
0.9051168972612038
0.9862356285412834
0.622412995591352
0.50552453318393
0.5654882420609073
0.43531529923031276
0.462636301463274
0.46597989826261516
0.48802247244943076
0.6974322922402693
0.6805256237609024
0.6198090412971744
0.754332952861146
0.6363022758845444
0.6192907743790899
0.5125305805796295
0.546146481036573
0.35913177201627783
0.38282008519114225
0.3657221147484404
0.7819595601470437
0.6641322761980784
0.6445146861046678
0.6047463882663732
0.6196256869198835
0.9083846494079909
0.6143204465221672
0.6972146096446892
0.6450513173035741
0.8806487124463723
0.5414525021304915
0.5512805903202812
0.5967352673731212
0.4721302196270162
0.40802256212694105
0.4721536456809249
0.43468855650615684
0.6765656836669834
0.17379955281802997
0.35425091486147514
0.5017424250111275
0.7672502787340649
0.48356588697735015
0.40001920577155997
0.8039403720947039
1.0214969749046396
0.7611972873539645
0.838406701962629
0.7976019665376777
0.8199396179135068
0.7519092808764258
0.881502796733737
0.8793140925503792
0.36415275802900593
0.6260221591889309
0.28647784464840365
0.5093436492481888
0.6453517883493831
0.6046392453293763
0.4318756366742334
0.6097858687726003
0.5752099747700703
0.5407661746377511
0.4978948661091585
0.30896652031563065
0.25568981126045376
0.2948851970044316
0.3134266480339306
0.2961787389272151
0.7916488432515534
0.4194892640535274
0.4619949179551882
0.5647020788758654
0.4992026676997064
0.4933260157855924
0.36192976629528356
0.30790055983428866
1.9794981453799358
0.4019235445414604
0.3709640094215019
0.476137549963474
0.4088094243042943
2.2549657550137794
2.456376381723125
0.6007353964534659
1.0992566863757038
1.0531268904955051
1.4289752006490135
0.4806270029045532
0.5081831360740547
0.6295891958724328
0.4211419182479778
0.6290611682216645
0.599090009354339
0.6282763864235337
0.7550451625609934
1.1642506450680798
1.3397340428805484
0.7315874041289432
0.6723403013300795
0.7517830066999074
0.7273866517557059
0.8393212943021539
1.1961241736722832
1.7875505756068055
4.615117023594572
6.75758150464674
7.695400726432811
6.355714602523305
3.100369705566831
0.7633061073968459
0.8520450978901088
0.49188218516099347
0.5249454816309378
2.8286105062094244
3.6632065679700974
1.3243412477939214
2.9450952526421856
7.011869221050221
3.1105354050736786
4.297824590815166
4.401216237963055
0.8947225779509365
4.140631615860088
4.975076627251853
7.720724909104018
4.220827073495192
4.896779650709862
2.2898427890522943
8.016892911274535
4.548504544644903
4.850108933741886
4.652481027496289
5.463369072271326
8.949623754888291
6.647867941098092
7.788583589305597
10.289643018752669
6.006998041007431
10.053142067628194
8.692106568140899
8.345961944708758
3.891747274501644
6.650087900802687
4.63191780131145
12.318278692907073
14.115022243405232
9.936540520615083
6.47871874149764
4.729605296969677
12.98679667557549
15.518442323414783
9.541875674531578
9.0738076166149
11.968883179245736
9.547727114700296
7.566548787069406
11.38097191184747
11.59557455175184
11.711563161947268
8.246542160034496
12.186427949416004
16.33471730194807
22.7240331832283
14.562385247000217
13.658851621401647
14.4123868169995
17.215634884994344
16.940667256562516
11.621681309656283
11.696709237636961
10.85531247520117
9.99003339342792
13.816079626451033
16.86126031402132
17.207866254028602
14.286039349978044
13.901828657632828
14.185333404429048
17.150753429665947
17.661611326915935
13.260340277972904
12.754810480741595
17.683788114766767
18.19463454290659
19.154900865289502
8.874976867688801
16.212629063240506
12.371847996693095
8.157411185938667
4.662390019720709
5.614968091217099
8.31728464856305
9.383626133714333
2.276179701321273
2.435557439231488
5.4351505589528495
5.736944716030566
8.558896857335256
8.319272540083494
8.24376296060628
8.817499340697875
5.482310508526107
0.21388359062382833
0.23619312393428743
0.27490962215572334
3.180025530668037
6.4961815575799235
13.213007631966557
6.650482189194321
9.69031870176496
6.331403137921495
6.281111163134961
0.3274606464675613
0.3261399469034413
1.911773874251443
3.1785479778704673
0.23888405851610434
0.2489288364623778
0.2931922570928385
5.2467719941231845
2.879947864547418
0.564677550556046
0.3193746342407663
2.9875958570353824
3.145181731964912
2.7987125471864385
3.298240563234424
2.382260767629046
5.152164507521791
2.871332744257832
0.6482937652816123
1.6817176699231375
2.091181084518975
0.2812917720305578
1.4108513157985691
0.5705072899220329
6.933504760116035
4.712381770386335
5.375648771924812
4.936971357426264
3.614608163567312
4.564974371726253
2.0891283781231205
1.8229495232053377
1.007685408235304
0.7532111730478148
0.7042657290886711
1.3302448033154222
1.383031924931586
1.921688416226154
3.1932227193568883
1.5071599571578498
1.6535944416242554
2.9331792293801695
6.273045006209389
4.497278516172442
4.411341281256159
5.269700772320606
5.475181577461944
1.9597951464420729
1.4814028785110942
1.5866452420956236
1.3221745155749414
1.9522065921533849
1.2877108974461369
1.5515771143187356
1.4687354297676705
1.5670298744831475
1.309249297465102
1.4773227368617585
1.311684944212348
1.2618536658429211
1.5051883935393227
2.237104151855969
1.8756688261255412
1.100728327786872
1.1963485838334615
1.6399315191105397
2.032313425363553
0.9006801572603536
2.3558726645007444
1.1700207743121815
1.4434726964100664
1.4276131758842208
1.4578836946581348
1.19143329651313
0.8766868135371494
1.1248115086719355
1.2602420996889063
0.7763826901985167
1.0523918248193616
1.789314933936454
1.8216984290010303
0.8388224793846675
0.9846299631295071
1.1827991238254312
0.6086192062381592
0.99223961182349
1.1669798075274058
0.9686266636004028
1.0694940900730365
1.0095248280989466
0.9551127668833386
1.1332779522376537
0.8464668096648122
0.8646542634764576
0.680698014754965
0.7115304289906167
0.588302081006576
0.6901793102295934
0.8483891997012684
0.36285440086616155
1.378026007768308
0.32000703465604136
1.4527461253080438
0.33909002850862924
0.3182982306678183
0.44384204164169094
0.5340617051578318
0.32675396434730153
0.26471564379200024
0.2695934880812815
0.21066265033771964
0.21865269434281184
0.23550725213265036
1.3358261407434857
1.4415376783028155
0.7446247673039326
0.9902069488876128
0.5203604321935863
0.456648724589291
0.3908361798335596
0.3784248298525571
0.30028090980444133
0.17976784878695787
0.22627929291154056
0.15110778788344653
0.19822383085720435
0.19648535937815698
0.19099385175540226
0.22846426882186438
0.27911448220959717
0.5248828184431134
0.32813435176496814
0.2291410152899609
0.2963957107876962
0.27571512681357413
0.3284457979989303
0.4146918478275833
0.21925714530236343
0.47954455356437864
0.6476837448861004
0.472617136981917
0.5384095036468431
1.1766125190157914
1.4397543454076913
0.35145351361641597
0.562402989112623
0.2968698660661016
0.38370889931270247
1.6853309317901797
1.5744387017416526
0.292394192602124
0.31640338582733885
0.3505802541671681
0.3813177083673688
1.6011961660485787
0.4185950312761818
1.511738937769203
0.21671345868825714
0.27187189521553184
0.6674490188080685
0.255659278901978
0.7610267944735887
2.471952125693951
0.6331981801914439
0.7032459728343019
0.5255195129928596
0.3778073060942918
0.6395553492043129
0.6567139161426983
0.4450148178731341
0.4911292533113503
0.6193953569414583
0.7018201552095877
1.1240436691950457
0.8889407646757027
1.2042990053300289
1.3731638979549734
1.139008338303426
1.0038638604458956
2.720030771566978
2.886710608450687
1.4511346888574852
1.7869876003436929
1.9971347649985858
4.155533163144552
2.099896797528621
2.420426794978903
2.589589312267016
3.369748281199383
0.879141366804882
0.6678971454032734
0.536157428096061
2.6490723843390422
2.9616733740463883
0.6106283280706943
0.6251794556702199
1.5567991203952976
1.5643254042710124
2.7943727213393936
2.028821709778407
2.9282528543602324
2.568351491327332
2.4026153103619445
2.9821496250087294
0.5846299385102147
0.6893136173601166
2.7128114001925896
1.6191859628394698
0.6480879824388704
0.3350156025701911
0.8097608430545765
0.6395036144157885
0.7112401362027241
2.287048507155427
2.6025056950339094
0.7445284372603871
0.9142622104376905
0.8922885491893593
4.853790203855852
2.570594183050976
2.7629539473496623
2.4005334446367255
4.532403560694535
4.673342835767835
4.008536834631882
7.763329631054795
4.221468492940736
1.5425896210203482
4.58740489876647
1.9357173604821256
2.0538269153577327
1.9418645076395573
2.1956718955997796
1.9711714446390816
1.652578081381294
7.379484395073261
1.639801954028052
7.146786661589983
4.490547919680809
4.298431216068555
7.60296547090081
2.7402183359229317
7.622164363511875
6.257116815784426
8.524773372642642
5.100060251401154
3.455442373641779
3.359288615694234
6.080640592091476
5.527007919977512
13.400740911780934
14.278006615085285
5.295294567735225
14.69915776703677
6.225776464611624
12.326205939227183
10.503708704266174
14.253259954576677
15.784563410717661
15.646567842644966
9.775683215574883
19.477144081129357
14.932896016580354
16.2497315025694
12.59355975300176
13.330622780688078
6.3013782481678975
21.646325142573204
21.34310627182136
17.85611458399795
18.342246212969073
22.297296333673945
17.7403122676898
21.899902655276538
13.280730014544517
12.052027324232597
13.006172547106303
16.847857945657374
17.0814775722126
20.19433052477485
21.48752357272794
20.501735421745682
17.406946288106017
13.094254835470261
10.573049096640958
10.335659594654564
13.267169677486956
7.78314566421907
3.8451664613887315
4.083653902285155
6.3745124411948675
4.619997719448665
4.367511770818544
7.663976196950591
7.678493759243791
15.369261508822955
8.158584502332841
19.175851915379244
7.890249369424604
4.157660602084313
3.960636729475575
4.1381571440531975
4.00567603204201
8.016515166063742
13.162246020041229
9.503279421378426
12.637071552435348
12.203988909518227
8.826971330737482
5.52218011235046
7.452343271848835
4.631262113998847
4.816220732487228
2.2577952311345837
5.732602875194994
6.7122724436465075
11.96587393940417
15.92093492425364
15.362406387313095
6.437885949552374
4.708637065795246
5.738615879160664
5.485654616429147
8.966605740319924
8.941474225173371
9.454082855266162
6.752999069948109
13.287105721793314
19.35672967380062
14.006262509609504
5.526104679516788
4.1809787835710335
5.0048068407903035
19.55367326564767
4.591697022651974
5.016820065930471
6.2946353579525995
12.507695608382882
14.412762177470603
17.42759769158662
17.362292237983457
13.408920268839665
9.196128505700376
8.462290143743637
8.639469005899343
2.80628228418971
3.439622121509364
6.208553033277357
4.186763154041726
6.0000775034436185
5.964551678160717
5.077406158964173
5.914817972082508
5.945688955763105
3.778175078985425
1.4129879089992226
2.998948699164583
1.3941018049505929
1.7063099188882773
1.030875679257044
3.980453174097376
1.1300488420622758
2.5363856881303257
2.461734226791177
1.4252276132050394
3.2227380849670255
3.659436844488978
1.2286221109762008
1.8045173755405148
2.0097128612865447
2.3656860528992945
1.5688013779136554
2.0805908232202404
2.54223161139538
1.8858283833723093
1.9162726239044932
1.8356125472931641
1.588390123520142
2.1174206524206634
2.794554173414992
6.080825668780102
6.037183381212854
2.680108144297453
2.832202782336888
2.6435783036610503
5.849655382075779
2.7103984058582666
3.234093431964016
5.591031339674602
3.4265028685596497
3.3622668828507565
3.2011711811693333
6.35811344465707
3.332916615535389
7.788554843727861
9.11607780780139
9.178893806266462
6.3723465736606055
1.8245939770416748
2.6742304732163715
3.2648831077540392
5.224972834990836
4.04259037250891
1.826075038285905
4.271393650992108
6.016997787192982
8.60726205720382
4.1452200181141
4.715916894352311
3.179809480615737
4.303860158088099
3.728431405659587
12.946985279278033
4.288383090769008
6.853159216653124
3.0490831592513215
1.8548351618069945
2.2656753079583245
3.173320183071018
3.0363413600385862
2.9890778314950537
3.1387027062038784
5.544639637971376
4.405817056213929
2.455079982498533
2.2809168168336815
4.844245383913436
4.721658618380396
2.443295404431381
8.081851707858373
3.954279831140674
4.545546092844853
2.5220490768892683
2.4440549539548035
2.612693217376725
2.3640020298480793
3.3486137483882694
2.9299844819460525
7.01631096575224
5.221563775886967
5.3307926921501245
2.6707501626955525
2.203405519349709
2.8139994839903006
2.4248678485765844
2.493885372229774
2.872055031263333
2.3605678326589192
2.565544926924624
2.8601619048366973
2.99030380542046
1.461972507632696
2.4138166481385666
2.541737086771215
2.503044607544461
2.72239432969864
1.577140183534998
1.4872953182206072
1.5903228638951772
1.279477555567405
1.3382103679365325
0.9172231355436329
0.6631587493414655
0.8041712249882437
0.5633420569709985
0.6758451427034013
0.6198716402113092
0.6674580660795428
0.8952364344841734
1.1618773211235538
0.9001299279943981
0.8663725167753242
0.8770987289433174
0.8464185849631564
0.7219241411611714
0.7710673361304066
0.8201155701656229
0.7579505830706147
0.8925982332758136
1.4443780675646545
0.7171302074463017
0.7671121549970394
0.6694311738824696
0.7441552460126308
0.7991937406928278
0.8225634211104372
0.9672029729823987
0.7522044697671847
0.8058475713867506
0.9932513042214788
1.0317120301748033
0.8761113610111068
1.019807355380118
1.064642579447105
1.1678879653547194
1.1612413777984314
1.062089385266933
1.0707412858119536
1.013891763009213
0.9604117076914502
0.9811568190697253
0.9463148556349864
1.0428298848109083
1.2280570254834955
1.2222529935728241
1.439112544024486
1.3771434548625732
1.5486668302570137
0.9573274938755552
1.1270957103388186
0.7698375612434609
1.188652728082802
1.0562889808702425
1.0892999499354192
0.6505739405876038
0.6627813080844839
0.716817151103909
1.029632343978728
0.8738610356233407
0.5040353381389184
0.1595804811542694
0.16238099831121788
0.23931562032782328
0.22121860862622622
0.2927100079555231
0.6458113922514092
0.6007113911806272
0.7632652811275846
0.8192519816878306
0.7302360126882814
0.5456222332603385
0.5445732489266317
0.5700807201116771
0.5219468000694654
0.5973137287475647
0.6726751032914833
0.6738326928051632
0.549227743108892
0.616750179344017
0.5045343808954016
0.45058015460635303
0.4358496290256104
0.8207686973290098
0.36463759093688275
0.2966570584894429
0.37990586334892923
0.41124320177233803
0.28765326077867226
0.46193667939174043
0.6159609057495427
0.6102287447710654
0.7201474732189987
0.40543461039925627
0.553994410421198
2.2443308237453157
1.7385046966360682
1.7220575078920022
1.5172619106951257
1.3633064186774795
1.456414187926986
1.3301251240876286
1.3994941598625747
1.4078947750653046
1.2015078381442759
1.3461670695029055
1.112725033057742
1.173598346462688
1.035176398105876
0.932235315081854
1.2803027792183803
1.2201484903659205
1.089766894106704
3.05674452312833
0.968559230006111
2.8018194074775926
2.694589324166654
2.2416336269380635
1.6736045191046565
1.9464493757194266
1.9960582364264188
2.3854922222591055
2.626427693517694
0.6688867502690631
2.087250171640095
2.6752444760627907
2.192023135751587
4.283165832707654
3.4520064183333696
3.8490799598875904
5.633912501741357
5.358187202035236
5.519169107686038
1.0187792067788641
0.6274622913446688
0.5255842830154787
3.840139631991579
0.7361851202673345
6.267307642258161
5.189646724863897
8.201762337750598
12.004239680697442
8.705377958600574
21.010662201105895
9.792533858311652
6.572691926099793
3.290471587533978
6.355058062676411
9.58384766658907
16.169025510613373
9.722753512624697
16.999829763868508
20.239709235387387
12.880434455925023
13.150667648774306
12.709008996296914
9.848341368721595
3.4405989756519118
6.94532338527191
6.625086287039819
13.802916020644403
17.01328261119025
20.92541235499268
20.50954953117771
25.096420510922435
21.224706825615055
9.973874600943152
9.91261809253941
3.5459656629510192
13.21026020042124
13.56924051968394
13.885082881547106
16.997411601549526
17.20542671631197
20.817540410084927
21.49687577412898
13.247531630048732
13.463978124055746
13.094781876526293
17.096854788191578
21.448374353484652
21.107488998993908
9.374423014567457
9.248850062951586
5.262165837654489
21.344565083786687
5.8743447633083
21.274097879197498
17.366858042728342
12.725786852270684
13.631176174759094
21.668484003871956
5.932347541980066
12.900674766781686
8.552040302459933
5.720926892104169
5.9078111925241865
5.559613588349562
9.820037194152288
6.010911102514376
13.453517874979308
2.611442571201945
2.743117554026845
2.6428089261658267
2.5535383656935062
2.61395556153184
5.736864220408126
5.817474232145886
5.937024608981273
3.3571564225394477
2.603652887705363
3.1684173419370576
5.875434062831607
0.3782852203993216
3.2985261202805694
5.702824887068571
2.920930879372902
5.268490776346139
2.979741696590516
2.8382222349205293
2.9125833704386315
0.2797545503236493
6.064918990709774
6.043101816657831
2.8114309077374195
0.48234860197150875
0.36856385940669234
2.8861450743743373
2.8115582684920586
0.27813374056503615
0.3083708319286958
0.1439535186156468
0.3192426199696646
0.42518132308521245
0.4868508315337471
2.851302946000742
0.6090222855824983
4.90561923491504
0.4354922237369781
0.5018745649261417
0.3738400349902743
0.42004760916835576
0.5765435220765687
0.5974047460536516
0.5824159256264686
0.6253235282400749
0.7019292395879776
1.0533132211568448
0.6075937163988246
0.7830711932296907
0.7098575285777955
0.6914795160673513
0.5686249212453309
0.32093860019817416
0.6339428409020033
0.5452284220266869
0.5866633948980442
0.5442813804316503
0.5271705891417526
0.6608173904138447
0.6576413805156996
0.8207063592423088
0.8789284172455633
0.812853562628335
0.7409281823558818
0.7063459382978696
0.6643758009118524
0.6502192536011913
0.4449678292235034
0.490694648423772
0.4254700693936114
0.5791267589692144
1.060454984935261
0.9041415368292481
0.8730024823308555
0.6899973187233724
0.7718632376426918
0.43876382129866115
0.5187437634496195
0.8673368684745124
0.5430608697875139
0.7080195690659756
0.7050117782865636
0.46113572977965134
0.5745948036045353
0.473201877584044
0.7192822829295584
0.39133624662538186
0.3797471108324776
0.3515530417553053
0.24429141116178815
0.3725601129723394
0.464850506529658
0.3639937907560141
0.6901335879721956
0.3705507344985462
0.3349491782416547
0.3304200112954022
0.4714587801814349
0.20136760490657202
0.2477987511061443
0.273683555981651
0.25829444673168367
0.2179435213352794
0.15584128598473695
0.2452952455330446
0.3765425676965022
0.226389152647105
0.2710040356329242
0.14588100089270234
0.1367297990443857
0.17640652831062695
0.09487897333213907
0.17497847658226656
0.3015794170376989
0.21860716356735876
0.28026169604857665
0.16751788802904533
0.4597914132224755
0.1550052364276268
0.169713253577739
0.15387001913878376
0.10179577522844854
0.10973872292782383
0.180393843986276
0.27776501313652724
0.19289221783587243
0.2077237802151008
0.30672192584472957
0.4396116540455882
0.394983413598612
0.5144375063268233
0.3664430417325182
0.283312857815203
0.3822179260666864
0.253875312668692
0.4826950571029974
0.2423768346758266
0.3585537841537514
0.3156501605705272
0.4063683535785567
0.4877436380262961
0.4306275012091169
0.4483597306832758
0.34415970923367867
0.5868608821264336
0.6256989178083895
0.1305731263581597
0.22078139764537713
0.2145247071732445
0.21491869496071084
0.28090807060192746
0.3664071088119414
0.31038387327580946
0.43876322235825455
0.2827928692446856
0.24125909201187104
0.4782384807193349
0.45334187482888455
0.5612653276306956
0.6812173499541463
0.4483193921014529
0.6081972277222678
0.7848105878902272
0.6739604875445987
0.5193289916078612
0.47650008020666296
0.46592919605193
0.47093853557748294
0.48537991751605547
0.6368974765876158
0.7288026259915292
0.8908157020668966
0.9767526698432182
1.3033471790354725
0.9761912472503713
0.5767742790345586
1.045291818530095
0.9294215423944523
0.6376196128398854
0.4011146250799652
0.5287682873173992
2.110823876484403
2.1723723773081214
3.752022883072572
3.8542295689717365
3.539818956206562
1.8626889084365015
2.3863724290769093
2.6979886289968835
2.6594060124822603
3.0519114404174497
0.7873632512370408
0.8152722289886629
3.0298579147947966
3.1465415251659015
3.233153732335405
5.756786017866807
3.346170464254187
6.0589790921609845
8.245343226609666
2.8589232831947538
2.9609363707070946
4.116592652195056
1.6822967559570419
4.056518348910605
4.479433521572187
3.5252192037559085
7.518992847556848
2.00954792479872
7.239758497481688
4.318178729295314
14.284123910208304
7.410806734833237
10.626738844101123
6.968345308334177
11.905275868912053
4.664103557300942
8.333711050107587
17.197632484462183
21.442364813161326
16.470758764239356
13.333976345675936
17.12176352122127
11.52844011892349
11.3291974196317
7.733147493603385
7.903871742618891
17.108558151574915
15.473612749666064
16.287558970591597
11.516936004954733
7.502583995494524
7.437098700448639
15.97317498501248
18.41107874524145
15.550052099517615
19.87707443273945
12.599510312760867
10.82178776082923
11.294164255200354
19.65969219688619
19.46310334510655
11.095826109008842
11.093408418646266
18.95134247990212
18.21520750117941
18.92159187523953
11.792185296746487
12.281751623536582
16.19218124286439
13.771303219895199
15.330387358613502
8.016737932210768
8.254108725534754
23.212224360563802
12.110143466649577
15.889332120497675
11.824663195702191
7.8793690571798125
10.807240822828131
18.608679779433775
8.565539434173859
9.36586360776582
9.63320270755151
6.706700111551581
9.191583069821277
8.436283522785196
9.254873151711665
11.408157462738057
14.22103466553104
18.847539561320833
21.98999063163459
6.023096162971376
8.754490346369257
5.758394806299736
5.333292359847663
9.035084553877784
9.207805711329334
13.073648278438375
17.150020483601953
16.58961829508025
10.64224776808505
8.30529166123702
8.519355144899988
5.431615707570801
3.4399539936315016
3.016959249375952
0.7351200068105369
4.059926829918756
3.6060409836137026
4.657693765003442
2.8044794120857697
3.5160618572104845
3.7474121779403915
4.874314716039011
2.2458702664376844
1.4343040374194103
3.368417498771472
2.851628762316259
1.4529171934483602
1.5517509685465696
1.7219428126863825
2.678944447506965
2.212075319927439
2.446396517306147
2.0921465109001183
1.5372961395279523
2.0852930198422217
1.2829299348138812
0.9780628426193839
1.5336138243659851
1.285516966851639
2.011312605147194
2.8675189051683008
2.4086553873012693
2.5388086967234975
5.48156918688285
3.647578373714476
2.3931964856789723
1.733104974626201
2.392372138050143
2.7216488877643634
2.7712664133652734
3.001554837587944
3.5392185093819677
1.9905395032277728
2.2305246585298577
3.3490349844226572
4.466383600081311
3.0624158708411
2.7256363101140315
1.1712826535185488
1.203363057913315
1.1983459965805374
3.160027645589733
2.861666789740662
2.781475761350606
1.1651399912480638
1.0802862226979744
1.235259705605551
1.1895312847537425
1.418095418918086
3.1059986497193917
2.567690671955952
2.435057237223031
1.382907105645075
1.4123652570380199
1.2323537086238154
1.303612919739748
2.1799398598219426
2.225006142669552
1.8465725381494154
2.4379774571623503
1.4065192800555677
0.8616038928687111
1.3334848225120606
1.3566443189364097
1.2254997381282278
1.5647464631150512
1.6119198758826534
1.4909841341764127
1.4449907259878736
1.5516136515937382
1.482237325091049
1.7189619701330492
1.4896386681348908
1.7839950738508794
1.6929967586026724
1.357220391714645
1.1840982640393725
0.9315423724981263
0.9834594109210822
0.8988973272303008
0.9768440160589755
0.7669238467656265
0.7802433497648162
0.7713290880114027
1.3610163187832327
1.6254297107566262
0.9069802549167079
0.8935520935569163
0.8948562260996009
0.7751728704031859
1.3223126975151094
0.8042650349931604
1.0178668508462514
1.1774765259458975
1.0526586431274614
1.147699916317935
0.9842144978448568
0.8619095514544851
0.8862781194005829
0.9473592999203703
0.8923613597091153
1.2037912291860953
1.1837954318814186
1.164177812122666
0.882640878886756
1.1319670928008991
0.9167438113666375
0.9551602874945756
0.10436616591103545
0.1930235886731278
0.19204007374448842
0.3519994623829074
0.24119407406772045
0.39997707903102103
0.2505234757041215
0.30613697678781965
0.3003507486333478
0.15067466239118607
0.20887079914266155
0.25492018095982927
0.3533262525933396
0.7004047964171103
0.8474546929211895
0.6303064018911324
0.6234743716973379
0.6384572445075931
0.3785900227087175
0.3484035211866409
0.35242937500360527
0.8266318254506503
0.37963833364636457
0.9853146174166616
1.0222618806288892
2.6064077115011153
3.724175923999166
3.905448153351613
4.75233358182051
5.8129170501493785
1.2909864367426314
1.4761431161297565
1.954694387878801
1.182283337258943
1.5779404891669038
1.9617428178015874
5.796814324951188
5.484190704588439
5.325252948095791
4.642261318495759
4.330870881576755
5.017442477964656
4.891342411479
4.573842761639538
5.499107040462201
7.555379067477359
12.659167273741325
18.101511873188258
14.905814765022864
9.044964348047149
10.724099240844643
8.59648978482377
5.8294049711798825
9.477174983016457
14.071187256146581
11.543006709183526
11.498223694065238
7.417885312768012
11.496215371515706
12.192126813298506
15.865801074512415
9.320298678757123
2.8212732403890284
3.6275765018815584
3.663157961142847
6.511175379634976
6.935656929216755
6.541665921854715
9.329680897049196
7.256272860761159
3.952925402384519
5.187221427786114
2.0140053683537142
4.854375023999936
5.587383503158842
6.430302172022758
5.999074710940638
2.946863050982732
9.061361098756295
5.3981513956418805
5.481238777203833
5.7459559974242
5.477668978851744
9.40504768109014
9.362519815596585
0.3998077248754699
2.8490388237108193
0.39080589614753636
0.34923556157589236
0.3679990260118614
5.589268476436443
5.855351304708706
8.241357008657031
8.27888660743157
5.364689353866205
3.0179711376018967
5.884610692393146
3.1822402346650307
5.113395520727898
2.5384180391449496
4.049915627995889
4.559243938384204
4.0210319068932545
6.699235910661001
4.519394128878693
6.599649223730074
6.512786843062116
5.229926610341941
4.8049731678056755
5.693736577128044
3.194878659780699
2.852282220466238
2.6172709845120923
2.5787180818792548
2.8667398655710032
4.1579883372021
4.236025520649153
3.5794886038124694
1.264410695677035
1.9542097112910604
2.6699673610705985
2.148101930747951
2.324092561465878
2.5406822560348705
2.77563463719912
2.910538236293894
1.8534810025352555
3.894559464161989
2.4968430342914747
2.4700247608734545
2.707002897116646
2.330820190670413
2.5042592189094175
2.6006509265416677
2.637280129560141
2.013245636566493
2.4241517381506203
2.6565482529328355
2.6036327591058495
1.7633670686249558
2.435491776797872
2.086745294251502
2.1003231141250343
1.8232502087185036
2.369562361071712
2.440279866873421
2.5217778710738106
2.3105832168306955
2.3814388545068677
2.3307002071601874
2.8403997689387075
2.6759276126940863
4.131745496991277
2.698557239453122
2.037525185558382
1.428475601212954
3.564134236554424
3.888250274443947
3.6059508251005026
2.097716149531771
2.685289631539996
2.2267301901509042
2.436590509104424
3.090982116021506
3.5466719949620087
5.589168207545577
3.3795425324249777
3.146693115153901
4.347128849291533
2.758155660837665
4.211726700706675
4.460032759427499
3.1285620463976236
3.781046732767975
3.1590644986526053
4.372856000285128
1.7581553919353272
5.7234062752336765
5.00960984345768
2.6165320701022052
3.001670446586105
3.330272008247321
4.240952424211191
4.11709193692794
5.0255524819128725
5.294560196824579
6.300794759725224
6.300400056205662
5.628080421515259
3.207199494598247
1.9220332529287947
2.5006913070471812
2.6076113497758446
3.421836224100584
5.096921712822289
5.574557806662799
5.059832897037048
6.678725571539419
5.6549856512766095
2.2324688341559193
1.7788405074495592
1.7293093004408449
1.4465537271202178
1.7007959832196384
1.5592705260526842
1.2800673095455406
3.398706183303598
3.190678096352385
6.985926977302347
9.482154685179264
8.510994413856988
3.9241954596495225
2.969928645786842
3.661048096795968
2.3617462467425456
3.354823750770179
4.577836834291736
3.5777862661200914
3.9197704973772014
3.455446735634986
2.518202720309235
2.6326363755353386
2.956243169212382
1.813504085871887
2.3107880856863328
10.764978547668871
13.636684849806752
14.961719359650678
14.733111912748479
11.435684937041765
11.35687892526218
10.517804514242565
9.770210196374839
13.500995394722349
10.488996183866242
13.41443694482042
15.002366703145848
16.146274754315016
13.278024285119935
13.325495343580112
13.050202979832246
17.12214625086073
13.592652961192476
13.516888262751056
14.886734542770615
11.802958515137167
12.060266421876957
11.510099639950557
9.501031948040499
9.02112668383835
5.8220623601303725
8.5390509419683
5.015113941480287
4.730141043273226
6.398187694927243
1.7951564324474591
7.568294430615272
4.13802075168672
1.7087652813180507
3.6713828361221905
6.26626178453643
0.8498737810261607
3.2475789022756105
9.371531751762895
8.246588738949445
5.301305977549261
5.661900645508304
7.680302277292093
9.343349210430944
12.282019613984247
9.940764983290611
14.317867789166616
12.398656110927543
3.1441122425659036
2.5556371993277254
3.762034469189804
3.9576306950868663
2.591036239854307
3.082764434022422
3.1824843802430958
2.9139481776706178
3.8772031185578664
2.9870733296813934
2.561830855129633
2.464308836499555
2.7067459104258886
2.4499938931409186
1.4995602050231958
1.5383712459690675
1.687955535519977
2.3930627689290978
1.511852633503824
1.3289640067771102
1.8750952673995145
1.3867670025699392
1.265983980175729
0.8649484811826615
0.8426411323496806
0.7501444908596813
0.6483024022306735
1.0271433905593934
1.4608163022402267
1.5057003184061464
1.5160262533279485
1.576116299706766
1.9161275174950254
2.220450942259957
1.3807558556885102
1.0190943465937514
1.6431539304137686
1.220048303876377
1.3377703642361336
1.195609376657796
1.072406898518059
2.1858597579429473
0.4866464096094177
1.993003474296724
1.729973697481714
1.640114233711141
1.0894262939190675
0.9706011754210377
0.866468667480123
0.9613332247353084
1.2308457399274886
1.5487827413610178
1.899852838076662
2.126432013247705
1.966886851722537
1.6220842427083333
1.0711388778226252
1.4208935991400948
1.6499892474364022
1.6445781643285273
1.1561031392255061
1.4204900788369286
1.329115897415742
1.5330807581552692
1.522126648003301
1.581918990325162
1.6647624035328292
1.7227945442589743
1.1596450098996458
1.2507274799328119
1.1215388823906909
1.2404205250496811
1.1281616701753499
1.086571245176787
1.3548487686275146
1.435456763770746
1.4214152036509229
1.6469521281488633
3.0692128619239503
3.448656108125552
2.9648909409480266
2.929589077447786
1.0837271064479252
1.5256460793242916
2.4126547616063077
1.6331333920767068
1.8374922826120865
2.385829432178041
2.609647311559191
4.054165441168012
3.865225167367516
2.971348177956079
2.3016080631109808
2.2971746619905713
2.5362919563878665
2.8861860279432183
2.604991296491224
2.4026864111640593
1.750308810589749
2.8980601260322842
3.152558123660012
3.225009236444651
3.0288384316821877
3.3635766231216975
2.6898140116318303
2.33354822364553
2.7159923369863384
2.451468241539422
3.1216464718753834
3.2476626937001307
3.516351803652385
4.66878345458924
3.1832923755372877
4.552829232121695
3.1372772466374683
3.4181417878903155
6.382291691806226
5.084714832457354
4.4751945141694796
8.348476475511188
5.616514013634796
4.2172973149189685
5.005603241680191
5.204904909958147
3.281301259573803
2.9330366719546883
2.321183943477809
2.3520004414505977
3.112166445478566
6.093468587836326
7.000452084015938
9.81234270285979
4.905768124782841
8.734395477625473
9.26201782325824
9.845604135001746
7.955781971249986
7.7286489199815325
6.83790815798279
6.483902069550297
5.768497832078953
4.1719058978695855
6.767780693273366
7.186559917543233
7.307624196007933
8.637152035301913
8.076516303007123
7.799568400935253
4.800609262165809
8.382305816065386
7.285642928828745
11.913009061054623
8.645281127980457
9.191147043699821
6.917097703187311
8.137057143917463
8.894732468837468
10.467366196972323
7.64967363956644
7.903412172636074
7.430394230181695
3.4292126652309656
4.943020364652478
8.76614322118244
11.176975363326648
8.03533059532595
11.322320898486671
17.600083771701712
20.87558715080815
11.95947299001798
4.079953256317348
6.505374990318782
4.169369810628645
5.439582302660805
19.18055355394557
17.21477859744015
17.908155347543016
13.02258697881706
6.430230496805517
10.973867619615715
12.702983196734285
12.429179654766859
13.494567624109584
14.808688923091974
9.641753922306082
11.31868353938066
5.61368950443895
14.747992323199615
13.438866354903988
16.52439823348742
10.64416691830984
8.999181936561705
11.927194905278713
7.970902663981063
15.640121243442655
12.054385538402062
11.09276989996346
7.822383883982364
9.693529947361547
6.18583158120628
6.414483530258364
14.473372618216725
10.326022210276461
14.423192938055061
10.336531275238519
10.46825038244619
14.563075188115672
6.750836797154984
9.442629439966787
8.474246428515723
4.81341941639564
4.934532325195699
5.639803683614824
5.725105154035194
7.544008355127184
11.897678989640763
7.136682967044978
12.215151568228347
10.865114097501362
11.462631463174848
7.454364655191145
11.241869205655878
13.252222054340919
10.537661460254904
9.83305266973385
5.3373223484035375
4.0849815563390415
4.385766438745361
4.33754576126786
8.568947071011438
6.921741227713301
7.18319300179431
7.65206788872853
7.255876657930583
4.576354462708934
10.589619517976802
10.708545478602097
7.126920818667098
10.976032005436004
11.020222938984062
16.443316900557264
15.452814014764982
12.148937550004689
8.344234556729589
8.08974936264003
11.495729505631498
10.732138280774306
11.870014199266812
11.700005699259085
16.63275930193883
20.81557893064854
11.55459117515138
15.179952600297344
15.455452404510094
15.550051666079607
11.393285197357423
12.100663735314614
15.7829170149709
15.289374118932205
12.593880788051537
13.824348926734165
4.885344523735007
16.812583209324238
11.046205578658533
14.823411710728612
17.440083182502693
8.69588166546826
9.537230462002423
14.29033647985168
11.623439845606685
15.152992189589359
15.073790253282947
17.20206533621064
10.24048222976334
12.065449229664347
2.878144583196175
2.0302199056404695
2.0956263739704464
2.3921091522543416
2.5239933880844307
2.9877406907901425
2.4170450104818455
5.430749254919634
2.006629015015257
3.4536462703280284
2.1008817744197854
3.2976881033101564
2.8560406721190326
2.560158747021055
4.170879327497628
3.9951391886137073
3.009530726296851
2.255916582798351
2.306442790335129
1.9019979003706289
2.366614807375061
2.33003433940788
2.0042166982229594
2.2156338800982462
2.8826393414511484
2.4852505171792365
4.270194111477796
2.9535175815560484
0.9015345717405989
0.9598505699015488
2.1231345417594225
2.0126804864748182
1.9050726995751077
2.0876279732944423
2.189243920063183
2.6496410401568715
1.217278755713359
1.2406053225003126
1.2266759354131378
1.0565677463927163
0.9990173184334257
0.9828521233793204
1.2010929478906633
1.4530145271288835
1.291664058115233
1.2216080728255405
0.994719356932322
1.3124456194415721
1.3387277867759955
1.4756645984243277
0.9260763284008752
1.3411015640019692
1.5666824758874802
1.7708117153014222
1.5115923111095688
2.005269574793838
1.630317723259666
1.7348397614562525
2.0482447154968306
1.35430975402245
1.98347519862464
1.9344205727747572
1.676988901023836
0.9284199772757977
1.4214379090864635
0.944744318521281
1.769941650072461
2.5780031328828743
1.1039195315685677
1.8646968023970718
1.6091800993320824
1.5478443206994565
1.4015006018225376
2.294704714802712
1.4829379280205797
1.5402263590075262
1.294293585175584
1.3268721499489984
1.3553366600099594
1.1138679213049532
1.616390113662371
1.4131402436082239
1.236442611281007
1.2858255898871902
1.4693192139608915
1.1228234658161202
1.4611910184457697
1.102471873575046
1.7321772568002995
2.127313645062796
1.0439344227147984
0.8401594138735924
0.7475724273508131
0.8970962305652769
0.9904734941089355
1.17856628335374
1.3821105255503896
0.7701427050320444
0.7831597823222141
0.6574319337172535
0.8299329513617408
0.9363729026724099
0.8834902697044251
0.8284805248042517
0.7751328352331855
0.8417460540360941
0.8294539971368629
0.6727390667865524
0.5796173984344511
0.805219591500786
0.8424490190834097
0.8614961156991162
0.9391298901508078
1.3002261680332055
1.4317979319116598
1.5496149720058854
1.5412140142156976
1.5374648506743769
1.6551641735114413
1.8468196639038745
3.7856941161727056
4.517238643062863
3.5064370484364398
3.4980924628283376
3.3099833239800427
3.8289252497417556
4.45550299674656
4.818228906383206
3.291808829446
5.235779174631028
3.4168219053853823
3.0464112695954593
9.094305413860928
12.859864856189512
4.809730041803697
9.944806425334013
7.231204415770172
6.62458772450354
10.141678205468878
6.560864226946229
6.789125262894027
7.324832519210193
11.343777431360783
10.643406052362126
15.553661765392985
21.72211405222772
11.810629389345564
11.934084268804217
9.504961816470571
8.91851157409348
10.247475514234695
11.665264629300449
4.1442779074991645
18.017059599161822
5.893166383931489
7.9679367402480725
7.336533397763596
9.402820470601224
12.552697591169302
10.22496453448098
9.202533235662807
6.216904920397983
3.309062842380871
6.534075992639897
3.277970058755969
5.185415211553467
10.2380437097538
7.105579109973978
7.666104378046095
9.816308056128499
13.66560188001257
10.131932232978944
3.9081066731702094
3.5902319689466595
1.1010699490752498
4.298896722020909
3.6023252351558575
2.901749985381198
9.679255028288091
8.047682265405978
5.873110325049367
11.841278572039496
10.391597595946601
11.548285153613017
6.979593714912321
0.9468258776926793
3.4889811012127536
3.226020617070364
5.2155631624476255
3.424205053372834
5.692546613554445
9.819451602816432
13.873141731750229
19.643506458600434
11.47383459712273
7.107729902301874
4.2091437321746525
4.681211671839275
4.785617997468892
3.590666360057015
3.2253722800522993
4.265978976220632
3.6035850989462936
1.734711767593888
1.9889763824883864
10.754104210251294
10.592253187280265
10.38107032280158
6.558668297185744
5.929842389444796
8.432627829608787
2.8842493741206336
5.615294487537637
5.0019140169757295
9.479935378694046
13.171697418523632
15.464928886964188
8.861715258067372
11.285210153248986
14.72179590966951
16.353605955554993
8.566847656411097
7.8668570126327
7.928731119731855
4.036037312147288
6.397855584915954
8.433018911009695
8.63774765006195
8.215156273101304
7.703399251246698
13.602464093252994
8.385567127877204
10.205757697241374
4.936983457421371
5.63107854704433
8.459379400594242
9.004347461085539
11.50880647836527
7.9355258222039495
6.919574174153607
11.743899985652567
12.441162991545074
7.2554020674698805
4.989077435478938
8.5543212195216
8.792917547191568
7.499414402059587
16.546242613503544
16.602664553665512
14.388512492325043
15.969291984328535
5.619837925446377
12.413292072322665
14.890693270664968
8.971074846215025
5.489735390535717
12.649842709173058
9.071884584171311
9.151693345407576
13.30377768629936
11.711800036682973
12.065968893846946
11.684615258082923
13.544088349144758
16.77141406403573
14.405923520967054
8.509498771440436
12.533717624619687
15.032315183121359
13.672754234766279
10.366709553158724
9.622074859495111
6.818939775267427
3.88450629470478
8.782742091449752
4.353488249412587
7.903886295299458
13.981479247501293
18.39414314964739
6.209901880767687
16.677992221669037
10.231638677431421
14.368708755703688
13.982166443485914
6.460266418194417
6.791286381191123
7.205264565942926
8.0655217993634
8.897066091885359
3.0655869942166367
5.397829389215907
6.305868714688571
6.183205874590456
4.879378007853306
22.560564643007815
10.943447641359331
10.176556408533255
6.857890609156011
11.268218648346227
18.203614961183323
11.96699063075937
10.440292709377914
9.496508698450587
16.585496432468226
9.69968214580974
4.23660777973028
3.0956627846240647
2.868885797008556
2.7461752562608512
2.0773667789608177
6.391326292505487
8.788528352878739
9.084371308921305
8.230570305471813
4.999797421094995
3.2857079306174555
2.7042698014023276
4.557913420592047
2.2552356905464044
2.5771558282519207
3.342709780205374
1.9459049171189053
7.025775544729916
2.6981913141618845
2.91838013654968
2.5191515924755707
1.100808280077111
1.1159491352144681
0.9643876684902206
1.3670190143536554
1.2333197217795546
1.4154754084543932
1.791308484159691
2.705190709391382
1.5076514783077202
2.0490846144077075
1.5723442447498275
1.2198611398576094
1.2778256495314915
1.2630997926457694
1.2070674906330692
1.039455099916132
1.0714149418482348
1.2491144162659498
0.9708033629685809
1.1449121895542493
1.2129909952616835
1.0989485959205538
0.857964067360971
0.7571022231984611
0.5592036047921379
0.48082897384187595
0.8648086408969557
0.6960146122630052
0.7837078760162599
0.6658151897939788
0.5677286865220426
0.45827327234991994
0.30204387059762483
0.24618467033112604
0.30128524835065484
0.31971238921497613
0.34157215420728587
0.4159476359500327
0.4334609119241269
0.34236244241870534
0.3440225421392839
0.24545669954616542
0.32282421368385655
0.2537108818995346
0.2536500132746782
0.2266394149189162
0.3111319653019572
0.2200173632317926
0.15141592351141636
0.09300804247474305
0.24992820582503916
0.2745774870639589
0.36026394231834163
0.37458656710265104
0.3475027742972857
0.336258503913834
0.37710255030156975
0.31995584656771614
0.29360954184041604
0.22862205930816532
0.469924209040011
0.25117705458639017
1.6675822029926621
2.0272184848801054
1.692644534738864
1.1495186895661642
1.2349476235207786
1.0152851476228961
1.0488696205311883
1.1713496857709467
1.3953687336043898
1.261344399797429
1.370051398163908
1.6799522217621246
1.8647935212726328
1.28405903067243
1.7012989094240236
1.73586422778279
1.977835419660004
2.119758563307392
1.6993809931761183
1.7731249344342799
2.6080508503281834
1.3882635163649386
2.0770750638360718
2.6798442038420722
1.3799346785197593
2.36830129097205
1.5849571893908487
1.9625205251101705
2.9436469739558886
2.9595670320119964
2.3646741666489035
2.9987964143694086
3.6291080764260784
2.949546360606175
2.7610832879014864
2.9769825338453932
2.438063442927768
3.581271172642895
3.740151074990984
3.3765069007551722
2.022258604683755
8.956340724980304
4.471008535796804
3.5609979028911547
7.788190561775991
2.4122673492167053
0.7977183577289993
7.362910830602891
5.72271462053573
6.779195998605298
0.5988277629875092
6.931340827853461
6.043193954539562
5.722735417674274
2.3982730444979787
6.845345904560752
11.826278798808243
10.506997224237516
6.20183553144675
5.841324256277962
3.1589014976551857
6.658307860862813
6.917321035953824
0.2821464409206814
3.639811836346483
6.447521199312814
13.980219278743107
4.108112402014455
6.394433960180986
6.583133384694745
7.042742276067257
4.107636613016349
7.779353307561334
7.991228999645889
22.02383257504178
21.30940825027097
21.92957711088749
21.515876140475932
9.593845275758657
25.588058646615952
26.145054798382393
22.967404265571314
26.8776226449552
18.716330273003884
22.23859094888881
14.449704490542421
19.225720684459116
15.165293553031976
15.079070727790903
10.30186518406332
13.249743060071788
17.682221596260547
9.87545695369611
18.487149274856936
17.083914955370293
21.884613578157182
13.917646685576624
18.378087600928218
17.958039971266825
14.258860145981174
9.816189309013913
17.54762126137158
6.771162691512801
21.497001140358392
20.96257035095765
20.48786540929804
17.085046627161944
20.94266945749233
17.98533569491661
18.76850316403021
10.88108106151429
7.370209665782485
17.729284100608453
14.717097525258719
19.15627902616779
26.345408640340146
13.983820318305721
12.989092050690505
13.327946365783234
10.480148008954483
11.009803058675605
23.70668069744757
18.253955706264904
23.43940536924263
19.333707191363626
22.410222292091373
14.840176804186276
14.737389549498918
19.02354687981915
19.759904234695654
13.116665041639319
13.961210698491735
3.2478870316210915
9.934757754770207
9.608982340084715
9.889482450859687
5.935833533758158
13.83710499300623
17.39659039154727
8.27876094403791
15.014569597446888
12.324064058395503
7.744689538358484
19.73095467440051
6.26147446029003
14.235137185635605
8.77661534087376
5.179659000238827
2.9530313659603777
2.3432765733175587
0.9800704629928667
1.7441954224909746
1.0329150087251437
1.4988344943997418
1.0498727417714222
0.9039954234057366
1.1557643453751427
0.44227419653636246
0.8580230345000045
2.4464394392137616
0.41280737893167163
0.15137014438688484
0.4600413672153453
1.0845388460048409
0.27372057456524634
0.07496710843471116
0.29599651354615775
0.11984015674572508
0.4370517791879852
0.26325640030783676
0.5859078453253843
0.25047028656046827
0.43387426461567447
0.19873503433751077
0.1049718910930385
0.06315524552034107
0.07054734299871378
0.11374237119821795
0.05303804566698962
0.11425333341967236
0.04072001403419012
0.33956967753149936
0.25545244624044533
0.2504496687051419
0.11633798162703986
0.4576362397217449
1.2655623059482957
0.4346108996609984
1.3250571958197486
0.5003468627223002
0.35803427845081226
0.2480618254010653
0.04787439931250083
0.05991994304522626
0.05074953456242669
0.009317267622948325
0.0345344832951634
0.029120451457728836
0.07708527548237748
0.1286028109052802
0.10761645698680292
0.09869613127248127
0.0966077250765297
0.0870426026096904
0.17823883365093526
0.11737119729111538
0.10269023497434175
0.10412164738751853
0.10494301883106358
0.07088111722720478
0.1021901338644795
0.11567859454900373
0.20295667380132193
0.1464493822159885
0.07606404029516341
0.1778015104262402
0.08601190804608856
0.20117983969743153
0.16037497289558256
0.4494524819687733
0.38038520204712567
1.0884854347480952
0.0911449594012614
0.13710855344775552
0.26119662073908423
0.41842412089721515
0.7236661283374437
1.5731539903607956
0.860090719683311
0.48677028712124243
0.8315024377695464
0.5314576874174094
0.9750725110102895
1.5614055622803602
1.6636954789212468
1.3306230661809622
1.5045545428580753
1.4097348643615206
2.9626732509096
2.997196371246665
3.3797304132303667
2.081220097413007
4.29512280060119
4.423338616555318
3.9707344006382237
5.17902950580897
3.950786634942812
7.868779149525854
5.500852162664609
16.414326172912205
16.778804824582142
18.091616166978106
15.338476198671765
13.855173571176433
9.645085433796059
25.886968350815785
8.087963631483808
5.25532941902027
20.457565533570644
8.508091534882208
8.537350026679544
5.009468226472481
20.55393655271153
16.48245434851613
9.363885413530436
10.458557506108537
6.735404173564791
6.464734923511668
10.355729644959096
13.760233360057725
17.264702539350555
12.9748248820849
6.485644183734353
10.426409238841128
6.739939526966317
6.961926748153848
21.66661065513087
14.19829221950977
13.94030701618741
21.696743400244213
14.314700222234364
6.9477605528946995
10.809676399925909
6.920932444845052
10.851662577391538
14.346880307781905
22.31570059992917
18.41823404721587
3.2530760549842106
7.203161005753789
7.0466321721920835
10.33393498346813
10.592177674282764
6.741096381260332
22.707344965832316
22.394458677167137
14.561495255781074
23.036310863955237
7.006456038606961
6.976561413456658
10.612553636154313
3.632780277192585
3.01042245800798
14.086055372435444
17.603796077540554
17.91130960096263
17.730702842290967
21.6032261050302
13.863395407638526
9.89639672582877
3.5382156197354213
6.339061015830634
6.509469872518407
10.320598629945696
9.805528059229019
10.62581613392894
9.113293153183447
21.062099601414037
9.262889951901979
8.570514616732714
5.681182438959251
3.6986894433079898
4.213930587774733
5.988116664171152
9.426743238525463
11.327569037133815
23.716202379200944
18.83118914521173
6.42736469169822
6.210529703441658
11.867346086452482
7.645129203999107
4.310436453284764
3.7000596253209905
14.137680550021253
12.969493758082763
8.939347628709731
9.683910037960636
22.335601239438382
8.169586250168758
9.61963851667455
6.389294762303064
4.903658352950161
2.1808518404431725
1.999482521198867
1.7233164183279281
2.0868783239035715
2.7768279789581847
2.4317145215684164
2.260334603630913
2.1080443432318248
1.6273153556325244
1.1644951490034496
1.5340112338730783
0.18435065064155828
0.25667865546442464
0.5217585825258518
0.3866439874789981
0.06037821352682009
0.6476931021013483
0.23209008679542698
0.7326122868536433
0.30206926298982706
0.2454644399578921
0.20733255770816444
0.16348829483990965
0.06890746756289234
0.1899765340425737
0.07520638918108198
0.020967116474368008
0.03000951000077371
0.03359273675284281
0.05680916328187587
1.0295002690988837
0.4756464830761741
0.8415040760307926
0.317205344697092
0.7527147010980103
0.49551629823590904
0.39276486413979095
0.07918814964257377
0.07314246833246396
0.06803021556683228
0.10485160003511693
0.04405866188256656
0.023130904453461047
0.015374919391092354
0.11859456877713517
0.02527538434869379
0.03476227738055789
0.026499522316338297
0.05390648167972173
0.0685634943657925
0.036935146935522474
0.06150223811177939
0.07410878872845425
0.0869941054554124
0.1144195816199542
0.06392257775555263
0.0535429775734854
0.0862661173575869
0.03140476504157059
0.04333092587232876
0.08527346225219727
0.08152297767480621
0.07206458223759406
0.08926828740114719
0.026502538780004813
0.13279069872461904
0.0879130172350164
0.08875574905479078
0.025904964932339857
0.13400782260356417
0.14088029472827537
0.22660674463176558
0.17919630553197127
0.10703912660409338
0.6609376023364425
0.1608383971217425
0.06640799776253709
0.07357591771619386
0.4476202451177819
0.758956421799926
1.456729674301473
1.7023855046681042
1.1776553869640887
0.76217004559054
0.9335912098696333
0.5915068687790868
0.6312796970539013
0.6683909878346435
1.0867069448189421
0.8281352930351853
0.540225549350919
1.154679017273724
1.779807401643445
1.7517897396752204
1.193597268857352
3.032819788540531
2.3092533493658705
2.27061618445457
1.6674918775871124
3.830085843769821
3.6644375537592495
2.986400944460989
8.05496966864887
6.087726493376499
7.478858808554096
15.048226542837018
11.528718133140078
12.10569282083991
18.726412252728846
22.683390454677443
18.629864513863996
18.00850107445799
8.512632676066586
18.856447711735726
14.781177483276995
14.014189588534347
14.303793331050837
14.845326573985295
18.742376305371632
23.293143511138688
18.23664211794874
14.539686971921915
14.365955927362714
14.000415097319685
8.362231229318796
26.183660791955116
26.464652696214717
18.538022272125385
22.487386687874523
3.5361159471430286
3.479403881968602
7.4210173704933755
3.7058728017277724
0.03731920000411215
3.7522103449823865
11.077170885889611
7.306962710253073
15.204542343443586
11.284917377884671
11.079309977653022
3.5706513272034663
3.3956858376064454
3.6135768935109156
0.029182748060764707
3.590488231955736
3.6192499672142375
22.439039953519913
7.302336111746291
0.03362360261633761
3.555838662890718
7.101722697941812
3.5769361785874603
3.5904363347745383
3.753446431465514
6.936183564299734
18.533582149264454
11.034364558366883
7.105283053205929
3.7430279589780477
10.566287401787719
3.3102180774472116
3.4140337533171596
7.45866025518653
22.53035251193171
18.550165665369775
10.498361629751344
10.49604727793638
14.060671497229228
10.336680890459911
3.372304880865299
3.441912815498905
6.862202738222209
14.296162643934366
17.772271065751404
13.91654586538834
30.50413569833787
13.742886782605888
9.309065764973038
10.290549403314992
21.152950291194294
10.228870556939404
5.627744362908188
5.754986064377752
3.7033953462316185
2.7888047990654807
1.701235536419992
0.3864121103500998
2.508402592416835
5.847860205960777
5.265684626703444
6.986479972735705
3.2747012019402852
4.1708415780385195
3.3562508135397713
2.140296845623457
2.881886442966245
1.2421907506889354
1.2021204965154257
0.9549736391645485
1.410627969938446
0.22189760340035009
