0.008696356572455608
0.008279229702048928
0.00805662137508644
0.007950534349370824
0.008072338688739656
0.007922616688828165
0.007997096299749682
0.008362006925709802
0.008325388175556373
0.008427737964833823
0.008390493636721343
0.008334026311414233
0.008129937658196883
0.008158792268681336
0.008215810614516757
0.008181277212675734
0.008048612694080639
0.008155217588698426
0.007911308345889505
0.007682055576630023
0.007964854865662108
0.008149771659483676
0.008138634015642862
0.00838954867366832
0.008488581806667584
0.008681063638538327
0.008669225941811392
0.008706836818145446
0.00886197041686514
0.00914035317849298
0.009225860914688102
0.009495477997158068
0.009566941884811258
0.00904219659492234
0.00892362774468883
0.008861067030063294
0.009108454366109228
0.00912551861355777
0.008866607605229324
0.008567448692958508
0.008511374648428032
0.008504138078205716
0.008389974301875085
0.007950518158237515
0.007764069838960358
0.007518106963549926
0.007352441278090529
0.007468137773956924
0.007703031235373787
0.007967234155588305
0.008265403818507126
0.008424889096454337
0.008930024073387366
0.009328836218102814
0.00981389798491604
0.010058184045771898
0.010639608922755475
0.011239280126450587
0.011580098469569294
0.012200563940358896
0.012821262161906044
0.013464318670222011
0.0139503116105161
0.014808871482223322
0.015050856019167603
0.015635754560024116
0.016240929453023877
0.016683702057755195
0.017318268891941
0.017619504411578005
0.01781916613457987
0.017822299298870983
0.017954249894709277
0.01828178702280452
0.018485926297111925
0.018931107037840723
0.019176019044432828
0.019338441315629215
0.01946383233353028
0.019587367549375612
0.018633980430563312
0.018576266852431165
0.018489031797942482
0.018568895253615193
0.01870180966055293
0.018636817869321292
0.01854875556307547
0.01832576873003388
0.01808470043579377
0.017539452550259814
0.01749863609089693
0.017462989831379422
0.017582254702815835
0.017531816164502924
0.017525144534252933
0.01724363874465866
0.017119925102517967
0.017116624875204014
0.017287638924831723
0.017560147860959628
0.017975620977882
0.018145949864698065
0.019137042211631306
0.019364377218414726
0.019270438845023684
0.019292115305105398
0.019391907861910897
0.019500868939876664
0.01968766399021874
0.0201299628004108
0.020222392796203505
0.019828675606469164
0.019591807009216346
0.019467937403875188
0.019231505397490304
0.019026214128918882
0.019039741107253434
0.018923282974754315
0.01850828021166005
0.018340653785174695
0.017834090981202495
0.017732934440973288
0.017509377488909725
0.01727299918546791
0.01721543196751369
0.017034620295279343
0.016753665994409507
0.016788640090466284
0.016706298661416014
0.016595690930523578
0.01658105610029275
0.016409305533357527
0.016380585827830616
0.016450759828895854
0.01619193199562037
0.016285351744642504
0.01642148077703294
0.016497855753112824
0.016441959154802573
0.01639611460292368
0.015617232550930848
0.01524514346613024
0.014787297142275035
0.01488151093110841
0.014970707293704566
0.015131352535157383
0.015542575242991546
0.015944403273934437
0.016413583822078526
0.017581862555927735
0.01861148888697429
0.02003174606015733
0.021465720886097373
0.02279484302483961
0.024167762507545796
0.02190180100370716
0.02189403397258633
0.021910111993760847
0.021433589465791124
0.021158045248089306
0.021149960853089712
0.015267032053843485
0.014270075925544159
0.0131245671205454
0.012140289925063911
0.011798844943273625
0.012971880977106161
0.015830139272193615
0.021208507713433473
0.015355050290723659
0.018330897939257774
0.01666618615500241
0.017803524039480205
0.018562689524782926
0.0197359979294535
0.019843601932829573
0.01954210028283605
0.01907749390683221
0.018598790407144683
0.018518217214148418
0.018106784547826233
0.018109104202253718
0.017726812061596462
0.017783783465758644
0.017637953736578553
0.017250510538630658
0.017004387459864365
0.01663907385286998
0.01627826423956851
0.016396409023418324
0.016163002368698685
0.016095599468891497
0.01602667976102625
0.01555977258837049
0.015140410709261795
0.014801316222225986
0.01390245740321495
0.013275558807906897
0.01259750369114498
0.0117642624989105
0.011489774223439513
0.011356185370370324
0.011225969775564167
0.011615869714965723
0.01200119774099053
0.01214617081441607
0.012742273873244827
0.013072779565131731
0.013572368358135864
0.013871892478164005
0.014288929810485384
0.014394359816787217
0.014882408782069983
0.014984817758296628
0.01507421490520025
0.015042799598203718
0.014791697297974013
0.014511362468333146
0.014164482180760316
0.014125889499791053
0.01407919586930655
0.014387992759349915
0.01473618122189552
0.014564949289905042
0.01444559046005588
0.01428423836823627
0.013763226596194892
0.013411375687079428
0.013142026652045492
0.012143392801564847
0.012120137340021396
0.0120038711011286
0.011984182000658535
0.011840115582617954
0.011560648844447727
0.010971584295430917
0.010763912358074192
0.010116243069597231
0.009679461925957863
0.009070202659087331
0.008903673525524947
0.008876643345459604
0.008585327319599375
0.008842664378746522
0.00894320647016153
0.009274136037276049
0.008704647605956472
0.0086245378470998
0.00865287390251108
0.008397517491223309
0.008372259012789115
0.008115748390319491
0.007823195250438326
0.007484908513601457
0.007050824928331175
0.006897238678634593
0.006894046050853251
0.006849665097001484
0.007056819154391936
0.007154003532738262
0.007159952956242108
0.006921088007167323
0.006730533970302903
0.006418189394729193
0.006134845321296475
0.005817239970714591
0.005758989728204923
0.005860782203342703
0.0060009770536946635
0.006095643503288335
0.006081386960499396
0.006129255138017513
0.006076889334822517
0.006129680394448843
0.006106836081630734
0.006021223439547714
0.005898273079717313
0.005790712141378212
0.005774163899567611
0.005673768559960731
0.0058483977468982385
0.006044970640829546
0.006296683432031891
0.006518936310917714
0.006896344489155881
0.0071129234233225395
0.007497847823082143
0.007847514763165506
0.007823940647641482
0.0078082326609709655
0.00797687045330839
0.008004272381746648
0.008002727047612835
0.008050362925053945
0.007835631042656051
0.007576039440231952
0.007124168914236131
0.006930667241167273
0.00659136008893448
0.006282000619788677
0.006332749845734914
0.0064836326127486995
0.0062331796451628625
0.006043398735252779
0.006115881701419141
0.006054367949492336
0.006224635702688899
0.006455946297677153
0.006747187173804492
0.007051773318721736
0.007354493695966112
0.007468770136518828
0.007750456798313326
0.007673686202276003
0.007723148745704969
0.007900018567870029
0.008050739368005409
0.008383113276387634
0.008486363729036602
0.008630008452539238
0.0087227494348324
0.00866882438128209
0.00885714400453629
0.008926865245933578
0.009259215948499818
0.009601885974025127
0.010080525983516634
0.010641243003826791
0.010783685221065696
0.010849490889940817
0.010738940062413244
0.010587928423097342
0.010321514394423841
0.010426376605094748
0.010211834743769962
0.010395032376112879
0.010813002739247846
0.01089031471328664
0.010916240459174902
0.01090573043634725
0.010513506501946773
0.010570701339873803
0.010740605134171447
0.011081912991086105
0.011794301854963125
0.012161042701752112
0.01272344676907169
0.013147382039221491
0.013617735839330953
0.01390052091188585
0.014260545595045106
0.014644811514731928
0.01451409972965749
0.014366947444526792
0.013804338281475832
0.01274680703283745
0.012070579235227011
0.011432172298656576
0.011098336533881852
0.011018072437113415
0.01073921020681682
0.010421435028961139
0.010428299141100592
0.009908473785235909
0.009491191601925594
0.00889608934058574
0.008297767858517881
0.008075311246821619
0.007579687583594533
0.0072546149123511065
0.0072672888415651225
0.007373085681777749
0.007300425811991034
0.0074254494266598765
0.007492319809187321
0.007524319182979636
0.007629607587660249
0.007694297109455473
0.007764854645068181
0.007663202825307832
0.0077024666957428685
0.00766290582342888
0.007862259019660863
0.007805380685340017
0.007872741951717352
0.008058427979653828
0.007740117923877428
0.0073767132318283595
0.007082822709995581
0.006460555275059799
0.006225075995522664
0.005151147246525925
0.004831728987013984
0.0046057274639416165
0.004295882888477835
0.0038638525561865353
0.0033284836241280584
0.0030633671785480717
0.002704212204335526
0.002668453421363108
0.0026057955557691197
0.0025955266907323523
0.0027077584357399053
0.002948856545011277
0.0031923370736133424
0.003440482306378923
0.003683623734335681
0.0036164340570077045
0.0036401693344340095
0.0035691907686526093
0.00361721157649915
0.003601308443468571
0.003580665310538461
0.003497314351035385
0.003501546887212121
0.0037103373463267
0.003937952294599918
0.0042929241263389055
0.0047513252040415985
0.005094986801369528
0.00520934215405864
0.005225422642233653
0.004952228667611718
0.004723243345024627
0.0044152883224117985
0.00409623987221699
0.003874821187478622
0.0037857697585839596
0.0038062595791612764
0.003769686933602219
0.003780615940606159
0.0037090346344976393
0.003684340074303885
0.003417783577044872
0.0032426401197616214
0.0031899908286588388
0.003120675567125264
0.0030930432298682435
0.0032473167914510567
0.0034265036691155672
0.0037437329385628534
0.004048913023815838
0.004232372938482979
0.004224636222463095
0.004271985272630366
0.004235193777155342
0.004361092474017743
0.004462021947511964
0.00483399014419202
0.005166026250706052
0.005420484219454661
0.005684946458262663
0.005803710092238405
0.0059749881690755735
0.0060567106328558735
0.006133414314759701
0.006252837503354018
0.006538146977505513
0.006756308214691839
0.006934868478741639
0.0069597464824739915
0.007046636320002855
0.007351303855041924
0.007524159519432819
0.007828206060061415
0.008025073366983975
0.008434504189989561
0.008847474361431037
0.009499403668422446
0.010431705874757675
0.011312873113953504
0.012197376756255363
0.012731762396210933
0.013049658306388785
0.01244093457352104
0.012079671870683924
0.01178912947231525
0.011489421108177085
0.010980972351400897
0.01045110658830954
0.010123003363494896
0.009730213555205468
0.009470510765842332
0.009253919926234944
0.008814328946866665
0.008652542619613473
0.008612529124809422
0.00849900742558835
0.008346997436306456
0.008340860478825736
0.008332078938013193
0.008089608238554766
0.007822325569848843
0.007278008330051627
0.007097826666127116
0.006993065355132219
0.006878906525006921
0.006986469122806815
0.007244822416808322
0.007346076013852759
0.007432268426374501
0.007396226403217157
0.007145337509749185
0.007095341563661513
0.007055855869111341
0.007040095637090143
0.007029801563865646
0.0071342380342220455
0.007220172301364636
0.007282939402603289
0.007210444263262833
0.006905821258749953
0.006683751931140102
0.006492497613003509
0.00618462176238168
0.005888775508948769
0.005780880908230604
0.005769897523387642
0.005501138504585628
0.0052769230064984365
0.005265458521765921
0.005070830453582689
0.004663694732106938
0.004338978267561339
0.004272763388132255
0.004297743302285757
0.004117914569868715
0.004096086798809399
0.003993960292023977
0.00386325620541464
0.0038678248402936625
0.00388549073197852
0.003922051085968213
0.00384887340499242
0.0037516845366146663
0.0035847453370353916
0.0034385625049366043
0.0034152367298204618
0.003399219577426842
0.0033405957655318896
0.003240137944849534
0.003135551686816726
0.0026674524955407272
0.0022336337866337075
0.0020695929201205625
0.0017163728131942655
0.0013178349212836652
0.0011161658567647528
0.0009855256591863528
0.0009220122204622577
0.0008786945553652158
0.0008048385712479454
0.0007979721771252182
0.0008056359739913723
0.0007956029271636198
0.000785094894339904
0.000829258913759494
0.0008913491111153549
0.0009753208119654929
0.001112373414617821
0.0012050095669078147
0.001206981278512823
0.0012064812820398632
0.0010934751347024337
0.001009114795807414
0.0010260693964111692
0.001015696966162255
0.0010207959478628376
0.0010881206522119855
0.0010630325958516148
0.0010623770026506058
0.001107668436639364
0.0010601354856660753
0.0010722986600294737
0.001064950549236898
0.0011264542049451935
0.0012212679757763727
0.0013335725173233466
0.0013631588799033214
0.0013912061634819865
0.001382051632526121
0.0014298593987231462
0.0015141450475134681
0.001532924442427208
0.001583991219358282
0.001565448104538083
0.0016173364843225647
0.0016627784136374602
0.0018745166493048474
0.002081160061848779
0.0022967401568431477
0.0024658596574909566
0.0025898367507236884
0.0025835262073733026
0.00259706857732388
0.0025060694785155367
0.0024289593546829753
0.002282997130079396
0.0022044035175207005
0.0021102320736300115
0.0020664853701794048
0.0022233716474078387
0.002229262611935596
0.002382809266584184
0.0024609176574389596
0.0024000707538507342
0.0025350872636258253
0.002680313049065253
0.0029934879648561264
0.0030275895133181885
0.0032960656225546636
0.0036693002601454077
0.003947014200064905
0.004044827673236514
0.003969974216891898
0.0039036971320363786
0.003503447138293704
0.0033059245275585195
0.0032517438060951516
0.0033071827876911134
0.003586929853939186
0.004184804256263266
0.004389376552972299
0.004911153196661742
0.005175854746895379
0.005482115270406302
0.00561892731909522
0.005622417603011287
0.005597747493349376
0.005773024812483394
0.005811008044543098
0.0057637715534674455
0.005850983627612825
0.0059132331792932456
0.006023862470466835
0.006266261681607548
0.006655737247446012
0.006956029365625947
0.007096552231578852
0.007051764533226467
0.007132794038483242
0.007112932416080482
0.007143788477977461
0.007213685655869002
0.007290048732810583
0.0073615379213867
0.007546559786257914
0.007544334796650748
0.007623837767327854
0.007605648741312683
0.007893236042330788
0.007948518188618133
0.008158411080633223
0.008367543021512274
0.008593017201478592
0.008736932555679913
0.008784963401054235
0.008944136171825665
0.008861245934974001
0.008807009484446607
0.008802776811868078
0.00863888853146104
0.008718990859546801
0.008784774865016389
0.008556047731229368
0.008601490685745863
0.008333004629294764
0.00845378082562534
0.008525785776029915
0.008731653199622852
0.008696193458515375
0.008868431354822882
0.008787560883551626
0.008613393862529614
0.008725429396925815
0.008626527604693752
0.008592541419922519
0.008711755432443204
0.008940385392767897
0.009326450413035096
0.009464755829490587
0.009612783526596957
0.009640452220879467
0.009693514511923589
0.009730193862218812
0.009930098927885697
0.010083617292346933
0.0104652713218864
0.010877021699363564
0.011384914496441934
0.011730579983727705
0.011959682090202952
0.00843203814810351
0.008223257517156001
0.00800377657353494
0.007961744434441467
0.007979267277163016
0.008130207928355917
0.0080973760294701
0.007902350875395309
0.007877386979915088
0.007899892522608835
0.007805445532396317
0.007951421607386515
0.008031025425095862
0.008166807209172369
0.008538190854147231
0.00874539471124256
0.008978949064929107
0.00917246701793511
0.009436926489375242
0.009511598187875761
0.009921959724276615
0.010319421094274087
0.010680802486057735
0.011113568356998903
0.011117135681647876
0.011144827198754018
0.011338054430050199
0.011617037611174575
0.011861242464368286
0.012154280071162506
0.012744812702788275
0.013511286003612547
0.014019680229525263
0.01452522383080923
0.014749044672658909
0.015072421904396486
0.015604153783365993
0.016090391828954168
0.016416475862282887
0.0168025944888136
0.017498990609784458
0.018038983038406276
0.018094399797809413
0.0181686316061992
0.018392990103310213
0.018666023594248342
0.01905800327027821
0.01964108514170535
0.019916126488078216
0.020440531578446035
0.020659813369004312
0.020854712902002415
0.02079704725784471
0.02096272942153769
0.0212190015625387
0.021588734441323275
0.022014420890582465
0.02290084611324742
0.022992068497872324
0.023178799386415268
0.022858669087433094
0.022995961620273987
0.022903810904599232
0.023073339712617384
0.02301951899966092
0.02336035955502783
0.023475043690067535
0.02354980499623103
0.023243917903986437
0.023196633918502064
0.02291088818939149
0.023042770658275175
0.023282653560688933
0.023335375832753545
0.023672481013642305
0.0235452246576352
0.023429316220441754
0.02337012917992621
0.023316502959821572
0.023407738990839665
0.023370888188214402
0.02310306969394498
0.023370972808433386
0.023346900439716916
0.023380774402459954
0.0232426970723967
0.022908019072505514
0.022976432483310875
0.02282642613274158
0.022832480034277153
0.022311912154974828
0.022415393621590996
0.02258175991934707
0.022512123444651658
0.022373681923841714
0.022079892283167347
0.02185487913426571
0.021799676100171764
0.021400040977161392
0.021117388126210945
0.020972265628328685
0.020693720527837585
0.02030252552026266
0.020107478172521884
0.019587359248054242
0.019301245266900954
0.019025343267215035
0.019080160661624053
0.019111433370573867
0.018880344965546768
0.018940455629737403
0.018734743651964335
0.018544263822457156
0.018582190633524686
0.01872251092662943
0.018656783017258878
0.018596820742676566
0.018630203593158055
0.018680415420786124
0.018307193029707458
0.018369675769920844
0.018517149612512402
0.01884632703732174
0.019135615359955636
0.01918940898620524
0.019641523030033865
0.019738866344526648
0.01960914361360027
0.019193081349785222
0.019086795319969797
0.019317648946699004
0.01966079464139533
0.019914126743328566
0.020838626672932025
0.02059773856516209
0.020657154515226657
0.02032132982613037
0.02024155390976794
0.020170179978314537
0.020398011142099663
0.019583721421944197
0.01966747329220174
0.019661559881048844
0.019407766286846075
0.01897042930728989
0.018283700050209566
0.017949744818491563
0.017340564961817264
0.0166571118874456
0.016591237067838376
0.016433628931695123
0.015886048421477193
0.015006106936618654
0.014645847138923205
0.0140307063312106
0.013660161280816962
0.013082022668254072
0.012763621136945505
0.012433139150379028
0.012366710306614069
0.012147897733821812
0.011921730486719129
0.011782981843401392
0.011809231961828478
0.011805212542386603
0.011565699210007635
0.011381064076309002
0.01125681511905318
0.011035433572760123
0.011006182205941517
0.01097330998974869
0.010901750645190838
0.010851222010749605
0.010583131714541717
0.010498115394333579
0.010534687376282529
0.010539097577304393
0.010369886299077568
0.010065244965122604
0.010391951257141024
0.010374289185080838
0.0105569703583001
0.010589739289575378
0.01042159883837907
0.010001373512492895
0.009652966003394686
0.009521481646270293
0.009419258991437673
0.009461340793909074
0.009785523479933193
0.010056176714630797
0.010341026567553159
0.010850360341224762
0.010882232062654953
0.010640001603218343
0.010170351806786467
0.010027351304285777
0.00992841936743276
0.010191494878673098
0.010422683429675006
0.010578610379838576
0.01077940248225551
0.011004331671285643
0.01088382862203641
0.011255443853394179
0.011324330607151266
0.011652333997596083
0.0117961256346549
0.011902064307790993
0.01259762312239036
0.013216604452303469
0.013303167847781992
0.013408686484591625
0.013826708246882608
0.014001817752009363
0.014307744357903857
0.014962417688812815
0.015357365266624613
0.015292417277907273
0.015707606676946047
0.015971204717680727
0.016297185115687493
0.016919728129782097
0.017510061937610146
0.016994806157981667
0.01718452149798342
0.017633112423385115
0.017980825197317012
0.01812301480725604
0.01806880552715309
0.018134009284059074
0.018290143020153072
0.018279605474079606
0.018370184613489337
0.01841342179587321
0.01843999585750606
0.01832199420002776
0.01851636279748537
0.018972761023719236
0.01936925195299699
0.019290800473099206
0.01936408705683685
0.018945791053936366
0.018578899320340264
0.018439281734555717
0.018526774150163933
0.017860992924461427
0.01774997551360811
0.01768800688988616
0.017830801389561717
0.017134499319253135
0.016687848845074092
0.01623896952353146
0.016100449540115584
0.015872666188060693
0.015819632715379374
0.015709130641194356
0.015693777386329363
0.015642907150491818
0.01547673048127858
0.01544883402364303
0.014316231408227256
0.013950921764555596
0.013427474694840565
0.012990517793297327
0.01340743955936823
0.01346451518011103
0.013528955049931676
0.013752082272034047
0.013984110206756328
0.012923397752180155
0.012550926609887724
0.012593621558239176
0.012421966555356292
0.012254203306844085
0.012112063291833236
0.012021663981065942
0.011893134458147018
0.012042412761038936
0.012079102206670396
0.01209193763348925
0.012109186497512515
0.01243365765477439
0.012818377183837052
0.013278733510682029
0.013414313381153228
0.013725909010944642
0.013973464815815578
0.01428785719305618
0.014158647844952405
0.013875553476992698
0.013731778259679098
0.013375896720292579
0.013429413811672017
0.013613317947157793
0.014097470569520543
0.014361715442205398
0.01515903479020766
0.015528922497751016
0.015840081267648957
0.015943015370527433
0.01628346481897628
0.016280054687053413
0.0164703918428746
0.016901109009083617
0.01738796439471394
0.01770562938169988
0.018161267864490488
0.01862115095081178
0.019136852197993964
0.019724977974772
0.01922811290684898
0.019149374501427556
0.019051207973972546
0.018907487253647205
0.01870364421897205
0.01861927334837266
0.0183019289104921
0.017982251836772052
0.01741875425711485
0.01691437935982062
0.016310478684508016
0.015938634785265048
0.015876722748897214
0.015662100173770475
0.015476524815031973
0.01537825911528761
0.01550345412353892
0.015391407910257175
0.015669003356810058
0.015930709996692893
0.016096487829046793
0.015185792597633307
0.015112088948889537
0.015481966056373937
0.015652605521247826
0.015607689124412932
0.0154942772952026
0.015431981029194852
0.01540369547374495
0.015420170962244961
0.01522174031383299
0.014965475648577642
0.014796517639701296
0.014670462221097667
0.014551014578074808
0.014538674163353938
0.014520534455415074
0.014429448096426514
0.014378778162187869
0.014285473123094253
0.0144028446103869
0.01429842003677019
0.01430719963422102
0.014166324125072715
0.01409343036861906
0.014014434277769088
0.013841154954933576
0.013703743651554254
0.013711277946925523
0.013510771959123053
0.01374705836303069
0.01383340927144773
0.013889805765767104
0.013803051305746656
0.013315172639108502
0.013227390371079284
0.013089211220623898
0.012891066879808507
0.01268638674410134
0.012431356954311069
0.01218007636508699
0.012211332171394551
0.012061615159756284
0.01211167150416062
0.012027376573260255
0.011781090942190027
0.011839802446999222
0.011582287709587831
0.011470386148322964
0.011310763076920687
0.011002761781936245
0.01092486506924232
0.01081113835045555
0.010848479220308337
0.010951570269624686
0.011201583582508437
0.01139134999084426
0.011393207422806301
0.011143933689282598
0.01047172459351266
0.010133732742504455
0.009960377926667398
0.010014266583283863
0.010056927623687466
0.010108769911998163
0.010446211822309374
0.010580287455790607
0.010299317746887013
0.010235494332423416
0.010055167631535071
0.009903503790681119
0.00962232994188037
0.009562748338824636
0.009442376686046952
0.00944804891572262
0.009504953901594667
0.00953365570125681
0.009352070640706001
0.009200315602150216
0.009062698776575884
0.008958328628712747
0.008844457381521934
0.008549254920075928
0.008335121329335712
0.0082889165508915
0.008199624855251874
0.008198585972777766
0.008184091892685427
0.008146549376517867
0.00818922193358181
0.00826836172873124
0.008186294970731344
0.008208232372223161
0.00814959725334632
0.008184161232835191
0.007972300365274302
0.007900644641754792
0.007863938684342538
0.007843839161221743
0.00794223070736318
0.008212546347344665
0.008496441924477675
0.008872478705371766
0.009126345478768979
0.009603216408939675
0.009902592964257778
0.010025668614508352
0.010113776553921119
0.010054214975982991
0.0099689704452782
0.00984841020183409
0.00978916566030269
0.00972846565151771
0.00990026807783888
0.010109766967163588
0.010190700457838348
0.010467979414108165
0.010410169690058155
0.01026897403144399
0.010092018477684836
0.009952477132867446
0.00986953297638113
0.009748376971812318
0.00961173469760783
0.009674430921521282
0.009674026761401519
0.009785125367119223
0.009767152913701704
0.009710521515252726
0.00961449508713822
0.009565784181613753
0.009556739273844785
0.009537976199523474
0.009709734471101072
0.009837316299200692
0.009902817368541683
0.010084792931223337
0.01018995021981135
0.010453461388322923
0.010499683512336818
0.010237936664453537
0.009785872914730128
0.00949566946826532
0.009370171741947922
0.009272053504227147
0.009087136393660586
0.009062447000853593
0.00897113380710515
0.009066583352408227
0.008958527540828421
0.008808164138260164
0.008682108178371197
0.008623642528430713
0.008670678601521226
0.008697354420955568
0.009003234128105981
0.009178368257161163
0.009042466508889704
0.009108504076878198
0.009151537527962769
0.00914774608720733
0.00918342931189935
0.009408901588174293
0.009346444711450084
0.009896478783018843
0.009966288555599114
0.01005248513314731
0.010154958668254176
0.009787011240223053
0.010231759152445105
0.010604070332841251
0.010789729291938558
0.010985039017840394
0.01102988241243257
0.010991252351107718
0.011041381762481737
0.010831189179701328
0.010281153454149223
0.010202324923864468
0.009814962819124504
0.009620755282878632
0.009395506433794318
0.009760341119895
0.009798601224491606
0.009874543511105522
0.009672920414970514
0.00967954142162357
0.009660159045800084
0.009486958034546907
0.009790447444876841
0.010116757745909423
0.010413574583859619
0.010625291592343947
0.010603062731835653
0.010414406946737106
0.010410071541727713
0.010457222844761725
0.010303252855722716
0.010229073955154083
0.010064516579619799
0.010066041479624203
0.011501133986749493
0.01103376261482289
0.010422764545656073
0.009879870747080502
0.00958709723061581
0.009070533178159774
0.00912977416418107
0.009335594466078264
0.00941780875876327
0.009272954797689654
0.009440733808491713
0.00936083836867468
0.009252623211250616
0.009334375513093284
0.00973120762931412
0.010062884262560228
0.010698511123708183
0.011294295034660486
0.012151329160448495
0.012895050717864745
0.01363264717139066
0.014452642417929045
0.014807366277002526
0.01554795229577956
0.015989432448358907
0.01664688009255518
0.01765697494711089
0.018652909100015127
0.0197541867626367
0.021238809792341627
0.022692914796996453
0.023928304744190994
0.025023915410440245
0.026086195947220094
0.030245955607712482
0.03134700792286648
0.032892131051251036
0.004465382418836278
0.004551193193244261
0.004663820325449949
0.004821926813106723
0.0049283054238544845
0.005025509493262775
0.005128344853237878
0.005259871346308857
0.005179482489403807
0.005137816715872522
0.005097220103748075
0.005085330110813287
0.005087178502448953
0.005119020491003096
0.005166091075653754
0.005102852587015044
0.004980367949453608
0.0049974355973368394
0.004929888960680955
0.005221577059078638
0.005296564652719862
0.005443678981639244
0.005625372327648221
0.006163160502685115
0.006460997724592808
0.006762969546917656
0.006866752561515643
0.006892626982143139
0.007152933901560637
0.007269105602167768
0.007397737705633902
0.007823959345594138
0.008110352833197016
0.008734192522873687
0.009253429067911172
0.00958461715546452
0.009874000525159004
0.009734772111186205
0.009771535368504227
0.010087169063797297
0.010483078344133298
0.01077785138161507
0.01110323019593067
0.011324701204716448
0.011395181018580721
0.011559909421685954
0.011707217709657547
0.011649352525927966
0.011623706775373149
0.011639951638937817
0.01172338339107442
0.011697006211480215
0.011680432384803971
0.011472544561215211
0.011348399652474335
0.011261656493527405
0.011174786650514442
0.011205521227983581
0.011451609626582732
0.011894944792267081
0.012081275183011898
0.012185622325108836
0.012624706873515194
0.01293120015616651
0.013227449177694325
0.013548880413687892
0.013707783723965342
0.013876277125294947
0.014164107655636249
0.014244952094516525
0.01438178263550222
0.014721517812552107
0.014937520833466588
0.015317846896941406
0.015518234288627248
0.015774833805857015
0.016204104477337923
0.016626202514204498
0.01665115948647001
0.016907026348471597
0.01734301004597346
0.01762108277651802
0.017799496664472187
0.017919002347972033
0.017812976164827583
0.017751293474545158
0.017418012958702427
0.017032884087122023
0.016442409574697257
0.015511764318352838
0.014553914528052481
0.013569940553402174
0.013233777814810128
0.012666719416081546
0.012006993738609962
0.011457554904122978
0.011294675551276997
0.010459640127144901
0.009875672060522447
0.009520874848691423
0.008978472965402629
0.0087303731510378
0.008403909571369595
0.008608462539187168
0.00854306178250559
0.008663750092013405
0.008717029232062006
0.00887841953040275
0.008934220916818808
0.008967813945670946
0.009138755526376411
0.009692156986883738
0.009906945053306965
0.010970576632332314
0.011939174972668002
0.011939431969343798
0.012043914751742957
0.012052544497976849
0.011546409643147234
0.011049410015989245
0.011005157951198111
0.010877952462794232
0.010942495122571871
0.011047291827499668
0.011176927414448532
0.010772577479750878
0.009728288058554425
0.009405580385728658
0.009427992490008915
0.009572510149879036
0.009640314835765666
0.009869219638165913
0.010208158960860124
0.010571521448911724
0.01080012374995511
0.010878941829429568
0.010770533933471146
0.010754239727774432
0.01096842127440404
0.011113435608337618
0.011514316485392011
0.011733737221741525
0.012231923062416276
0.012749101386435277
0.01334846610940415
0.013704657098981684
0.014506613962150328
0.01545221348330309
0.016678855737892975
0.01803219288946895
0.019442912403564636
0.020842437837637118
0.021544841082754135
0.022906217925122402
0.024175137278810366
0.02527293249109064
0.02617887485220947
0.02804448578167263
0.029515040596194843
0.03113615171392902
0.03218860207703337
0.03308679222260878
0.03454472302241706
0.03546922517668365
0.036395296979705755
0.03704270893747062
0.037255177382434355
0.03748276487630333
0.03786080473193142
0.03875708259115115
0.039438731972503686
0.0400428138314395
0.04053324202553377
0.040796151030093306
0.041190664688835095
0.02375943251513212
0.023370485721891536
0.023568412904815112
0.022528616343112647
0.02206745021260177
0.021141413553432124
0.020501955824917872
0.019652110773092948
0.019017363747625703
0.01886219092163321
0.01824305989698485
0.01803303473911938
0.017740506831411255
0.017614678230642104
0.017372201127547903
0.016823979661419165
0.016683830023409656
0.01638801236106032
0.016384417394147435
0.0169121547712764
0.017665038264890524
0.018188438484036368
0.019040272274286056
0.020006910274952577
0.020716226067648533
0.021316800234075103
0.02156541024250303
0.02162196190423874
0.021483359734641112
0.02052536658150609
0.019902507570233936
0.0197084996819089
0.019723148198610544
0.019983628695565823
0.020587211661703242
0.02095621406325574
0.021768454702024244
0.022469839003087442
0.022973169164006498
0.02339106083293268
0.023895518113762063
0.02410970023496397
0.02409352864216496
0.023606402416376085
0.02324935191273427
0.022828781146799284
0.02257581750223823
0.022375931104132704
0.02257384306627009
0.021974120219224683
0.021385645041299285
0.020845980360663506
0.02032464872583909
0.019661425165814424
0.01911550742656584
0.018803223601395268
0.018607509640410504
0.018306877955499946
0.017754434134555904
0.017344094571697617
0.016900615563566177
0.016461212809066664
0.016011223950069216
0.01559293579462486
0.015360953914441446
0.01519006761412094
0.01527047318637539
0.015112052606874777
0.015059004587594455
0.0150803665051509
0.015077773744944845
0.014900773603351689
0.01494785375753599
0.014968861681899764
0.015136146648069077
0.015319817465564716
0.015459592209450576
0.015691674205178998
0.015957908001063732
0.016214245444899345
0.01639899814346699
0.016440110851443583
0.01660401173163132
0.016702593777908628
0.017112595462209952
0.017556514831233726
0.0180623409970287
0.01837007726798024
0.019060659514101633
0.020103899102428116
0.020019278266289586
0.020484789629115815
0.021075523840566615
0.021766597931217917
0.022421285894275753
0.022682500115014256
0.023258262980444616
0.02353265727962283
0.023786031918878407
0.02433388381005241
0.025001144641594347
0.025007171950153607
0.026178413980325842
0.026593879793924236
0.02689303859131236
0.026745070598846444
0.026933840336772697
0.026596306204885713
0.026380086836612776
0.0267769602897032
0.026978970745986826
0.027599834086921876
0.027887016241001945
0.02808340911711718
0.028415814546446254
0.02843026662150423
0.02875165408100505
0.02886973908323353
0.02915169669085329
0.029168501681591595
0.02868933749735823
0.027978056098077558
0.027062287946728842
0.026411391662609286
0.025337782825603748
0.024285723232525515
0.023513918273470664
0.022558805191766222
0.021740356995002076
0.02149339592737164
0.02134155029498758
0.0210904152389572
0.021081517525558334
0.021087749166617258
0.021312826286878153
0.021793210738182692
0.022666933684280223
0.02380590508105958
0.02514790197259347
0.026382573204562266
0.02762067668046387
0.028991330562407092
0.029627596532801857
0.03147593682128265
0.03349242692884959
0.03577600602526372
0.03830932190830403
0.04127988346219673
0.04436647526589076
0.04741707914597268
0.05129654604211621
0.05562262339471728
0.05780706484576477
0.05953311119117525
0.011670106251020126
0.032471718579897974
0.1253561154167104
0.013547430430817542
0.014171486243955903
0.01700222791182798
0.013109741734007085
0.013448354437989887
0.01273826714493791
0.012605965128502658
0.013764774186773415
0.016308532563502322
0.01998225506631888
0.025105744356820604
0.03185642752124822
0.040028142315395046
0.049104273421442225
0.05962022700262466
0.07163902019313316
0.08446200975086002
0.09871159681520132
0.1133036146011267
0.12881936916801387
0.14548466917949252
0.16375089157835135
0.18343563666839183
0.20416777220073823
0.22681728958548408
0.24981283163670653
0.2736281421372685
0.2985213746986838
0.3243517634652981
0.3505462282512708
0.37788259826323967
0.40577105621175535
0.43522659898798677
0.4667657550272966
0.4989451412562126
0.5319373250069951
0.5649588273237717
0.01628956357130991
0.04021188563518347
0.30597452689432253
0.834722204302347
1.6193873798086043
0.01953168303421426
0.019821396872426233
0.019826159960971618
0.01979599279756327
0.02682900799706315
0.03917966440476656
0.057958756073295
0.0821480214913714
0.11176600375061477
0.14698672571101049
0.18735283415413875
0.23352026820200109
0.2849628467356603
0.018494879414640522
0.019514706931863877
0.1148488617329825
0.33021382562208046
0.012394437866301438
0.034438407129545816
0.16916348692761457
0.41598062353364734
0.7434013371973262
0.00692430573752387
0.006113411307307204
0.005587383660671586
0.005524510188664981
0.005366383539705315
0.005297370112953073
0.005446400380926228
0.005722658186189662
0.006274943005232241
0.006856104518054358
0.00728574855721084
0.008058048882453503
0.00893855921142216
0.009811381426219462
0.010059856585737565
0.010213331731991139
0.010418675215805091
0.01050575234419827
0.010533821245072562
0.010543080533932256
0.01064438928216618
0.010887379585836241
0.011441152763989323
0.011685845584247866
0.012035553249890226
0.012092925044255473
0.012133566661490597
0.0122433037535765
0.012437420970346882
0.0127311264525301
0.013167144105887502
0.01333622147469105
0.01400416622602631
0.014528133318591327
0.015127552988456344
0.015310646399905908
0.015388127648913414
0.01540640656661793
0.015269638420455567
0.01524105500714383
0.014874989016029117
0.01425332732270953
0.013481478859789725
0.012840138397668413
0.012358509690942801
0.012231891264232065
0.01193363041718892
0.01185220998910159
0.011569968943978097
0.011104791090769903
0.010874431900279832
0.010537876595358864
0.010323928139270938
0.010094194713089871
0.009991081666891801
0.01002382275954775
0.010268080068480819
0.010821216933012915
0.01086408310562858
0.011109295658909961
0.011192848112338168
0.01079295922735471
0.010714545405460336
0.010187974543320408
0.009608157395228746
0.009262018544331363
0.009150526907846688
0.00909016072543675
0.009109738430090636
0.009233155790740888
0.00935081634964648
0.009505176629527384
0.009504421735528127
0.009647664472356366
0.009538904788326216
0.009333191621875342
0.009132360318385702
0.008980494197643064
0.008740257618366106
0.00847318288874413
0.008510774091690803
0.008705409382745319
0.009010233057181655
0.009340236858885366
0.009585424540335698
0.009760414957804782
0.00991002014338739
0.01034797560262145
0.010930876143239978
0.011724434450238002
0.012829706171113241
0.013751393443760262
0.014617855711485717
0.015202279779992115
0.015742222607452824
0.016157326799261587
0.016326890961230307
0.01636427358895727
0.01618230383300548
0.016378670077851855
0.016150243448154997
0.016122831210984158
0.015575369344787798
0.015592567809509322
0.016393108734698684
0.016463085604662867
0.01652662870631498
0.016494615280375567
0.01644407775286247
0.01641736548210273
0.016154644607948042
0.01041251646593857
0.00940999479702888
0.00958358262657578
0.009666678356828447
0.009716012022055683
0.009871183153254522
0.010054065177612644
0.01003626330771428
0.009694301350014919
0.00951953645595265
0.009423224974393178
0.009224399406825963
0.009235527793577464
0.009318750155168774
0.009325279766104175
0.0093791414397287
0.009675476088240776
0.009609643322573403
0.009557400174585642
0.00947234298354996
0.009441659182145158
0.009400015007050809
0.009485812638200117
0.009745087088092425
0.009868924475042964
0.010296615714322842
0.010535914284066115
0.01057036515140684
0.010700291562350393
0.010698873765900632
0.01070654683861139
0.01065517107374857
0.010622852738454255
0.010683289580642158
0.010626662926778687
0.010844515023359317
0.010967269510741156
0.011339451467027714
0.011344725537940576
0.011419047897504073
0.01159658096249554
0.011706985434105779
0.012019318657489533
0.012119046876070988
0.012481092220039505
0.012605734164271937
0.01294083278734467
0.013152693781927524
0.01366000012367399
0.013945449780182223
0.01423104404872907
0.014234627702296679
0.014491370558379452
0.014975261680726461
0.015345605707980547
0.015543795228480853
0.015690404935889236
0.016036417095427462
0.016654465859488828
0.017192403965625047
0.017513639667651786
0.01760032177522774
0.017484120622703214
0.01744855186612828
0.017444107237907968
0.017355983025071915
0.017455657035508745
0.017612147638745676
0.017674789365778407
0.018032932279134696
0.018295092269264353
0.018433252336691373
0.018530487403118655
0.01862453772158381
0.01865341507524835
0.018563152606851346
0.018540434204053092
0.018503809746959032
0.018482139822412185
0.018562235348318603
0.01855646493163716
0.018265440668070697
0.01807833975595406
0.017784264948429086
0.01758235739024152
0.017736639344836092
0.017839128587054245
0.017748750723893002
0.017731744582046537
0.01776772213002192
0.017737469580595005
0.017648110168965704
0.017658362544780936
0.01750281751800776
0.016322518757489902
0.01582723654960964
0.01573853769855661
0.015597301914933456
0.015534904530332332
0.015753510075408983
0.0156750349254294
0.01554639312545138
0.015019514607286589
0.014515001331464605
0.014205604747790802
0.014052130880164593
0.01390317038976419
0.013865980563106405
0.01378094986913636
0.013607944794433752
0.013461240450046746
0.013301126499598642
0.013150554349106261
0.012733241457240039
0.012351473437445405
0.012451423282585436
0.012312354376820434
0.012074976308652905
0.011810189426929407
0.011212846654945575
0.010816948752128778
0.010664445088557201
0.010399544613847232
0.010124094069985773
0.00991059639629096
0.009886975853172343
0.009364802419738045
0.009106116943506446
0.008818599544803725
0.008541523614175742
0.008086513143206707
0.00798252500944583
0.008082711085870723
0.008241920192476862
0.008422618110658045
0.008668343781838634
0.0084602100252809
0.008069931707714622
0.007445812952052875
0.007343857471134659
0.006919721401530313
0.006331292684387981
0.0060042621781235365
0.005952811667104213
0.00589080371373811
0.006138966154143206
0.006282145471362605
0.006416173557434934
0.006328445021837532
0.006287541862207551
0.006121235919881095
0.006387420658536214
0.0064738643334689245
0.006496598946176912
0.006683605774975161
0.006802364650537192
0.006990663623693785
0.007165598851604606
0.007298521852014156
0.007278496977955007
0.0070874303327802075
0.007128210802598971
0.007142682290792973
0.00711764873667266
0.0069987369891118785
0.0069118357569206675
0.007015162691996195
0.007033981582836385
0.007142892618225069
0.007012150437289326
0.007056582561998498
0.006978863025794693
0.006893039360150716
0.006798614125161977
0.006704722245925859
0.006918277533695537
0.007083550244153957
0.007358830464425406
0.0073913687343459215
0.007509658112991724
0.007516615263581032
0.007187748156072052
0.007103868648577223
0.0069017546909672265
0.006863175578535391
0.007086831788511569
0.00711298528549815
0.0072175901553549774
0.007332227167088717
0.0074142523633134085
0.007438049091795509
0.0073802756298173965
0.007443171746305805
0.007394977186035066
0.0072528645703321725
0.007318845837509938
0.007620289379508512
0.007800433110657949
0.007946588889463506
0.008131004681026895
0.008661731572555426
0.00899076949838001
0.009089067503007236
0.009468573725210521
0.009631227280700455
0.009730514209090138
0.010061424500341247
0.010579440511819265
0.011201093745615901
0.011612961937570448
0.01228116039081745
0.012446449066494013
0.012793118474173502
0.013306058982566682
0.01360561180125711
0.014043061830362238
0.014637212693428403
0.014772539335115223
0.015298205277992447
0.015674774957274987
0.01601292225811713
0.016286529933938167
0.016384012245736563
0.01626989774954582
0.016287319374999398
0.016420926137327603
0.01683835038610499
0.016880498833458206
0.01743821101264042
0.017593709182538747
0.017686489088705327
0.01767113436476001
0.017754650640819096
0.017391956638831044
0.01727955914957832
0.016994654651589468
0.016833172163105304
0.016982350091115095
0.017009595005482367
0.017124180386821473
0.016985550555741778
0.01703878526811553
0.016876462017094897
0.01681174860943083
0.01679955067597786
0.016686223892281367
0.01654023888278776
0.01623772569914615
0.01584620111273121
0.015510202382216185
0.015316304355717208
0.015201320046318781
0.015204235533824667
0.015467942640764815
0.015850928426331106
0.016182644526027107
0.016915181771626563
0.017222174629380617
0.017509148704097935
0.0176677349111777
0.01784575177587691
0.017935913121677603
0.01810465319906391
0.01840496083473037
0.01883506724730844
0.01940489352077736
0.0202712167267327
0.020675162765519083
0.021582711853275448
0.022398246149681562
0.022920705472215374
0.023572126293140355
0.020208545216329657
0.02043174755104637
0.021551826395039005
0.02286711933278595
0.020824085724761743
0.018966675212436893
0.018482998372547917
0.018430134976808073
0.01963890681109446
0.022230180598008843
0.02568679835236281
0.03379984213177643
0.03931681623579965
0.045952560216403746
0.05408681861037825
0.0633116421861327
0.07375433910872209
0.0854145955467869
0.09789513666316285
0.1117178870243665
0.1260451611370447
0.1432898979587087
0.1604833396272442
0.17932654384930785
0.19932263625344607
0.21923159967741307
0.2405115031324288
0.26260046978278034
0.28613322387258794
0.30998326417006705
0.33527272617819026
0.012708909250718598
0.04407006076197071
0.01235468747380183
0.012266766660907355
0.012038532844894406
0.011859546434337169
0.011800643054715235
0.011917631971072302
0.011944043153843094
0.012030451836470007
0.011775472844758321
0.011701828700646424
0.011667667487102748
0.011655566980637027
0.011866428615392364
0.012307441858078066
0.012797186766369557
0.012819672872047397
0.013174238612345021
0.013545200012228045
0.013727662366534086
0.01358698879163453
0.013964699426358102
0.014614679610190034
0.014969415887350457
0.015707774137821984
0.01627729158843015
0.016830673157466315
0.017403810548201424
0.017640467626264058
0.01786905365621891
0.018168082429005226
0.018812125066010196
0.01936889924211533
0.019503941819686805
0.020023793971067978
0.0196843327399888
0.01954075455639636
0.019071026864345107
0.018936776197266865
0.0185459405135549
0.01822996714282319
0.01826697049878641
0.018727774332808762
0.019083054586937553
0.019898251582263365
0.020199478744785886
0.020372569924186616
0.020468918746824397
0.02020088745640006
0.01999543418292743
0.019402012879657843
0.019045720130220302
0.018835609297197513
0.018853533688218287
0.01880243173987009
0.018782331312540042
0.01873301832342548
0.018690316766827555
0.018501974516913655
0.018209429739267403
0.017943390132497038
0.01799381858103891
0.01804127976377494
0.017299133213139074
0.016429260247203977
0.01592005388705762
0.015681757034641825
0.015132834870555908
0.012215039595780334
0.011816402725208446
0.011873218545311953
0.011634234468118312
0.011326473352750511
0.010964796479650717
0.010595597380428824
0.010371252335763933
0.010242939241600645
0.010005348004739439
0.009672652984698892
0.009326419425658396
0.00909799147727374
0.009000018641279965
0.008832375622502914
0.008814447421132162
0.008738533974285688
0.008717179103967448
0.008524996098622433
0.008101095339771333
0.0077429676244659944
0.007421703298429965
0.007337521050163555
0.007580890369845229
0.008310156306499396
0.009416073156789682
0.010337236049721919
0.010852932237830678
0.011783283173712699
0.012542273984314059
0.01351840971363349
0.014310816652414775
0.015805328802959102
0.01774947778474416
0.019908302936349313
0.022708993108746252
0.02521286516719113
0.025571303447116816
0.024878822015950104
0.024545998417891193
0.024377271228386246
0.024380655205787763
0.02469112416904657
0.024788555091699003
0.025349694253488604
0.0152222157235393
0.01578267627173058
0.015568730750138756
0.015821397302907634
0.015048942987043632
0.017079637794061096
0.01747250293744305
0.017662902595067413
0.017738312668551318
0.01759687050129571
0.01724158026877894
0.01670607918090095
0.016319046809096776
0.016005634976326875
0.016003816733088195
0.01587628628658934
0.015956149923444938
0.015719288092795762
0.015431346561556532
0.015163527378836103
0.014734278794168384
0.01430202251633548
0.01399017728313189
0.013782261790452725
0.01358295643608054
0.013319375715941134
0.013267159077852439
0.013029060916010379
0.012933280481200623
0.012562252989805683
0.012247153024638613
0.01222283961992094
0.011837240157901914
0.011795195658888011
0.011801762649842205
0.01205223177923317
0.012436498699094944
0.012513928730352836
0.01320650807424637
0.013879639451595283
0.014737111103493067
0.015527637598767897
0.016023470560404134
0.016739732730012287
0.01658768065085095
0.01636971261695543
0.016241676334118195
0.015856234547455987
0.015960833738948726
0.016323809147981243
0.016499171849176125
0.016733830853480673
0.016824067602709054
0.016874284332672785
0.016528753027779605
0.016099452051804068
0.015787949183330884
0.015474504254067229
0.01489861409429748
0.014704813138351248
0.014736744258705506
0.014497681614454505
0.014564637025007873
0.014329590434989558
0.014395718433529364
0.013620796924745687
0.012782472081247406
0.012042311851316394
0.011749386106144686
0.011310129968100928
0.010964312104658503
0.010769713780814323
0.010460300845933038
0.01037105846066917
0.010182102525029884
0.009845628399569966
0.009611271449325057
0.009035218794860822
0.008667379563848662
0.008387920651094736
0.008112866418461442
0.00793871298924779
0.00779085042688849
0.007735294553273024
0.007750668578177783
0.007788545329851193
0.007811054598018394
0.00760672715086758
0.007299688881505418
0.007078249786815408
0.00694801561199677
0.007097140238258063
0.007260417184925774
0.007432161525102831
0.007655574629553322
0.007681635672474459
0.007964282465731554
0.007853368221939537
0.007957020399129273
0.00836864549351356
0.008700392532454661
0.00903543782434823
0.009219838570468087
0.009441055375459584
0.009581546935520885
0.009595122240947017
0.00980449347555618
0.010060164716356698
0.010338406072209105
0.010732316152234456
0.011120508281695937
0.011355337595212213
0.011383844118508273
0.011644572057581034
0.01207797163875322
0.012467199841542768
0.012876346720026393
0.013245944066163978
0.013515102458139435
0.013963898239733184
0.014082455481879308
0.014196424377439041
0.014554410376317922
0.014759245623381202
0.014409684358669997
0.014317868080516053
0.014255775448039392
0.013867868854319454
0.013205542188046598
0.012786922767793535
0.012352370444244963
0.011839261062465845
0.011358067717595434
0.01106795047279315
0.01058212213038936
0.010221930643984026
0.00999402675377892
0.009538503062582911
0.009093416003518677
0.0088756121451579
0.00870844924143745
0.00841211228094412
0.008131617267132678
0.007830938523831115
0.007514827093110585
0.007233569996932027
0.007046896305748543
0.007037867911307753
0.00705787267433722
0.0071897180020980694
0.007308068709610901
0.007444217915658101
0.0074318811407419385
0.007245686954805146
0.007394013058479578
0.007308416498161984
0.007574935103353228
0.007677072479476642
0.00806936752433
0.008267272853887375
0.008299490981189359
0.008529828961843674
0.008566463948198365
0.008632776426564407
0.008684408829870524
0.008535835317369378
0.008605309761861609
0.008670888720793565
0.00871138493249636
0.0088779029043736
0.00919355836663829
0.009692676320012566
0.009977871445870274
0.010244201068169593
0.010561486657991025
0.010751779930290788
0.011017756771787466
0.011366910490617693
0.012020640903494606
0.012994139888008899
0.01390754912105551
0.012460840478046856
0.012326854234347748
0.012366995626874667
0.012190222712868248
0.012264991800660669
0.012455286250026586
0.0127207097632773
0.012797651169460838
0.012680199538029551
0.012722858489498287
0.012953167094326368
0.013109800164925134
0.0133346208570421
0.013729157564894312
0.014469463123062909
0.014607917870244713
0.015101371293657406
0.015824220498260815
0.016049839315832794
0.016103804313536446
0.015522063205739576
0.014804675539303414
0.01431296784568511
0.014290008878320206
0.014397472287434824
0.01448896746630805
0.01472833949927115
0.015093216251638042
0.015319417905745304
0.01499225225679689
0.014589991570262755
0.01403746468992732
0.013368480833130835
0.012880440593595551
0.012591331442852294
0.012589787072017383
0.01260529701860861
0.012635510274245004
0.01295325062448289
0.013194369426792012
0.013588200288389229
0.013845087300143815
0.014035070064533153
0.014110797731036268
0.014359267869438235
0.014324637533058324
0.014812141710907714
0.015630568459350888
0.016585640871120168
0.017122186726441148
0.01824674799117543
0.019406504785832356
0.020074511765827783
0.021420996210901676
0.0229188717721597
0.02381075288619498
0.025332237403806197
0.02643064302112843
0.02651932030702876
0.025752729079369464
0.025005471193408447
0.023779605313894496
0.02132758758667089
0.02006549623041428
0.018763897310031787
0.01772685170497329
0.01921090994236896
0.019152180213062496
0.01868138042605056
0.018587424691020323
0.018812775839219295
0.019079286075162526
0.019253079325077745
0.019243046303139656
0.018761413549623466
0.01853185146561514
0.0185642366696449
0.018714580957018178
0.018946114530996493
0.019136792929072197
0.01967526888116891
0.020168875260118832
0.020532769653043136
0.021081970867222043
0.021436073050209798
0.02158066090599672
0.021086723361565012
0.020904915556240255
0.02074385724396923
0.020850889471240412
0.021223754750458356
0.02163720987910004
0.02160109949248157
0.021090235572055173
0.020270014471330967
0.01919456785776056
0.018759922703488804
0.017968661297083084
0.01733408548211959
0.016824802015825684
0.016430039805093256
0.015891253083085966
0.015524038979963942
0.015076564504960005
0.01433031712176192
0.013346049777879666
0.012534896532057185
0.011753966399348137
0.011222364538533546
0.010971249859878593
0.010689585600566787
0.0105771252703138
0.01037165271204511
0.01021502229662366
0.010038735940655772
0.009954840200848396
0.010312061215579236
0.010474491974492009
0.010533765981535641
0.010554796889343113
0.010800653351980135
0.010999767986113447
0.011675507201693778
0.011801582487580332
0.012055970903139302
0.012355436108577712
0.012464834412215405
0.01259590763166642
0.012700426156119961
0.013081489166725649
0.013353083383588576
0.013477420719270921
0.014089567055558614
0.014658712694863626
0.014964892088159371
0.014625922771989786
0.014011347062946345
0.013984915958935121
0.01379676281425663
0.013304308381857009
0.012657227616508481
0.011759679512549106
0.010851260591291588
0.010301085303424596
0.009716152118654096
0.009507399783781663
0.009411735564129253
0.009213907681225512
0.009101433894209298
0.008976430701358526
0.00883191075212076
0.008738356129056001
0.008605685698539672
0.008581630512895887
0.008613364411767774
0.008805736906663603
0.009163197158640815
0.009886232359654221
0.010509963902237861
0.011219259995128556
0.011457876995905426
0.011039662471612408
0.010289675172805119
0.00943440648311608
0.008798974502880783
0.007902073450566304
0.006972363789630391
0.006780131020771204
0.0065087865192705405
0.0062580129058429825
0.006274706405539579
0.006076796675109593
0.005817456119428443
0.005516099685563138
0.005319062912225775
0.00543912396687563
0.005980310347837044
0.006683126197054165
0.007582443066005673
0.007983713817515545
0.008813800031509262
0.009364051373647018
0.009718064745839573
0.00967161659952533
0.009697842613701246
0.009799845092796588
0.010005582750843484
0.010094540473325305
0.010044145218095773
0.010122559057975999
0.01020304720852506
0.01004743370943774
0.00983757462470127
0.009384928884283541
0.008932647820502274
0.008597922535021544
0.008263910134827232
0.008226402064483307
0.008230384430398892
0.008284493106692093
0.00814332725364794
0.007966992424265164
0.007997327264309781
0.009016992047844768
0.00920233134495618
0.008773064054128877
0.00870219211845701
0.00920823176397374
0.009546597649854563
0.010467929006992652
0.010994082316066278
0.011174329224855178
0.011352543923609008
0.011331520435295088
0.011379920919821587
0.011614571686863067
0.011524368038764549
0.011214247510816183
0.01059653152531988
0.010363707722368155
0.010158246849072647
0.010028619941113835
0.009902034673095462
0.01010645920001445
0.010281116691346855
0.01025915333569978
0.01030939563574025
0.010404117937667937
0.010590800898490741
0.010212642601817997
0.009991559842042044
0.00982005985675297
0.009542000775805696
0.009232070016649557
0.008873445650633277
0.008791122935630466
0.00863388518688081
0.008482761040415409
0.00825636784281839
0.008266212504900115
0.008257451028777871
0.008306717902545084
0.008343607021217937
0.008261776088075757
0.008261991268164322
0.008513946696826256
0.008670154604026741
0.008942618008594016
0.009101036292068217
0.009673285658042778
0.010257088135582699
0.01106315110877064
0.01183711440031487
0.012511777852242983
0.013637967945367762
0.013726174904623236
0.01321963571008632
0.012977278975123777
0.012557426260344392
0.012222322299681603
0.012228663555793513
0.01218551350846714
0.012326172499975124
0.012766335756953382
0.013055564814558149
0.013306205278547655
0.013426325850696355
0.01353068840096892
0.013032266106695254
0.012893933370569769
0.012296254808041
0.011885711966971586
0.011263016238408648
0.010450412796677211
0.008813950995794517
0.008034141120430008
0.007099874972316643
0.006365983557616091
0.006199367632995754
0.005541963279731086
0.005229738145952794
0.0051371742780406075
0.004532728520272324
0.004344443130618088
0.004155827314332487
0.004115570782617486
0.004076569428647817
0.0038357086095267847
0.0037631761697018615
0.0037174708837415353
0.003780553488800531
0.004010473187776692
0.0041752201380811935
0.004496794581618743
0.0047778995896806
0.004996502047023197
0.005291490398198503
0.005340369373995434
0.005384530061962097
0.005273339446064134
0.005464378238684411
0.005819794124127394
0.006396450497026247
0.006812328016846993
0.0073318480158739655
0.007526988611586956
0.008534310741720627
0.008990023342062631
0.009357867184611407
0.009660995623012801
0.009870149119428264
0.010220647371328336
0.010280644452147563
0.010235340301207542
0.010274982771665022
0.010365331546911561
0.01031375490949606
0.01023603674254878
0.010183775869248813
0.010165090797992724
0.0102025939164734
0.01043026758115968
0.010511894133432096
0.011175208697442872
0.011458242644118183
0.012029279916868939
0.012506806313817998
0.012368586333069361
0.011784570233909438
0.011409962450198674
0.010821012719361072
0.010202445215709241
0.01014174586004469
0.009984585095751368
0.00983433195270463
0.009974178544413344
0.009986332771030584
0.009950819254261545
0.00959302323832879
0.00943974259371074
0.009148992982958778
0.008870658014237589
0.008656494582034699
0.008750291440769966
0.008755529032139714
0.008801521687098118
0.008833595028893908
0.00877481949921891
0.008656932283853502
0.008423835744966518
0.008166080334246343
0.008058713652012337
0.007759633628195241
0.007558690300456444
0.007404637686429567
0.007312196842609714
0.007285232135592378
0.007429429399401955
0.007574053082242285
0.00800888150783324
0.008207869100873798
0.008531694064727086
0.008803621402801384
0.009084139141735982
0.009424107324454945
0.009795103471037018
0.010155489526132773
0.010628005285617293
0.011234207704294057
0.011438401022311417
0.01157817312468363
0.011611316471439714
0.011684460219956989
0.011792868007526377
0.012087260075323191
0.012897412006003226
0.013618242406839754
0.013510105177547634
0.0133835881711443
0.01352004170902946
0.013466532343078
0.01365166184980568
0.013707221167857784
0.014112121305785893
0.014931064191246643
0.016020377105909315
0.01669101702873654
0.01709380337851352
0.017591341420948425
0.018077074779343387
0.018085272462069018
0.018138289296510218
0.018018969119905904
0.01765141960178047
0.01715458443287945
0.016941317776161584
0.01678138808787541
0.01632376641341132
0.016028251604724715
0.015789254988570072
0.01568965133499383
0.015899195256815192
0.01629019430302431
0.016904726789498847
0.01702316460557767
0.016350003860306432
0.01646859539766023
0.016620125534606806
0.016710162597835358
0.016791993455259245
0.017106239818803697
0.017479323066640507
0.017654209540444252
0.01808810534736276
0.01828549539165843
0.018654848689370614
0.018864982798290818
0.019523606964788772
0.019951428967099706
0.020452115640000778
0.020619563016558946
0.021108727436604514
0.022059731761259964
0.023370886466473277
0.02476123621464999
0.02543769552917672
0.026835242680727723
0.027926994290748096
0.02847443256782887
0.029141242146840513
0.029525745557547778
0.03044679461112617
0.03158281329367725
0.03215546370289927
0.033534485323186765
0.034293871593693306
0.03379561096271439
0.03301657601763359
0.03267815995496978
0.032203888356677944
0.03198205694835968
0.03115501674670581
0.030573244425516455
0.0298766457968491
0.029055114005236082
0.02847645370688911
0.027580424400247733
0.026886717258127153
0.026191472514198195
0.02567497528903063
0.025133623485517738
0.024331269068819196
0.023656940366809827
0.023498008666592875
0.02286634072858209
0.020731383843942207
0.02018891931862151
0.019881879489179376
0.019556867849919446
0.019398319554501206
0.01894944107132369
0.018431095364107166
0.018081096797825155
0.018090937793906667
0.018245126810209365
0.018134354083088743
0.017636604780623556
0.017254750153042654
0.016585290215006272
0.01563907156284705
0.014147488938460073
0.01380936728508978
0.013478740270168956
0.013105048756001953
0.012751897531237724
0.012678882420337424
0.012718869925673656
0.012595854879729178
0.012112669548160895
0.012066857960017864
0.011894805715292259
0.012025655034979734
0.012010437575386591
0.012211061994125583
0.012328509646292415
0.0124553469886577
0.012478282865804404
0.012674778548091088
0.012754320065035773
0.012932989775658746
0.013459686840800785
0.013893973523596967
0.014388123229970778
0.014486291249976042
0.01465044405147116
0.014705858820532292
0.01477191209256001
0.014419711632030518
0.014100219037428623
0.013668103161334474
0.01369877301336556
0.013828376415728311
0.013751775962970678
0.013507339313915326
0.013085795471049405
0.013060129149076005
0.012781265976550918
0.012708764375541437
0.012238122373693433
0.01208618850668421
0.011678979164477323
0.01128572232421115
0.011114146515781752
0.011021156722041167
0.010950448225157677
0.011036559301411952
0.011306353091929266
0.01157490697567858
0.01155234333845213
0.011853937455299574
0.011871886886508127
0.011938196136494451
0.012346868234315344
0.012643367355298498
0.012794709216741584
0.01312236798810908
0.013719581598971405
0.014294653820326747
0.01476288647230617
0.014883360704493772
0.015547444680660083
0.01632161332189353
0.016581023686390098
0.01666189205123077
0.017197215192826982
0.01711680810612574
0.017342640386491234
0.01686639364791719
0.016377988945228194
0.01572465352064811
0.01531872774822531
0.01519565097652674
0.01504829236666506
0.0149924527477032
0.015457885899297974
0.015729759358151053
0.016045359415330574
0.015941715073740405
0.015951061428742593
0.01561255976903699
0.015362760447520019
0.0150252054212567
0.015036485232878117
0.015389562534334123
0.015666609094968947
0.01613589628377937
0.01665224515119904
0.016954005009493678
0.01726526184191588
0.017553579595822308
0.017823053201075075
0.018259689377166634
0.018401569988048247
0.018075025321756276
0.01792029834486216
0.0170382946762925
0.01653738034258954
0.016112487104277953
0.01591765690275275
0.012907048663978774
0.0130915166109149
0.013354847984785395
0.013304371122346373
0.013349208608101595
0.01310703338890444
0.012990641966406391
0.013055838682517511
0.013619904175089606
0.014168728303154835
0.0149994530115511
0.015760009477924414
0.016597399417704557
0.01679529677248306
0.014770733271759613
0.014699431612987531
0.013975508948008142
0.013957656705856159
0.012989352490933878
0.012614838657665195
0.01200909188037158
0.011724060316403684
0.010733054239475919
0.010157069336940553
0.00973183490661392
0.009717789895924717
0.009605901879284734
0.00997539425487231
0.010111404133728746
0.01032457578083931
0.010282184111880446
0.010338247772906636
0.010649377381805731
0.011368961416644384
0.011605513968699624
0.01230658880283945
0.013170425745693487
0.013978652133724883
0.014346386227938313
0.01481668152391658
0.015163628846234562
0.015285900213308353
0.01588478068218872
0.01633264507529939
0.016709111585045514
0.01680031523447788
0.016813691652279854
0.016682509864011163
0.016949891231785166
0.017437711674261676
0.017630935042602755
0.01784603099103008
0.017890468552842178
0.017724250082593963
0.0174890719729395
0.01739289454665333
0.017181874006706933
0.017421639765212646
0.017430341375827108
0.017324280138106888
0.01736685172737942
0.01715373126916343
0.016658171014347776
0.016035005789499426
0.015754683531920867
0.015573808937869273
0.015538737692259807
0.015596599323241412
0.015726415701692927
0.01561509679726035
0.015590670390552366
0.01585147710121331
0.015109810766976253
0.014873232955776939
0.015011446925191092
0.014894483894426064
0.014781360883165146
0.01511530890909774
0.015426082957735005
0.015792970488356622
0.01568626910306615
0.01580301412407332
0.01574594062293483
0.01582547634088951
0.015739108015637656
0.015726016782461646
0.015710599210137316
0.015618463338482796
0.015892790156499522
0.015841888372606847
0.015856681185541545
0.016332490810430995
0.016261334145365725
0.016295385568480206
0.016177523475297377
0.016179727173816646
0.015658322582748074
0.014977289214930706
0.014290580943780062
0.013948108577105715
0.013813335019916361
0.013526420195806571
0.013147748417050112
0.013018765958543715
0.012697555099594287
0.011900880442919308
0.011689503961007942
0.010804971531106444
0.010498665529477811
0.010235969728133596
0.010265627800360961
0.010139007631741937
0.010307044087400704
0.01048303163326727
0.010742073283359941
0.010670993081152587
0.010558138256130615
0.010533220396594014
0.010592387436704494
0.010658934547803757
0.010685498454420983
0.010799933637454547
0.01097501179280261
0.010482744034739686
0.010407950977303274
0.010579574519267212
0.01063520640380167
0.010622431491877544
0.010851637182858528
0.011259056025490419
0.011999372087086482
0.01267759976050448
0.013427539524142326
0.014037781298338872
0.014801468581883456
0.015111105231933195
0.01527630611977493
0.015672154220540642
0.015959844617221036
0.016160497209980577
0.01627710769059324
0.016043033789025347
0.015477033244346055
0.01500203211890877
0.014857894466634537
0.014848372346729557
0.014760045226347218
0.014688740972209726
0.014846988459310418
0.014724020783842906
0.014363215086024908
0.014082071989640014
0.013446950112113183
0.01247994402462046
0.011656119160443026
0.011176573047451017
0.009922846386164
0.009446866419746326
0.008803015384126985
0.00882200784679772
0.008643284723391823
0.008338082400818876
0.008127535039272462
0.00803574260102219
0.008008630450490445
0.007944403404558825
0.00776031511834478
0.00809763939393241
0.008391171382273577
0.008828069891560712
0.00894425812300573
0.00900049164728994
0.008815126222912117
0.008118250241714933
0.007704124817710413
0.007372554389823599
0.007363696860570671
0.007232028125871088
0.006877705126473911
0.006582434371061656
0.006337564576477404
0.006274884205098835
0.0060821688749414324
0.005909071406082202
0.005761964564579643
0.006271104140714949
0.00650031067445898
0.006806807875309037
0.007081128625804846
0.0075622359205139685
0.007969809630644224
0.008084559820234507
0.008233975572538457
0.008494597424699086
0.00858851120865952
0.007884358674711822
0.008034488983903597
0.00786614582836294
0.008313701294210225
0.008475443638078704
0.008936820605461651
0.008976689448646177
0.008826855105974373
0.008707034064261786
0.008621360043339018
0.008613119603402816
0.008694216019194073
0.008988416717381478
0.009348309189646006
0.009453752067771324
0.009632971015588389
0.009940449282249224
0.010055514764903507
0.010599416036785613
0.011087555310006714
0.01132574903115523
0.011587825809527032
0.011668993585635104
0.011850049139989155
0.012086762404055432
0.012345271253325478
0.012244349780210325
0.012696157720404494
0.013412483445214559
0.0140488614426994
0.014546504973436947
0.014802288344033382
0.015034766666975934
0.014823020280753895
0.014847420381769083
0.014901873680212474
0.01494163551238641
0.015236870406004127
0.015278419075826843
0.015970102324155414
0.01634604791006063
0.016604882320992158
0.01675669331086444
0.01652452799561647
0.01639053839657424
0.01636199634600307
0.016455833430558335
0.016660119400428355
0.01666349550413137
0.016572347357681764
0.016192739637176195
0.015511550700937227
0.015064069634164767
0.014569974338575676
0.014341329744391318
0.01391213079543171
0.01386176135144054
0.01369838294537504
0.013578855266394138
0.013319464833477526
0.012935533851380493
0.012729749671286168
0.012500444939996918
0.012388799289823272
0.012468184785308896
0.01258143135382037
0.012840826419673813
0.012221033526517216
0.01194969117921639
0.012005929281650032
0.011916129830137564
0.011912564992173944
0.0115376316677244
0.011463763165762867
0.011410100608083684
0.011019028817522755
0.010686944262098102
0.010456685352687324
0.01042664167678852
0.01053906083539826
0.010673859126075127
0.010666493494753883
0.010768899549988921
0.011125162408200901
0.01124821559219224
0.011351478207420985
0.01130475348062335
0.011429629827961552
0.011524098923523036
0.011593258569894604
0.01177390872081938
0.011903128982510263
0.012155181611734161
0.012424612727747652
0.012857441454535995
0.01295075660352599
0.013268901268746405
0.013283781091057193
0.013733807041112456
0.013905902179085272
0.014340830779554507
0.01471366709840056
0.014740786424408087
0.014859614470479737
0.014953285609611965
0.015314256147556288
0.01575263693498493
0.015898458479156156
0.016078916872950242
0.01627224274738779
0.01644902661115801
0.016480235708479073
0.01653111585487446
0.01647233178117258
0.016526378308978615
0.016699582822213198
0.016953508253782498
0.01692220159211299
0.01691271382583643
0.016754136453196237
0.01619028858514333
0.015333135235110026
0.014887220071227763
0.014214015997778528
0.013741133815436504
0.013668402878801994
0.013624238929245488
0.013547517553815659
0.013113456030491142
0.012610108712200682
0.011948161837581989
0.011498231235297033
0.011082839510976846
0.010688075166760229
0.010334026983959115
0.009948767878577586
0.00966968488959542
0.009539081672631632
0.009379634274256324
0.009504581878031755
0.009599320428151528
0.009592009521895681
0.009627220200693695
0.0095433280233493
0.009249493056918964
0.009124082136567032
0.009015522499266558
0.008900054138366104
0.008882559183254736
0.009021710962894024
0.008975607196212966
0.009318165652434509
0.009496308327519042
0.00968335299671634
0.009850257132197896
0.009940619817330458
0.009630537258746904
0.009598103042203494
0.009351911635816555
0.009406215844345735
0.009477122950073259
0.009742089235303836
0.009928697998543779
0.010029693575133445
0.009892251361550874
0.009855844639285532
0.00950995536962769
0.009490807458892669
0.009329926947303169
0.009055266534077866
0.009125026356008438
0.009353666165759427
0.009403511157250466
0.00926718169405875
0.009127132091870185
0.00853196018449431
0.008181231501062773
0.008081169996264069
0.007918344560461624
0.00781922375775827
0.007826119291650198
0.007865668847341231
0.007933029589374262
0.007999132495045034
0.008156280137585107
0.008287217377857214
0.008511262289011817
0.008486062199604598
0.008602961383343325
0.00864673424645859
0.008584964746862286
0.00855653300606222
0.008723927440575173
0.008757963398366195
0.008801395324311142
0.008931515050139904
0.008849659910765422
0.008361073584770501
0.007940921388074566
0.007798584963740146
0.007357388467534852
0.007101906993035369
0.006882345716024811
0.006794553533926838
0.006740462082487337
0.00709798768385791
0.007118301963960393
0.007311202711467744
0.0074252839782395896
0.0074432346515949915
0.0072893519905122255
0.00717951430380003
0.007326369483965134
0.007751480497427803
0.00824750196275827
0.008815580848585657
0.009095651241958345
0.009660200342280528
0.00997664480245555
0.010007248853994535
0.009914740283269597
0.009946076461667784
0.010176613730002077
0.010412345270774084
0.01053445550848207
0.010864497904866365
0.011122614295822194
0.0115120190032123
0.01149603443630925
0.011468742010089718
0.011173368829421968
0.011226269896774974
0.011225109792329272
0.01109428389330817
0.011180070549743985
0.011208179254866
0.011330256104249136
0.011481090148594575
0.011414949713909467
0.01196939763852118
0.011898867946393322
0.01188123022213209
0.011669094634708202
0.011095964603102285
0.010920830289668887
0.010460504913858597
0.009996938899242707
0.009738431314605769
0.009819320363629891
0.009813003747009292
0.009973846867552885
0.00967689460028301
0.009564717107715035
0.009201540035507414
0.009115007484961392
0.008762955050676346
0.008399319716347841
0.008118816635914794
0.008059478593996014
0.007911278120573
0.007641124074826913
0.007584590685042128
0.007340831268012496
0.007048895102854809
0.006559328517234847
0.006174464649544857
0.005979269696607507
0.005755375453507309
0.005852902673791246
0.005915849871639222
0.005781534149998021
0.0058731428280721695
0.005987599691107374
0.006204061402967859
0.006361062300074885
0.00646878634503073
0.0064924952633545726
0.006569688821344827
0.006718562302536546
0.006955210942997408
0.007081235016459762
0.007068046948888349
0.006956850792849653
0.006867575701738815
0.006690418423571151
0.006611386301141371
0.006800161620594371
0.006908648211898361
0.007163290131849538
0.007266070461173385
0.007516142841372165
0.007687464689664664
0.007867954773576859
0.00790372381519921
0.007970841547901928
0.007953997373020992
0.00811550714075256
0.008162499272905473
0.008255690024447482
0.00838614390044023
0.008410751726572938
0.008564856503823458
0.008840378152146385
0.00905268652127584
0.009485859260164545
0.009795023797368458
0.010205069185365848
0.01042380715596615
0.010565974268584641
0.010993468846902754
0.011051604090021505
0.011066167699097225
0.011412537751080924
0.011612061310474656
0.011638655396152517
0.01178022680087085
0.012227745732121941
0.012461218849973518
0.01227010633580576
0.012494098287508698
0.012397598028418248
0.012335457187918616
0.01230181836115388
0.01227412689533399
0.012412657591219105
0.01271131355916405
0.013026072451326132
0.01296209149825266
0.012939588458812771
0.012864432169010195
0.012392770175833186
0.011934618663168459
0.011690523939313273
0.01145953660246885
0.01173366128372737
0.01183956219075045
0.012128110650965515
0.011905926364024499
0.011772862816396546
0.011403089203361898
0.011006169160835608
0.010908529891156298
0.010821410412344116
0.010775924142126237
0.010817839127927763
0.010990146543992971
0.01106899647006946
0.010946084801678902
0.01066906566459565
0.0103502139932132
0.010054494556121065
0.009763194678716072
0.009549659245450145
0.009524542503239617
0.009719532154387363
0.009615810683830956
0.00973554995628247
0.00961038652424658
0.009531216537164721
0.00910414773164286
0.009098268102957552
0.00868003164733425
0.008879294964402477
0.008894299554634463
0.009426946198266895
0.009855701167189203
0.010238804611519058
0.010269500899957859
0.010327749419635707
0.01035242799200643
0.010470009466080822
0.010879156273241224
0.011350116747247488
0.011750932264204744
0.012109633685518753
0.012797512067140328
0.013468423737778758
0.013835146368931564
0.0136946068280528
0.013648882188881791
0.013961937463883434
0.014182641587061132
0.014232213514608696
0.01433857094443039
0.014635711942472271
0.0144388847001373
0.014424740748237385
0.014414860346634839
0.014298003388666908
0.014272405980725714
0.014306362692546915
0.014567199238527093
0.015253074489283647
0.016044228034542383
0.01646052296224638
0.016652157748071113
0.01544384528654855
0.014794832815095586
0.014731133878889014
0.014585297272889913
0.014519352845864992
0.014771204234721938
0.015120100653616
0.015130123172640845
0.015567742044726593
0.015885278592541425
0.01632792663054922
0.016152473512256873
0.016129861102233432
0.016215205165425135
0.016688918523819842
0.016951015319091566
0.017157572585434662
0.017720331556126446
0.017950873251282893
0.018087841500364944
0.01823629376959485
0.018421825245555145
0.018218690199859413
0.018131487805184535
0.01843577796874691
0.01844158160106213
0.01871989707437103
0.01898622142543129
0.018591065621668783
0.01852858578725905
0.018039854063846235
0.01774922920567059
0.017655367669950423
0.017673436434801595
0.01766879960711199
0.01760060140199352
0.017746733878211244
0.01749036108102186
0.017443514315485846
0.017044981861948194
0.01666161227391376
0.016466122659151934
0.016272013587498864
0.016366241888076477
0.016409025264603423
0.016368418523476858
0.01635822888067326
0.016132369276266562
0.01583046317365811
0.015594747087141769
0.015505012708226837
0.015186056339909534
0.01525940251975659
0.015347011890977324
0.015192689117536759
0.015044009763207597
0.015020496550841317
0.01509292240892204
0.014722041560975127
0.014801911373234855
0.014796535674060257
0.01461991060092602
0.014385554850727844
0.014314220587039522
0.013731458348978995
0.013439096826200883
0.01341188829981924
0.013067440816333464
0.012895621340284037
0.012513121581379485
0.012224400983657553
0.01224007611827482
0.012260175844829238
0.01238377505865145
0.012281965004572595
0.01209084134370963
0.011839321147643935
0.01166481671381928
0.01127127473633434
0.011151503359857155
0.011038423537730347
0.01091543710266198
0.010937407784999239
0.010891481972529682
0.011205805851731945
0.011523810178688702
0.011660006062066765
0.012089406493128558
0.01245720881964188
0.01271309324263129
0.01286138570765277
0.013072168084896979
0.012781002412079606
0.012662328927602448
0.012256761517565152
0.012263576124858665
0.012371877174534302
0.012449450866913419
0.013628665847924548
0.01425335013901442
0.014868192035211456
0.015129943043766131
0.015348257694236913
0.015481725951566262
0.015680591922706932
0.015857025740990387
0.01654205844750446
0.01697394159176976
0.017438266117844003
0.018254616096888325
0.019123182391334773
0.019900224564755015
0.017708763396459347
0.01826182503837673
0.018403722151212713
0.019428178180979173
0.019549523166307696
0.020220473846698946
0.020986569559201394
0.021266267874473648
0.021765211914390698
0.021646307086844375
0.02167143874292305
0.021574592004361685
0.02177926571707178
0.021751943966107235
0.02202003513406413
0.02210515532350628
0.022126347078848262
0.02220961398438481
0.02203913684534515
0.02182537612564089
0.021801514582149066
0.021470883795373614
0.022054921029339408
0.022422153786289745
0.02294478643186019
0.023086494588368277
0.02294270814274841
0.022645213650929176
0.02227821109576692
0.02193515596167524
0.021632932416971985
0.021686488106822437
0.021870588877731058
0.02158211954468029
0.02175300888929492
0.0213151234710518
0.021035639409135228
0.020795839089565747
0.020755196178829274
0.02034765099575426
0.020123137656137827
0.019900492061248838
0.01985939659472933
0.019822787154085773
0.019662318563341285
0.019718472212849773
0.019616807218717815
0.01932062502718587
0.019050371779507053
0.01884330110998373
0.01841942911800415
0.018025709376026218
0.017752432626152385
0.017748795515767597
0.017717963868393267
0.017739378000712697
0.017681728763144878
0.017296801039415537
0.017074345114639358
0.016542082791961565
0.01643286579788463
0.0161875382876245
0.015129151360154755
0.014906146653752603
0.014652530956303178
0.014359378490901412
0.01429433413284586
0.014296617249811955
0.014633059356819716
0.014820977380482912
0.014977051914293864
0.015119129136941582
0.016870953289346718
0.0169196374643509
0.016395134314945027
0.016339612344965483
0.016816456520623625
0.01673958331944372
0.016962904969959745
0.016877755095764967
