0.12410138220277402
0.15280707227995352
0.19946948758421368
0.32482781139200406
0.4460633424610545
0.45318253185456564
0.49204584489792036
0.49902553598799776
0.3261876967804305
0.26984905590428404
0.21116520298082864
0.32807909289938714
0.2980001984547149
0.26398835995428777
0.3568805953870276
0.31860731132365033
0.21608965290329926
0.3208186759678435
0.23951714073535882
0.30079163470171927
0.3648393924069285
0.3090592180232579
0.3062524765629259
0.29904910496246
0.27251593701822635
0.2496075466778761
0.26825122650671535
0.3139973906384839
0.17068460864275703
0.284277174974065
0.3592434816297182
0.3714932053249003
0.14987954216704527
0.24872104295444578
0.2198530338398736
0.26292110535132607
0.1836275205228519
0.1909705352491173
0.18370174103516412
0.21089477947446159
0.19764446039369032
0.20245967762916486
0.19639563110018965
0.26317490719335024
0.2931766335761071
0.30250824780198926
0.21658652795698347
0.21845798724215615
0.1913125267306473
0.26148072300467146
0.22938199564247097
0.26026250961224257
0.24427913056039854
0.25878985396101173
0.11347107124651284
0.15064576264249752
0.09255337782547203
0.21087746553382286
0.13263028045131747
0.16967521181007955
0.18720887237369913
0.19654215106095327
0.15034874143281862
0.1488559707380167
0.2582435671887947
0.07441316837682925
0.10868431088232172
0.09023130932549756
0.07460109399455792
0.10526742224609083
0.18908473383923793
0.24018685131201878
0.15990934592482967
0.15235414917206228
0.18085815578343556
0.13060258697376187
0.14577224804624225
0.13989563709175987
0.08626666265705264
0.212954901939051
0.2108406455883291
0.38665666767376944
0.3792883857954722
0.4279813272388609
0.4578746074280004
0.4892042662035671
0.450938083124648
0.46421816901451357
0.40153883360403547
0.43878882475890096
0.4310762820094392
0.34835148754877004
0.397559647952845
0.3933154901849652
0.36618282291617554
0.5723403920497621
0.5063026949108146
0.5829593807543691
0.5224969191389148
0.548717645835564
0.5196609200838103
0.3556227825123769
0.3996904976612519
0.32260968641965754
0.3794111113589363
0.37470459591187516
0.513411737052675
0.41607274750924855
0.39068775604655936
0.42518120164375167
0.4707651236844351
0.46890467724779394
0.48467367651853605
0.4074514330937014
0.42810686269741394
0.46068230618413164
0.46532193180506204
0.5181578522924739
0.5888611901567942
0.5810170848958962
0.5584564119295199
0.5896265529721273
0.509225420786304
0.4967875377700551
0.48982382231818056
0.5175801983771726
0.5615515768534384
0.5073603566683732
0.5221832552003718
0.4745063440767347
0.5244651943486566
0.530296415915542
0.6156681092881916
0.501593104609812
0.5167932961678716
0.49730771125928297
0.46771879066863803
0.4537424066656015
0.4459389788960754
0.3927185770402477
0.46007158683957783
0.4025697939456516
0.4029176513712662
0.4278771702492831
0.42089171552931803
0.4279941600467579
0.4173723524220707
0.42505301783150645
0.38323346145597326
0.42240834417539175
0.3891972598134339
0.39209053027938445
0.40522379799971653
0.3672289466561278
0.33576019118379175
0.33737614756581596
0.38726100261887525
0.4455303221092288
0.3895509119416063
0.36971271527640925
0.22729730633855658
0.2643785245448525
0.2280335552532342
0.2662078521111267
0.2813016033762752
0.3701545188025119
0.46814945454593065
0.3651273531555965
0.2806171331904819
0.25752119125288037
0.49562089782841845
0.3167955913143533
0.45589224443354415
0.575814854001393
0.44835859051128296
0.5049618336785336
0.37517290231326694
0.3497455997736905
0.4040745401471433
0.26424591328099845
0.34310896017661674
0.2504473881141602
0.34218431918689624
0.2949773303288603
0.2813782428729794
0.2492027682593214
0.4411738684167683
0.16795500255798249
0.16215732544515152
0.14099554371327883
0.04709589068254517
0.15024401546983673
0.15580661653508254
0.23098348278940498
0.19189300270128307
0.4516495643010498
0.286596057307054
0.45536534453764166
0.11282342853136201
0.07639617345345359
0.032740442456383044
0.05016142863641414
0.1109864018389204
0.21745213913196051
0.26999330506093255
0.27773492157203855
0.2765408304878394
0.2427545846115149
0.22214326243771174
0.13580962801342233
0.26901723540596134
0.27111621872445785
0.3748009330002379
0.2091814487555442
0.369759260670103
0.17679260119488352
0.12576609729274787
0.07687329858374052
0.11471176240984038
0.08416093648607353
0.0693977389032655
0.13907559215189758
0.16245908257681638
0.1827805553157885
0.1498292490216285
0.30942129995523066
0.3800345080815085
0.41743286257287066
0.35410902557375556
0.29084328167262685
0.18855085665388185
0.29687557229563866
0.12224604323934549
0.29910086087637316
0.2048006771733862
0.4140114257511324
0.23207215147495303
0.3533930182137148
0.4989431996439543
0.3110993492907587
0.27720876883968926
0.27021100752102817
0.27213521836908233
0.297095008432559
0.25269473772163525
0.07815488157127656
0.3493869577682241
0.5002022275136245
0.2769188090827842
0.43177821168816516
0.5155209118132066
0.34985005552003823
0.42440409929184697
0.3057469396879962
0.2676538622497985
0.2815855534906394
0.16036463999316697
0.1592584621003683
0.2246009128425237
0.19463093673311907
0.29470372573374387
0.21690243541483745
0.2887400054154409
0.40498372965748863
0.40829585694056336
0.35303639997071884
0.3860301780910015
0.2411744371669821
0.19720954684860845
0.25917869006761696
0.19606919114537139
0.4387299103060837
0.3903777198762058
0.4352332800276305
0.41860031777873935
0.45182952019118494
0.3862383438784755
0.4175382133227659
0.3229187233095309
0.29710821344441846
0.33352257265370916
0.3074570731379269
0.45724942949075115
0.35907053693787533
0.4196264446391082
0.3453413449817677
0.20628390812019987
0.3068928444072457
0.24680789601719041
0.3499556898391785
0.2909749170657886
0.25321605926194984
0.26971741850632286
0.20523874804100714
0.18083659897876933
0.1232620960141072
0.16119971349175405
0.22022901321547741
0.3573864661415355
0.3486861631986864
0.412172977249636
0.38844239029812305
0.36023258111941336
0.2884911432989323
0.20015281537177387
0.21252180294729386
0.22798611923699988
0.24242592438527408
0.17514304786483145
0.20200233535018244
0.10121724282158397
0.12550926403669294
0.1471399411959893
0.24778675912761872
0.3866203304957168
0.33821902802565085
0.3494022462577112
0.34282475182604294
0.2812178840573842
0.2558047260844298
0.30284017595638485
0.24612198556295925
0.28619512865446955
0.27216481018493965
0.19638568088158873
0.27622228675269866
0.38774384019329194
0.4409796413641697
0.388687250738482
0.43633433131592064
0.35641324474851915
0.43772356488846736
0.42452204309880154
0.3077102985864364
0.2423628040148336
0.2608343992006462
0.2283334040899556
0.21945443478426693
0.32356477094383734
0.34984207367021675
0.486218379100504
0.3657896978734785
0.40487302443499185
0.37549657415142085
0.3505569281381362
0.3658086084092402
0.1788411759903139
0.3862212975455475
0.1362144836457385
0.21026405886849453
0.23571924502778074
0.3591022617487047
0.3876108348201784
0.5090844904291316
0.38153168300020435
0.41708971628856945
0.33675054914559643
0.3690774216312238
0.380402302135514
0.3628196038242094
0.3682836210718278
0.3762958490738838
0.40740761862840646
0.46036893120778033
0.4853214114673322
0.4568827803552698
0.48499556409453093
0.4483725373264913
0.4502772593453469
0.35664004071019917
0.30227675084253297
0.2961273981076168
0.31715558029904933
0.4020266337248485
0.2953419772087823
0.44807267266180545
0.4037316599801266
0.37880774132617556
0.36221604010239905
0.35766005177971444
0.34231126927828315
0.27445824333091123
0.1836774792581165
0.20915726556705913
0.2070178635882932
0.24663799601047195
0.21607060586236784
0.23375706589040282
0.30884422886454443
0.2675223003543089
0.26650018263684844
0.2830515744459763
0.3023766469872942
0.24421758926810322
0.23783679467350033
0.30825136288316785
0.2916072029519886
0.3362682508340225
0.3893425809573861
0.4071289176884104
0.4535924322939934
0.30297466523593053
0.2680264149773202
0.25354793195993075
0.3927275270230491
0.3612219950503572
0.19756203255721996
0.2795678023783209
0.18095066763470954
0.2786632992771842
0.11679112404672252
0.12514491659792362
0.15533297806767019
0.353712930780618
0.2720727136612212
0.46690337656353664
0.2819196144008481
0.22388371450815403
0.1401996815376266
0.20508938211734007
0.217027989024037
0.2032805599185844
0.18009720967275653
0.19630691006259343
0.16220448872599788
0.22426421102867272
0.2644874970127841
0.1855252901539583
0.08085790547549601
0.2891717981176217
0.32252420312418206
0.2892219321497174
0.13021198894765196
0.23184839706509466
0.24654932951168396
0.3041271655334656
0.20133390911717283
0.11063763918463812
0.23924563434178897
0.16482420517700097
0.2856147462324214
0.2732970534457697
0.17224293852425918
0.23061067763209547
0.244050786773033
0.29023126351923273
0.24887712179515192
0.27383262065105335
0.3323080788504881
0.34883691710514914
0.25712341224746377
0.26417122541858595
0.2412660060202515
0.21374666392969843
0.11722055902269289
0.15311023292696999
0.13538088688687258
0.12917887525660196
0.1826431042083421
0.11752222123748678
0.19824029048715108
0.17331835464238168
0.1172916517761114
0.06824336829804753
0.08412586253314878
0.08777939931621029
0.061832523784730024
0.09145695829591986
0.024125633718361756
0.08546289150479969
0.08656440185170212
0.15068851334200134
0.04892046027418316
0.08034370614984075
0.10467117726629674
0.1323203645636768
0.04128214784020288
0.07019431037225439
0.03598776091114596
0.045107732923250723
0.04394320745119404
0.0481708924988598
0.010333528969332517
0.10736964991334234
0.13943032799502136
0.08002285077058807
0.08423043870988015
0.10929401870436477
0.06623243842475282
0.0660004333402584
0.06611565818167366
0.1619848713883932
0.17540821162754444
0.16490434769630105
0.11646145754697163
0.11896743770473092
0.06750113954393912
0.14520499742673545
0.0753265528377482
0.10656688527387106
0.05532775516610114
0.10630377183912225
0.10983409886771325
0.1167796525478018
0.13264164806963585
0.14754634652387033
0.12056507971179095
0.002833914817949012
0.06071677361492607
0.09987340573157746
0.13655943257696845
0.0886033005534286
0.1748065790908641
0.051935536868907485
0.08668448989522111
0.07904111179847055
0.09805300382048626
0.09756629941763581
0.1432162470450229
0.15565718462529463
0.04527087838514952
0.01794043995425361
0.06783508215587938
0.16539983274569134
0.1680585135373774
0.008726280527143816
0.0827069754222125
0.14158073057718057
0.2264911581655822
0.0832252340399608
0.04255189315781295
0.04331565087822081
0.14929243713085427
0.19180881164139127
0.1168113724853299
0.07478308465666801
0.11223776261367072
0.07006383516180799
0.09550822627856861
0.04668473820639621
0.2161949659924721
0.08854819939037206
0.09253276118739352
0.14489819564331038
0.07693502098411786
0.19959422289308773
0.12568253120553322
0.08393107362998288
0.1172910804652517
0.028505677540363417
0.10453931226615114
0.033949873640561075
0.040911237020854814
0.05370245386331535
0.038750917981987286
0.0571064748917572
0.13094533549861279
0.10958401434322673
0.24485713286918148
0.13632687919022612
0.04644942900625959
0.0719203380515067
0.19496126354694052
0.1251345123520761
0.15908564761390662
0.0959509913816942
0.13842131190990617
0.0035944886944969403
0.08744509692592001
0.08311569656502606
0.06380137453103825
0.08033048008750045
0.16453205450574235
0.1612458157548463
0.18539003190076928
0.14809948950215893
0.07918333935544743
0.14161951104161183
0.2055585691585481
0.04604869806599574
0.12981159329012196
0.11862045932385423
0.1372424114118732
0.1591886914125476
0.12123922196610663
0.1503087224308313
0.06590782427294128
0.1476078846942008
0.05344335204952782
0.19321949706437422
0.08585195348425703
0.1369040541221666
0.10289101164960941
0.058350072748436246
0.12865484276642108
0.16196473467805597
0.05787640875794362
0.15774590350682322
0.1161358956476196
0.03932089690743038
0.1222662285405695
0.10993826434579845
0.0805207523234752
0.033738642276256975
0.07179313262335311
0.06812577926365927
0.14920581778431463
0.2313880372936265
0.23668154513098663
0.3106228000814095
0.2993247089277242
0.31214912201552725
0.34734568366242674
0.23231802405561955
0.22379657151700275
0.215924320554437
0.23622086174400597
0.2904398348829166
0.29449181912469136
0.28012357452970876
0.24053492633092546
0.251304961157589
0.2870474716675173
0.25163162585232485
0.19308198821396041
0.20935161144899259
0.20412844787036571
0.19057490592000517
0.2036759995859783
0.20154037223468893
0.2177147004859402
0.1390666419901881
0.19974104827444833
0.10578447474980715
0.141998442377198
0.051139087724557775
0.04465338751672676
0.025253655066529393
0.12042690243091791
0.16854012054106074
0.16602112601304603
0.06852338680768608
0.11002622273134031
0.1872407121857383
0.10259987048189795
0.11296165541995916
0.024928551925165358
0.02507580264058667
0.09102471707437737
0.16811250265243435
0.038057747382965856
0.14888930911791448
0.17891951715447205
0.1735610112803858
0.18768486362071574
0.08799856383550526
0.22462378458307194
0.061654788269499515
0.07335462219742947
0.06766987006882
0.22714985759406453
0.18268442901740276
0.20251022521695916
0.19592519103156178
0.08567922175529916
0.09615756850850031
0.06248662519343547
0.07501223965510602
0.05024071497900402
0.2075618594550821
0.3018049987740693
0.1913202589018995
0.15466046928724872
0.10689867849177843
0.03908581328405994
0.037781874114896266
0.12043063497019106
0.12922657068666887
0.14466354631479275
0.17634770710376343
0.16072600294839104
0.27995547212950544
0.1564347831299375
0.2773448465836113
0.2621953130636877
0.21890807415475289
0.27007906846162516
0.25272228480196446
0.2993488745205246
0.16094363241120488
0.2944426688789457
0.20714261394093914
0.3204080052593676
0.3964991477894054
0.3861712327726779
0.36808271375571894
0.3637135386986725
0.43831055674603153
0.3575471993990042
0.39980450453772487
0.373865924105584
0.2596874908833686
0.24173959738418002
0.37392922549503427
0.4285868424152483
0.407318296547025
0.4819173209710224
0.4910942586061918
0.4697313388938132
0.5219991781700385
0.4131034659744203
0.44742573260914625
0.4622697271491975
0.4889899441710629
0.2986085533065618
0.5005998590436515
0.4063825964752868
0.5850517296175436
0.3782668019900934
0.5461067575436798
0.26161954251766023
0.3243909704889047
0.1945193315614409
0.4491701889500241
0.21020392179734051
0.3082022794752589
0.3491703498092908
0.3908732829208291
0.37511523854399176
0.489393396888278
0.4700093349722714
0.3741006314930225
0.5169837047665576
0.5803355467378201
0.4761407455986198
0.44907856305266775
0.5362667041100698
0.6169488398352762
0.7232800039312529
0.7149504258375503
0.665558323604419
0.6641945461117749
0.5343949113537839
0.7418630276996422
0.7354117332193948
0.7187734820498618
0.7552843147230869
0.7036281164432162
0.7109797435666572
0.6776945861018928
0.6558610407694889
0.5459682405507217
0.5825781302626268
0.6342571947203184
0.6075786883857418
0.42262839638180016
0.6010724429180363
0.39881957581677435
0.3576661013925644
0.4271901391769192
0.4606431720905382
0.4177768471328319
0.38960148902303376
0.3842297842611482
0.43040628674520215
0.44145651637296623
0.4605645929414294
0.47851746672696427
0.40911490661185956
0.454159662783664
0.42236760790018835
0.4095039763578732
0.3861112176763306
0.3756793415115744
0.48235893855754036
0.3726577051416009
0.42285020134829454
0.3938219086665394
0.39240366947242755
0.3747367693197426
0.4562330449488737
0.4360801950116572
0.4008750745524233
0.5298411200500686
0.5036362446368794
0.568567576467408
0.5021851176376355
0.521472691727745
0.45076646919492186
0.40643413324698996
0.3373412904008931
0.3915741597819255
0.6017218651587891
0.4288947112775085
0.42511792893593997
0.6012558719297293
0.5750997756361025
0.5161579516174936
0.5617160887828572
0.4797055803654726
0.4998318732769977
0.5668345570684861
0.5747645896943747
0.6899123691944036
0.5293250239932152
0.6069279328664988
0.5191655902107888
0.515680645100675
0.5133004211126356
0.5598199043060613
0.5115687810016916
0.5251428464897412
0.5171900360160597
0.5752381472244777
0.6418390498177928
0.6058739481725327
0.5819791171469351
0.5378883198277729
0.5034410793983395
0.5755401603374698
0.5539019330266156
0.6529462151666414
0.6614863688254817
0.6093908516600879
0.6714897574593447
0.6978056830688947
0.6256425679398461
0.66780500890935
0.650608419780656
0.7324288473310444
0.714618057602766
0.6144458233975497
0.6940593188463084
0.7533741031047279
0.7392498883369466
0.699156908341536
0.6749021470135784
0.6424095657381887
0.7218521291397946
0.6641498707822573
0.7049021571892813
0.7874648795468306
0.7329970193499895
0.7989814851723103
0.8262895515038293
0.7534714998771145
0.7262740696789304
0.6420353695001143
0.6505614913925639
0.6214226307302155
0.7344658670421151
0.6575339411199697
0.6147785415560514
0.6272492229412767
0.7702737583032582
0.7194925414273058
0.6845599987824801
0.7620467807262759
0.7606283486855061
0.7947291523807933
0.8478943910237906
0.7978246869718141
0.7115702687783695
0.7439107621980715
0.6435681582591695
0.6092290831551593
0.6144079656653134
0.578545056677267
0.6354389968012321
0.6966373569572186
0.7379255179234049
0.7445685757460352
0.7104923645134881
0.7134100632906486
0.7208264917272553
0.6081378576399192
0.622274863072948
0.6746200942179464
0.7239797301962887
0.8000147252460947
0.779992052054175
0.7916869738886615
0.7727980309492476
0.793757241806428
0.832520234838912
0.8217343642811958
0.8347063910475587
0.8350173804305104
0.7797841278307781
0.7485514278003231
0.7714124201433065
0.6834758386650956
0.7207344068747565
0.8430103580481365
0.8333158384222588
0.8545476866079346
0.8550300120070133
0.7874329021808066
0.7700793916402092
0.733795103564054
0.7355639016746863
0.7131353337266226
0.6916815615018339
0.7481308709381259
0.7893130713942541
0.7795525876978475
0.8088483836734665
0.8362119066842726
0.7887503038608995
0.8083320243698758
0.7199527149614361
0.6634195097874547
0.7096776922590571
0.7107513963770911
0.731808831245065
0.8073839423486827
0.8393496513728566
0.8691213404740916
0.8536579516402109
0.8448370886080853
0.7572697292057622
0.6924874162256593
0.68678610192438
0.5371377175801458
0.6276159496498779
0.5351843576068681
0.5219301752267677
0.7478259018921575
0.7182909436102606
0.8277028833372808
0.7883618797823617
0.7029085725008534
0.8442664623679754
0.7804335232534936
0.7194937502975444
0.7282304560662918
0.6797512455491909
0.6522756501458312
0.6385673900321741
0.6430715903237527
0.6816646296212799
0.6477879771719944
0.6856821594897416
0.6954181208488502
0.7579681737183679
0.6893941532301541
0.7634921407663052
0.746525625382817
0.801443616191713
0.791567429100111
0.8362649421797773
0.5995150552109895
0.5422408436035387
0.4822162082309446
0.4721131451686716
0.45533517821147473
0.4406475109142474
0.544246728486281
0.5578342453193191
0.6265045534601096
0.6271609879954632
0.4964488623458241
0.5134014544834075
0.6199237352588141
0.588866492323884
0.5644565071608704
0.7120800231461883
0.7655516764559005
0.7389079321988177
0.7951889956950635
0.7812404427386405
0.779866186504115
0.7703817581187182
0.680154901318177
0.6868681762673122
0.7156806292400497
0.6601535796135287
0.7138161576212559
0.7184203480892111
0.7631856265180837
0.7570227082556388
0.8293407443340366
0.8229921797037163
0.8290254348215631
0.6542613274353041
0.6981604360436748
0.7223623556924778
0.7385735693271187
0.7301464740326502
0.621358108254224
0.7319530647734087
0.7020270586000593
0.712896806514638
0.6502703024644975
0.7519654268309289
0.7514203328757562
0.7299347310177795
0.7860454582607133
0.8152489295992714
0.7881156967414399
0.8059375267391727
0.7082597884526097
0.9154427241148776
0.8353694568798942
0.7776969812408252
0.66348861071802
0.7800667235710257
0.8161188581878858
0.6735381148526255
0.6047138857925154
0.7008286843179955
0.661807269387864
0.6978837305746858
0.683663967373424
0.6757595303539297
0.6477290106048582
0.6343311386666505
0.8329593346573759
0.7110387092212678
0.8667593617908913
0.7657624038821331
0.7059900622335098
0.7237039144450362
0.7985870929496407
0.732348491043604
0.7372590647409992
0.754765463964238
0.7781346867474351
0.8516883147503401
0.8780362332755203
0.8614269238877925
0.8507783303445882
0.858822739842944
0.6595108140369366
0.8028885050182935
0.7859679026468784
0.7394264033157874
0.7689416451507959
0.7809248152630137
0.8263323308997595
0.8521993721890452
0.6837937317954239
0.808559343483094
0.8226823151887961
0.7790573256904505
0.8051636219787168
0.6514193382003304
0.6138123605948195
0.7251814728347505
0.5985335127242808
0.6221861837489415
0.6375736751830263
0.7775809299906172
0.7624741018722127
0.707853441613782
0.804271179314577
0.7100298162126145
0.7245110246837076
0.7107654450133546
0.6541504350400396
0.5773821391221357
0.5882040670501606
0.6932824732080073
0.7097676404034424
0.6691556081625748
0.6967216338036507
0.6698373586532832
0.6134620831370025
0.4833792364547577
0.4901991823044495
0.4133529324664313
0.502999130725658
0.44567932426997425
0.6550713579245914
0.666020885175539
0.6297809981023025
0.779886319110698
0.7760095437275734
0.6332104424772959
0.5910911825648087
0.581088745065052
0.4127632092151902
0.49166648363625715
0.5812599935091393
0.5463804125566478
0.5532219035656608
0.6173294022066874
0.4785197985988458
0.6923395535287215
0.5049844153335699
0.5801957122187246
0.5965029755391371
0.688092200699919
0.43250406109599626
0.6116423778910642
0.4985493137117999
0.628443109356932
0.5431843187292629
0.6008563734053504
0.495530768487683
0.4908905424177689
0.507048801699707
0.47912270667852735
0.4365211506318048
0.3750054601324937
0.39027787885790843
0.4063104809346029
0.448188649298184
0.5020905588745672
0.45398855045623515
0.5392055617008455
0.4820522303719179
0.4760633063211977
0.4761613441188505
0.47675411093952347
0.4232547102006853
0.4432827130253401
0.46757289038733774
0.3063317632581292
0.46437432556653263
0.46075845743729915
0.4666821653854377
0.49155416230922966
0.4636679959064696
0.43888458749033826
0.48249142776461945
0.49380516206789127
0.5969367305754938
0.4663934824347819
0.42188053835368317
0.5189269404338577
0.5730096363289965
0.5900010804848884
0.5807266533785906
0.5150599374088687
0.4989031124762616
0.5380179965595583
0.5371630908752283
0.5003699878892408
0.5194056227189591
0.5636502580717636
0.5689512362933429
0.5480879671885636
0.6100143899271734
0.6040167075912514
0.5875476429247599
0.5977905738005611
0.5514628985765401
0.6088996814416796
0.5684192512876917
0.4556985702657609
0.48755978869020805
0.4606760899691312
0.5297597239938567
0.5443540343165131
0.5990955135934315
0.6418729806458646
0.6741558716511903
0.760220670661923
0.8004631076630396
0.7506193126551144
0.7658639235659203
0.6853498240846458
0.6534405288194863
0.6596664936946219
0.6670776790130925
0.745356082134631
0.8983575553425585
0.8861267011133284
0.8684966216472092
0.9104666882680101
0.8756217737752122
0.845958448823412
0.8132847982656561
0.7991832358538752
0.7762737053065909
0.8069594183300537
0.8457111827887839
0.846492745306644
0.8126999727585749
0.877573870433168
0.8849975082585937
0.8805000945471679
0.8601960218608498
0.7233501416371203
0.768887471655696
0.7382072699023572
0.8487576499806223
0.8227163804411741
0.7047344257575809
0.7454151236932249
0.6681062350892031
0.814710038029683
0.7445731071443387
0.759599948003079
0.7257444447522909
0.516172559704478
0.7236520508229772
0.8666125634785742
0.582912455465564
0.7766576123185174
0.5619446249884318
0.6114552334459077
0.4327256397275096
0.32388307853350407
0.5182010367653149
0.4699084223494332
0.569091034426003
0.5688111940963997
0.6172532015312039
0.7033526775504766
0.7457929856166268
0.592489524238604
0.6439704970130088
0.6888571238819169
0.6449853263611265
0.5524174294165795
0.5045056876139308
0.27639586363605007
0.33406710295381997
0.3555651270072426
0.45202787733308075
0.5132230727140406
0.35249921392822925
0.4127017364107158
0.5022464822373335
0.5311946424525229
0.5334171117886876
0.4282490590706902
0.5531075500363707
0.44685740306846383
0.5087658642670483
0.47471815255837013
0.5592091463329787
0.5111733883515721
0.5197463992171999
0.552855668263721
0.46199216000283316
0.3238746134122109
0.421416692497801
0.5908087513309174
0.5748478297764263
0.47933226523029693
0.35321945402159205
0.654031411063929
0.3502772151149213
0.5311333018326365
0.44702037193059885
0.4540099906557615
0.500594893389467
0.5342434921154916
0.6565799779032969
0.5700184976433047
0.4876035585409968
0.6704174798903513
0.5414401837480649
0.4022227991469881
0.39804198474167907
0.6302590442565009
0.6150587325712685
0.5744740489149127
0.748301589247464
0.6868412221569745
0.6299234486986975
0.673365336427715
0.6621296518608609
0.6708137969760811
0.6494551822563481
0.6756348805407699
0.6793962372289416
0.7355229234359837
0.735826637644476
0.7471200357138217
0.7495964418094027
0.7181759805274146
0.6888900030751129
0.8372959130181279
0.7178375824172377
0.851772691057539
0.6930874611998608
0.8476641016104016
0.849503074670227
0.8062441351584309
0.7540375241228401
0.8456063871840255
0.8739259158997561
0.8737705929225974
0.8997643456847026
0.8975036147894871
0.8899647705330082
0.7245961088090401
0.6552128394229003
0.7092259262712326
0.6660360332459909
0.77509021396296
0.7949980764431988
0.8241000569593747
0.8382246148298208
0.8629376181780178
0.9151453555804078
0.8906924489282219
0.9260602921539539
0.9046299763469112
0.9044695040632869
0.9104514282267656
0.8930591174477297
0.8702327810297228
0.7617899400998431
0.8446778839648924
0.8896294985592736
0.8604170551437045
0.8683799319503005
0.8444114174336711
0.8061830715158697
0.8944070989357432
0.8098698570443298
0.7496383387798293
0.8102935161667206
0.7927511194913116
0.7387376711732588
0.70594184664941
0.8508406856339048
0.7776844843560602
0.8622495332799173
0.8182224243087771
0.7271743671840885
0.7203783913877319
0.8653169030058444
0.8499767516964212
0.8373527474633312
0.820789618302431
0.6952851920010762
0.8086906757834246
0.718182222079514
0.8968638749960994
0.8693699440921847
0.7367165357765729
0.8774176322251352
0.6761283085941486
0.3408688304643713
0.7157220824892043
0.6800991854008318
0.7594776430492051
0.8228275123265708
0.7609246954528016
0.7702564425518682
0.8280999496377894
0.8168727553617707
0.7682038299433191
0.7212034660222206
0.5404781841945077
0.635526977063415
0.5696275226683901
0.45948244930395565
0.5649418197942138
0.601734824009409
0.5722190676441609
0.4984655081085159
0.5556240738780018
0.6230434513184229
0.6864681948824572
0.5231027470360315
0.6366939325652547
0.4919885919137132
0.5196044422854628
0.5827538138049544
0.6352674275640379
0.7342892702233065
0.7810648357511583
0.677893588829933
0.7028766696544032
0.7468623638108215
0.7568066323723931
0.5144227388844504
0.4930483358875023
0.6654472292039647
0.6093353764499619
0.6582106472827078
0.6922662892631292
0.6408569586265704
0.696748078250707
0.774252247873857
0.738358818507438
0.6975570304818011
0.5203799995092424
0.7417139880211631
0.8428223303684057
0.631458248191886
0.7092932556960959
0.6795897629047878
0.6374969788305958
0.6081073069905665
0.6676816703906178
0.6106592080009815
0.6810034010954906
0.4321036461830371
0.5209465533514757
0.4740819126610213
0.6103554709116386
0.40206615473554413
0.3452661279060204
0.41035644497713375
0.4977913827335115
0.5713278095966234
0.6416442384487825
0.510156760815904
0.5298523491964362
0.5284275418551099
0.529651374000902
0.4816680079842593
0.4994573558442547
0.6473225253074665
0.5960673382095126
0.5978455274356479
0.5696809917588768
0.49991334344199223
0.5095857973243058
0.628845561119848
0.4880528344578419
0.5704248675042697
0.4863381750999797
0.6414035774201453
0.4589093351739741
0.3885683549985273
0.3472841724756914
0.33292721826175115
0.3290382206304309
0.39639390569323985
0.5277415722332879
0.3260644961604086
0.5358047910258036
0.5536830249469592
0.4000006968186949
0.36789156662572875
0.40703409967258686
0.47445558776791985
0.4863934197593038
0.5196939153667136
0.2422584654291772
0.3566961570844802
0.4509999337372106
0.5725934246185186
0.6858640841220116
0.7840952813203799
0.7530675750663878
0.772249579291973
0.7342146778145842
0.7916884628063215
0.758398753514278
0.7532529246078078
0.7280119037921401
0.6411526239382924
0.6371982304449672
0.6365457823087793
0.5796646248383314
0.5799632466223786
0.6244528788776115
0.618174136643636
0.6510156894234703
0.5754600126510483
0.5982076172471121
0.5992215027595439
0.6481871295403078
0.6019731452049395
0.6372109816489989
0.6518190921623075
0.6361996760625565
0.6348742146397255
0.7072540137987587
0.6606661380911255
0.5988177439101939
0.5932264209209603
0.589652173613177
0.5959872054824149
0.6356871533836974
0.6053788570456852
0.5626377970143475
0.5631376619272527
0.5650698129699661
0.4547871661654551
0.45459785244152573
0.37666039695095777
0.3968835382413908
0.3723365930500222
0.426950482648369
0.47061899454828576
0.4842536080341454
0.4616052832698457
0.5459078739559656
0.5334829202537124
0.6204715570036196
0.5892245452241418
0.32971888649779724
0.3092356286327913
0.4298002412595973
0.25428015784714064
0.4672238701891444
0.3492352790169392
0.30881653844193674
0.5041675057438202
0.4315319898302425
0.44613181931762885
0.3701708621016122
0.5060979202963489
0.27279481705709363
0.24004080886349474
0.2637139963507517
0.0948060809555327
0.1772560251112738
0.15282256265959682
0.28116925065441356
0.2301510099394874
0.4367310437976464
0.409093282463908
0.34950733693463343
0.24846603654015037
0.19655523758172655
0.28629235870303726
0.119228201289326
0.2546215593680778
0.2707682615695358
0.34808212955012485
0.29892275559545434
0.49363867726019023
0.5219259988879859
0.38560916334690387
0.43122751772438656
0.39852910512325235
0.40241455179335406
0.3612290107358115
0.24791016234565433
0.36942345615294214
0.46384525848408653
0.42236664903205823
0.47803179218898606
0.4250719983235665
0.5677262810592041
0.28089129814774316
0.5420121417710027
0.48384051029358677
0.29477961076060466
0.43161294883938617
0.25273442666183304
0.3468751001696993
0.49495429405543645
0.3296690165256235
0.30760856743656506
0.27182560395671895
0.3923298293758201
0.4178550388984049
0.17675043667211265
0.43193535194757643
0.40837331203011545
0.3448718847450199
0.40561739267407204
0.29909328403363933
0.14848558909364257
0.09411139772622193
0.08092604765571658
0.10021500543873013
0.09027758698436181
0.14565618497489277
0.21629421279943006
0.12974890850274123
0.20356437911703779
0.13972908169522164
0.18293866159392388
0.2996943310437813
0.382422593572766
0.3326422556052683
0.3478503445370003
0.17104101932564458
0.25976399881556056
0.31698470104640897
0.4778455124639634
0.6780843625728047
0.4394756498963899
0.3631641881180767
0.14063635094413388
0.14010185194424518
0.42925067744778733
0.4507636314980047
0.20225842217807666
0.09801653794406516
0.13358879710871763
0.11990657370690563
0.07295778206565524
0.286394428118192
0.34851587802765654
0.23868689964646736
0.2300122210372104
0.31017260982954636
0.30363770202023566
0.31518549277604857
0.2674833394906203
0.08449839510328706
0.3163371398597775
0.4098177572381597
0.37632323966109976
0.4107905663497574
0.32538680142078646
0.43609724622996515
0.48454178765249156
0.35305570906268746
0.3213287428825564
0.3994456938408915
0.22699477809582394
0.3648893847154874
0.2989151774165252
0.32353452034239105
0.4464275503112722
0.4762869977998454
0.46558669356038523
0.307078604006048
0.39097695762638046
0.23781871088986925
0.20587099755373897
0.2894328058932471
0.42377268027752585
0.5970848234278052
0.46870117063185635
0.5112737875811451
0.3768662474465953
0.2825203722486332
0.31275530992134204
0.23234867549445468
0.25903156546250106
0.288351620354443
0.425786384922788
0.3226307588475119
0.34323318314258777
0.298972054121302
0.30364369191617996
0.38672853075089436
0.3902769765818865
0.4271835133112306
0.5188361508155435
0.452315801447877
0.6076785875619347
0.6982656813866743
0.6486910852887757
0.7401046013368687
0.6945944885661612
0.7151943102956819
0.6956922291675385
0.6142750930316834
0.5054803720975143
0.6122708713195794
0.610418734209358
0.6118817387971025
0.6247266489501856
0.6748114301597166
0.6534156936755966
0.627791537947338
0.6678714020135652
0.6121803977547619
0.47818284268412764
0.6884553666244161
0.6740989691510648
0.7213348512669864
0.6962806649981103
0.6791488713473668
0.6662242912647496
0.6406397223656543
0.7018221910882702
0.7053162969603127
0.5961592832618727
0.6958663307365133
0.7206308500731085
0.6900917588592271
0.6474224330921047
0.6315718794901122
0.641474783906333
0.6753925568374085
0.7025519337663177
0.6957779555036546
0.753501906472359
0.7189877275736338
0.7185600651326821
0.6277019705825875
0.5741228813016017
0.6177451458463534
0.49651219063766017
0.5243306885279485
0.5467107678866039
0.6626719670564771
0.640856406687604
0.6995544742074923
0.6161662010164337
0.6189676637975545
0.6079222140163829
0.7291330517995999
0.7244544448937057
0.7172266455760434
0.576179194560286
0.7063216608382242
0.7735458333641072
0.9244372511096351
0.921888089169372
0.8839911792569402
0.8928135700808434
0.8623498167582013
0.7300903622242659
0.7301517910692206
0.669426694330993
0.6422431817775598
0.6838070709135379
0.7638634015419495
0.7656923406094117
0.7543015842955461
0.7986900009972823
0.7436819876065971
0.7077688728040118
0.7175933687537619
0.7469119686936274
0.7169419283874399
0.7627140980419407
0.796127374326343
0.7970187689879438
0.7451017380983633
0.8442494895409233
0.8591852546015755
0.8198226751683074
0.807750131297242
0.8627748197464491
0.7849121032651286
0.7343449352550766
0.7390296436358131
0.6828217306172139
0.8193827100562951
0.7609635414981196
0.7733843384343774
0.7449882369524451
0.7448798143972266
0.7200181235900219
0.6856197911828592
0.6394836717399881
0.6214249821960305
0.6440952552751137
0.6552026846677133
0.6653634498191167
0.6652060966029969
0.7082790984812447
0.651052796275133
0.6828054607214757
0.7165372176445092
0.5818423414326868
0.5727328579120611
0.6055065330527253
0.5770216362875666
0.6469417304067222
0.5770777192131066
0.6394684128763638
0.6014640185366958
0.6390515956511268
0.6056063742776333
0.7022491017984593
0.7348400120476364
0.7024136650986615
0.7012811973211736
0.6883217925317751
0.7144695705707079
0.6940604153554429
0.6333088638844445
0.49382033499700184
0.6043193322429923
0.40780766501432125
0.5116214768149372
0.5576020165962385
0.5421326146235693
0.7170691007551404
0.7613739449406951
0.5707811136655526
0.6796993764047599
0.667999973416167
0.6309076092243395
0.6461264403706065
0.5772623789640589
0.671830266382678
0.7084619447417179
0.6787434298512436
0.6963796802726091
0.7649512563152413
0.66961911384728
0.6867487766100641
0.6769993365806997
0.7201147511378873
0.6587983164426174
0.695267840775826
0.7040787693532768
0.747016975946289
0.6380408572354632
0.748854955787895
0.794370481013189
0.6502138466538911
0.8106804754847856
0.8381187125164447
0.7471774391663046
0.7533895968384758
0.6186481439808434
0.806709417193942
0.8119003614877304
0.775728480616208
0.8011324631531963
0.8583802885495845
0.8512663668452116
0.8559752572184148
0.8267624650721366
0.7913315916366078
0.7297031355613502
0.8002823390650812
0.877016337985236
0.8223306248889164
0.8320311805214141
0.822670018337543
0.8273907612050473
0.8719157167933413
0.8308413147466488
0.8660987402013708
0.8409409234213998
0.8178980722898128
0.8619490476827413
0.8699943893687812
0.8715889060932047
0.8691483832525823
0.8229320112312078
0.9037093862681771
0.8623470400262159
0.90031663543323
0.838049219106982
0.7726614445766864
0.8468043069854752
0.8374919509710859
0.8487850263071538
0.8943442230726436
0.8567044409438113
0.8835688386141287
0.8346887798050339
0.8769587758484175
0.8230374908181168
0.8408381503345114
0.8043604137125278
0.8302373179483776
0.8421337720677762
0.8212897665702151
0.8827438266418303
0.8072084945065782
0.8400217604401558
0.8113710837235465
0.8223494896348553
0.811853418859496
0.7548386994968763
0.7994003841765839
0.7544933358118864
0.8135556134150522
0.8243857199114561
0.8812884625585109
0.8670047516266587
0.8376236750073112
0.7881126180044268
0.8076499307077556
0.7787055945573033
0.8245016598811346
0.7567008223102378
0.8106082712051449
0.869256417709655
0.8550308718368853
0.9294806940213967
0.8510926265989442
0.8030288595012404
0.7775191069727279
0.7443281386323
0.7202803576311211
0.6877925008859578
0.7959515734366932
0.7721786411947396
0.8238367270926151
0.8043023057001698
0.7519110134376774
0.7279975908275467
0.7417190685162333
0.7268153638634542
0.6858572070067042
0.5574146483267087
0.7170002705580607
0.6420174540472707
0.6778321229802732
0.6910699341295178
0.736020196193039
0.8485534350649964
0.7194911172547773
0.7575234661191748
0.7389659400781051
0.7653582096451804
0.7583441181140804
0.7105858307356532
0.7381655634884009
0.7071102532762428
0.681341477250265
0.7352401501806582
0.7254942210427726
0.7280038496479717
0.7168823437211767
0.7195021253943706
0.7977469776377026
0.782946148599499
0.8044924162163183
0.7466000289166368
0.5404491695986774
0.5963635971989502
0.6080851141801524
0.6938970446178891
0.6635177058846501
0.7963829552322625
0.7648667445697177
0.6392284899555776
0.7558689832905202
0.6799835301980186
0.6705031469954602
0.7831929874527466
0.730722868917547
0.7758778058640518
0.6761650731447301
0.8168711533979758
0.8279373116037319
0.8362813049710299
0.8819851394943873
0.8259020717477733
0.7880544236549807
0.8283026102575711
0.7004646704700468
0.8241418565946439
0.8401424050234954
0.8427331601512467
0.7811450926537854
0.9033533981518371
0.8848479081049934
0.8741745631217903
0.8794839259786887
0.8967287773477571
0.92375245469578
0.8838297771215053
0.8227332735083244
0.8906748884697867
0.8705702507695786
0.9291053851708669
0.9339994570522013
0.9167417014031783
0.9536615445259008
0.9155762438527079
0.8589940021829195
0.8963082286043227
0.867040897866118
0.9183715167674721
0.7922246554230242
0.9248256041007695
0.917319203249918
0.9250891737682658
0.9500667569698507
0.9463535498312846
0.9126858284731636
0.8723270068436614
0.9069965073590497
0.9024593075686468
0.8587228722906441
0.8063497287526353
0.8285561600317893
0.7953269857904762
0.8476318799779156
0.8730835379629026
0.8370919955262239
0.8811688135985657
0.7877512788295925
0.884887438441036
0.8343189136414966
0.8517566563966114
0.8117015568129775
0.7872051290541734
0.8205839385409166
0.8093733135311133
0.8504440486678002
0.7743857616466475
0.7620192925244266
0.9364173791068269
0.8931787492430237
0.8960598499365784
0.8977345886726013
0.8662733236564321
0.82818766272569
0.8514517890206527
0.7928872985545422
0.864440209871678
0.8843761080126405
0.7946695700912334
0.8068626953105893
0.7559339104291917
0.6998524316702004
0.7900218533686314
0.7264957901939496
0.6574427512997076
0.6989569690436251
0.7599513988373388
0.7783467131380937
0.7860240570797564
0.787890963705729
0.791478964255818
0.7399767076024464
0.6811287762840663
0.628956723130194
0.5961741076891696
0.5167971230850193
0.5784127831162804
0.7352549778750531
0.5593062580106457
0.5980756954959403
0.723948349247107
0.8135546831829559
0.7642354665806993
0.5847131767832682
0.5106503563800112
0.4315968877984376
0.4381027478049939
0.4438996775479698
0.4827509282301126
0.4943741108084592
0.573210728362365
0.5783563937919471
0.6311105558393508
0.6482428613069857
0.6359599977711543
0.6342052470964475
0.6179180440113897
0.5965197555352157
0.5319878102224413
0.527209636814076
0.44808371215648146
0.4873317575119265
0.5554466036576363
0.6760877158651017
0.5209033817822141
0.5691219501128679
0.47469414176004726
0.4657618920965758
0.4751064067715213
0.4276375843684943
0.48940405684661675
0.3987732736734539
0.45924301398361217
0.3832098827609312
0.4597162329865019
0.5157069796732691
0.46312805502857735
0.43219472994308394
0.4275675269046984
0.44410213961765405
0.39863870128241985
0.5482450286047512
0.432819985964441
0.4854583468052389
0.4472628589438958
0.5121910825448681
0.519104856341657
0.5359876619991315
0.5454259641540007
0.4178256262175297
0.44846556648426195
0.4660756024032803
0.5305678446785704
0.5278291273929363
0.537696304051835
0.6587864305381002
0.47916224220983017
0.5894542741455956
0.6928060176203554
0.5710165989515962
0.5448799285940299
0.603372425328548
0.5987347767229029
0.6067300979092028
0.5657978449251023
0.5243287174655197
0.5548319946355149
0.6068575833525149
0.5943443541151648
0.6750094291449567
0.6463526525014727
0.6752475360277067
0.49602009787725215
0.5945839930162174
0.5394554181216309
0.5381866928838671
0.6297848631466046
0.5663455055514061
0.6803846204430506
0.7166214399166269
0.664894668678887
0.6551699402240194
0.6243605908467472
0.6044620283596827
0.48497013825045493
0.6119414419466528
0.5210512139166359
0.5679868289748917
0.580197184072143
0.6315469542999217
0.6559856715845093
0.6071413010374164
0.6701152111721725
0.6171714089973215
0.3143494860663494
0.5107171334453094
0.592479510103729
0.5787239610972161
0.5597683428941529
0.5917378255568663
0.5950947837276113
0.5340125275687839
0.5350375284822306
0.2934006855973895
0.3925190247302599
0.4494499216521425
0.5109955237628159
0.6177601101086001
0.5729870624740345
0.7512706044800916
0.6960286977342862
0.6262525176512813
0.4774547039852822
0.4663042470062879
0.4292877470317413
0.44589370837662234
0.41122335690469447
0.5075744518513335
0.524844803055678
0.46432071803836095
0.36846819570134604
0.4540230765307193
0.5326321394299731
0.4428132858363393
0.5387466515644481
0.48960325306539426
0.5554834392340634
0.5094387177485956
0.4843785432764491
0.4419207289319883
0.535435346680814
0.6572020662928297
0.4016265893064428
0.5728281510538609
0.33558397643739013
0.27810607931250697
0.26720982353344575
0.40503189997247996
0.29489606832751997
0.40723548066613846
0.43582050602596617
0.4459299546683483
0.39320391957209994
0.31171780595878434
0.35551411775582736
0.552965581213717
0.4677638213616356
0.45624152291206627
0.43901726474854696
0.3541062686632463
0.43565363349367137
0.5033790009905403
0.5632394082431865
0.5056802668071313
0.510316702288557
0.4891261066010563
0.3865017132049302
0.4321686327297179
0.48247573990644715
0.5357610580988179
0.5797758911060343
0.5535481406183125
0.5513410451194024
0.43408399467177533
0.4663625486371818
0.44250916374460575
0.29407962251221653
0.4480076240585441
0.4504633492861246
0.5175701054576745
0.4906113815351083
0.4100149522209472
0.3845962750644684
0.4161962375047158
0.34492382302606833
0.5082193379314481
0.6557836686107882
0.5053747371574201
0.5565024300352559
0.6094361418782728
0.5212515004765166
0.5355527973864072
0.5193040311769963
0.49119313734672565
0.4648197104309961
0.47026327371875853
0.34717156705504637
0.4427070410817355
0.43303033348526393
0.49169423750843955
0.5210818718491751
0.5276807109737348
0.6272532011360563
0.612786799331449
0.6685436169506368
0.6343507405088821
0.7265949582754835
0.7321294509399494
0.6939246537772074
0.6109571832922627
0.5795294265863126
0.6424933570803101
0.6491925937541064
0.6637815661583658
0.6652644050494704
0.5404026986365171
0.6724400971200244
0.6306768802299072
0.6297255664597923
0.6178265903215565
0.6053702920457149
0.630990015245382
0.6739328929011836
0.6961109843240707
0.6502751071848312
0.647927573306942
0.5795127692721201
0.5673331168622117
0.6642471986169581
0.6854117836310496
0.7256069666430961
0.737771957859872
0.777122152015655
0.9493351650246933
0.9073838769279579
0.90780398938115
0.8371060014214365
0.8849134927825866
0.8123901729888552
0.8814854683771006
0.8592234245195498
0.863098349332543
0.9267539329123363
0.9049052147188652
0.8784991122226997
0.8348246542426313
0.7023482033787278
0.6443589525063468
0.7154618895208793
0.7190421019339069
0.7215733206956935
0.8281525907491706
0.8426159974070576
0.8384730487398939
0.6508774346971584
0.8273127831026277
0.6397501499460528
0.5928824254459923
0.30871954938531254
0.5274544343371917
0.49764557989957126
0.34376393470544764
0.4153338021933063
0.5162557258891068
0.46568115357949524
0.39520988203070734
0.5199511058972148
0.3952067959950593
0.40745613362574606
0.31163423080127506
0.3280087502062185
0.3417563466145558
0.3404781011264616
0.3075963849296464
0.33252004264080154
0.2827862506663375
0.34221605789411497
0.24145342292451977
0.14673251005935425
0.2461202631594214
0.27110408271195213
0.29655690745774005
0.31316418729810347
0.44966196903035494
0.49161533626367354
0.43884849317120234
0.5177283816259871
0.5391838187519801
0.4608955154346293
0.5086621619636892
0.566986333218049
0.5535974647509192
0.6035412285942655
0.5733646705694672
0.6938384257163989
0.7093162294060394
0.6315310859734412
0.5895522956194699
0.5961301500426079
0.5318947885547337
0.5832557775630404
0.5722370201834696
0.5758054864073414
0.6710856479499988
0.7700705975313907
0.7123336476910147
0.7356898418904513
0.7838176807512018
0.7103436844046251
0.8600711147378861
0.8494273978936806
0.7974486133272726
0.7221054471603809
0.7104270825125002
0.7684480707261234
0.763222080421918
0.7513839472766489
0.7973940354478075
0.8110878554614287
0.7873641045783835
0.8130473001371822
0.8350564353026115
0.8267188292674172
0.719561087497245
0.6262969074904475
0.5602755011284418
0.6269614176908943
0.6510565575209007
0.6470297440899911
0.6002299582505874
0.677090908862335
0.6258633759516611
0.640640290352145
0.5352105708103259
0.5422456898232969
0.44978523206998616
0.35795450326833667
0.3232602346066365
0.3311925418061214
0.3145687061954217
0.42672514333425265
0.3129373963853044
0.40443316166225374
0.4087539056039523
0.2975557424904607
0.23191625506070976
0.20753821776993575
0.13032116542866817
0.10097941378417957
0.29373736434232683
0.41278713670359946
0.5393619249910966
0.2883614110631371
0.33264793875992865
0.28752615087212324
0.29152211674294004
0.26956928366319227
0.36473797565707794
0.349865683637649
0.45236843461151033
0.23175703006286746
0.28515560065595286
0.24001305102310103
0.2778054490530019
0.2556554430586069
0.2411076144719005
0.21495756189138693
0.2584942183644474
0.3381959841394269
0.359918074639432
0.32586921260381735
0.3415113911494325
0.3762894154679768
0.37150414782087904
0.32209545619899366
0.41777096403084135
0.37962871949779314
0.36585682386412766
0.3759260545433129
0.361259871048666
0.3418048238673489
0.3911758818526753
0.36158777302631817
0.3272199797955419
0.3243861434075242
0.3015153053160546
0.3886110038411025
0.3787484079553144
0.5317173819450227
0.3298368937010234
0.33694632300179783
0.3056668870414093
0.3237406220082631
0.335060035008144
0.36273408492630416
0.40830148895846846
0.49697590576930706
0.4566909411289999
0.4055395237141742
0.3984875311431501
0.41382699032074405
0.2498716629268406
0.2115031722762809
0.17850867296435946
0.19251465564446685
0.2400144505841023
0.21803037603322306
0.35626273079950666
0.24002103358327195
0.40992272390257845
0.23227098684798594
0.26865681239887773
0.23999922308959676
0.3379065606671584
0.2804145358111211
0.2664131800377709
0.17608323685933636
0.18793121593183676
0.16660542064763662
0.2537645576530655
0.28141092285756836
0.26413396022304897
0.2413132610878648
0.3365765119836385
0.36948004021913555
0.38720323353482355
0.45519841251127857
0.22829356125499922
0.3319761687605589
0.2681357799815081
0.26605426359255435
0.31979340256085387
0.3751047842922739
0.4104100110227327
0.4295765981295874
0.478872333386581
0.4397507297620334
0.45200951025492675
0.48505728788323416
0.3299245151148096
0.19367833229476336
0.21855671842826918
0.4100158048151443
0.31192263053892066
0.36346921011033095
0.32290225285170193
0.2761315183142302
0.30951292493367516
0.20799786579249488
0.1368135820568563
0.17318435386608716
0.1048014426452131
0.180270034382204
0.17631849243336734
0.29888645162584543
0.2625314932390974
0.3929327819014121
0.26733023022950897
0.3717700791719696
0.39755913356784683
0.2929681490619332
0.48822200066552507
0.5027807052073671
0.5269223028547095
0.44966818003553355
0.4738394740807615
0.4666441194327357
0.48850526418469536
0.4842080025684285
0.5425856666575537
0.4359867717757447
0.4554686827781408
0.5094507764156491
0.4953690404859791
0.46351172702409094
0.503315869227184
0.49384427238449585
0.5163908688981997
0.4297387877314755
0.41516836142980185
0.38814682374168746
0.4031943846849275
0.48012025612793174
0.4105577343179253
0.4129289332318611
0.41308049761048693
0.37781963260731777
0.41316070170789293
0.3710825001906767
0.31717149444334536
0.3685252609601156
0.3751680070533026
0.39191389113254116
0.4140367281899523
0.6516277321484885
0.4502119242867183
0.4349354181161535
0.29756210222840085
0.3114911173226628
0.2825170940315569
0.26476093668100265
0.2987182936258456
0.338511180535134
0.23489797020996814
0.24114448292796298
0.22845627965869722
0.3629582536039172
0.19630180198151892
0.19484092813337145
0.3673569756495746
0.3207406277973677
0.3458321084903015
0.2421780551483672
0.1745266317560468
0.10988700760696776
0.10539319025695505
0.1700901301778044
0.19382999721749955
0.2648005164379281
0.2529521253419963
0.39351650038265246
0.4096499551989683
0.3649962499483984
0.37431679788152256
0.4039040427280192
0.4769296889977586
0.3359906413332909
0.46920892496013594
0.4796923797387549
0.6085722183774633
0.6361853566823114
0.662376074821363
0.7052925115775057
0.5904253631396418
0.571889919646384
0.44900658520536313
0.44477366103036425
0.4217676179185027
0.332947279603864
0.3085343002419069
0.46498189660107736
0.5853485764450647
0.4571436575099011
0.5827846322597855
0.5823724828232023
0.5578712578332522
0.5906094818359563
0.4930785487822539
0.7789563939737048
0.5181800840479583
0.5936874017930808
0.5829008971484602
0.620279466639243
0.6508459518898043
0.6445774588735922
0.6344864617721963
0.5437398140941838
0.5176766700833787
0.45710689148713735
0.48400627417472025
0.5569605883677458
0.5716695066201607
0.5992437571937531
0.46768072052444093
0.41880899600911486
0.3769505589949817
0.5692700334345784
0.4877278358174243
0.4686158364828542
0.4534574779663569
0.4996468693110796
0.4971393363196974
0.5305390352284047
0.5457175813854985
0.5553808396018071
0.51432500758672
0.5135826135053535
0.4798012453321307
0.5202168917556448
0.5456442970003522
0.4558796818446152
0.45398158185598847
0.4509589770712534
0.41013285078361006
0.2908420579485261
0.22897052353182482
0.2657637681787665
0.12257361820525696
0.5331412056549132
0.3843971166661932
0.24597722508287026
0.33168134063381505
0.29416829797148664
0.21539715832225864
0.3059965895878376
0.12722886974578282
0.12683132372785252
0.1962452908517881
0.19043483237651743
0.16794309794277634
0.23163243864557181
0.17986665080745107
0.29532714469486887
0.17691247092256038
0.35580764628689854
0.21827485459185328
0.1850058520902458
0.12984372496233212
0.09756903201144779
0.10448319936938573
0.1209632419630397
0.1948544977842144
0.14120591002274413
0.2323667144762319
0.10974566084919177
0.1972654077705961
0.17063751503321842
0.04867262169862265
0.11338764828832489
0.08239111045262187
0.09925692987967655
0.10563292141390124
0.09690310802087782
0.13071179241655537
0.18140112063133984
0.08566808347400348
0.13838342940683426
0.2475969223182764
0.0481896819290213
0.1699093116692466
0.08976279849729796
0.1256541223143825
0.23923677380424285
0.28053254502373703
0.06881108469116091
0.24302298082291549
0.13311537434126328
0.2565005216095535
0.26723139949666314
0.17767522126129276
0.1530103352891021
0.09835807451541284
0.16228677636771222
0.1599825581483508
0.16046703111438612
0.3290320080268757
0.29266719294608234
0.4567657597275457
0.40406424738560176
0.3750227716559499
0.26481597391283274
0.13112092071287193
0.19489072895656778
0.1982908089777611
0.2623808932922204
0.2595985341486986
0.24731059660543964
0.17539637644911862
0.23572473878011463
0.18281369174156475
0.20155498263431448
0.12056168359332291
0.1726918642110162
0.2112196076798099
0.2574062534311927
0.2776027635416252
0.20844195616127684
0.2526244862262691
0.1787612191409961
0.15468103232939265
0.2789009193987005
0.20687131529239372
0.32110826800952025
0.3927519414885667
0.36676399709380153
0.3634132058878665
0.3283400563054043
0.19046058820590972
0.19985679491510053
0.15148814312414316
0.1504676520894363
0.26180689178384065
0.18640527991374975
0.28374507049796266
0.24145794344732988
0.29652721270447735
0.20214906701627414
0.23869407383151517
0.21094352937818714
0.2152893195567673
0.2389461262763432
0.19815684207939474
0.0795214430072586
0.23335001252627904
0.2372831712384276
0.29551830112776106
0.3220243517711657
0.29679779107206594
0.3576523152642407
0.14900584728776226
0.40906433478743737
0.43541729156110043
0.39929869279398505
0.36792042444312273
0.35864006021990785
0.349788102547069
0.4233612501655484
0.3525279304179177
0.3406694778769843
0.29259739586561
0.35208969838851656
0.380022569759505
0.37447621662738234
0.49049085626193284
0.4500067915120441
0.46150074433194715
0.426929582831814
0.4400865506619864
0.42258795353891
0.44992484465599375
0.2645223041120916
0.33762219323364345
0.2412643496617335
0.22577123986874495
0.26607898420206644
0.30945641296737936
0.31382695631878577
0.31693302081460795
0.3635998971719797
0.27944328740934543
0.24490116178678312
0.255972495182133
0.24822802736298352
0.314656931496819
0.38847147846618485
0.38861934986883473
0.2906554382840483
0.3584075183421234
0.3908940225781455
0.2734501582089679
0.39577727417953856
0.3838249808218227
0.3423920807143985
0.3469532054262089
0.31219975303565617
0.288412472251245
0.336585793126524
0.35345378136505184
0.367316887213466
0.3611886556069632
0.43217588206900553
0.3863815224817812
0.3276708741563545
0.3388817643867029
0.31319682665001203
0.3059536431784943
0.27950285794273716
0.2941108823034389
0.37457054395709033
0.4073251191149347
0.3508855889571697
0.37111947599293166
0.3288796098488765
0.35116313393030224
0.2886592469284862
0.34553650299235134
0.22765798253900776
0.33638177736698915
0.37157361079902845
0.28939033667998265
0.29140838635157107
0.21527934917974373
0.2258277979909947
0.1733990418885737
0.21106772081228095
0.18029804679534606
0.15369132108935143
0.2498967942216807
0.12697195961866675
0.08115022817124085
0.1327889285651668
0.2996634921259631
0.3164556768463862
0.414271430111576
0.36516206371929233
0.24124442215308528
0.2768945078076834
0.3265584031697392
0.18537233135198508
0.46452978254951327
0.35242609249475815
0.3328490901145033
0.3703290764242806
0.29036421970005566
0.42427475764424316
0.33484739444708284
0.35301994647613916
0.3294216136738328
0.44371623846527514
0.4727342193504774
0.4518919510646108
0.4058558731595029
0.49349064421472366
0.49593717607420856
0.49557926961265647
0.4193159391373641
0.43495239301480815
0.33895135846194285
0.4825358891728633
0.6060953495388257
0.6048136369372639
0.47815687000194673
0.5478540798414864
0.4710447768651885
0.4532382376303097
0.3838361377507043
0.3506804003447949
0.49534169323043215
0.48856656502849677
0.5025015287375983
0.5654823006289951
0.5661708737816146
0.586311996979759
0.5110128044007007
0.4301655684669496
0.4588035618304564
0.4853953395845631
0.590762943668239
0.47944966590469856
0.4772261901950157
0.4595486725453733
0.6333954891033706
0.49429564423129746
0.4527521630748024
0.365540302718583
0.44280409708188306
0.3804568090385584
0.5032327295995586
0.43090268341347754
0.4820999519474235
0.46995620828084433
0.3391505027984267
0.3610381182072525
0.37654344159353165
0.5961333631418976
0.5278360767075747
0.6614692215854978
0.40943638733470883
0.3796996200107433
0.6194979191866974
0.4460744845555273
0.5350248793400035
0.510687159567684
0.5492737778980814
0.482636018716054
0.5564061169653476
0.5824250241184608
0.588380259380195
0.6015061812535567
0.5889078386940233
0.6074448949257386
0.5832932939914167
0.6476053504594411
0.6015988354895809
0.5584986242737238
0.5998861216950138
0.6476633815212992
0.613113627227427
0.638377132276196
0.6229334572047436
0.4781731117080588
0.6500487088461542
0.6767331796085677
0.717007733876329
0.6927743603049455
0.6729914136149209
0.6121958723225521
0.6395514051654735
0.7004135575619056
0.6968241173460454
0.7221828757209413
0.6618307817727949
0.6149939195907724
0.6527174689384971
0.6540915308699037
0.6749259283778529
0.6775556297913498
0.668746412796443
0.711603376987258
0.7426398907584598
0.649117453820759
0.634669251421821
0.6610054869173612
0.664909128660872
0.5342229106917059
0.6238186364536186
0.5785668703090838
0.5610208841074339
0.5396425231440302
0.5048433067857122
0.41281722178224023
0.3856494554109743
0.3840451984621684
0.3482866069566005
0.25240105570353216
0.4453942747550282
0.5324806854495256
0.5494942173890353
0.609572093611072
0.529822567104339
0.3762257558941001
0.5135866605873388
0.4970170116951304
0.3063786420722739
0.3881860476354686
0.3202377598417823
0.3649689367212602
0.34039334929472265
0.4816345263861352
0.19657766265307494
0.08907606562613303
0.17947751193958997
0.1488944823668003
0.256004303828593
0.11506408138655963
0.1621395629247583
0.3044673935176637
0.2698315496743522
0.2194313268640889
0.4007421889558178
0.3731150059061272
0.40386134942030694
0.23951928806128847
0.22402458659657556
0.1273441690058745
0.1301470640857878
0.20688892679021634
0.2054001514318082
0.22276069627358347
0.2703416387112002
0.381879842148738
0.43403406831767327
0.5055288624151616
0.6915103258817803
0.6093380937224786
0.5977497791232904
0.4382400271933202
0.593796739307699
0.5460561485589072
0.5818131278040956
0.5175930283122108
0.576274006987065
0.5771012180056732
0.6983391184665559
0.651042868044102
0.6711994429246564
0.6694005509230586
0.6423510624177802
0.5946018341990449
0.5790216367403355
0.5206069471972122
0.515256408874302
0.385779393624049
0.239424235614967
0.4560792235841942
0.40247055011284066
0.6062294879703303
0.5766267228015194
0.5309039453742576
0.4482899915552687
0.5300361552859397
0.4718514865495965
0.4386402118659231
0.35888857342271396
0.4218925480564567
0.449647235873387
0.4865739184461255
0.47555245878106217
0.42180054883306944
0.36368856637987745
0.4670590925287826
0.4709475094214352
0.5468771203627948
0.43496870830543916
0.45995367574054974
0.42300754782284733
0.35950128324233027
0.48031967369278544
0.4618188595129975
0.442919774304953
0.45921149843669484
0.45391757230435087
0.5539920608596104
0.4215600257388352
0.43758798264075244
0.36914568577191653
0.4021265938584189
0.30114496716137434
0.2626643464725336
0.3963565570720781
0.48401443193073335
0.4504765670575591
0.42760353732052636
0.581534885372603
0.4130432560041673
0.4567582101671803
0.5471249139926165
0.4057070390893874
0.4682200821282026
0.4360989184022298
0.15715326112658975
0.29799952202357716
0.550122169666205
0.47660908205665536
0.6072735633214333
0.6909471157967338
0.627908643493483
0.547166293744432
0.4812403431593159
0.4556230111837951
0.32677281867267804
0.4141559313923238
0.26885358327623604
0.3175408494583616
0.4674915335606469
0.2789346498463172
0.34780973250485553
0.266815668224407
0.34681162502281765
0.3910035628092968
0.4197762274034411
0.26898848627767913
0.1611084288734671
0.10699344748904475
0.30014786694330897
0.3730491099646824
0.40377854670256075
0.4837667015896163
0.5350989564717143
0.40266707767675736
0.40406736946867006
0.4004188911974195
0.32060544901634014
0.21855639239565197
0.24758193671178874
0.3650572504803966
0.2640323065461522
0.4117574883572237
0.3979803459999012
0.6099482980085784
0.448937417788092
0.5404532134070388
0.25048099247042377
0.34562004416058995
0.4191571235721647
0.37203296047155116
0.46293767921899537
0.3648976572117154
0.27681526589593075
0.2400855213944266
0.18610667861272265
0.17816271796657382
0.2041476231564574
0.18527480761268467
0.33075637925137213
0.3999625587747479
0.48673210404291356
0.46962647619481546
0.19284619759775687
0.1888170758891978
0.14883924502046314
0.2182429771216556
0.1720536130467965
0.23629031148686946
0.2339159220543032
0.23023714581372534
0.32893272713138944
0.21635862163954842
0.13466521297540726
0.25991642576606616
0.35904769220662186
0.19565031551447887
0.3182346395410637
0.2604697664221393
0.24725554690589802
0.21257234900874858
0.25543005854614637
0.2382454291258944
0.29555712155555397
0.22232028711327614
0.3573254691098732
0.13721070383584316
0.2011656572930459
0.22197256953936248
0.26993857881494726
0.30267155825002356
0.2451114996574896
0.21250506167070524
0.1961993946338706
0.2870020539160512
0.22288411598589428
0.11687561864979736
0.3268076060185218
0.2966017953262959
0.40816052727704133
0.3889224181587236
0.47532699533794753
0.527755164161654
0.5239960298300596
0.5880547327688406
0.4733927197909139
0.4871111660023266
0.4455411287668467
0.33495697238074945
0.3635919468226424
0.43846875456202855
0.41708644094292296
0.4157683365589734
0.4811790273072241
0.4757472715796329
0.491907070544062
0.4943675695114946
0.5514011627757263
0.5439286449019202
0.5289184408671213
0.6104194412808096
0.5553802217776186
0.5572179872544984
0.5904099350281155
0.6292411195469937
0.6665149611100711
0.7567088290784615
0.7887641535622797
0.6742637459128465
0.7086878689599013
0.6652736265718892
0.7217538299072567
0.7618933840233136
0.8025046798449562
0.8607320574064139
0.8829448071171037
0.8570983176797141
0.847740146172064
0.8374570965374817
0.8044228421925055
0.7981340352142315
0.8387215843337406
0.8376689997854457
0.8825338294616869
0.848746269151846
0.880840578584599
0.8776811285903762
0.8906068120990887
0.8513487636277173
0.893383795144263
0.9259006949251077
0.9543752368269772
0.8826295590918944
0.8728511409234545
0.8347829947304342
0.8318980696679875
0.8427206614764743
0.8537074894653934
0.8300421381848674
0.851950308597018
0.8690512664460243
0.8942516383263198
0.7886093485278314
0.8832978982057595
0.5245318395687019
0.4779710370552731
0.4993652121817103
0.6482560588721151
0.658283307935602
0.6618508383640702
0.663476227648511
0.6085821706603333
0.538772122010555
0.5780401410447349
0.5392815408963544
0.46284796062928313
0.3839308916967438
0.5620984418359162
0.40925696287300173
0.39361481283269323
0.3214075315792644
0.295168387804123
0.444667425190561
0.36878316585472337
0.19324479207764741
0.49866956738602775
0.33983252677143916
0.3103405102757177
0.4597480129136003
0.33227317335087403
0.42649865158368266
0.3119942003962739
0.1672335159159657
0.14958996384890044
0.27621693489943605
0.15873011945612617
0.26591296342563664
0.33305105939500274
0.23612267945488705
0.14325550932109704
0.34261463904276684
0.24760349930652742
0.2741016990086117
0.26588474014377245
0.33213542248826045
0.1498850444858635
0.21987607728542016
0.43351625739486255
0.3206350803456273
0.47483295160563066
0.6449550099240955
0.3078599573903452
0.5456153614754937
0.5126363824444169
0.7354258202575555
0.6669555126950785
0.6772107092418539
0.6194316510575367
0.5935854783370226
0.6591348652316287
0.6933864604493605
0.7142901650790413
0.86279245215424
0.7598648439555249
0.8398099977582745
0.7299539904519213
0.8275881840639515
0.8675172637137017
0.8100883208551241
0.9153274744246758
0.9252774746107405
0.7210277807585279
0.8542091678756216
0.8641245086002777
0.7300753810221465
0.7699495364505473
0.7611113201186647
0.7624207963183163
0.7897233057239649
0.8670457627311028
0.6580443277036928
0.8930634045296232
0.8014712404418808
0.8865386801740682
0.9218561649358833
0.7179524228530548
0.6944832067703309
0.6998885955076798
0.6501164460585965
0.6456502978481427
0.7053838351999749
0.7178936241788936
0.6956045927303508
0.9027938715606969
0.818087215393597
0.8747391491207651
0.7884001099380157
0.6654150627738963
0.8067442923511047
0.8657397328258878
0.8625657854974691
0.9040673790605713
0.8847007473068264
0.896422852337273
0.8288045948622427
0.7931223316610535
0.8338516602541634
0.8063802325655022
0.7602373426112322
0.697839591835873
0.7671406244731251
0.7116068585396303
0.8641181758342322
0.8576718967973451
0.8672607630498264
0.8371541390457912
0.8061393961655154
0.7993011300360795
0.8150545245605112
0.8174271151737498
0.7931579672224941
0.6835440302396538
0.6763810416745176
0.7413033383418598
0.7462548195867412
0.7509647449908002
0.6865446212123902
0.7515464596980923
0.755739698881198
0.730393972931264
0.7674307596501218
0.6988000049642666
0.7711549254988576
0.7177787510977401
0.7257611588466072
0.7915752761262238
0.7648003893880695
0.7898879733116642
0.8068576493560946
0.8305215722992604
0.7944515005057735
0.8882582957512172
0.7727023083323041
0.6477485013120634
0.588006728342351
0.6262473361328271
0.222626084589915
0.42380263759885295
0.36222802011621563
0.4769259014115057
0.1797133187039538
0.323899502295791
0.15601094915716016
0.3445043455980246
0.6081763708937349
0.4370746897041351
0.6088565698087454
0.48479532432455463
0.5534960552445111
0.6531326252147183
0.6095118191244585
0.8015466770295422
0.6506648399071908
0.17412523787350306
0.8120602742211178
0.9274803189443863
0.7997911806064322
0.7404371078325006
0.8792052644581766
0.9631006691267296
0.8637279185674742
0.9412948761886205
0.8110783271619263
0.8800296265804936
0.7983313872915685
0.8798798324810719
0.8067221477202451
0.9073688129113704
0.9494157927286089
0.9688824584167979
0.9651158669794712
0.9446692336388506
0.9736729318409032
0.9454103987594544
0.9798093341464844
0.8560097347428702
0.8888024253347301
0.8897321184800799
0.9434923728418562
0.8158220649186105
0.7730090720846964
0.8248027682079331
0.769784983708496
0.8194057505179573
0.8553592226015977
0.8923034728244724
0.9764296771522635
0.9704535159524069
0.97495848539627
0.9953707819948767
0.9828253340388892
0.9854994242437464
0.9620797606143907
0.9372659438694799
0.947820023675081
0.9517665618930542
0.952916315480618
0.9575267383767876
0.9139554268879012
0.9422542382781034
0.9495351662221796
0.9488184159605048
0.9484042714742316
0.9649672721198427
0.9505067765675544
0.9437217324000706
0.9033495128239337
0.9297947211156375
0.9625375156966911
0.9134829763677181
0.9577461493549502
0.9029847087581383
0.9225073415014506
0.8174455800149032
0.8336533284476766
0.7259815287041231
0.9551200686718181
0.9330927037577901
0.8882093095240923
0.8153081346999212
0.706669698344372
0.624266678287006
0.6738611603081825
0.7819851549246828
0.7049304619790714
0.7613159035965974
0.6612573260903586
0.5832053330137326
0.5228547497268659
0.5522699442030894
0.5051336892782997
0.4588986404457214
0.1214816401266068
0.45080305773574997
0.3355681300072703
0.3604713583067558
0.1847495065591863
0.1012924602609202
0.3343472402116967
0.2648209141621356
0.2325481735230926
0.14680210506756322
0.2236421781009813
0.1464016420511855
0.39844411814297315
0.558846582004314
0.2761743513642655
0.39828754402913025
0.5195830386076176
0.7164844675483943
0.6890816079796768
0.7878237952197198
0.7063087734149336
0.7401280605203868
0.7149698985978912
0.7537072337211566
0.7176062561352367
0.7506988390472789
0.7568568696875333
0.9584893090620349
0.935991524113
0.7135105219565031
0.9232300985849728
0.9056119333646244
0.8609047522428132
0.8109726848883928
0.9201408675500216
0.9592950437757936
0.9476695473471691
0.9638217639514939
0.9032267733498589
0.9410782694526459
0.9225294869315258
0.9253130267744002
0.930228477006881
0.9664431364004072
0.9760714723893779
0.9529463671756743
0.9717091497965585
0.9510582655766452
0.9615824342355341
0.9569668918262211
0.9655661338419563
0.980340472451907
0.9703253902156078
0.9546000955222388
0.9671142280830324
0.9590320929321966
0.9801791046401792
0.9602874965828159
0.9644011196745971
0.9895573854831974
0.972766906743592
0.9640601713066801
0.9589541130316698
0.9883775266827268
0.9380018212281307
0.9266815032754327
0.922958761324803
0.9146510140102065
0.9106530010721142
0.9063958002798245
0.9247841708943415
0.9028692928982367
0.9505439004584381
0.9148871651359349
0.9255885713215128
0.9339466408735825
0.9084894168049237
0.956294658174111
0.5962722489413894
0.8272184432518469
0.6440896906173892
0.682928622856983
0.5103708143645921
0.6525219294733813
0.617690246156749
0.5426222346017519
0.5129537087836954
0.47604930494241326
0.4305720024792719
0.542037326056472
0.46743898132720435
0.5959858932154422
0.2896533280454797
0.2517289683426886
0.3042011576282732
0.37573647219134026
0.3947185245118221
0.4294707164259073
0.39929346806378213
0.1707148182937678
0.533484132147919
0.12607555502581339
0.08974537119347918
0.27973656393894814
0.2725534159436573
0.3466235261896621
0.22475930405615108
0.3196512134764161
0.23649102222180493
0.1522726223299439
0.2565929933302525
0.34635456580672275
0.39861058497196533
0.4774658887768622
0.6146826845312883
0.5759097168079311
0.9115537365110016
0.8788538928690814
0.7739436643521896
0.8256975914361073
0.9701112823563668
0.749311988826256
0.8912849237325073
0.7585076764510758
0.8648132743752498
0.8827896173950391
0.9000005281767625
0.9202036095505505
0.9659417458386665
0.9089499542281312
0.9628497769235449
0.9895589840393312
0.9850657222972052
0.9833428002737551
0.9718717981740029
0.781364760466968
0.8280510296556071
0.781829833307128
0.8635076926493372
0.7894483281631219
0.82031762461309
0.847716432433074
0.9607608296212576
0.9640672901009603
0.9667225594856581
0.948550852162153
0.978123697626472
0.9884904263847755
0.9923319810923008
0.9418919870269407
0.9874455300685885
0.9828315140205772
0.9868270938768788
0.9734767139974387
0.9663667292606489
0.981679864300643
0.9696125276575859
0.9635651241238926
0.9571760280116312
0.9440961983476905
0.9683442502414246
0.9736189720173842
0.9574874834569873
0.9843866347784906
0.9785149820219051
0.9579850298744607
0.9598667540968661
0.9643238679272145
0.9562986510054369
0.9868433569343976
0.9361248418278911
0.9569185792258613
0.9563260878952259
0.9871218658421257
0.935481518738323
0.9310626828063089
0.8931045984872331
0.9133245339030205
0.9474624247196225
0.7663887789761841
0.9238221842671174
0.9673173913002109
0.9637207625552696
0.8025917368911104
0.670596501312428
0.5452623706083669
0.5272380721350935
0.711559581108172
0.7341396350380063
0.6471093975555263
0.7305132357598185
0.7275371997683467
0.7044907587440569
0.5716604216438451
0.6759207996615024
0.8026564784874272
0.6687865841171027
0.4615896476815592
0.3175523981338623
0.5243432707407057
0.2953668867093555
0.2830007298413982
0.3123980540312779
0.4595153469907958
0.23856712899080249
0.09291162435185792
0.15537033819288226
0.12807856245087623
0.15387294866257636
0.47127251444714646
0.4125311406688657
0.46183355760979344
0.5060363674242017
0.541311435909979
0.49009879721984
0.6208031635072119
0.676269621719435
0.7777765670697467
0.7592916363334813
0.7627010938111383
0.6881654952509569
0.7328555807037965
0.7045184221509986
0.7631408200003907
0.781498462079598
0.945626285701904
0.9484829045081328
0.9530413265605827
0.9420967646979813
0.7852809576062827
0.9377277501087602
0.9664215851037807
0.9694773022826555
0.9720859414330008
0.9829501356030798
0.9699194447387871
0.9938533292833237
0.9899777775866649
0.9814899236956817
0.9897881406189762
0.9841281862143542
0.9749473136406844
0.9914237524651276
0.9856595053049215
0.9844725745983501
0.9792215851475737
0.9825119603203203
0.9876952373197806
0.9854635117720658
0.9878831269897295
0.9916301802865068
0.9675050404352287
0.9854993856318689
0.9834358702631968
0.9758274091660618
0.9807827200732243
0.9790453367487808
0.9888288972697781
0.9940433229231157
0.960243993529825
0.9700078439622086
0.9822061970883678
0.9773569533510709
0.025673992523941515
0.9613804477560323
0.970994152575301
0.9820157269516374
0.9886432879068798
0.9738989402033914
0.9697977876901542
0.9597075702419239
0.9200229442927107
0.9283236800421034
0.9493774880866928
0.9444198908844569
0.9678675517543865
0.9605782486093558
0.9508845938106053
0.9350928921321849
0.9108847113116016
0.9630955953675263
0.8846661968149144
0.8366168855779836
0.8985232604933004
0.8205523621529816
0.7793143658651772
0.6547585480712186
0.7025956735814249
0.7379979143752362
0.7476228016332691
0.38685481111555947
0.822603022156319
0.7184659321155684
0.38680079644774384
0.5202346957016986
0.4286671311656809
0.4241160176859333
0.11716028822072833
0.07869845225397167
0.3054501672075746
0.1616267126848172
0.5876453980296458
0.691523585765526
0.7750686869710677
0.6936972753611481
0.8968563573579645
