-1.5243141743858246
-1.7384947628376557
-1.6255399646988657
-1.510966206263641
-1.4980280987292094
-1.6024741825328108
-1.7362813606166223
-1.7261778300906325
-1.8171248910642224
-1.6919073250384702
-1.7303785771951394
-1.7039648558108174
-1.7981221607202977
-1.6224695445909825
-1.6526853071944299
-1.7699107516006778
-1.776868588259322
-1.6831588945218792
-1.8255774589170757
-1.9064665821615083
-1.8194868820508943
-1.7723383849435055
-1.824051720217823
-1.794790269787781
-1.8407291338561023
-1.8567593162129568
-1.9563765601265477
-2.0558892726287654
-1.9973789778697786
-2.1356927964227443
-2.5172029360563455
-2.558962550626223
-2.4736673869001966
-2.3540720919615294
-2.5973154028065477
-2.5399030453069242
-2.640262174249229
-2.727074125101593
-3.100912888930874
2.983433630577223
3.0497727560979357
3.0945956491971187
2.612814646388765
2.3816974451768633
2.126127487363535
1.960211999398283
1.861610849469951
1.9282574310148357
1.7386752229923799
1.7639662609360016
2.098281250882594
1.9693476081120096
2.0695944422349823
2.1812385168962227
1.9975283434504894
2.0561027871177986
2.2646569528478135
2.3730695926419783
2.211288504719409
2.1706081353101467
2.0656040595371175
2.392236412833981
2.25032633648426
2.0820950284969872
2.155358793033098
1.6040669040980118
1.3927740077913078
1.3084060285330612
1.241592039405062
1.1787318466863594
0.9977468815374708
1.053333130002713
0.8089231670303234
0.6933344070460485
0.643152784180444
0.4190643552293961
0.5100557285926929
0.4878515138108636
0.6177438761305272
0.014701301557630525
-0.15341310361265842
0.13022040659087775
-0.27543271506762484
-0.1786878455908298
-0.20825349910074892
-0.4158034635946404
-0.6053040941593145
-0.7625231284274845
-0.46757069863191064
-0.9682463865260891
-0.6876403706269935
-0.9965437948619277
-1.0960944075119352
-1.5164334990578225
-1.506452186886293
-1.6067588321496322
-1.7089033597205203
-2.193591202315126
-2.1549024502744896
-2.372933349062095
-2.4011714386095315
-2.176592885707668
-1.9688597324408283
-1.8605392020979454
-1.7829466847559503
-1.1459750820620345
-1.383182238455231
-0.8974269323522754
-0.5499102348001759
-1.2976456398239387
-2.524643859610824
3.0286914591082774
2.508376367874653
3.0774167082417563
-2.99942111118346
-2.8023049625214935
-2.746928429458262
2.9659731930364606
2.9563845196219227
3.1048288094576715
3.123029460987047
-3.0075322601983077
2.6894149496436497
-3.139229690061069
3.0269333168747106
2.254362320474667
2.4434134847494127
2.325930387655227
2.205089436820461
2.4612346669191263
2.6208892635207124
3.098209990728617
-2.463003375540771
-2.7893940462007847
-3.0560107990033596
3.0507910292844627
-2.89639632869338
-2.841205448349423
-2.9863797209688485
-3.02612688254957
3.068566598214774
2.989949238710482
2.6400945509649882
2.886841873389949
2.913236607043233
2.7682676302626192
2.754580266732645
2.559534894116145
2.535703796737175
2.2690947855498584
2.123046794395146
2.1164433896592194
2.0600457142050255
1.7797023697850995
1.554524397954448
1.3462665541707703
1.2247243370015422
1.2250619140874306
1.2131098206356246
1.0770615039956926
0.9473027939794356
0.8975328355682234
0.7676039882470463
0.7938824561421122
0.9064472770429759
1.0013527645587896
0.7739771021388995
0.7486451449495496
0.3486884685681923
0.3287204688811872
0.4938992212355127
0.7012748630126379
0.4866367851469844
0.24671504108145886
0.6301573215391142
0.25221866849054286
-0.1526601373835503
0.2434778757007417
1.0915983154353244
-1.381309388316004
0.6648878406792501
-0.4104322019959132
0.1598236927954788
-0.7517916756477813
-1.6706457270798416
-2.1864406194453805
-1.7506014563204544
-0.16704197270734963
-1.7953709066433339
-1.7006828949806845
-2.5079480097666567
2.7725319483454283
-2.3772806158214834
3.0982311050805857
-2.563530816006087
-3.047930333641416
-2.393179808659033
-0.9323328867131133
-0.24737609818749867
-0.8494995330180832
-1.5520289645310348
-1.8771696472889219
-2.0196910928252936
2.4747979821413653
1.7873459713395492
1.58757046174103
1.5944558465519272
1.5982972804939266
1.5941232552822928
1.44881307362709
1.2775441781463084
1.1786514070904437
1.0454820439329233
-0.6098949134242792
1.674283354869668
-0.42941558105742034
0.4702254997998803
2.250948391320989
2.2419462061369604
1.8036942023582696
1.3342601041115674
0.9370997072300795
0.6969694501438197
0.32760054791494847
0.7681140913078577
-0.11893370360190317
0.7080343816321079
0.8475863558659056
0.8824168496255103
0.6050035875473406
0.7080336259720528
0.5967629284738994
0.8495669936003271
0.8739862019456407
0.8817463429615039
0.7637263474078968
0.8336592191795499
1.052701803460044
1.067452246275743
1.1161081154612873
0.9149023664934908
0.5855236332657608
0.6130876528025202
0.6386483989545058
0.6655522698969372
0.6492940906910999
0.6859817183584629
0.569784067286142
0.205128505128775
-0.03467638940354444
-0.12948235257107918
0.10431642906449642
0.023856540075081804
0.07976430179792625
-0.2238857870170003
-0.42711598515237154
-0.619381035709903
-0.583240903849437
-0.598308253376436
-0.6534860063203846
-0.5299111388462793
-0.704690038200711
-0.8108693834895367
-0.8100790698227249
-0.8074793447527047
-0.784800276392424
-0.6690632381071088
-0.6089662252169594
-0.7278577477490124
-0.7468451602859357
-0.7808990265162903
-0.9450018729203687
-0.8616218820888092
-0.7611375428117005
-0.9769090325328148
-1.036190558392994
-1.286989246099508
-1.1804078218153766
-1.2611530098266714
-1.2710471552640117
-1.6326076969155212
-1.8946257216373728
-2.5004584530632017
-2.527263490150407
-2.6548515244311783
-2.381427814729852
-2.0942609923952573
-2.2342395828671457
-2.1732622751168527
-1.9195374700653978
-1.8704509625758994
-1.6900372643177586
-1.3729396270492995
-1.695021992011617
-2.0622665904378907
-2.1170009432359387
-2.416642073962508
-2.569816211780375
-2.797776932978596
-2.9923505801026704
-2.976477547417254
3.064427415962796
3.017096414808171
2.915466209549868
2.8511012788229504
2.672948025868592
2.0444670941081426
2.238238101674174
2.478435441796607
2.4742822030484404
2.3515193119536115
2.279175968138092
2.423245189368961
2.4544795512384603
2.5119072127345587
2.70895739902587
2.670621563198314
2.437833357159815
2.4109781457121846
2.4580337745677308
2.338576469844222
2.0215654498371287
1.8970321141628328
1.7188931489587904
1.4816135041555405
1.1753196854553594
1.3012429386954825
1.3964154522493373
1.4950287811124834
1.2879941637853871
1.0239464131587663
1.0407877966034549
0.09003987428979249
-1.4903551012666418
1.0402844056209826
1.2476882339323934
1.1621481166948968
0.9125452373845115
1.0416723185532832
0.6586284744498343
1.1185357816569774
1.1158000895973292
0.8894670762876106
0.6439409730229901
0.47805191890815374
0.11237684921819892
-0.19147401227804395
-0.24171827427067194
0.048359096469515084
-0.0680013389261282
-0.14636618694572595
-0.1664816511512805
-0.24458319416945506
-0.3185372681958673
-0.22579654282261746
-0.01788695446901105
-0.005787098331840289
-0.06856163174556827
0.11274088426339628
0.22004984109753795
0.2518887728961466
0.1635557011383622
0.07307377426597737
-0.06372714780752435
-0.2980915236240179
-0.3677213142320362
-0.3862673012416489
-0.5152108200045841
-0.5588191629284398
-0.745010468316725
-0.7565384526359668
-0.6881984910318161
-0.8242357130346165
-1.008421668328432
-1.1837622459447372
-1.1875245021670298
-0.9673621650740764
-1.2354762196151836
-0.9162684250923809
-1.299238263272459
-1.5084692043525303
-1.568192258147908
-1.5963181551254104
-1.9752299065050825
-2.002922471500284
-1.99944479534909
-2.608844613443949
-2.239353533715576
-2.647164033063724
-2.8368708701844634
-2.868307737673832
-2.792375406086536
-2.757720285068245
-2.984996583286944
-3.0761036224196276
-3.113859702532632
3.054841842655037
2.944446687558033
2.8368199547751742
2.932974074662261
2.986191424784278
2.954321588930446
2.616967779444302
2.6477235727103707
2.6567223059904927
2.9159112036461625
2.7795358708887195
2.6330248214276897
2.711111387301262
2.7364655591387645
2.440992512648257
2.929736099019614
2.8751657532847843
2.9159704460144096
2.853351803631556
2.6852251315925213
1.766129962228857
1.4431727496442806
1.4062616973262587
1.3853778182853504
1.3325059391419727
1.1993467877942805
1.018723608630956
0.8720744049578187
0.7081868885706203
0.19617788880216264
0.41565972899353476
-0.8894557261587499
-1.5351727365110168
-1.6846793491719652
-1.725883859599314
-2.0581641272818687
-2.377631264553028
3.135951495409679
2.99591069578968
3.1177174656552955
3.053607783239381
2.449443897281401
2.0889281322653
2.2770979953911765
2.7694486327008856
2.495693514413139
2.4362478354075057
3.127477132131704
3.071415868761722
-2.799932990052154
-2.9262848426906607
-2.9095011928026215
-2.174931866178019
2.7680029161823514
-2.691279199279327
-2.766129126391721
2.3390992175260723
1.708110274173636
2.650380816478788
1.832937217439528
1.5625530963081442
1.324728133633777
1.0764967561905199
1.104102863293388
1.1210778905131984
0.9297831210474932
0.9905282180340531
0.7137747984337773
0.7373597384261534
0.5594461505287445
0.8184715857207133
0.7099747321651327
0.6832279430109204
0.7014648845470978
0.6241363249102739
0.4438083259612884
0.1973847456023603
0.4313707697895605
0.39033257181017444
0.41302152313706675
0.16471844178041
-0.4499104725430341
-0.5695558346527329
-0.6920159471094418
-0.737176214706328
-0.643165414245503
-0.827641763173864
-0.5589715027059182
-0.8629107498782909
-0.2518814757508707
-0.2617828311601287
-0.22829766557605968
-0.29346388264646567
-0.37478639022405924
-0.3591020885855754
-0.6271413028605479
-0.7533342401233172
-0.6503758710278494
-0.8418996035672628
-1.1385864122665683
-1.2705618023286034
-1.4606570239655021
-1.3435402256493418
-1.4190521604252617
-1.3830495196937225
-1.4175738972540772
-1.1067370999761372
-0.8276369516636171
-1.0062850586832375
-1.1183574875996352
-1.7314659817403104
-1.6232406962632668
-1.5392794217556258
-1.559648400219878
-1.3736680498552323
-1.579974245217181
-1.5059809833876763
-1.4371587073013663
-1.5540461531019045
-1.5977998893817473
-1.6648608137948864
-2.2298795375841176
-2.6729756462201677
3.0028105680817316
-2.8060106403292817
1.7064868393357195
1.3374051013001507
1.714158322668597
1.9206502740548765
1.8990035229774145
1.6701038257713452
1.5035654045786324
1.3748923484722237
1.572503547716683
1.717307870861337
1.7941123895312259
1.8511320113741068
2.0435169640545463
2.3935264027277445
2.320358570521549
2.7816680062147063
2.4260498096820045
2.879981682304357
-2.549579282481132
-1.9878334691682726
-1.8380073524613423
-1.7525254068203262
-1.7208914332294851
-1.5816825772833263
-1.3337278816477964
-0.9841957244597773
-1.1469953272844167
-1.4390523660958763
-1.2485878288317853
-1.5282045634819936
-1.43625983981055
-1.4620527407341264
-1.6254512541712962
-1.7150137549269093
-1.704578636061639
-1.8360574074600156
-1.749143714657599
-1.4701449374822253
-3.024780364962596
2.3439889329690478
1.8527409314586036
1.9397362157502005
1.5179626395668384
0.9192989989173088
-0.46812212662919245
-0.19093922174745112
0.06907530699627229
1.1057216805677335
1.7036947809509364
0.9932362804237425
0.8913602603903901
0.8699059206186023
1.8254534310589134
1.6858880731804053
0.8508080712572041
1.3058720338063956
1.1417361624133693
1.1212193742565406
0.9687316331290537
1.418664970884212
1.4979047807294479
1.5848501693943058
1.5818619433524612
1.1731615974947298
1.9697522059685202
1.2541533174647432
1.7224742883541062
1.4628856457048984
1.0389719357138099
0.9601750104476258
0.865226842387322
0.7687010282186549
0.7865837228405621
0.9973030528407811
1.524682188431823
1.5066531267730108
1.000293328311927
2.0379938126013086
1.6218479150326266
2.2789361089455533
2.298102993170163
2.3201246357928755
2.143921908038003
2.9244842391887915
-2.908769502500173
-2.202582101137495
-2.120458844364235
-2.1667251584489144
-2.174008916388286
-2.1431985688589408
-2.4484044651706136
-2.7409331040859533
-2.412172064326734
-2.343611256893878
-2.8521368442597073
2.906435601551814
-3.083074076730445
-2.253843682715733
2.2510587473917196
2.3403222362407234
2.3177026299958428
2.834656677784277
2.246723341596475
1.3230991552634757
1.099268774386619
1.9166126838920243
1.9258843271559232
2.022339382290618
1.9486041911498455
1.2344917693073605
1.2335986885871284
0.29899033979053136
-2.8195625486646754
-2.81648363260974
-2.5156471795549273
-2.9255203959268195
-1.6803003191157804
2.7234623350718667
2.2266429630271483
-2.4528603923009786
2.68025041477602
2.274303132550643
2.2830305408233973
2.1955269642103583
1.5617690151059587
2.0766470439386504
0.7723598372186832
-0.013066220959004511
0.2144043023797134
-0.041722531252696406
-0.11729849371319176
0.964136019076247
0.7555636266790526
0.5413113438413061
-0.11094187751053634
0.002377955128456135
0.007297791604726574
0.17913502975248038
0.5284710338268555
-0.06120721644770081
0.19346538976530783
0.21598841949578396
0.18942855859310814
-0.15231278142692029
0.2690236407973384
0.4808927748946072
2.11778503618622
0.851329492651465
-1.039932068510344
-2.0096008252111424
-1.9122107196952154
-1.8867127518529248
2.343355414335986
-2.776422008639196
-2.6748149227406213
-2.6947881578549095
-2.7748651748308593
2.8711505031309
2.0097370004893627
2.727386481579239
-3.102596525518098
2.9449317915329685
2.7198736017747995
2.428266580669622
2.164357583964316
1.9091402819501455
2.0379405105885224
2.0023507600516566
1.9997975923447044
2.0813675276166843
1.8364568351524861
1.7502384283662877
1.5724308036771837
1.4736195180621996
1.435836765678448
1.4945365452729615
1.6477472431042974
1.770725063230354
1.735593133164843
1.921358867353868
1.7105033878435068
1.6154678955355946
1.5456841685879805
1.4102652920519307
1.3979668902540392
1.3003484361430009
1.2275096485690427
1.1179867939915822
0.9831759310418585
0.7551798663146178
0.7127404799762447
0.6541665291481342
0.6049470567942834
0.5155157774709941
0.4329956185031057
0.38111811414265145
0.3520295761905089
0.026513362237554024
0.020450172854469754
-0.13145428403155962
-0.2122294246589165
-0.1679081576315206
-0.1428478128508423
-0.1625879944909147
-0.38173738900415866
-0.30663767348791837
-0.5568394256466079
-0.6147323167132457
-0.415802735581335
-0.633790827628126
-0.5896853294815765
-0.6175376430098951
-0.7012226853841068
-0.744208948044289
-0.7263397124585509
-0.8502472830705883
-0.7875053714964119
-0.8552906010592705
-0.9883487360422362
-1.0274835081328673
-1.1646781536314346
-1.1867071650601708
-1.4785233699133256
-1.4008101732040867
-1.6605195985598213
-1.8952209938208244
-1.8406791891868324
-2.1718904383986897
-2.135939658852642
-2.622500885499726
-2.3705381048178618
-2.5314651946102487
-2.672897640155605
-2.7221560717176603
-2.928599640382012
-2.7370580999102754
-2.969839071674525
-3.10221867237926
-3.112630574069598
3.0475998363743653
3.019521669064423
2.9211272430059108
3.0780596832976426
3.0349080461233053
2.8285667877641356
2.9321269644449104
2.7397854313140635
2.7858992709308095
2.5994570118227673
2.6125697042504763
2.4749505443023465
2.3850438192551557
2.280554630266415
2.1344042830171523
2.0376454276211873
1.7105592081740806
1.8060123443169191
1.710329419966948
1.7472385395749572
1.394815876828829
1.4434492511199644
1.1598279726632394
0.9931845872330546
0.3827625827637829
0.23073926973645595
0.4253065526781541
-0.889490725369421
-1.4824948923580923
-1.806296174836473
-1.3702411732852455
-1.3942352217488292
-1.5215450384529803
-1.9032855387802767
-1.8735732398104907
-1.9062525232754222
-1.3744879162720594
-1.4506663545871186
-1.9656349395190356
-1.8941941473377897
-1.7786670653910341
-1.5223823392922264
-1.575306666613199
-1.5560488197599653
-1.494047912330658
-1.4774004028939336
-0.933986501439289
-1.063498543502719
-0.7077407682836508
-0.9428938790621642
-1.292729274399543
-1.0394430652732705
-0.9757555412000406
-1.0325080578677557
-0.7142823865495891
-0.5689266508935371
-0.9398531595902045
-1.0828631674571636
-0.8967675470659022
-0.6811516631540896
-0.08759302794114815
-0.1888651272884228
0.10197580268305974
0.5046065602638964
0.01773948886768855
0.9167964245870838
1.1144930350373932
1.289001008852114
1.3323344730933426
1.2766756817152785
1.4728843623985428
1.7848645521687634
1.7337106348493432
1.9409096954473481
1.9062445351529742
1.6406442991980676
1.9580450089724903
1.9047734046170897
