0.3343520923625592
0.3328610548053882
0.33380078389437395
0.3334142170993416
0.33239544787794206
0.3319393843457424
0.3325951797259723
0.33216220587021283
0.3317454062592927
0.33021924920510015
0.3290134312557756
0.32594914680356335
0.32387661887701247
0.32104325345716267
0.3213368132639814
0.32171803271494814
0.3201714585509243
0.31605501848310386
0.316703291420869
0.3174809870246459
0.31778632074777186
0.3162784780201423
0.31605051192620565
0.3158361004790873
0.31483494776760335
0.31375256623203923
0.31250047344038434
0.3095053432956488
0.3082905933617093
0.30568701151077443
0.30372948146487605
0.30321292040421416
0.30039032148465666
0.299475615411099
0.2997651142406649
0.2990528743643952
0.299435064797846
0.3003079516167393
0.30035698426407426
0.3019864844083979
0.3023192882660571
0.3027711839705337
0.30472702501095617
0.30457918600141787
0.3044684552607095
0.30149704892151136
0.2994542549853693
0.2994746374483552
0.3003194128876491
0.30065010218156896
0.3018721293830626
0.3036111728561445
0.3057387503566479
0.3062373234883059
0.30766048837832544
0.3099025593142081
0.3105703024507195
0.3107168200857043
0.3105437009731905
0.3086656914383058
0.3089287514582111
0.3095329692044621
0.31056456297371704
0.31360652941682476
0.31591829913147806
0.3162547512423778
0.3171145704845761
0.31874401600512664
0.3212098463281238
0.32222431779087657
0.32281299420684356
0.32298680973303817
0.32457777358858947
0.32409577153694535
0.3235104896451406
0.32424568089231925
0.325767872594243
0.32744146269226027
0.33189182154564795
0.3364693244082238
0.34146012409880183
0.34339705428817746
0.346073706017564
0.3484548378096414
0.3506607238383473
0.3522180116687825
0.3506527857555596
0.3478403966890768
0.3444499995514428
0.342243941786165
0.338268291893913
0.33431198422307484
0.33024360029442834
0.32808422349838906
0.32443405886171967
0.32161119557866896
0.31855385827090676
0.31487859485613473
0.31374528040342614
0.3108973173568256
0.30569523913747004
0.3017057589829904
0.2967944972759847
0.29254970699909655
0.28685087022010036
0.28258292908770255
0.2732559777053011
0.26614423379034924
0.26218601150790166
0.2618808323819877
0.2660369231597109
0.2747466143175939
0.28398648815403865
0.2941937778822524
0.30402026137396404
0.3079270239192008
0.31509333238732185
0.3230944496992593
0.3313943368815655
0.3381889489638949
0.3436210188051464
0.34757608847984867
0.34839622431738315
0.3489628025296316
0.3500025088538278
0.35064902513917756
0.3504205623786363
0.34863161340853094
0.3469045083672831
0.3464706483754505
0.344776749693762
0.34538495906512245
0.3477372575860181
0.3505413792147082
0.3512737083894899
0.3514993942738013
0.3500531384067924
0.34917384343837143
0.3484750961427778
0.34760994916780613
0.34654136091257465
0.3428188972574172
0.34070501804169234
0.3385384555408409
0.3366928337481922
0.33374814474898884
0.33076371977260655
0.3292701762214008
0.32718177884717625
0.3251696226339991
0.3236220814861755
0.323799851980318
0.32367694603250907
0.3251992287776037
0.3253787873540797
0.32440294709577133
0.3231069946156748
0.3203995719471319
0.31869907279632387
0.31780767146967664
0.3151588272368574
0.3100431600022962
0.30431418526592213
0.2993705448945721
0.29711179301864954
0.2935026414760078
0.29112091798658046
0.28863896325920935
0.28699077138388146
0.28654401022591897
0.28651611117365394
0.28751061200645817
0.28920216232752377
0.2907229427733541
0.2941498645125938
0.2978714639657793
0.3012645303036193
0.30477224573545014
0.3077524862692707
0.30957179623185205
0.31264110636953324
0.3152059197408449
0.31709798342307277
0.3180527381410053
0.31756399242875766
0.31711515498247594
0.31831536420067585
0.3182679615279503
0.3173757410942567
0.3171788357660591
0.31597446053405687
0.3181982192437053
0.3200459260580696
0.3215376098859888
0.3250604369286646
0.3289334226427402
0.3295081351192751
0.32974965156832525
0.3303090876522139
0.3318166306270783
0.33111198685710086
0.32744798288900817
0.32302296122511204
0.31815300484088327
0.32006946773303835
0.32087512191700257
0.3235085086768277
0.3257320949593633
0.3288616231677125
0.33196097986713385
0.3344480904455992
0.3359639970863523
0.3379092242125453
0.339934113067038
0.3356881517330349
0.33345667450053745
0.32674549436111566
0.31495977280985743
0.3096823928420675
0.30605003377565415
0.3037168268144878
0.30180804891269686
0.2971425592303465
0.29501833273168154
0.29308605673026344
0.2947297057782314
0.296313658694063
0.299685471317975
0.30307901290268924
0.3045277805658529
0.3090680871896073
0.30996612154986136
0.3126467200023876
0.31336077793088324
0.3134234954133167
0.3122413112590617
0.3115709691210789
0.31201676586316346
0.311025244016922
0.30985532165833135
0.30958127165139215
0.311046852739694
0.3128886330857278
0.3126733371565745
0.3149344674943738
0.31673905710724176
0.32006729074061957
0.32212138006353763
0.3237256888259584
0.3230903962689028
0.32144124486216386
0.31895925696714955
0.3186859221294594
0.3191798786240333
0.3156364224920828
0.3121307286854002
0.3044481893728447
0.300855926164885
0.2869568011531485
0.28331565020417815
0.2809767118257857
0.2812857127610473
0.2805288413220483
0.2812266662183819
0.28210977402489873
0.2813781374425163
0.281446925227044
0.28408191537762556
0.2854997441051279
0.28987852975206396
0.29191188291318343
0.295020289218363
0.2955578616188962
0.2949275177341465
0.29179317475096367
0.2875846870695556
0.28696783882111815
0.2815742237589733
0.2759556559953283
0.26958975017732756
0.2644465410263256
0.2600360878785123
0.25765904359240915
0.2578537546890619
0.25912607322481346
0.2608949844076449
0.264991214543985
0.2668166257753291
0.2737115974703793
0.2783272227458652
0.2821038731899096
0.28835311799479907
0.2960352702549601
0.30418618877755976
0.3078646487547304
0.3087323836108773
0.3102922525816386
0.3103720135349716
0.3093566780866809
0.3077054179033462
0.305906264930753
0.30486719583459687
0.30268624493943064
0.3010308976656073
0.2987337347112887
0.29922186486104174
0.30131605754032686
0.3041150225894167
0.3111479512016947
0.3154554613451687
0.3175269991091244
0.31882053078343486
0.3221422939900543
0.3270141658819665
0.33119538793842124
0.3357147203339384
0.3393409999910724
0.3420276763533822
0.3451405506691515
0.34360695059085
0.34220452101223187
0.3396959234138487
0.3347821739489557
0.33156402904339405
0.32876856391963094
0.3257028821922945
0.32421733924492124
0.32362184028313906
0.3242234434560043
0.3241966023472776
0.3257175410212804
0.32812642021002475
0.32992900561328203
0.3342522408395447
0.31994508647056435
0.3217929361837705
0.32500477470244954
0.32661497642847315
0.3268677400359144
0.3288604041552099
0.32703709265900666
0.3251373264618004
0.3246050931192957
0.32371853682088214
0.3226752789950454
0.3195651857723148
0.31704496654327396
0.31105748894577306
0.3095339657230364
0.3071761828980764
0.3043640541288869
0.3021518755964027
0.3005128879685652
0.29878125140955947
0.29683033140613224
0.2947034296585008
0.29638051135561716
0.29817221434363056
0.29834711953513454
0.3012995178613358
0.3065013558827706
0.3109240743216678
0.3136782980698694
0.31550112215425474
0.315772858504143
0.3153886605601618
0.3149068948104522
0.3159162162624743
0.31781823045742325
0.31872276164889407
0.31766761277846395
0.3176377068460979
0.31933258660648717
0.3234698130902234
0.3290604379115123
0.33366419713576445
0.3368013641002725
0.33775024590765024
0.34001527820117133
0.341601964766044
0.34494831755013766
0.3484955478078539
0.35229287671642584
0.35414506863204587
0.35403849513976277
0.35468940827362105
0.3555723371132605
0.35607917183201643
0.3588348226567786
0.35545399738580763
0.3531451754915151
0.35239387386649185
0.35020085971771586
0.3495782349642417
0.3522918343736124
0.3532566843694247
0.3545172216893427
0.35366263160278133
0.35257784600843867
0.3531660453666861
0.35310073979394396
0.35527403109393674
0.35570946820606986
0.35750644388692504
0.35753909086459273
0.3579153257520423
0.35843676699610316
0.3588398173470863
0.36033817054858147
0.3594582304301245
0.35794988244406684
0.3573020043834728
0.3540768632925043
0.35243825224552927
0.3497106191622759
0.34529370127066983
0.33872155926107383
0.3324771098836471
0.32721463115589855
0.32197668042666666
0.31599385448636036
0.31191191291174947
0.2967542117885698
0.2857332599607082
0.27552546188448473
0.26809978684469254
0.2657596117411798
0.2606601222067059
0.2557774032091452
0.2526461670593769
0.25018123556897853
0.24842854741477258
0.2505624374345349
0.2518563832315901
0.2541371186819277
0.25459033235206835
0.25595276181662147
0.25908356482416295
0.26017023414339674
0.2610002162237316
0.2605019761679753
0.259875700996291
0.26081938734629073
0.2613120128713803
0.265707030941437
0.2695187011043903
0.27339406279987066
0.27628109457314093
0.27612758670573095
0.2751917509366514
0.27670039831150284
0.27631867005556665
0.2775010496995488
0.2762503342448988
0.27737268918568814
0.2789176360755691
0.2807169741288668
0.2849575405818988
0.2907835353713628
0.2958609914286742
0.2998539252415062
0.3029475508235989
0.30668713195381825
0.308784710694737
0.3116298725478787
0.31597591783358314
0.3186700917796254
0.32003902638783405
0.31969503576503844
0.31867063474258595
0.3187209320666246
0.3180018858666568
0.31584665196655315
0.3119373020937179
0.3127743889588806
0.3150701182993415
0.31763874246900964
0.3206625127930586
0.32360578280442887
0.3269679300323088
0.33145353951854795
0.33614004945816134
0.3394772659737521
0.34380076057791525
0.34229895908634084
0.34282380443470745
0.3406474926563544
0.337572857055191
0.33620449384078893
0.335803232497396
0.3348535804640071
0.3341656018730528
0.33089236914212244
0.32983815263855243
0.32850331636398505
0.3269265673871685
0.32448771918560426
0.32365338056221615
0.32054411822932105
0.31963411118270396
0.3163253659121707
0.31549011333520677
0.31552019970944317
0.316026885940725
0.3173109057503744
0.31641877591587075
0.3170128169333625
0.3183270627771248
0.3198674808098761
0.3206849747628568
0.3193890624626061
0.3180739363221172
0.31857517504580485
0.317862016744761
0.31579824466783046
0.31504254238419127
0.31517403747165473
0.3124011979108892
0.31055676081800554
0.30439711839700295
0.30224947425762455
0.29916564983604776
0.29656286364006273
0.2943869602731469
0.29284202052736374
0.2912414572157008
0.2880493246948338
0.28576334129385317
0.28586193707679947
0.28433867088202536
0.28341178595177297
0.2819177850845279
0.27923425269943736
0.27742276309635533
0.2767514815316901
0.27735507157295197
0.2791380848040519
0.2815076332480018
0.28224536427958546
0.2833854133169671
0.2832476491341003
0.2831624111443013
0.2827742063893488
0.2812500941550623
0.2791191066633727
0.2793114998683802
0.28290282733191363
0.2865559797284956
0.2877647123078493
0.29038263069898956
0.292095900821018
0.2948088024345477
0.2958425570291284
0.29895315325661925
0.3040792921772547
0.3075013633931356
0.3086349950847137
0.30990384483115585
0.30985159701479936
0.3109098356720061
0.3119143905203689
0.31435541470977124
0.3151514317457047
0.3171581913092275
0.3148140849668347
0.3120590525869239
0.311467162644785
0.30957525276945813
0.3076085670490062
0.3051643519475689
0.30412284848097193
0.30175594724235555
0.3005004490925334
0.29728722656895296
0.2959761277418171
0.2927369686275006
0.29142174586677994
0.28664861586501555
0.28345236889374004
0.2826810933534942
0.2823132719943855
0.2875678771132738
0.28804594862238797
0.2864489610853637
0.28519358286715846
0.2816643844149814
0.2799865515130352
0.27616870820399775
0.2724748908145633
0.26694212182744176
0.26582652012210883
0.2619902813432849
0.25983015703385204
0.2546991777863978
0.24909578756199294
0.24436438407614464
0.24217846172482732
0.23821835316838058
0.2351504921407516
0.23528500025200233
0.2335946940055952
0.23284438652499842
0.2307792127618417
0.22674271498854842
0.22400253127633799
0.2186671861825185
0.2162757948508435
0.21148970096163225
0.20706589502468864
0.20385730627023047
0.2060052161791585
0.21000930564554632
0.21831753856742492
0.2229465497125689
0.23012241057254773
0.23361446501795607
0.24174146371867922
0.25007688561504454
0.2534141097632754
0.2619122949925411
0.26507181965076465
0.2729025686606428
0.27450615423573105
0.27725105108871717
0.2809225856695611
0.28293765744159816
0.28854190714498973
0.2911367740040022
0.29380656756299245
0.2948240315419934
0.2986134364995091
0.3040720433334641
0.30607741880635386
0.30969540681177704
0.31106693471350483
0.313478245005228
0.3156658490208437
0.3146144631521577
0.31440042339200025
0.31140831935385604
0.30950525768138726
0.3064923513024144
0.30581309579425014
0.3013867997491637
0.298875933734872
0.2933704588918138
0.2905028553928234
0.2874114223287023
0.28256897925156504
0.2797249109461473
0.27398454174243236
0.2667027298717347
0.2639816055947185
0.25684279639606955
0.2539291481903053
0.25093073514749753
0.24450907860928633
0.24165733620321772
0.2413702621578596
0.23995249242676375
0.24014619866055162
0.23908918105256283
0.2386726933552926
0.23824381586471102
0.2388429503253266
0.23811742144150988
0.23702824304441023
0.2373299977872531
0.23862804253529393
0.2397292242712758
0.2396964202247775
0.24071808150639148
0.2439669854858862
0.24700639524398812
0.25353733642014464
0.2574065303438207
0.2665197551994092
0.2692497737877269
0.2789083357808629
0.28282011873134777
0.2863406544624319
0.28979435392075625
0.2935244716127245
0.2963961388526
0.3007111518725997
0.3045667169019831
0.30719480525494586
0.307502902491478
0.3078986433143218
0.30767947650787064
0.30730464501460475
0.30637446462204276
0.30445083735443995
0.30263425689554235
0.3007964097293537
0.29508971627648023
0.29281079842346464
0.28965731805985767
0.28429786668524365
0.27912892309279813
0.2764933589070771
0.2765610196659528
0.27576386930084806
0.2725160966290988
0.271103376092687
0.26929799042601754
0.26862858879819546
0.26846474314692853
0.2669529702290195
0.26583819240673245
0.26618466856278117
0.2651360975898317
0.2632628869121542
0.2655874010825288
0.2668191149800806
0.2681499594913658
0.2699409055251764
0.27425096925983644
0.27530063678317984
0.27898383405416954
0.2825022205031705
0.2842280456749255
0.28694459411969775
0.29123364627451126
0.29217639024141534
0.29459612389985124
0.29486560200014117
0.2960618884067002
0.29554495399873093
0.29570677746159685
0.2951015623684137
0.29345939447355623
0.2929462235709209
0.2881213527258085
0.28226872591179974
0.2797746928001048
0.27759154829043464
0.27346176874756345
0.2719993079402018
0.27085625368455774
0.26879149542704095
0.2679493104392018
0.2656282620782846
0.2620957607079334
0.25959193067297115
0.2564552907406531
0.25486562144220426
0.2536597282412472
0.25546701440591313
0.2560570164730165
0.2576414576110686
0.25703872719431037
0.2565693065022899
0.2568280055004788
0.25701963506127945
0.25836112844471215
0.2596463879030592
0.2619150769299008
0.263326568211243
0.26332949593073224
0.26240084441876216
0.261024519146616
0.26020569605907323
0.2604049183423659
0.25993699919376334
0.2629966051779151
0.264153322570606
0.2632428797447983
0.2630474962613297
0.2619490381814974
0.26288428887501025
0.263524394312401
0.2632309547581656
0.26290430587425695
0.2637763783638958
0.2628980790072982
0.2627061319704829
0.26176539161192236
0.26078487751233337
0.26131756128438627
0.2594531285325166
0.2577120263150573
0.25702258296333297
0.25559420294477186
0.2540435369501531
0.25275106374459366
0.24865005802623164
0.24674376174348972
0.24510720358902982
0.243603204757656
0.24467774567278702
0.24797499540778153
0.2512405490443978
0.2579617300461714
0.2618376633108142
0.2682325502283075
0.2711598174891981
0.27729509604779323
0.2793404681284041
0.28535678647317453
0.28795741112553414
0.29363160182101306
0.2961121988762012
0.29807337362255526
0.30127361686347703
0.3024871910071502
0.30874442321512363
0.31087547104126256
0.3150994514006221
0.3167870690336715
0.32131803450850077
0.3232392530114293
0.32602503829178553
0.3268818013409985
0.3282571859658712
0.32921000029717135
0.33136454152991995
0.32957225598225526
0.32906184755764056
0.3261319674897164
0.3211496522193199
0.3185476889616346
0.31644176835413995
0.3132836753647787
0.3103178918988759
0.30685603000469713
0.30122598484430174
0.2979896023211288
0.2912718798627533
0.288661336772432
0.27834533805702877
0.27525804132972753
0.2686206588833638
0.2612718641174351
0.2576460192840979
0.25371532062934427
0.2516818124468512
0.25158958426107925
