0.196765368247067
0.19624408069589555
0.19795453155701878
0.19839280458862216
0.20361278140545974
0.20130555647725626
0.19116595654115956
0.18327578578255607
0.17861951202340312
0.16986932903477897
0.1691394412862856
0.16961075319878777
0.17723243324105498
0.18424513010503377
0.1883018546210868
0.19119318695134885
0.19389430892576084
0.18629206533737994
0.18263437793661794
0.18147240247360558
0.17761563701447478
0.17445619349821373
0.17345471906766952
0.17200810549952605
0.169593243624106
0.16619254026725233
0.16448517599138332
0.16677339596427823
0.16960380823622265
0.17305229490223645
0.17050897684264474
0.16961396564619524
0.16402187100128612
0.16231506865430972
0.16472752177420535
0.16904837574120513
0.18011757875255038
0.18792858185207217
0.18987888523650803
0.189576834001993
0.18759998806751194
0.18719605983106138
0.18556890568333062
0.18567232409332926
0.18895102439498623
0.1916201942126477
0.18699371804236473
0.18691833829595147
0.18785608420743635
0.1896959511092659
0.19391268548849763
0.19921383445979654
0.1964038815463093
0.193515520162496
0.1912451894532185
0.1869774984615058
0.18111220805315512
0.17569694534483143
0.17353348132789098
0.17036962352669469
0.169074549547427
0.17016910386815468
0.1645377213506063
0.1557046097791576
0.14955688620476346
0.149011209775102
0.14693957841705685
0.14634163319084642
0.14895941603398852
0.15604245043043158
0.16495584965788468
0.17188628108346754
0.17578199267478156
0.17782759039080664
0.17631879644310908
0.17514594788280982
0.17307694700138904
0.17109615354679025
0.16924694331799853
0.16558490278326882
0.16189774984324154
0.16039544797731722
0.1629424587934017
0.16420137405941732
0.16752707543661643
0.1716716789588411
0.17686838070033797
0.1814678644347137
0.18582271807340775
0.18795449326779562
0.1891408937196187
0.19126678782922446
0.1955627301947524
0.19763823053435062
0.19936010968288587
0.20252866463825298
0.201212617601589
0.19542767492823737
0.19152002096509654
0.18347737915495563
0.1797473905328636
0.1786768376554996
0.1828423197276429
0.19113650479473282
0.19012257874211538
0.18974196595132686
0.19129616197060412
0.18026484439160034
0.17180474075532795
0.17128362812962525
0.17425158244559505
0.18197683148474283
0.19045526161807078
0.19822414153267157
0.2031428191379212
0.20452959083113426
0.1977334336955252
0.19010170736952067
0.18362553596436898
0.18033812876688055
0.17728182160809727
0.17885183727914764
0.17845021855485793
0.17777168440833663
0.1801799700804702
0.17673550586844727
0.17140777911058352
0.16734930765527856
0.17099839122999533
0.17373132354623813
0.18056766218597012
0.187302984537527
0.19456075851886465
0.19602817191480768
0.19702101232357322
0.20069912736245582
0.20548641423537667
0.2073928646264751
0.20791286950802937
0.20908227735974155
0.21007375581368287
0.21086757531506212
0.20906881237723524
0.20907731149085312
0.2103057931600869
0.21034146001864226
0.20765820913790475
0.19857087028120227
0.19263433433738889
0.18862711587191705
0.18728046034481644
0.18571943548927206
0.18194217283327122
0.1728983719445473
0.16980956468085087
0.17020438236533425
0.17075184691775186
0.1685839753683495
0.1704376739572107
0.17022559119699984
0.1682877386650445
0.16583431560133946
0.16579465694418424
0.1640096932306975
0.16251414809790982
0.16109570773025178
0.1590167054405768
0.15819754683106022
0.1577843906807514
0.15512405180589245
0.14963909480843707
0.14190223669205043
0.13572496921043378
0.13459688512231283
0.13481623534538995
0.13473358798483756
0.1329453466663678
0.13193654588457243
0.13204060500274303
0.13218333199149845
0.13016754030736893
0.1316860914386769
0.13291118209889774
0.134454593988582
0.13753280167669196
0.14031070115437655
0.1397079885982831
0.13878480178536515
0.13909751656219407
0.13881542182791687
0.1355191944584
0.13441464688427857
0.13474018662713044
0.13530432172191895
0.1386567588028861
0.1413925378472571
0.14479340410061176
0.14988074744966234
0.15297928929786883
0.15690663228541119
0.15771954913545805
0.1615266480969576
0.16924042102003628
0.1763785326688288
0.17807138853795057
0.17802170263204833
0.17705711554038936
0.1724488509169065
0.16639446761248317
0.16549170594532486
0.1647706697839633
0.1648652130898346
0.16256232096039464
0.16133034734179028
0.15736637216387406
0.1563123240714716
0.15550803759578996
0.15260006959746866
0.15230573241114623
0.14564878656591024
0.141410235247552
0.13789620564132654
0.1289373557708543
0.1276089589895367
0.130774908868735
0.13336590575716084
0.13899234961283952
0.14362458081168242
0.14614122698549378
0.14492058050144213
0.14460811851691194
0.14357856149066303
0.14412308159796344
0.14261131077670222
0.14363795484333686
0.14538915673765768
0.1477073615185825
0.1540122780957702
0.15567705664561832
0.15618030978947436
0.15839272412075342
0.15821700544790857
0.16073561058291527
0.15932236042877965
0.15829102316745955
0.15652157578849518
0.155269653379214
0.15250315501854844
0.15198543503145437
0.15027954868822352
0.14963887591860656
0.15342009456081884
0.15476455890010374
0.15470474982860374
0.15603351543936447
0.1586393032149494
0.16061133449031112
0.16153779689261347
0.16541448973620151
0.1630317371267273
0.1637632411492693
0.16375104883664857
0.16532434460621018
0.1652860703443606
0.1662244349458385
0.1624495349563106
0.1594579288857055
0.15243770138704452
0.14846495110854652
0.13977196970750932
0.1317908112124922
0.12237547153362771
0.1160866741224226
0.11587753891773986
0.12091509794215818
0.12623515555970422
0.13049092026975204
0.13681323216629476
0.13900713142624696
0.1389230034750154
0.13748004551557075
0.13455917280527147
0.13197765135494471
0.1333093959428878
0.1317197877146807
0.13448054958361683
0.1320902455047072
0.13075970706865805
0.13090490080679085
0.13181657488519088
0.13257309022980457
0.1329418952527029
0.1311125600207516
0.1301194863004745
0.12732241576370434
0.1258646574683843
0.12632319938157183
0.13003529314338585
0.13416846046665762
0.12915791060575094
0.12627076045514168
0.1235330849815998
0.12423083343697552
0.13039352532790943
0.13440684408906328
0.13396866779850022
0.13287285204041346
0.13490203053859012
0.12983504036603416
0.12679361295342703
0.12644230004042165
0.12379123390878788
0.12661992157903812
0.1349959839395008
0.14341341658660428
0.1524601157915886
0.15600283666398254
0.15930522189640767
0.1631215501275803
0.16141705313863547
0.160716739667421
0.16084632637612734
0.1600939824037792
0.1619187330814602
0.1665823146496463
0.17081826953228135
0.17808506507644947
0.1809644308788131
0.18281787437175614
0.18758606751405907
0.19493615523570484
0.19991847017275818
0.20601913431386093
0.20669008127816113
0.1824349067605137
0.1799281753654242
0.17589011443799438
0.1717928311180828
0.16923066095712247
0.1612422110168879
0.15528511463837882
0.15089621138153356
0.14926252593241027
0.14962542590816066
0.14682746287719733
0.14280692311073692
0.14026139699320234
0.1398441675711201
0.14080238539787693
0.14408462281599507
0.1501040845250971
0.15855522668306415
0.16080691050315402
0.16587098763516966
0.1706276653499555
0.1731656161398951
0.17458555986010896
0.17099903230558275
0.16776242498561691
0.16242507008878446
0.1574182078439421
0.1527541515661089
0.14991546248653018
0.14681015749721743
0.14483505122604884
0.14476031383577787
0.14650059022227385
0.15091318162712286
0.154275301236562
0.15518841796401595
0.15631720579012354
0.155448574811818
0.1553507315746756
0.15421898878963547
0.15606139311116224
0.1568735883948013
0.15911371456836693
0.1637556489577238
0.1691064501785164
0.1718215083008514
0.17507918930349434
0.18072677717308216
0.18065619770437244
0.17953125919047017
0.17923637019882896
0.1794320972287847
0.1799545788792666
0.18398716131755458
0.18695820365715143
0.18539401253605747
0.18503615682918756
0.18298606126980674
0.17796072807494417
0.17513689055426931
0.17464678816327167
0.17396385702541745
0.17833370401591267
0.17798081944176009
0.17415719860694276
0.1701733338679053
0.16985791960860813
0.1672729963117246
0.1648382231568818
0.16538897509256684
0.163816471323414
0.16427463537764764
0.1639970019405364
0.157681471919159
0.15569790004994272
0.149955253641781
0.14256017819564065
0.1366622887956904
0.13585486346206416
0.14303342551218892
0.15081198836492168
0.15754034264057828
0.16289927993005682
0.16846647681886287
0.17058880467104348
0.16901730872268908
0.1675050047249853
0.16580085836376252
0.15479188477591332
0.14793739676926815
0.14658545563588016
0.14578969245428097
0.14760373730816947
0.1592044238711401
0.16257327541023964
0.15786651490995227
0.15441794508891377
0.1561147018294216
0.1542105490951735
0.15315131901124596
0.15141581502184182
0.14753954559097088
0.14354979206235313
0.14535599585173395
0.15154062304398574
0.15768594231730143
0.1632914428361474
0.16829103981419918
0.17243307663167792
0.17496674925193814
0.18074427733654114
0.1778808328668047
0.17890668204778817
0.17876356424255008
0.1757453278366218
0.16948711525127994
0.16661637775265775
0.16301046920210036
0.1649985737415993
0.16497694003198965
0.1591338225710698
0.15612729551816432
0.15268366567721475
0.15148698441916902
0.1535699741167037
0.15437510192337267
0.15420560961460184
0.15591770095846458
0.15805664510028997
0.15753708708915132
0.15877667810921764
0.15720382856231724
0.1518999126835925
0.14963184053737627
0.14226084988428533
0.1318503863678098
0.1272621728592295
0.12869651838824014
0.13934864716227496
0.14686781449286146
0.15181622934602446
0.15722088379778662
0.16221594180964086
0.16727539655177126
0.17237042772184466
0.16911439692791336
0.16845420920081627
0.16757683270482798
0.1699225790174484
0.17568780920354424
0.1834981791973052
0.18967374299644296
0.18531676769838873
0.18107807159836134
0.17519497916080234
0.17030244677804227
0.16094780849174314
0.15544582211384053
0.14785512597018102
0.13725659109514737
0.13095097883432266
0.13386297152748222
0.13991735965532515
0.15252612991393888
0.1599954273614941
0.1615639609380472
0.15770560645998927
0.1516237533056759
0.14475914400232834
0.14803341463457947
0.1533000170946568
0.15984529110080806
0.1659391632333953
0.17005637398549128
0.17312453424241694
0.1771173388927678
0.18228332876566322
0.18677215823226706
0.1915396198114684
0.1981517841859482
0.19222326860702915
0.183806505064981
0.1816259565198068
0.17545332225814902
0.17253175266134238
0.1561753368479734
0.14877690125888937
0.14126400415684337
0.13267498648274664
0.12953610488729325
0.131087290487552
0.13898721088214236
0.14195005421171164
0.13533673949565939
0.13335077725352187
0.13209866807920972
0.1298236313031807
0.13017919190286792
0.13312176590195185
0.1380261333128404
0.14048286797986562
0.14799787499591052
0.15394539872233196
0.16128116652145943
0.16415744421651443
0.16884460404035895
0.1750869420863914
0.17223673774128506
0.169197829795327
0.17025270543577378
0.17092239110310686
0.17001725476610036
0.16520154842975465
0.16488564615677376
0.16406835632741557
0.15271710667728194
0.1464688796844101
0.1424211498049924
0.14467407674388255
0.14565727542224152
0.14967008221278474
0.15645432037129875
0.16181935067190217
0.1678920213053755
0.16724455944505134
0.15709684387426875
0.15346782777451645
0.15723001320274627
0.16072884090588818
0.1716288533325677
0.17127807503578588
0.16823765012085318
0.1690481826667747
0.17421361772667168
0.18492392995096535
0.18288493815443796
0.17959182243462896
0.16757130377912774
0.1629723063845574
0.15682940548335964
0.1589829655519943
0.1698544396245986
0.17156342127548682
0.1724551091887086
0.16582964213623735
0.1584197376918716
0.15542447411200472
0.15640808159355168
0.15944521976640869
0.1586845388156175
0.16010262704075132
0.16460699045645003
0.1659159781898067
0.16688732414637555
0.16580516138048
0.15529782779559964
0.14783204997496918
0.13911573872032038
0.1396818244439216
0.14454935346417558
0.15527096280794794
0.16565827108139144
0.16845534498263465
0.1640766033906707
0.1508073934293777
0.14381421269287362
0.13560803861289042
0.1345732363585541
0.14166266261904265
0.14347843645672415
0.1434825864680919
0.1429199498260607
0.1417918646344723
0.1324973671318052
0.11952675665265947
0.11692802966317181
0.12300074880901975
0.12668704809471215
0.13418520431875292
0.14004188023937497
0.1425094380919516
0.13852804514865352
0.13428102137185555
0.137726722800405
0.1380763396255107
0.1360939327961277
0.13431365880670182
0.13441130928361364
0.13677191343160164
0.14475542685275508
0.14226447564465444
0.1403440664912594
0.1456476143112752
0.15173906914041527
0.1581678389340188
0.15908924568970498
0.14871735379171688
0.14355177957664883
0.13999213460342994
0.1348376512137022
0.13306364017653347
0.135706228608371
0.13959587435893595
0.14370371326645523
0.1422401927583527
0.1394658688697779
0.13871351632848697
0.14172838749819122
0.14364934556534742
0.1464763333964763
0.14727961993967378
0.14737152444666599
0.14853499203982962
0.15175003833839068
0.1575759791103108
0.1595744245007719
0.16532835542595192
0.16744515741644225
0.1702530579877817
0.17168381134879435
0.17124265173869807
0.17016363668122808
0.1683628212645655
0.16186853473706583
0.15931801954847535
0.15340291148343843
0.15032366506416245
0.1469942378493942
0.14402233563032588
0.1454920553500071
0.15005258109633052
0.14854429488077542
0.14673866986475242
0.14062546667790854
0.1378457412799989
0.13439295454744876
0.13518928739217906
0.13827763890690095
0.13271166986622987
0.12959772097975855
0.12479033705132184
0.12513885350072418
0.1287719562290978
0.13126880334994856
0.14273722108930556
0.1470492209668111
0.15026530356853962
0.15596783333344305
0.16140326142505856
0.16556451758880342
0.16834279011409595
0.17053818989640437
0.16859083538430014
0.16830667158275875
0.16556948775962704
0.16497654733513717
0.16387998365839812
0.16244352104984056
0.1579621084295037
0.15502787697594758
0.15195736826929163
0.1484100841022655
0.14775884390039676
0.1476211400037704
0.1485314560107881
0.150591656299208
0.15468821490045273
0.1574670461178469
0.15944332163225622
0.1663266790102227
0.16923297883508176
0.17432523097192804
0.17709033247747125
0.17905201834266593
0.1840892632918121
0.18646099749330697
0.1889277518341467
0.18522856850794672
0.17988726551859952
0.17354464017323717
0.1709262052871536
0.16400521439099772
0.16062301921727654
0.15873122812644172
0.15684827791365516
0.15518523281401703
0.15313335762783475
0.15247829387213632
0.15110362696741414
0.14615240442764413
0.14400920296570144
0.13823654038342398
0.13422718222843416
0.13388934450913043
0.13492227382897998
0.13638355006956449
0.13805592401254868
0.14086493099351305
0.14354479673263126
0.1441419476705385
0.14486411402201985
0.14425668512423256
0.14774379967732967
0.15506019632643384
0.15549425485229268
0.15815576348875765
0.1548524658490243
0.15409836337320662
0.14973998368097494
0.14506833914047365
0.1445519313614088
0.14550604027460984
0.14976890759097158
0.15366536099733757
0.1539492175720442
0.15284872210967498
0.15228940581535977
0.15249686707446397
0.15309628978810202
0.15402445284201347
0.15492792115667386
0.14776991368251713
0.1404822558979626
0.13527925080948794
0.13351675688029135
0.13682179609219658
0.14178983212141535
0.13492116433906026
0.13049418949623454
0.12629416852006764
0.1199622691036635
0.12295742339179912
0.1276939412549519
0.1331216238097654
0.13719822692052042
0.14467753746348655
0.14591613067553139
0.14779297073100536
0.14884132042294757
0.15571877990259986
0.16023202351278304
0.16765972255924863
0.16952651383689082
0.16876517871646263
0.16572927394429887
0.16296172948840554
0.16252055183482716
0.16385292906279195
0.17113481569211278
0.17160928674807593
0.17272785376318725
0.16902847602906862
0.15887795650261333
0.15413033364015807
0.1505199375773662
0.1573465105404608
0.16055050202828003
0.16399506208027836
0.16632396556852536
0.1635729486209631
0.15804497993980943
0.14969909081754698
0.14629271449114345
0.14032079770646305
0.13887146858546864
0.13915855451117554
0.14335594381562491
0.1477935875833811
0.14928495565278313
0.1511117441726971
0.1548476721744915
0.15448511177469249
0.15369250900798057
0.1520283323074016
0.1488911439531689
0.14588327998986855
0.1435186303291441
0.14221673596235676
0.14472741099208036
0.14731875738476571
0.15141446443492115
0.1568159479110259
0.16542480776534144
0.16723447188886917
0.16558029310989955
0.1603908639991472
0.155829063985864
0.15988852147693186
0.1622353075507626
0.16931268408446776
0.16689117167519446
0.16143237976359776
0.1472571106948652
0.14445076534405416
0.14020122595847725
0.14130024206160202
0.1509691762273639
0.15334916958102252
0.15695456046944029
0.15820891986211275
0.156704762845172
0.15504902593529224
0.1525668400281256
0.15049380964055473
