0.008471716120322124
0.008734755308644723
0.009331455616813979
0.009548068153090382
0.009806930102635114
0.00973404749229519
0.009528008407640181
0.00894173972168608
0.008692253763530453
0.008208780033630023
0.008054646102780214
0.008001278046987456
0.008331987502606886
0.008840175807209414
0.00904046331374499
0.008953530239608586
0.008703323066873731
0.008214955136479967
0.007784572078188145
0.007632993016745514
0.007610124337998796
0.007729100556540173
0.007845543556365634
0.00795939641997118
0.008023674766818032
0.00809708827764494
0.007950564695238778
0.007857050110331425
0.0078597915822286
0.007836410737535278
0.007845869130093174
0.008153589532109127
0.008307082709733498
0.008545275506131328
0.008960950747171764
0.009151376272761299
0.009874710356011555
0.010594231011079347
0.01127432403938091
0.011765738891123442
0.012059401702070333
0.012186055469581226
0.012354423762043234
0.012125402375720634
0.01154147819733788
0.011262982318225711
0.01104511317397861
0.01107334606619185
0.011121265650803883
0.01113239000026947
0.011291308322047994
0.010910989902029228
0.010008525867377924
0.008872022015218677
0.007618637714595029
0.006710247073602679
0.005698444549036702
0.004980671458232609
0.004354059438651466
0.003819458620969903
0.0034909372212555646
0.0034491310145319887
0.0032420357156125595
0.003068260380962376
0.0028046234995683884
0.0025435551464828804
0.0023182923558706455
0.002362094518953097
0.002436105281585288
0.0025360723575375203
0.002775622225205392
0.003117970174238072
0.0032284681110243416
0.003287804352774907
0.0033464454029294454
0.003290074794204063
0.003402419921532175
0.003473362517114554
0.0035319449033079744
0.003730375747247406
0.004069265876993357
0.004547966726725844
0.004493569430351981
0.004610775079322061
0.004849697816194142
0.005187166944674442
0.0055246286432979064
0.005962050428798533
0.006314202827457226
0.006362161567612516
0.006414238941578987
0.006313839218719472
0.00642770680940893
0.006389433856054496
0.006202263672732442
0.006103215332452198
0.005979141420649618
0.005550928644872332
0.005245949941459206
0.00456243881662269
0.004318725890212743
0.004415258260386581
0.004895491664473235
0.0060523974774945085
0.00755225262463082
0.008758409591209276
0.012499953200403344
0.014768877136988212
0.016807988099613154
0.017442585989424192
0.017201124857076932
0.014584244210081804
0.012037683253618352
0.01033228084811966
0.009071800031745531
0.008430818410099045
0.0076008083130041345
0.006696967269062291
0.005851920680093078
0.005230407650258591
0.004855346303368799
0.004837711268480679
0.004696430609039222
0.0047090526199362265
0.004914750414949823
0.004984438279404491
0.005181016077908664
0.0053994253240049125
0.006029538550148055
0.0063967732181577875
0.007134549164639253
0.007778051445690754
0.008201689904654268
0.008255746476696343
0.008811638158227879
0.009475693864430293
0.010630728351450833
0.010855079315420107
0.011177076362422416
0.011196053843938935
0.011089522052945751
0.010910804811680642
0.010517915795142382
0.01027886689779987
0.009845921813723336
0.009395381714281618
0.008695015138134785
0.008229307111240505
0.008257489948904363
0.008212926829647674
0.008379361031890294
0.008240957832350496
0.00828354453002829
0.008078906833571545
0.008072227232393068
0.007988435923390658
0.007714554492231847
0.007319746349045979
0.007158131494640167
0.007095371221732108
0.006753909382917861
0.006604093563611751
0.006546213912648066
0.006364074267061729
0.006191813352020935
0.005543015852856031
0.004816385226319091
0.004118352350567069
0.003534571880067992
0.0027970610467474293
0.0021249846449142382
0.001728045797256938
0.0013997022141557483
0.0013397089837861283
0.001429237876710582
0.0015118080772792853
0.0016325023338910585
0.0016780770412193433
0.0017523781423479739
0.0017967134844646304
0.001822254780994275
0.002087915470440859
0.0024405355756873274
0.002905151751677473
0.003184149124166258
0.0031749474745809032
0.0030830498610566756
0.0029671318621087837
0.003132996630886955
0.003292508695255686
0.0032482886192047936
0.0028704343128866184
0.002630256906341018
0.0021541009105764935
0.0016444688541623208
0.001289826716145245
0.0012400789943841797
0.0014524726562365003
0.0015992079381467958
0.001597352681176793
0.0015195016821125007
0.0016901584541767732
0.002386814985986482
0.003067338063885323
0.003006219418839546
0.003030272128672374
0.0027087439727661333
0.0022591010384277396
0.0014797752391380724
0.001066567812015191
0.000995652775807957
0.0010727001758673764
0.0012267745948535537
0.0014114464512776255
0.001334612789531184
0.0012542624691068498
0.0013245346924878995
0.0017161923416411159
0.0021520998518058184
0.0024071181453654126
0.002391834009912021
0.002193856906650079
0.0018090420070608158
0.0018506070989636508
0.002059233055165894
0.0021577708932052886
0.0022356675213817136
0.0022462680205064837
0.0023419136143637896
0.002343931666587146
0.0026624779193253545
0.002708329880225472
0.002885478450047224
0.0031562360978242463
0.0033842916244611254
0.003669291087709617
0.004360919981333632
0.005152175732618252
0.0057933519733200465
0.006421017123735976
0.006800883860979505
0.007099383395522787
0.007383435083704907
0.007355750984843287
0.007606586766717481
0.007899748202164424
0.008485249710459712
0.009173060239685915
0.010303846498542438
0.011337515136763414
0.012334014057191598
0.013269441179686087
0.01347082668341458
0.013557747968917183
0.013104194179428933
0.012267371213984326
0.010827155564853428
0.01014440377588767
0.008247716608106906
0.007682267441614665
0.007484398066951314
0.0073418901413446706
0.007378672946274649
0.007475061149752095
0.008018016914377533
0.008749966409354404
0.00957834008579827
0.010220566483851832
0.010252515473545385
0.010280984863781751
0.010016511451970505
0.009460026019825948
0.00916436825210571
0.008950827452662567
0.008820578482338654
0.0082257904931405
0.007885009070010378
0.00750895035676253
0.007074148667243582
0.006430785680272303
0.005780879586781318
0.005159749304007052
0.004596925355088398
0.004490306752648939
0.004443598558118138
0.004771404767184727
0.0048668313718388066
0.004734984808175263
0.004529157183867599
0.00419688093382525
0.0040465985246541745
0.0036305182152903243
0.00304248074423936
0.0026510929606286286
0.0024065820325865615
0.002114046890892303
0.0019568798801736717
0.0019106221769209693
0.0018245857242587538
0.0017128564786909675
0.0018040827705603582
0.0018776400393662122
0.002032309368390633
0.0025439403173053527
0.003088464447702312
0.00338180293283048
0.0038154782321977417
0.003818127471202445
0.0038603906411562084
0.0038717935578973734
0.003833794099991957
0.003527455289206667
0.0033776518846309923
0.003574634753710921
0.0038295124692561593
0.004077549294161075
0.004289144194025962
0.004140969975493516
0.004031526587448585
0.00402415159981584
0.004199299188108442
0.004448744681016073
0.004754295054017393
0.005177057982776029
0.005752849477762492
0.006520181692041145
0.007551843736370194
0.008575645804363114
0.009486020041894836
0.010681997013836047
0.011914825079133422
0.012959254484409152
0.01409740287316571
0.01517438302868134
0.0056937055539333665
0.005416320789285104
0.004924972592484988
0.004488299126837997
0.0042324377992044955
0.003724988224705359
0.003389426657088712
0.0029994532077656996
0.0027390747536522593
0.002547465602574965
0.002351313196997417
0.002172493762141014
0.0022034662946090098
0.0024641180195349925
0.002639682315723255
0.0030358760206275724
0.0034239374847835832
0.0038610969652860525
0.003989807577335986
0.004432488008611584
0.005009192101466321
0.005265856022560423
0.0052336962483485105
0.004874570420889999
0.0045797623241159244
0.004183198111396384
0.003687556455955532
0.0031474392183685417
0.0026832473686012747
0.0020669093510466696
0.0016376320404557887
0.0014675958716642693
0.0014037159602137597
0.0015055278798755368
0.0018302686779746984
0.002123412969055015
0.0024478021145485393
0.0026701550552208028
0.002750801236245124
0.002853372141771781
0.002847581744235513
0.0027552810508307693
0.0027473369355515715
0.002835934719399936
0.0028973423877401193
0.0028718373598187238
0.0027540420083918644
0.0028534030712982616
0.002662816579969325
0.0025962938282302612
0.002501437969588814
0.0025925075343765755
0.0027262585008208115
0.002933422922597752
0.0033253718736160976
0.0034250963945769873
0.003481380534879492
0.003511499962799331
0.0035858254093962976
0.0036589743330788446
0.003441136854899215
0.003266356251489042
0.003221888619636472
0.00311346837671902
0.0027758416707163603
0.002414751887034985
0.0024009663254156806
0.0022537087775301268
0.0023553723459594977
0.002475471382493336
0.0026288844412204887
0.00263431829515146
0.002654502929313576
0.0026391321063184347
0.0028050526124114693
0.003057054881599055
0.0038174464369245737
0.004562029786012473
0.004909392589274516
0.005059512105201768
0.0049909031196602015
0.004854902142532311
0.004755908552380549
0.004597873855674194
0.004334768778385999
0.004043232320408453
0.003981641115437985
0.004060315992298656
0.004619148072202968
0.005277025528094414
0.0061542419887580194
0.00665794537455959
0.006821362865484654
0.006858023238928174
0.006607694991310307
0.006120123146073464
0.005892435849213988
0.006046441101304502
0.00584093741322766
0.005717456192516309
0.005289138411737032
0.005220318662446718
0.005188945979728542
0.006003219051936055
0.00713103544741076
0.008480257031338947
0.009779529874385207
0.010687673010201973
0.010762950553446176
0.010576115615088508
0.010505818223260207
0.010702753115462399
0.011084500444877602
0.011164733886501868
0.010815887506601507
0.010356848306697811
0.0101324576023164
0.010490736176813153
0.010465498144815214
0.010249666132533065
0.010477694923456935
0.010683316001294175
0.011190436490620612
0.011665251633440819
0.011886816524813331
0.011655566828098868
0.011495200014657038
0.011792877614262466
0.012119316706137449
0.012014985297070353
0.011463071043822357
0.010633926380474727
0.009491481437630385
0.008976839758215085
0.007666097155150875
0.0066273767046670885
0.006273675904422328
0.005880470751265386
0.006126450167213463
0.0064553524455220794
0.006663659069081139
0.00692913395002122
0.007638127790735678
0.008410026223659942
0.009448338269777586
0.010042504414414996
0.011019245720704514
0.012702880108638934
0.014089673063106076
0.015546799013031567
0.015887586481020448
0.01713492505041344
0.01765180690579314
0.01780969543849316
0.018196492341441196
0.01770249763804979
0.01702883051849028
0.015794393819091222
0.014320279648548118
0.013167526623496361
0.012099188759391307
0.011187549622857337
0.009810194056057788
0.009124574320093731
0.008397290751225962
0.007764886205421979
0.007621268658526091
0.00776431263361513
0.00804842501628532
0.00821048785848475
0.008440227487059294
0.008979690610098168
0.009550630518898045
0.00971020152469535
0.009706816882886955
0.009519407052491742
0.009633240169014401
0.009890936635852336
0.010021932632946252
0.009614134361300488
0.008590677106557382
0.007795614700995652
0.007620779255942742
0.007459713142148726
0.007506986510097904
0.00828502669007319
0.008512087450746506
0.009210759905440855
0.009500155952140278
0.009670454584027249
0.00958700804470107
0.009515452444361241
0.009950223804134939
0.010917817546878334
0.01153883671976247
0.012778392664003333
0.014090699036751423
0.014726746811757929
0.016379352453588146
0.017854704727138036
0.017766660547271558
0.016758860046417197
0.015568520866266224
0.014427077097587676
0.013680203675366384
0.013120268961229007
0.012974697889562908
0.013151135096586336
0.014152916495144807
0.014571686404088022
0.01580317967738521
0.01610586037395812
0.015910207545638995
0.015775506093821175
0.01555203892676967
0.015222440049618969
0.01542689837915695
0.015321450562663371
0.015017130994737778
0.014276844650328838
0.012908130273299604
0.012071270479461712
0.011592950551246253
0.010708407957130777
0.010321157206718683
0.00963220678639921
0.009237072084614066
0.00847145896855923
0.008109750849882472
0.00761800115703061
0.006792976916260175
0.0061357492610514775
0.0058773152094583805
0.005804130347769487
0.005668429981529281
0.00570625041847585
0.005811686288113192
0.0061298988681048276
0.006344701042451398
0.006624911716900076
0.007073780814120999
0.008394694613061231
0.008950408679187071
0.01046542086962665
0.011565812104334435
0.011011528176835983
0.010595136594713
0.00948066345382372
0.009252472562957791
0.008838773292074092
0.008777543468476524
0.00885089571640915
0.009084158576005162
0.009660434452685187
0.010177752479107415
0.010843010365096602
0.01030647875619366
0.00913374873166641
0.00873135590201382
0.007798804773518015
0.007839702789877442
0.008258392087621174
0.008501003266874129
0.009377901223510312
0.008962389492142845
0.007981849325903108
0.006233107284211847
0.005617907353901291
0.004988505412753761
0.004736401138858028
0.004880939576628289
0.005336107542054515
0.005661466759552535
0.00661492322743715
0.007845113365237475
0.009568636397259356
0.010316967687577127
0.009647128461763355
0.00859044714552758
0.008021529357762786
0.0069160584222450585
0.006643544429686678
0.006045158279263355
0.00530131093819798
0.004790876239596679
0.003915150279700182
0.0035725864871453392
0.0028412588734578804
0.0027094036489052
0.0022561493750626197
0.0018006384746604063
0.0015003591498983456
0.0010414085329376525
0.0008719932973689247
0.0006853892520350504
0.0006725811154298701
0.000737465221858176
0.0012062650541577722
0.0013617444477079417
0.0018033817357990538
0.0019961518686125185
0.002284634944249555
0.0029055383418110222
0.0034861810088563623
0.00342699670929898
0.004006108637206777
0.004216985376432215
0.004738048944679833
0.00476645536695204
0.00490373565223527
0.0050457924721726485
0.005339210047523247
0.005423179577409743
0.00565051470127702
0.006168869729485534
0.006159693190310586
0.006433688876640753
0.006707666574276981
0.007100219747261211
0.007641098685974913
0.007699124526602925
0.007909167634030862
0.008328492036882636
0.008057691603088581
0.007614989644804458
0.006686975097801935
0.006117032001525778
0.00568330428594992
0.004986053454342947
0.004844376389721691
0.004735794890006416
0.004810760516853639
0.004784029099974444
0.004850758635762497
0.005170042325539585
0.005648228565882628
0.005804146639239362
0.0062613651588423495
0.005876719829083917
0.005472994245897114
0.004337379831994044
0.0037965547856612784
0.00299076609539145
0.0026986680663429728
0.002185031725004996
0.0022436099763766043
0.00230772277151405
0.0025868892281861833
0.002728465537778187
0.002863213014980303
0.0032295332826834137
0.003690596075338918
0.0039924688390026546
0.0042115206233790696
0.004269996625755604
0.00443652984000934
0.004438269214947796
0.0042407834833292
0.004223539223807091
0.004365857383361021
0.004475871022403029
0.005152870572909788
0.005440164777133992
0.00581433091121072
0.0065556047527767
0.007162343365320409
0.00821789993796455
0.008469591187135715
0.008700605255629296
0.009114545898569203
0.009239982718759974
0.009816309366397474
0.010528124232763985
0.010671088832236
0.01111760921737125
0.011577700857226623
0.011626413411358446
0.01204099604932307
0.01288171487467829
0.013196180150984897
0.013117082043789908
0.012624386117140016
0.01233233341400471
0.01156190770465829
0.011267714361819111
0.0107628201411231
0.009871662755613133
0.00959518248323606
0.009114992423928079
0.0081306853099879
0.007544922588794756
0.006521581899502908
0.005887138763387757
0.005716385603935313
0.005514193620749135
0.005467226698173451
0.005377196929604928
0.005349316542609552
0.005424958690371086
0.005433661651410288
0.005604830374950456
0.0056087771117059575
0.005644538220497078
0.005912821325337807
0.005897220257178012
0.005845432049167891
0.005879039972206132
0.005889623333984371
0.0059113203956868195
0.00621138744136894
0.0063494488274394275
0.006660621595267667
0.0076526953725474245
0.008509558701953341
0.009228472633211228
0.009704363369841856
0.010203358161189781
0.010539372480358385
0.010631999988711836
0.011028031189604387
0.011364396911933753
0.012188071688115192
0.012669074971984374
0.01304336628322777
0.01379468772864689
0.01386113627881265
0.014245661892808393
0.014503507804451496
0.014603268633378453
0.014867558125501576
0.01513296871685156
0.015073047844796383
0.014893169879987508
0.014322696490445203
0.014266843703701316
0.013546576721309257
0.013374627897923213
0.012970315829929779
0.012482305168910118
0.011692009139624078
0.011142736192921337
0.010178553504793242
0.009814823755706163
0.009550538418536439
0.009068518168689787
0.00879626543803555
0.008694084538482815
0.008580768003003874
0.00911796931578893
0.009003659085089263
0.009057760782640917
0.009027275752538855
0.00878074684233635
0.008777284378345577
0.009256120993774585
0.009651074687572075
0.009523713994054134
0.008927173353899625
0.008557416252197672
0.00787477048978931
0.007277652849701463
0.00656866282180321
0.006347692463426193
0.006056770528157607
0.0060331932303873724
0.006382716571906225
0.00657748643625686
0.006712804596270822
0.0067925656767010775
0.006703812873900506
0.006817872739681109
0.006942076126647209
0.007562040096234228
0.007930709082998073
0.00869667003692277
0.008625293170833614
0.008828356224767511
0.008677425894210411
0.008364782289869307
0.008166246529538
0.007796525417322948
0.0075661160092409625
0.007141182787889893
0.006616375591107096
0.006446116915328858
0.006572165584237975
0.006845459066258805
0.006888036768008994
0.0069480355178145325
0.006664618046810916
0.006143572704633763
0.005350564931018601
0.004220968798721119
0.003968323753113545
0.003765081107120565
0.0038155187475876493
0.0046543937508853874
0.00523628284586542
0.006331114364123076
0.007727264349810602
0.008245913187162425
0.00959940806688132
0.010260164073615552
0.010335886929010944
