0.3249158296830167
0.26418645370323246
0.23945352939117584
0.304367897897865
0.34040044568753114
0.38745829766785267
0.39542590851222664
0.41755270397065614
0.40686870166640243
0.369950167245144
0.38441244068804914
0.38215311668232643
0.4087160633318989
0.33512120602139783
0.3256912356322783
0.34047241377952503
0.2712187702315732
0.2398611803696049
0.18768723646977814
0.18649392732008072
0.2176476153753346
0.21366103581797577
0.19619257289106065
0.21019042674514835
0.21226724366330973
0.28977529248639133
0.32766018452162765
0.29280141439426444
0.28606111452478267
0.2962728815736101
0.234905322028143
0.2238130171358904
0.23756019394612138
0.2407672353435846
0.1888063354222947
0.2452812363691424
0.2340012774661984
0.18341092915832716
0.1935149205689329
0.24762699659391235
0.31446539801360185
0.28863002946435035
0.3321538789987907
0.3833695048699634
0.3512161258117832
0.35249248477809886
0.28930012270433814
0.3112958545393043
0.3612324702338115
0.30954724878675033
0.24123569766636918
0.21465313109489298
0.18925081254598494
0.2582636303714342
0.30598472367312285
0.2704184104636725
0.268255279876197
0.23358721050765888
0.19125081112342832
0.17585270579310436
0.20282147295990072
0.18704462324434604
0.15459432124987663
0.14320069303132343
0.18922832046721472
0.17530436691112145
0.20796892530702435
0.1844865415886229
0.23263029295363216
0.2275333561569327
0.22787096450730215
0.31720330206837105
0.36195243943090233
0.3129846644577049
0.31248534159797053
0.2531295851096551
0.19697639307127227
0.08064315383591114
0.12673638664545428
0.12192384356176346
0.13958519101484568
0.13807243285778487
0.16388408106063276
0.1192551769803906
0.13134870506904495
0.20762887912511915
0.22553229563038873
0.1845142225857798
0.2743115372921094
0.26110810170934606
0.25139342999045994
0.21023043256106452
0.1739935492112969
0.13418506292765905
0.12790626066856495
0.11385679400939211
0.1666287840231731
0.1877213909713972
0.16584568775492603
0.20275713267557047
0.18249334365101105
0.20610679211813163
0.161505613748057
0.13111084020797636
0.08365339428042061
0.14010398968281923
0.1818636109742115
0.18991400936253866
0.09366859733324868
0.06410507179018564
0.07070714168724454
0.03645083543007499
0.05996245254679299
0.06640572494287066
0.08871904143378485
0.1588557838274391
0.12661205087095664
0.1271344670380978
0.1241240130521331
0.13010780979892408
0.18058591360219972
0.1694954820118477
0.18925439793195734
0.17906484636993594
0.1610652040378036
0.1740214861861479
0.12357912368116726
0.19361014582862243
0.2239455231821115
0.18910582231562992
0.1990723101209233
0.1571737343800902
0.2763421545606332
0.2973820984574108
0.2646401368015233
0.28537972038756765
0.31748156613442347
0.3183290465622132
0.3015134848704821
0.30358315181388656
0.3179803573903833
0.3182425005869501
0.34184093733215015
0.32767933336679267
0.32640604416978297
0.36415434992950274
0.3372392539596734
0.349786483503994
0.30890800514410116
0.33256267478584683
0.3893540747894448
0.34440382268834585
0.2748902983333067
0.25747244582123574
0.20782113868709415
0.25473870461807535
0.3104454569364122
0.3474415944385239
0.3349799684652971
0.3346608250791242
0.29419773511687447
0.3220461116682511
0.3084850449126759
0.2997186583667881
0.31161748862183475
0.2637064341669608
0.26314700565589655
0.2126908565859298
0.21261148797424376
0.22551490695083143
0.2104718896121768
0.1975862986352993
0.21070083315866361
0.2036696434897223
0.15032113331385918
0.10713735666429888
0.09617353557589264
0.03808479398904326
0.057469638897273356
0.09774068819761368
0.09494880867803103
0.07030946375541466
0.045854971984236284
0.1590721247433743
0.20249461933902047
0.20603416920837958
0.07521311656282582
0.04629493659285883
0.05534132211728302
0.11189645576871003
0.054153360324974746
0.027839102436566926
0.020279377172898922
0.06915607442010124
0.09079885409824275
0.0714300167735519
0.06949817302212266
0.02557228101341919
0.06496268079438548
0.0950827054174858
0.1142567268178429
0.18815093402861785
0.2008897078499362
0.19739364570808995
0.17952639823470487
0.12698133007906737
0.13526456134613818
0.16983497281628718
0.18007387357297036
0.150677593552191
0.2174371090553387
0.1518157382057371
0.14585575056532168
0.04687272163493757
0.06828816068362994
0.03017171842307007
0.01613175634851439
0.06751130987991165
0.147199324872941
0.24643446728346963
0.24828209461313677
0.1812086013559905
0.08267786155435353
0.08025565124674298
0.052790729876328026
0.07102293062328377
0.10833094155791075
0.20702966778367538
0.24517180563649818
0.2149713607389886
0.2081612796148719
0.1549770456563841
0.14251878261472753
0.14225289731728347
0.11022253844410096
0.1503731979878868
0.15831767217455847
0.22827121613048262
0.28432374714314873
0.3171368607492431
0.28596802840511
0.3136521018028412
0.3658659722117449
0.35199397591439513
0.33446141310140737
0.3798795054313641
0.40880742213409044
0.35763666292276275
0.33073567152655803
0.3408801657563948
0.32767429330925185
0.2862308253775824
0.2870097772280255
0.37567489393452996
0.2975813177294805
0.381963345932459
0.3539626266468018
0.463113102384127
0.31642963997138385
0.33834970644957685
0.3084083780953722
0.32336005239843774
0.3016319699853629
0.2737450091324868
0.2989553411466838
0.28820824751052615
0.2808169521710999
0.30437254822388926
0.2756371123090319
0.24058133115511748
0.2417642114273851
0.2504472234851553
0.3119510223207531
0.3858441447952799
0.5076470332322154
0.4674101500898947
0.5117280280417795
0.4372108781356408
0.39934511528802547
0.35545399705944414
0.28869370260254673
0.2415183559045257
0.10104102620681647
0.09200788280739987
0.2091592646530933
0.2271256717787618
0.2329234378112663
0.21790624272386322
0.21791870969663832
0.18852820447968505
0.1424581131222683
0.20114525332196012
0.1646071230190157
0.27074643244858443
0.31514184971283826
0.2646449132870161
0.2781551896903172
0.2932674047495969
0.376293269278769
0.38927279529940106
0.4559392204680483
0.453327809438418
0.33305202383597066
0.3442182532759644
0.39382121705021944
0.277194258981018
0.2202088644704566
0.231855725142171
0.21007959153698733
0.20257347916600685
0.2159932730525981
0.20776726273716334
0.24808889369930573
0.23565489911459916
0.2357512082030301
0.3270903650254886
0.2578316403211373
0.3080465496429346
0.3094418712211491
0.2831462253113425
0.2952719738234865
0.2533548559792414
0.21046818858495434
0.23818978063282922
0.22922672072497324
0.17707690059941059
0.17642311456271192
0.15301696682185445
0.19238075399904223
0.14161791180777408
0.06729381009798571
0.11312154712043941
0.07846447060579304
0.11769276219862873
0.07449269963589222
0.08232125397813579
0.08053015362026958
0.06840539972783234
0.08460701171130695
0.08871328826002599
0.07923902525773176
0.14848891981757475
0.16774294712876772
0.14390139151140846
0.18721301748873692
0.20947118901219125
0.20837574260329628
0.19485995984279772
0.20398354275188563
0.2378486676113213
0.2661271675986215
0.33504311186482666
0.320917987572686
0.2857272387490836
0.33894023177180643
0.2999769255226711
0.2564686341872669
0.2938865545607209
0.2391410489301291
0.25705419055257606
0.23790372762097617
0.28398720089512464
0.25230259075118633
0.27702937074365336
0.2711025169344908
0.34943361811360263
0.31209393686144066
0.2977016064768264
0.23495255868163809
0.24333810240136913
0.182320616967368
0.1764828030922486
0.17881887570564034
0.229415098743405
0.19799848837898315
0.16424745661728796
0.12905489048038968
0.16991099910943785
0.12192139872765326
0.16374149758704057
0.2765427775884192
0.16117641549944658
0.1063749324185753
0.10333897029922541
0.15149165971286796
0.18240381264773048
0.18613191638499182
0.20156725836528033
0.2941979501466612
0.30051329779705216
0.2653776539884813
0.27022148053166267
0.32505391441720316
0.36286257651392356
0.4006079715927193
0.402632969493823
0.4072036643665156
0.4411719955850116
0.43361933699400307
0.40404867599901917
0.41704704173804225
0.3440129256487223
0.2864218041898938
0.32062583082527996
0.2827585864445137
0.19551944422531126
0.23407924677141276
0.24819339063626258
0.19226901690220233
0.14305426730683188
0.18060104318783066
0.0742267141762199
0.15238092977185871
0.17989561550403957
0.1431648405890545
0.1246191071675389
0.12012120521331891
0.24332603162642574
0.2668190430777503
0.31259409820229234
0.28739839381921845
0.2593217769014116
0.24716539554070036
0.21402325385507834
0.12938896208310022
0.1641949901360341
0.10892358443638589
0.09287051281625301
0.10902693048942513
0.12569956486366732
0.1626731503259631
0.13616800439667254
0.11399125601925582
0.1576460791491195
0.15832313920212251
0.18694745600276047
0.18430865210904343
0.12282136989996582
0.04215907359853599
0.1020558749078666
0.06524421934950382
0.07722694870507675
0.15105970285675913
0.04357837257012365
0.10222911018217219
0.051350831580419386
0.147806458253691
0.14812061329677478
0.11964954989669949
0.07867906809754982
0.07685888864916314
0.11290762771648019
0.08712999528997899
0.09150546952234401
0.12790206697595408
0.15177747304292177
0.1657226100437791
0.18307699962481422
0.20747032787197184
0.34073770849189067
0.29189773324747287
0.3047412081517926
0.38307268752562335
0.33832592321127763
0.42363038317488094
0.4181238999741658
0.4349497885928817
0.48821516527755304
0.49140667797658116
0.44069334135220084
0.3804996302713373
0.2718265116386569
0.2166308680833963
0.20084263452797288
0.27932163709837565
0.23011783847228912
0.21430724168072282
0.2803078797789179
0.27369530723651136
0.3333707791184938
0.27540427961781383
0.25171217509003996
0.27798539520787496
0.48087925150162064
0.3106842516951111
0.3476968720398096
0.34191132834462373
0.287617963211531
0.30602741710925896
0.33250965579370007
0.3623698764031175
0.30436730558128433
0.23888750723042493
0.2032372984531171
0.3065075734545452
0.251159244295197
0.3016822743910716
0.2617436415505505
0.25269935013612216
0.2910684571557581
0.23728709245606952
0.186502499028082
0.18591038560071727
0.1541190809810818
0.1416360420570345
0.013525305591552926
0.09478379463524618
0.19174441059729816
0.23847580034163818
0.22279881205090987
0.17073960596593638
0.15110571204756698
0.19836261601086155
0.20748908438556865
0.2573306591958281
0.23506118989055197
0.1554178993279386
0.16520158063762924
0.14346293272476343
0.07017921624150072
0.07341439838276145
0.03425672276570885
0.1454039121652003
0.19735144144142794
0.2876421898619921
0.29639178241671005
0.25390512313832037
0.2732934477621465
0.4174153318849137
0.5630721117708068
0.6084489193093314
0.599499336757689
0.44350794721452863
0.29487093630598643
0.24961071292699033
0.19649165596364793
0.23219034637932615
0.2007708827163249
0.18690075226652272
0.15023664172463086
0.15157894646860584
0.20834464560572785
0.2503012274738948
0.2011451205175169
0.2100594044393624
0.21270234828670628
0.27403418736079366
0.31766804444380986
0.4259010641615576
0.4987135396908415
0.36210459063998385
0.3341956187340665
0.2933370382182512
0.21503656217765313
0.2048344764620907
0.23817663687264976
0.16379686338608934
0.1568051419768588
0.12973287293661412
0.0845887367480459
0.061965451010132996
0.11802223743164297
0.09402056272420929
0.06757737961251571
0.03215824898730298
0.08119348036055853
0.08070935379759969
0.04547825116346401
0.132428130434151
0.11632677437225264
0.09957620814378948
0.0925894919029337
0.020184581943921844
0.027818516601546644
0.03892972947898434
0.14165546769842316
0.17020710576539416
0.1673083676298202
0.1342071762443312
0.14768150889828954
0.14272871798392367
0.12048094738441142
0.17201042271111894
0.12776000377206367
0.15012298649272712
0.12321888367903873
0.054911855469361066
0.016515496291769405
0.12884025053076584
0.21808682225128617
0.17136162319743267
0.23035526374273044
0.1621282494178701
0.15431802537596215
0.14193787555930673
0.06825075432107282
0.11325461062419588
0.0540162390771929
0.08127191898235352
0.16519945523169127
0.15522792650309455
0.20670382664418754
0.16332953838622458
0.1750024273733171
0.13719308165666505
0.14687028445398115
0.2377051277480953
0.2914848759612117
0.25379874960174403
0.18705492246068217
0.15065599505153116
0.12114619054754895
0.1317895662841173
0.10521926917470148
0.126748737315834
0.10237565931049891
0.09747654634138922
0.06453281538501399
0.055864855199907394
0.08453477797457586
0.10541968478378426
0.23374134470111757
0.041061458698926315
0.041712795842485134
0.07510967718648097
0.1198999126482341
0.08277538876375708
0.12497118992958973
0.15500576741538372
0.16446219273103735
0.135686005973656
0.11427846843995076
0.08365514528588554
0.06175350728584902
0.07533947237105595
0.08282375223207647
0.10035693124890525
0.2277310943558629
0.0957944948429265
0.045772954591814345
0.07488536546269811
0.06688906681051847
0.10150396604503119
0.08383520540961224
0.09917645869518188
0.07421096416132561
0.050885545381741795
0.067447123313466
0.06207693106142881
0.061134202804546435
0.06235877296728587
0.07258717397452345
0.11933058106676035
0.10776877955885013
0.18621743866333404
0.1648938666964682
0.14205265036113435
0.11908439271993462
0.10418410854217185
0.1205499492170586
0.12014983449606847
0.14244227837872583
0.1783551494587923
0.14677915069128902
0.15764916415612867
0.0990113042417506
0.05782232247916864
0.004270233191694143
0.042771003407049535
0.04069571474766811
0.09385404393529997
0.07565669203363819
0.045986428079651545
0.037642478160598306
0.07551295914119503
0.07419302030228252
0.1426568109088158
0.10549735406967682
0.10324404860547053
0.04131801508056673
0.07715702186169272
0.10552765187131592
0.11100033086726617
0.12852689979616616
0.16316926500163015
0.15150494673702475
0.1576840685765705
0.19888132810095635
0.20790791754597204
0.19256970427599987
0.22856631528259203
0.3041465725275668
0.33292883969293807
0.310498356245131
0.2495696570614076
0.25674377942449655
0.3273333449462211
0.33602905763163693
0.36733090815527286
0.343325880074076
0.3820944682568757
0.29611260386844546
0.2864267405112265
0.2460741453738262
0.32114024298587995
0.38235100798863964
0.39325881450730066
0.44453893559438823
0.4853099776362661
0.436968834372297
0.33450591197449625
0.3871206205085036
0.4475403613804253
0.504830041083443
0.47730837410858845
0.4428009905341276
0.440750367566857
0.40865861769781453
0.3906865876152314
0.40117989331708925
0.40285311529814066
0.4192943541248449
0.42485077058273424
0.45118936256729064
0.42517557033866943
0.3945939931349625
0.3538948786708928
0.4185754535556661
0.4279768759186097
0.48326925702525386
0.4742867215638366
0.5125506809542869
0.5143987484824845
0.45683888005750317
0.4079745696207084
0.4286020392188788
0.33118558112048635
0.40612824357169136
0.3617334945533807
0.3478638765878642
0.31519461058395903
0.30643919492419275
0.21940459908189602
0.21580316528205368
0.20465614694482434
0.2435464530848799
0.23214711422127524
0.2361049861659279
0.25202413883854996
0.26042352668495006
0.2641769954881587
0.2615942764286318
0.2820622305733307
0.2906734900055521
0.3392222177920265
0.29171195120291404
0.34668585364990573
0.35705015265394224
0.35602820692292914
0.3409778416209487
0.3704193406035116
0.32279722757192003
0.3840528257251106
0.40268267850343115
0.36390320545801713
0.39324404801074897
0.3935885401775194
0.37503033732414537
0.38364538095595
0.35598004859675464
0.34281719102480007
0.298601853097645
0.3551946282407876
0.36605770030499174
0.3300247183840415
0.2915918717317137
0.24928217038719
0.31032212366384143
0.3013357395326263
0.2396885539039292
0.265797937783763
0.19778036495086918
0.20877366540609993
0.18229173589482442
0.11915301630356243
0.2087302378488335
0.14513399115683137
0.19070726041480132
0.13027823522443616
0.1545776042959219
0.11055217834678474
0.18298646855791756
0.21765549343806628
0.22622143937684439
0.20967703295257864
0.17882198025368054
0.20364532742699296
0.21728143805901642
0.14019730044440634
0.18620894870645552
0.09685179346705332
0.13693294829953648
0.1383676677435776
0.09722852893681753
0.13560700600362444
0.10350549817124523
0.07361217185978958
0.12656050731940008
0.11843550336795439
0.16148752406782568
0.1497780393790701
0.20808154226991205
0.26778282799567243
0.2288616014079807
0.2785932644232061
0.2920624656499215
0.273476134712843
0.33899558389457174
0.27170108089563305
0.3144576908087296
0.30899268430165894
0.32088580773799424
0.3087136132337683
0.24357571222462165
0.20402773076051575
0.11047785332178983
0.17137687232029067
0.18528873216647226
0.24921016070720606
0.18919445942595337
0.14556656138612994
0.1551516519099851
0.150456586019084
0.1813640823953502
0.15606835409500236
0.22215672987369287
0.23988312393477884
0.21605480911816638
