0.5982812499999999	0.4645833333333333	
0.5689062500000001	0.5235416666666667	
0.569609375	0.5228125	
0.568828125	0.5222916666666667	
0.568125	0.5209375	
0.56734375	0.5206250000000001	
0.56578125	0.5206249999999999	
0.5642968749999999	0.5207291666666667	
0.5637836983696766	0.5231027740223737	
0.5653906250000001	0.5259375000000001	
0.5671875000000001	0.5301041666666666	
0.567265625	0.5330208333333333	
0.56859375	0.54	
0.5683899083466337	0.5429124019967924	
0.5679600458080861	0.5438471017072372	
0.5665871493515053	0.5425944175658522	
0.5653125	0.5448958333333334	
0.563671875	0.545625	
0.5621093750000001	0.5459375000000001	
0.56328125	0.5478124999999999	
0.5642123518784843	0.5490516055494926	
0.5647456765345479	0.5507955161949794	
0.5651764180418616	0.5518336916066846	
0.5635156250000001	0.5508333333333333	
0.5610937500000001	0.546875	
0.5596875	0.5416666666666665	
0.5584375	0.5370833333333332	
0.5581894423816632	0.5336721696571425	
0.55796875	0.5283333333333333	
0.55984375	0.5258333333333334	
0.5611718750000001	0.5208333333333334	
0.5634375	0.5173958333333333	
0.5659375	0.5154166666666666	
0.56625	0.5134375	
0.56640625	0.5097916666666666	
0.5654687500000001	0.505625	
0.5659375	0.5014583333333333	
0.566640625	0.4979166666666667	
0.568828125	0.4960416666666667	
0.5693749999999999	0.4945833333333334	
0.5718750000000001	0.491875	
0.5763281250000001	0.4877083333333333	
0.5808224951593239	0.48315536377129187	
0.5853176832605171	0.480426707797765	
0.5892660612372418	0.47602736493558584	
0.5903238193596069	0.47391936987384603	
0.5932565778901012	0.4689988495210473	
0.5940624999999999	0.46520833333333333	
0.596176101367293	0.45570436684507387	
0.5969952135297352	0.45307387879451844	
0.5977264754757408	0.4481681274722975	
0.5983007160605911	0.44315951052815344	
0.6003592704644859	0.4380468301104572	
0.602495945015778	0.43168415787758274	
0.6029919941821831	0.42917565296055854	
0.6063005433180608	0.42291714809502495	
0.6097656250000001	0.4151041666666666	
0.61015625	0.41374999999999995	
0.610546875	0.41291666666666665	
0.61078125	0.4130208333333334	
0.61078125	0.4122916666666666	
0.61140625	0.4104166666666666	
0.6112500000000001	0.40895833333333337	
0.6114877003621775	0.40742736140252545	
0.6111579609662912	0.4065354997041397	
0.6102797154647481	0.40689475716698353	
0.6108008795057336	0.4072592035767218	
0.608288580456267	0.40980095666710853	
0.6077226945075407	0.41338947716256663	
0.6065318084942615	0.4176029977023169	
0.6046377974758623	0.4206706849122468	
0.602431286457057	0.42259253878912206	
0.6006935254382194	0.42191022599935274	
0.5980182644193793	0.4225820798762519	
0.5959680034005391	0.42294143375315113	
0.5986718750000001	0.4281249999999999	
0.5978125000000001	0.43	
0.5973608455029875	0.43408812027338106	
0.5966565013799235	0.4359713308311887	
0.5955600796217222	0.4384698984880595	
0.5958697926469265	0.4395093679793428	
0.5935232465336601	0.4395071101408476	
0.5921923246955706	0.439088180824156	
0.5896895277999914	0.43908591779250195	
0.5892179808998523	0.43981282139724537	
0.5882031249999999	0.42781250000000004	
0.5865625000000001	0.429375	
0.583671875	0.43208333333333326	
0.582734375	0.43187499999999995	
0.579140625	0.43104166666666666	
0.5757031250000001	0.42906249999999996	
0.5719531250000001	0.4267708333333333	
0.56953125	0.4247916666666667	
0.5674218750000001	0.4241666666666667	
0.56609375	0.42364583333333333	
0.5634375	0.4239583333333333	
0.5603125	0.42489583333333325	
0.5572656250000001	0.425	
0.555859375	0.4242708333333334	
0.5526562499999998	0.4232291666666666	
0.551015625	0.4234375	
0.54640625	0.4229166666666667	
0.5431250000000001	0.4226041666666666	
0.5389843750000001	0.42510416666666667	
0.5371875000000002	0.42645833333333333	
0.534609375	0.4285416666666667	
0.5334375	0.42802083333333335	
0.53125	0.4309374999999999	
0.528359375	0.43520833333333336	
0.525625	0.4409375	
0.5245533634354347	0.44892882048336863	
0.5245012511918321	0.4535151304341637	
0.52390625	0.45947916666666666	
0.5243851727630991	0.46538723637115365	
0.5215625	0.4720833333333333	
0.5198786735777008	0.4744033903507	
0.519257898465852	0.4788690364401419	
0.5177912782356631	0.48350178165057917	
0.5164062500000001	0.48708333333333337	
0.515546875	0.49020833333333347	
0.515859375	0.49302083333333335	
0.5156249999999999	0.4958333333333334	
0.5146875000000001	0.49677083333333333	
0.5123747198134699	0.49718951302475817	
0.5113614971360181	0.49737802934675657	
0.5102343750000001	0.4992708333333334	
0.50875	0.4992708333333333	
0.507265625	0.5007291666666667	
0.50546875	0.5008333333333332	
0.505859375	0.4997916666666666	
0.507265625	0.49749999999999994	
0.509296875	0.49458333333333326	
0.5116406250000001	0.49312500000000004	
0.516875	0.4905208333333334	
0.521953125	0.48875	
0.523046875	0.48864583333333345	
0.5264062500000001	0.4875	
0.5289843750000001	0.4871875	
0.530390625	0.48708333333333326	
0.53203125	0.48604166666666665	
0.5340624999999999	0.4838541666666666	
0.536640625	0.4813541666666666	
0.539296875	0.4803125	
0.5428125000000001	0.4804166666666666	
0.547734375	0.47958333333333336	
0.5525	0.47906249999999995	
0.554296875	0.48	
0.5590624999999999	0.4809375	
0.5609375	0.48187499999999994	
0.564375	0.48166666666666674	
0.5662499999999999	0.48125	
0.570703125	0.4783333333333332	
0.5717968750000001	0.4776041666666666	
0.5732812500000001	0.4749999999999999	
0.5752343750000001	0.473125	
0.5788281249999999	0.4721875	
0.580859375	0.47177083333333325	
0.5833593750000001	0.4731249999999999	
0.5857812500000001	0.47458333333333336	
0.5874218750000001	0.475	
0.588125	0.47520833333333334	
0.589765625	0.47489583333333324	
0.5900000000000001	0.47458333333333336	
0.5909374999999999	0.471875	
0.5907031250000001	0.4694791666666666	
0.5899218750000002	0.46447916666666667	
0.5888281249999999	0.46291666666666675	
0.5876218676238337	0.4592138836694349	
0.586640625	0.4586458333333333	
0.5844531250000001	0.45635416666666656	
0.5831735772037455	0.45603122969247395	
0.580703125	0.4565625	
0.5778125000000001	0.45572916666666663	
0.575	0.4552083333333333	
0.5738281249999998	0.45375	
0.5725	0.4529166666666666	
0.570703125	0.45135416666666667	
0.56828125	0.45062499999999994	
0.5665625000000001	0.45229166666666665	
0.563359375	0.45500000000000007	
0.562109375	0.45614583333333336	
0.5571093749999999	0.4596875000000001	
0.551484375	0.4614583333333333	
0.5449356260914713	0.4647496752549653	
0.54171875	0.46677083333333325	
0.5349999999999999	0.47156249999999994	
0.5327343749999999	0.4729166666666667	
0.5309375000000001	0.4766666666666667	
0.5298437500000001	0.4791666666666667	
0.5261718750000001	0.4820833333333333	
0.52140625	0.48666666666666664	
0.5196093749999999	0.4880208333333334	
0.5147656250000001	0.4914583333333334	
0.5099218750000001	0.49385416666666665	
0.507890625	0.49479166666666663	
0.50453125	0.49625	
0.5033593749999998	0.49677083333333333	
0.50265625	0.4965624999999999	
0.5022656249999999	0.4977083333333333	
0.4998357830644	0.5001419368833081	
0.500625	0.5011458333333334	
0.4995312500000001	0.5052083333333333	
0.49796874999999996	0.5098958333333333	
0.49585937500000005	0.5128125	
0.49453125	0.5155208333333332	
0.493828125	0.5187499999999999	
0.4953906250000001	0.5210416666666667	
0.4971093750000001	0.5237499999999999	
0.4971093750000001	0.5240625	
0.4990625000000001	0.5260416666666667	
0.4996875	0.5277083333333332	
0.49963172581902454	0.5304172040816144	
0.5001769073996274	0.5328133172077911	
0.5012670568975803	0.5395844099005219	
0.50234375	0.5461458333333333	
0.502421875	0.5516666666666666	
0.5025781250000001	0.5542708333333333	
0.501875	0.559375	
0.501015625	0.5614583333333334	
0.499140625	0.5654166666666666	
0.49828124999999995	0.5692708333333334	
0.49859374999999995	0.5723958333333334	
0.4987500000000001	0.5772916666666666	
0.4996119454813358	0.5804078587417256	
0.5035207525006931	0.5873373966523713	
0.5070025779121898	0.589552051557366	
0.5104152317288235	0.5938065660579952	
0.5142187500000001	0.5994791666666666	
0.5165227268683803	0.6046044005791114	
0.5168791502621894	0.6080632207328371	
0.519579765564754	0.6129803942794362	
0.5204835409175667	0.6156059027504024	
0.52146544405041	0.6202105780142292	
0.5215098474037531	0.6234610866213983	
0.5221011257745851	0.6281699285626947	
0.5215205291468044	0.6305871038373874	
0.5165625	0.6264583333333335	
0.5160989495384632	0.6276526686455186	
0.5144068444178342	0.6285673020326871	
0.5144439068928894	0.6293872615595559	
0.5131080246697655	0.6277041340002188	
0.5128125000000001	0.6230208333333334	
0.5110937500000001	0.6210416666666667	
0.5099218750000001	0.6205208333333333	
0.5075000000000001	0.6194791666666667	
0.505625	0.6191666666666668	
0.502890625	0.6192708333333333	
0.5020312499999999	0.6203125	
0.501875	0.6191666666666666	
0.502265625	0.6185416666666665	
0.5028124999999999	0.6176041666666666	
0.5034375	0.6173958333333334	
0.5037218247131628	0.6144773122170093	
0.5040135681789804	0.6134154119425281	
0.5067277750674473	0.612560387247842	
0.5071875	0.6126041666666667	
0.5077343750000001	0.6139583333333334	
0.507578125	0.6139583333333334	
0.5077343749999998	0.6141666666666666	
0.50671875	0.6155208333333333	
0.5064062500000001	0.6153125	
0.5053125	0.615	
0.5035156249999999	0.6130208333333333	
0.5035937500000001	0.6120833333333333	
0.5030468750000001	0.6109375	
0.50328125	0.6111458333333333	
0.504375	0.6119791666666666	
0.5059375	0.6130208333333333	
0.5076289260478678	0.613381151342221	
0.5089283703858938	0.6145435491662288	
0.5096498336298099	0.6147918150027525	
0.5109178718909522	0.6155589749070338	
0.5119515113587872	0.6166384809973465	
0.5125163989394427	0.6168846415544821	
0.5133593750000001	0.6128125	
0.51453125	0.6134375	
0.51484375	0.6144791666666667	
0.5165625	0.6143749999999999	
0.519921875	0.6155208333333333	
0.5217968749999999	0.6157291666666665	
0.5272563140307492	0.6166511727652583	
0.5312500000000001	0.6178124999999999	
0.5369803711345176	0.6173091629655039	
0.5421179955208084	0.6166838021011577	
0.54890625	0.6145833333333333	
0.5525467009200494	0.6130628739072719	
0.556171875	0.6097916666666667	
0.5589062499999999	0.6083333333333333	
0.5633593749999999	0.6081250000000001	
0.5692187500000001	0.6077083333333333	
0.5746875	0.6080208333333333	
0.577421875	0.6078125	
0.58328125	0.6069791666666666	
0.587109375	0.6060416666666667	
0.5928125	0.6036458333333334	
0.5953125	0.6008333333333333	
0.6027945810862585	0.5957953494496	
0.610087107416086	0.5913674634237165	
0.6193143502693634	0.5850682051724503	
0.6243891185887223	0.5821906502293318	
0.6308157400236307	0.5786430104448937	
0.6376207260555079	0.5751700161905722	
0.639921875	0.5751041666666667	
0.6415625	0.5733333333333333	
0.645234375	0.5692708333333333	
0.6465625	0.5664583333333333	
0.6493579030367077	0.5621615743631054	
0.6507672921943496	0.5588896598988884	
0.652265625	0.5552083333333334	
0.6536078157490024	0.5515780717835387	
0.6551146662189262	0.549385695122328	
0.6562315587107194	0.5484416965809182	
0.6530615489726732	0.5492019491062724	
0.6520312500000001	0.5502083333333333	
0.6509375000000001	0.5501041666666666	
0.6501329207806182	0.5500014952941242	
0.6471875	0.5509375	
0.6452343749999999	0.5492708333333334	
0.6410937499999999	0.5472916666666665	
0.6385156249999999	0.5453125000000001	
0.6332812499999999	0.5424999999999999	
0.6296875000000001	0.5404166666666667	
0.62234375	0.5386458333333333	
0.6150781249999999	0.5366666666666667	
0.6090614515510757	0.5337039007704549	
0.6057401280283323	0.5319318881704482	
0.599375000639976	0.5346965010605377	
0.593984376100203	0.536369799204558	
0.5912500015461732	0.5374179094037201	
0.5855468769910127	0.5409660046959275	
0.5795312524357626	0.5446182654724476	
0.5738281278805052	0.5498330261551888	
0.5709375033252473	0.5527561201638251	
0.5655468787699894	0.5577625475052049	
0.5623437542147315	0.5601648081798711	
0.5573437546594736	0.5649629021878669	
0.5553906301042157	0.5667401628625293	
0.5511718805489577	0.5707049235371915	
0.5479512806814296	0.5740734353800361	
0.546162772161797	0.5759478739761239	
0.5447829488924338	0.5784746301322771	
0.5428125073279261	0.581043132902507	
0.5421093750000001	0.5809375	
0.540625	0.5804166666666666	
0.540833998824499	0.578892450840427	
0.5414062500000001	0.5773958333333333	
0.5421875	0.5762499999999999	
0.5433871749305761	0.5757310894599941	
0.5458576964395896	0.5760529759824949	
0.5490329964070054	0.5778337878283171	
0.5506459275194288	0.5786771466281666	
0.5496416275694006	0.5843604496356382	
0.550078862255946	0.5904657166318303	
0.5503287508693974	0.5929531878392604	
0.5496847771786103	0.5983550719596348	
0.5509414039232945	0.6016166240251382	
0.5517217834346902	0.6027617123720715	
0.5532052851851684	0.602865154311	
0.5560169117166629	0.6038019311900894	
0.5565812313895224	0.6046197410981914	
0.5585151647435366	0.6052588185466027	
0.5601549162561754	0.6058830955640487	
0.5632790427688054	0.6075490392482248	
0.5661687942814349	0.6083816495990728	
0.5689022957940642	0.6078600932832545	
0.575234375	0.5991666666666667	
0.5811172535174653	0.5947025537037323	
0.5862651852129769	0.5878997674793849	
0.5909440260968634	0.5829558902122732	
0.5946563195239368	0.5723209566247391	
0.6009006925124711	0.5630003744034074	
0.605348206520133	0.5548256003799537	
0.6093269717983614	0.5458174910295333	
0.6126807371773653	0.5387885481876535	
0.6179095025643624	0.5297804386665651	
0.5989062500000001	0.5566666666666666	
0.6001562500000001	0.5545833333333332	
0.6015625	0.5488541666666666	
0.6032031250000001	0.5442708333333333	
0.602219033474902	0.5423924304304522	
0.6015551351133939	0.5386935634961644	
0.5999462040637825	0.5389123595498464	
0.5972802859654458	0.5362549066079944	
0.594481479464039	0.5323017727204263	
0.5911092369653957	0.5284216153456825	
0.586171875	0.5282291666666665	
0.5836685048464798	0.5288311227562292	
0.5807620101303324	0.5278067249287159	
0.58125	0.5248958333333332	
0.5800000000000001	0.5248958333333335	
0.576587401560594	0.522401426299046	
0.5753536266434033	0.5219728092980658	
0.5723222885463687	0.5212303008401171	
0.5700000000000001	0.5229166666666666	
0.5657976594755255	0.5255378886157345	
0.5634187652124841	0.5267223100897145	
0.561504531934909	0.5273958681607391	
0.5566212243347859	0.5289035503358802	
0.5540816410108326	0.5303071285647957	
0.5486514306465788	0.5309815451017526	
0.5443149701204976	0.5318642953666145	
0.5419316345815808	0.5326428789961056	
0.5381420490416459	0.5331089626280788	
0.5354462135016305	0.5335750462602491	
0.5343128779616083	0.5336244632257683	
0.5313045424215859	0.5348197135246219	
0.5279837068815634	0.5363274638234756	
0.5260691213415407	0.5371060474556627	
0.5235295358015183	0.5370512977545167	
0.5192712002614958	0.537413214720037	
0.5169659897214732	0.5384001316855576	
0.5148170291814507	0.5386578819844113	
0.5100899436414281	0.5391239656165985	
0.5059097331014055	0.5401108825821189	
0.5035263975613831	0.5409936328809727	
0.5003618120213605	0.5416680498464933	
0.49875972648133793	0.5421341334786803	
0.5059375	0.5250000000000001	
0.5038281250000001	0.5217708333333334	
0.503203125	0.520625	
0.5005468750000002	0.5164583333333334	
0.49921875	0.515	
0.497734375	0.5131249999999999	
0.49546874999999996	0.5114583333333332	
0.493003501984393	0.5095750083545074	
0.49226562500000004	0.5102083333333333	
0.49078938905969227	0.5119175528287327	
0.4913775776226596	0.5124819499536019	
0.4912052435737044	0.5130444156874578	
0.49058339616396446	0.5130573409641725	
0.4887410421799827	0.5123556802889357	
0.4879924387307712	0.5119665220804193	
0.4865407103239753	0.5126190307342187	
0.4856358569205438	0.5127507060702029	
0.4844966285173788	0.5131948814074179	
0.48250000000000004	0.5116666666666666	
0.4819565508895751	0.5120271786538935	
0.48156250000000006	0.5127083333333333	
0.4808593750000001	0.5126041666666666	
0.48015624999999995	0.5138541666666667	
0.47929687500000007	0.5156249999999999	
0.4777343750000001	0.5176041666666666	
0.4777343750000001	0.5194791666666667	
0.47640625	0.5205208333333333	
0.475	0.5219791666666667	
0.47390625000000003	0.5243749999999999	
0.4734375	0.5254166666666666	
0.4707031250000001	0.5264583333333334	
0.4687667399797816	0.5276452800092942	
0.4668231512627258	0.5280687427675355	
0.4657383661802969	0.5288019836332	
0.46496603577969375	0.5325558419437169	
0.4641937017846535	0.5341221831309142	
0.46539062500000006	0.5341666666666668	
0.4651562499999999	0.5397916666666667	
0.46421874999999996	0.5421874999999999	
0.46453124999999995	0.5459375	
0.46421874999999996	0.546875	
0.462890625	0.5510416666666667	
0.46281249999999996	0.5523958333333333	
0.46218750000000003	0.5537500000000001	
0.462421875	0.5561458333333332	
0.46343750000000006	0.5588541666666667	
0.46382812500000004	0.5602083333333333	
0.46624999999999994	0.5628124999999999	
0.46749999999999997	0.5632291666666667	
0.46912123072996337	0.5635275370475531	
0.471875	0.5641666666666667	
0.4754372316906276	0.5651368931905604	
0.47666721418881375	0.5647091334535292	
0.477890625	0.5658333333333332	
0.4798437500000001	0.5666666666666667	
0.4812499999999999	0.569375	
0.483203125	0.5751041666666666	
