0.2627335367874571
0.30721159124757913
0.30962080352602406
0.31279640422819677
0.31500395178311275
0.3174093316850734
0.3191989051759285
0.32024133775030444
0.3197031024211275
0.3180874053975359
0.3158836844050882
0.31464666901099836
0.31125913362525603
0.310865272672922
0.3124260475755777
0.31367806926764563
0.3161612688331722
0.3141418545851701
0.3113040970072948
0.30736941565661496
0.3043328291834537
0.3017640689609775
0.30057781657366794
0.29814346146037657
0.2963313567161553
0.2954333292373469
0.2939553855802589
0.2938386554526605
0.29189282158661867
0.2910182319642707
0.28967343831498865
0.2876155801306196
0.28648899638320213
0.28638503236177176
0.2867240872095437
0.28860041952959176
0.2919308004926959
0.29431835606446605
0.29705172790673184
0.2978340501924709
0.29897069809893123
0.29962927026903674
0.2993259408464814
0.29907068352810906
0.2993809151164958
0.3007927499333617
0.3029927245059996
0.30284653724612876
0.306724504256616
0.3079201589240969
0.3093398960302487
0.3098431176568537
0.3093863672780686
0.30780148099228716
0.30711607497134474
0.3084379412610342
0.31558133597757354
0.31719394623520136
0.3215874010049128
0.32366536176107663
0.3243468464399589
0.3244288978628478
0.32372653327625456
0.32490745859740394
0.3261563163497857
0.3268806366907343
0.3288643251770801
0.329750047378532
0.33031017799630824
0.3327043844813146
0.33316985136557137
0.3329958509035907
0.3328882818335298
0.3332170877950651
0.33402231409453725
0.32810281706718275
0.3281583089722923
0.32579874647205453
0.3235588136750846
0.3206842083116075
0.31883327269782913
0.3157193669208003
0.3132525974802976
0.3108194686710889
0.30921658248037964
0.31880080269629385
0.31822225500281737
0.3173988238797698
0.3166102119030848
0.31544961387301435
0.3140643857209205
0.3161759227382289
0.31749690987456125
0.3187909945846491
0.32018293389402014
0.3223648526802133
0.3252256741851221
0.3282140462827636
0.32964598279884605
0.33262342897047986
0.3336106751065063
0.3344483126058925
0.3342281693557242
0.33453204511963897
0.33463963484063436
0.3366974260768168
0.33764135658987554
0.33960115616582154
0.3413131555521022
0.343842679134981
0.34464730867522275
0.34402417498293725
0.3444772801370751
0.3435221558043643
0.340693634488442
0.34017750436200883
0.33741336551782664
0.33526152186168956
0.3325060627659105
0.3298536882499637
0.32819423637811174
0.3248886663879973
0.323304271678698
0.3194940910869583
0.31862760182172223
0.3143583792097604
0.3124720534825693
0.309460331153624
0.30549917830493545
0.3022978110100723
0.2990310703721105
0.2964695339472504
0.29585950689747903
0.29348406713950426
0.29299853995495606
0.2914007815980635
0.28885440917901606
0.287380256376473
0.2865969057992444
0.2856456510943643
0.2855712080382725
0.2855363740300628
0.2848533856700885
0.2860262757947708
0.2869167381281782
0.2869744276437367
0.2870693534246273
0.28592225380552905
0.2848238517105794
0.281480932220838
0.27949150051375293
0.2748695834365571
0.2745310394957612
0.2737449024742138
0.27315381273223777
0.27236561469146386
0.27101681872036043
0.26903639320377415
0.2656242096669765
0.26263261264824916
0.2601731904686838
0.25471948846907133
0.2523281275906182
0.2478080228187926
0.24514424532625229
0.24119667618844248
0.23957235254396841
0.23661480952293323
0.23510472831820434
0.23228476169576834
0.23182527107502296
0.23033843332090193
0.22945786408021157
0.22735923056665314
0.22631405758227907
0.2233260162295579
0.22225406096498318
0.2201799806739412
0.21980498181790392
0.21951583475318434
0.21973895329011173
0.2210871623869055
0.2243605596584528
0.22929970447130105
0.2317053042145615
0.2372754206133
0.24015258123207875
0.24192264827137086
0.242567068719349
0.24297388648527568
0.24266163376381616
0.24399357936498173
0.24632851739522685
0.25055250962216347
0.2521806703028289
0.25745632451865996
0.2596533217142448
0.2623316805069448
0.26371435402639565
0.26540094048337765
0.26537302234992666
0.26607571781151196
0.2674269992271944
0.26864555136044554
0.26810064156701446
0.2681557098724356
0.267748346177514
0.2667256339477094
0.26634703856435216
0.26544552281739964
0.26577667138251343
0.266606979108721
0.2671947389301894
0.26848147379206966
0.26715798398173063
0.2659116185205118
0.2657212533304301
0.26384895909692874
0.26402645283632753
0.2651159119567409
0.2664389982534324
0.2663071035260201
0.26644516179957534
0.2674945070746582
0.26390789194946446
0.2651861202795057
0.2602830745710967
0.258119069849886
0.2558779146055685
0.2551100669370076
0.2534914217264806
0.2534518207676383
0.2531657462724999
0.25245200759120856
0.2533339267542073
0.2521997620914441
0.2580653461951795
0.2575102477773564
0.2547235127512565
0.25419786899132923
0.2507817317169273
0.2506647308140074
0.2521665438102835
0.25219588145739297
0.2531543278146614
0.2534260030617507
0.2536394899676704
0.25295575253530656
0.25429045151731205
0.2554084593210444
0.2578925481553543
0.259085510878636
0.26058244884806786
0.2622090520031055
0.2635883022996793
0.2632173253949356
0.262782413154852
0.26188595832746053
0.2623441741568164
0.2642232680312216
0.26576981399825594
0.27005115830421966
0.27538654992442474
0.2777671693529236
0.2829204641451241
0.2874348444449085
0.28882483385449026
0.2918644125049976
0.2936639976010991
0.29540166827433706
0.2963019605370695
0.29657736940955537
0.297736859178364
0.2973900722953212
0.29362410731890215
0.29019648513294305
0.2883498697067832
0.28734516488403256
0.2868184941194193
0.2861781645809696
0.28440906545497135
0.2831171624566646
0.2809871882854351
0.27809640795593965
0.27874629776402926
0.27890461732421457
0.2757392993834982
0.2751469464092052
0.27363581322294467
0.27211599523328245
0.27122443266562246
0.2703457520938743
0.2690744028372032
0.26845948090730437
0.26780709966771854
0.2676921774984561
0.26668804391389417
0.26564064668935583
0.2638177260196635
0.26224412383450335
0.2620982750181746
0.2614374480442354
0.26207746920475394
0.26270399786265597
0.26263412150693133
0.2618446525565982
0.26089649690740946
0.2614652774478792
0.261346049250145
0.26195080473404664
0.26353776470599943
0.263746175059751
0.26393876853720927
0.2636775999993906
0.26414728689510825
0.26393462192957845
0.26548784035474504
0.26649638999914177
0.26825849456857953
0.2688536325800027
0.26840035491180664
0.2678339955380189
0.26725137297184426
0.2674690850168139
0.268289289814689
0.26861060309431917
0.2680934314615252
0.2694512369294667
0.27093185995351254
0.2730464692765984
0.27453665017886586
0.2771109420805701
0.27769772172312673
0.28134255978509376
0.2839605116111653
0.28875578051331374
0.29175827917191066
0.2976921253845243
0.30254085511307083
0.30382084101271595
0.3043727475196883
0.30410753374162675
0.3046648987155834
0.30455176022364994
0.3054491945597579
0.3061892518835808
0.3077689457707374
0.30769814752389324
0.3079034986489504
0.30734717990058247
0.30717706524767713
0.3051245383443041
0.30364735452762
0.30230279460733117
0.30155531666287
0.3018154666333942
0.3004416850012087
0.2992316460092446
0.29698587154078726
0.2973200988265893
0.2957146278841011
0.2943110271481674
0.291545595586125
0.2898492146549225
0.28773699992210566
0.28699858850242754
0.28556773660137974
0.2865687519565683
0.28835125552803986
0.2903713525001919
0.2938638893430444
0.29876287259452644
0.303149465225606
0.30653540116674544
0.3097126539819287
0.29454929526605256
0.29472739816200927
0.29433976820463525
0.29526378902372896
0.2962313976578745
0.2988188865501814
0.29770720492043745
0.29998473555846755
0.3014079807407476
0.3040531158073
0.3054687256871999
0.3049937323618164
0.30499231280990496
0.30521509174724143
0.3046779465566705
0.3035167190854972
0.3014405764410427
0.2993075703447097
0.2982400098510371
0.2959717298609671
0.2948440723838453
0.29407089370071204
0.29231539001302487
0.29228408586322685
0.2932426668197877
0.2940878569921194
0.2943242528942479
0.2933695941466891
0.29274416943213255
0.2922577348758252
0.29114096764017416
0.28946105215248674
0.2883695091183416
0.2878480432756532
0.2870695907464557
0.2876526650671556
0.2876780311176035
0.28868657458998553
0.2888406775912554
0.2899101984975967
0.2916443242759317
0.29133762800282403
0.28662667087703597
0.28573783625832183
0.28469432410855394
0.28230876796494114
0.2789241861420574
0.278055728737565
0.277320257459733
0.27619314841849313
0.2766292900427005
0.27828226707012205
0.2781694145884019
0.2792687553979674
0.28147998991481066
0.28417640539267663
0.2857380239197049
0.2866702299183062
0.28760891866603217
0.2887091335474291
0.28709709049948245
0.28651265443739166
0.2867850343997029
0.2875498221488111
0.28726383416326906
0.28876397479626453
0.289913315030568
0.2921571642273054
0.293493888081219
0.29793872518676606
0.2994633312549066
0.30153080441906355
0.30393505394573844
0.3073201434924594
0.3080950323175623
0.30863134350182386
0.3077220466979708
0.30751376710760087
0.30733468746771103
0.3068050514113752
0.3077361831000905
0.30892851597502596
0.3089660074434924
0.3120594264748532
0.31345460094815725
0.31517138954524726
0.31820208130981353
0.3204989003485955
0.32084385082498035
0.32080054172549655
0.32008275627595173
0.3197857375263583
0.32014699325904306
0.32010568352787266
0.32190287741457235
0.32068174461752347
0.3225723037041904
0.32329586626718676
0.3248493169282115
