0.13706999801802183
0.15519627753761456
0.15802711117492457
0.16137374660289847
0.1642093422943352
0.16262091676395635
0.16214062038937113
0.1607532444138963
0.16003589444811456
0.16232288330719372
0.1666254924621052
0.16871108555668574
0.17470534434099763
0.18102065548079202
0.18742160916442843
0.19235077314460478
0.19883407918119722
0.1995198540851028
0.19948603261085157
0.19408588538214955
0.1896510122973775
0.18655967584927552
0.1853377577740452
0.18209761631191057
0.18050132437744573
0.17982513994843063
0.18198242352294483
0.18200105576932737
0.18121914183532878
0.17883014873507078
0.17735408336741895
0.17695705236009532
0.17571664820458474
0.17390099517310648
0.1701547083496681
0.16596703613266017
0.16001163287993087
0.156633264100548
0.15693422776562635
0.1581240985453155
0.1659611191737658
0.1727112478553395
0.1783485111096605
0.179516430697198
0.1812001633971958
0.1842913892167903
0.18810856941195403
0.1866561333367218
0.1841266591233549
0.18376728560057348
0.180506074163525
0.17867931433990542
0.17978684440885467
0.18025301465288301
0.1803724771487079
0.168713740256479
0.1596258163984322
0.15571545687655453
0.1510977868552786
0.1465884230215989
0.14806256556298172
0.15428962259102158
0.15735938444317243
0.15568918520678315
0.15217617318054993
0.1512657934633527
0.15196362162472316
0.16195893322680302
0.16667157103811084
0.1720067242163777
0.1751394913295921
0.1789185125540759
0.18470016709970544
0.19178526391850806
0.194856003384829
0.18825231451004248
0.19071172395695737
0.18841396573402394
0.18654353596059614
0.18706775430613024
0.18340179023422104
0.1816576185606903
0.1777849589781526
0.17288655530503644
0.1727466376812659
0.18718203102589176
0.1896840161522858
0.18836064172652894
0.18868359473709587
0.18904332848689942
0.1921982025181044
0.19602512687792173
0.19778829599513265
0.19945022008315252
0.19995623910780316
0.20190406983284967
0.2036843153929324
0.2017318555172451
0.19953022587183689
0.19560842830110778
0.1934966929621309
0.1881644890558839
0.18577735327575776
0.18707366095147837
0.18660294889832704
0.18836747596339787
0.18436899164728002
0.17594120409737976
0.17059531065270367
0.16798099889718557
0.16619286647816198
0.1669820894775526
0.16802447703148887
0.16887680838469912
0.17077240373090027
0.16920452060567287
0.1645591836770013
0.16241958602020032
0.16131873135329183
0.16236508730078564
0.16347055120993081
0.1663458420618647
0.1677595028835418
0.17229411943570067
0.1733379258775712
0.1736480035109361
0.17371592879765613
0.17175853735580732
0.16904432161056415
0.16711882430204836
0.16451272137875594
0.16113260321046888
0.16138416005757933
0.15859726772348376
0.15997416903643535
0.1583801195915829
0.15574547858951376
0.1538481620872852
0.15382082150221268
0.1550165108780751
0.15795583675428912
0.15479205277288358
0.15316721904415462
0.15018114768340712
0.1452003348661448
0.14264425329887478
0.14091040036188968
0.1436819784684942
0.14344606388230433
0.14575215460956684
0.14583780688846198
0.14827088345920394
0.1490971652332132
0.15058550931131678
0.1535357936440572
0.15312652394705306
0.15204779170659907
0.1508822806333552
0.15067912667414177
0.1501284244496865
0.14920127007340672
0.14662452975471346
0.1464209624058589
0.14431045725907876
0.1431482763487854
0.14098705058181024
0.13935133250430892
0.13624325522226874
0.13702745954268775
0.14056136700597813
0.14319617424918502
0.15179335769242197
0.16109762800604854
0.1636884974253145
0.1639449280453839
0.15995413789889784
0.1572047830616678
0.15219122533391144
0.14841775494927695
0.14192950704597268
0.13922459806780185
0.13755912685661817
0.1354652781833166
0.1348118866459519
0.13460469675459583
0.1372737182406934
0.13915250343259816
0.1419491391261522
0.14405609490004853
0.14278582690003322
0.14101636382730676
0.14022322983995422
0.13995090084222422
0.14105505697550363
0.14143660551577208
0.1447708744716677
0.14525972684793895
0.14699139704135084
0.14821569673308238
0.14610708843002354
0.14845217829324353
0.14928954956525015
0.1465243340887766
0.1456348757720751
0.1450669223349117
0.1399033540334486
0.13371816727642333
0.12833297986007636
0.12569529989898126
0.1245072128738415
0.12632291257675562
0.13135286465244442
0.13416429566546367
0.14559322952732273
0.15284488882075628
0.16233584373199356
0.16642718115657706
0.16976145535252005
0.1701723397350637
0.1717230986262428
0.1707439122828884
0.16770559568886173
0.1651051542410521
0.16244679938021447
0.15901970895758472
0.15578111341418127
0.15504101470110784
0.15699738800068563
0.15805331788188468
0.15860276228751216
0.1614749573314283
0.1624827094705074
0.16648811525715923
0.16765471692418635
0.17232323653137083
0.17234995645457576
0.17661346582197118
0.17551323050383055
0.17466936252748805
0.17634828465966407
0.18036993876741897
0.18097876855088602
0.18558444215279696
0.18704298804954614
0.1870204239835872
0.1848168388886024
0.1788610642412993
0.16781634181617838
0.16198322730939807
0.1609536249233205
0.16084807212994479
0.1637672173255132
0.1661005074317847
0.166972769354158
0.16976777956340375
0.17038688969519886
0.1711021647727958
0.16929220318955449
0.16832906571645223
0.16771920973408674
0.16605044350222734
0.1617080294484678
0.15630626569692993
0.15427146930626165
0.15049882683638482
0.15037521479549518
0.15101753267632034
0.15300278989205846
0.156472361314759
0.15699156851826782
0.15861606753635976
0.16080609992084233
0.1635359061990565
0.16521210539064562
0.16027102121254802
0.1617292283390887
0.16593376151772277
0.16755142217812452
0.16909369333221946
0.1691582329305902
0.16884099899329205
0.1659988146454614
0.16152883433498857
0.1578943025590368
0.15302685219755907
0.15161947324795175
0.14647923452251863
0.14525324426410913
0.1443570094977377
0.14806961613221614
0.15291813988933367
0.1560690260066896
0.15966211652564372
0.16187945452367125
0.16498837076659872
0.16503916021209433
0.16168567220728824
0.15862569900296014
0.1511729058739152
0.1476253211234792
0.14746182393084667
0.14733857700893124
0.14341115969014312
0.1413167861812906
0.1355732341728366
0.13331267851727413
0.1311906947255249
0.13179160302519471
0.13270656961113583
0.1359717658166046
0.13736002886467694
0.13819700267162502
0.14031186634965814
0.14033524950603035
0.14053391532722753
0.1419385397489477
0.14586348410971203
0.14736592093882778
0.15039440720512615
0.15218186685268495
0.1540361102795188
0.1548759154266243
0.15775223768706653
0.1610842744379117
0.16641481976868483
0.16872089515262426
0.17317861513256863
0.16856086682113286
0.16472211801673864
0.16111843297122194
0.16157320333809494
0.15901445990130839
0.15878939566094402
0.1575833282360774
0.15667879903161933
0.1576924638903279
0.1580261436351234
0.16082846305468051
0.16240789793570953
0.1630495784095315
0.16022161038722782
0.1554566469617324
0.15459761642032538
0.1520231820592521
0.1513852345832327
0.1540138552370723
0.15778272925793593
0.15806577297652774
0.1589821594562303
0.1583697019678504
0.15718303319571053
0.1572585868151293
0.15797094628516267
0.1601374800230655
0.16265029446723475
0.16731459336049956
0.17001255980098132
0.17516912067592014
0.1792120238887408
0.17924054786269825
0.18197126208118566
0.1818674836252009
0.17886648427138513
0.17619861019689403
0.17142449275868074
0.1695772492794248
0.16849625644482333
0.1705178802595602
0.16833744687607913
0.1704463912793594
0.17571262681059088
0.1811065616362741
0.18669102859095804
0.18995774990566555
0.1923620122126341
0.15793529969391357
0.15726469555358996
0.15342521554452307
0.15051305576856364
0.14780112778610788
0.15145315628505196
0.15345232597203476
0.1578917121838414
0.163752337894086
0.16809653160478566
0.17240814970000778
0.1740860752944859
0.17712340584320393
0.1772819786346937
0.17802357357004628
0.18250276276273197
0.18395398756515996
0.18678744721447713
0.1905070704668454
0.19421214962138045
0.1966222677721901
0.20015845898303763
0.2054042708895294
0.20677974588311052
0.2128281919085587
0.2126821938117
0.21195320498484924
0.20853292286905045
0.2068719891584422
0.20326888729095843
0.19513642327415986
0.18654680940509732
0.1834857152552976
0.18189748021726923
0.17879706092695372
0.18086719366694526
0.18298350480268533
0.1831613481988707
0.18498806794576644
0.18749716447106068
0.1940911250770672
0.1968325928244687
0.17698192311476493
0.180387865057654
0.18245570317583776
0.1867609245858505
0.19240302376391252
0.19569308084434495
0.19854995981128445
0.20453856809856794
0.2066893632521213
0.21182951094275904
0.21494812535204827
0.2191989950036019
0.2220354072348063
0.2252176642932215
0.2255745534152195
0.2266277088924899
0.22704783955688596
0.22896823319228457
0.22777958929854206
0.228261758009256
0.23016985244175553
0.23172588622035023
0.2319990625248737
0.2327043418449028
0.23435150714105255
0.23448174793080798
0.23223039813053298
0.22470955486521502
0.22061994927049375
0.21682926262026295
0.2099915963154527
0.20404644106805145
0.20158932350940995
0.19964798938661482
0.19124832052036178
0.18827056578598697
0.18769618965608853
0.182771745533364
0.18253020607948903
0.18236799073715698
0.18261421992869176
0.18466401839770388
0.1849202795528304
0.18474109580857376
0.1858305119973079
0.18548047268947424
0.18515245184156864
0.18418206618525815
0.18339297215686687
0.18312617574209092
0.1828309903451359
0.1815029790789108
0.1825320028665586
0.17998571153736406
0.18020933150227386
0.17928372406727583
0.1803059869670549
