2.700759014553351
2.877982425936544
8.677222505679492
9.199365226004288
13.918340866180582
8.42307161443665
12.935635956920873
10.36349648556412
4.352646313249853
2.5455484737608955
1.3449538895273077
1.3745813469195483
3.3664557202261998
6.3598673119285944
6.570152361486956
3.147013008189226
11.33382415127338
4.703248439513536
3.299268251779529
15.91121425974842
2.9300149554802095
6.750032347300478
12.169425758188611
5.687043095535592
2.4097261453387437
4.858220280816798
4.302096425554425
5.674030173315107
3.220645618529079
2.838095563793289
2.5466475519312444
2.6044049840076084
2.491247175581884
3.6458239989278725
6.110355642672211
1.9338860158805473
3.097851789626829
3.2273090668194593
4.382032502770114
3.1414917593974283
2.3007118131887663
2.07364402457485
2.1082405389716445
2.280782313054864
2.853795599672579
2.686322156667649
3.7975408447821506
2.525890839147223
7.360815135472398
4.418869652018057
3.928924112100848
2.632592531791183
2.6568744494374554
2.9525727752222433
2.6237825108612465
2.115093666056024
3.8977134019741713
2.8117521602971594
2.677475059333429
2.3705024714700933
2.334246537966307
2.579371674548013
2.657538398731904
2.61965795568053
3.6950403748365437
2.6357787932714034
6.655400774590291
6.533936603410835
5.137930215637878
5.387806018781335
5.140178803330636
4.16873188311605
4.5398715421011735
7.7119980003692605
4.0738139333549706
4.422252298998467
3.944874484953875
6.008855367947612
9.04344456494874
7.276325253057008
6.208857217539209
5.115108626660732
5.675701489532733
3.3836566762420985
5.800956147835459
16.123580841919527
9.030875772172175
7.682148269388162
10.18438794129614
8.919318113070254
9.995573388721876
8.847095429670679
8.428580447717167
8.749128534881878
10.267560114907829
10.025726098799177
10.16501307455342
8.989193744482417
8.949917905884579
11.77730846679548
9.642811768786938
10.151917369781177
8.904729116602983
8.870826156379636
12.612040230569855
13.231966034526717
3.140005681463472
5.007505314318701
3.7589600621213703
2.862626882917904
4.100126833586058
2.075441577545336
2.9314950747480375
5.743934597895307
6.795149873713134
5.576723248776224
9.197678496621993
7.438516422374347
4.114482618772175
2.839786235378555
3.4923454933276985
7.094245400328907
15.588213226439127
12.917561585519238
15.451921601908527
7.991163980385243
12.195884354566555
9.340273766142822
3.3727894306036306
3.0329093835220884
2.5356898958363114
2.3220059955609402
2.536235054279753
2.8387115664387466
3.1712881208622274
3.332094632766997
3.000179988642512
5.2626194308080345
3.7806969144043676
4.0158308743120426
3.6467176255442952
2.087200228629274
3.323407217213041
2.3853728574914173
2.5252942180741207
2.8474559386617884
2.8964441589204513
3.364715410456605
3.5441953091795506
3.0413238730685204
7.053646239241107
2.5030817052865855
3.5033217308724405
3.7959302700684225
3.080690474444944
3.101267288124865
3.574992623101692
2.4536812778028687
2.7686904878980787
2.55087888436164
3.090618808433889
7.760433795769295
2.380033309999134
2.7382848875893906
4.329240797563245
4.8718958175780305
8.214881475704237
14.343167246863818
14.79601535375431
5.173198763428159
4.952244790442722
9.35879537254776
5.533382982809072
10.21429208874093
4.265086450643322
22.933868053008773
5.176177382897074
3.8874278466118843
2.773443378634765
5.547787971188194
5.586591084985737
9.263304393706754
9.66960678283844
6.0160360647824955
5.995079982300181
6.5152961738066555
5.087416557532587
8.242451571014175
10.457981711329023
9.367579308735595
8.101264319051452
9.966017476981584
13.694032039561204
7.096430192844035
6.212412800396278
3.119271744841222
3.8843184000788833
3.9413911569384865
5.323878134481158
5.715303182256166
4.8713131012506885
6.777555062436671
10.89858581805203
5.238724453841256
5.333806702647334
3.0544595696757098
3.7509926298320693
3.9726433964551227
4.145651404231165
3.3882966600655067
4.216142521806757
2.447708831304719
2.3546548804183023
2.2723667611230294
1.994080474258746
2.142006772608864
3.7860024892816746
8.35288493189087
13.5847347898528
6.606752348987207
1.7477171931322857
2.9259350039711993
1.2907247508222846
1.5500698003217939
2.0149277371952974
2.8215089924444308
2.3918517353430837
2.035135410928629
1.5471250337826816
1.5892016257588346
1.790489451456007
2.68014980159879
2.3351291915411463
5.691629166870085
4.489432032081895
4.111022329769551
5.327690094383355
7.932533411899442
5.872508021419393
6.814739013382845
1.7073732591117694
2.332479684860872
7.544302625317134
5.8301323225261585
7.749580397428096
9.352403251807376
10.11547282238933
12.90436927413688
2.8758776887591693
2.5344357544317457
2.9256066135845535
3.435524283702764
3.3575717748559186
3.2889269496275184
3.6591837512655223
3.9306633469300962
6.954570983215855
7.175298268078706
4.079188536687757
12.003099087059955
8.425413169437793
8.718734039430037
9.955830673562946
10.898359328770288
2.613883521867427
2.190477696187426
2.1675977608155814
1.9734701657060576
2.1015513477198002
3.055656806330028
1.9511463695584172
2.2323243458883963
2.717982704499326
6.153265593162161
3.009750487815585
3.7697202275544313
2.1926391873682682
1.7541143834569888
1.6494064739032386
1.3722983334994567
0.7719489780398271
0.9685774883982919
1.2904058077871272
1.350229267880915
1.837784297425344
1.9209059648712696
1.6295222533573415
2.1476917715136756
1.7492459538487641
1.1395373337469197
1.1173638815831304
1.0473898929175243
0.66846638498259
1.0118970425612526
0.9520938315905502
0.5717835760978318
0.5892520801484036
0.630206978905697
0.8373980421488982
0.8933952908708195
0.8291687996699062
1.6895482703056899
2.2500466830629775
0.6620644824255109
0.6552131299050845
3.858271745660626
2.315418537559189
1.277913915989046
2.6072196930101876
1.9535864036294028
2.6640889210146037
2.995567138859122
5.993368774963637
4.473018586700103
3.1337179219211113
9.660938627549914
3.4490837450111713
7.970952923455309
8.209690347958498
10.290298897908347
8.298243477313234
8.713535506484922
8.10998221930382
8.258952019453382
8.07010840203144
14.500679046349322
14.716087988026862
15.112006655784072
16.50440620275407
14.224410163749763
10.61779868917244
4.343807761043159
6.609599918422084
6.986040260378398
3.533655179228684
7.932334164901484
6.723483381738208
6.190210770662378
6.0680221280331255
2.882066842437536
13.687027995405234
4.89650473268723
8.121616232035112
3.6802901357646527
3.1154958085289226
1.9720630002709227
2.3854844345923265
1.9706916940326646
1.7950701017949058
1.6839727533331108
2.468927836224918
3.2731751816299024
2.345900058276489
1.697970009518069
3.8978491765537426
1.9753745847640758
3.257381562026392
2.392997269487357
4.645837056395669
3.71663119579556
2.2392027973875015
2.622927237672282
3.0352977914368395
2.3441345559553306
2.1454783251105045
1.826631412327297
2.9675241508090715
2.0817502781122
5.1544629629246845
2.1797083690673302
2.5253454138453626
1.9060859869753823
1.7648424503968507
2.7126736673474965
3.027350703723747
2.227703693317085
2.1300954800055467
1.9087259695163301
3.308936866389211
2.805706718436999
3.846050928102323
7.258622114361915
8.984750371038762
13.287691289588665
14.808951036688692
6.941448200352137
8.765884629483876
4.760075578600995
12.324725736456118
4.658188682549313
11.171718831257047
9.12681628390453
5.118257283965814
4.780848213885845
4.04248599471911
5.316369854164634
9.572629119139368
7.832850791773086
9.784652940622593
7.074753683611618
6.192061923273488
7.03663152708218
9.213762674061156
9.329518326155998
6.006156225550814
5.583749317481222
7.069533975384234
13.383112024605946
11.247508426179069
9.931395974030215
12.031070420660665
11.41611762766615
9.019466451178236
8.73120195433344
8.106228681046073
7.315290954371408
4.53009370117161
4.25385329428998
3.6381688436076507
4.8465581029192855
6.927796818796208
11.50072572002108
9.219580976903478
6.514549123032322
7.443125628821123
3.0146900880622622
3.4389953196525647
2.8299862744162523
3.1100753853493432
14.580420996403626
9.314386762372845
9.461548789098877
8.165213279646915
3.5413898470752736
11.11753170075203
7.679212938497372
3.2323743304290105
3.1857532502730104
9.319607896326549
6.794794832494169
6.74239212960719
4.960291722024563
5.9489322852887145
7.835543734076528
5.33068359051979
4.158329217876618
13.827898714300986
11.579368677330063
12.482384082482216
9.411560023451289
6.039005091577196
7.092670559996049
4.237652070512661
4.040632659069628
5.17485509980552
3.164176487122341
6.481768234359338
5.735097923727675
5.515156946554602
3.470683628738972
3.344500007521801
3.4116323302475764
2.898475511632161
2.1960042268667395
2.6388744454902295
2.534812974139389
2.0252914627702294
2.173670822868931
2.075324369782186
3.1327758907005516
2.96399200731913
1.7532456750069538
1.8324096942753947
2.448419637709054
