0.01281033832163309
0.011328590286463705
0.010925990603109214
0.010346550371051174
0.009709215547654358
0.008900811601943412
0.008383760323377459
0.008125127658612433
0.007933317005644735
0.007869008891395943
0.007906139962256937
0.007808859449597481
0.007581285263500825
0.007475472614949516
0.007256145262396559
0.0072050855747823606
0.007371926764277809
0.007753982790020772
0.008081830719675952
0.0084534477008555
0.009037890912997674
0.009605431713721269
0.010052611352544
0.01009953414124613
0.010134073055408598
0.009990371934070718
0.01000638797238908
0.009909737027737352
0.009411767012626004
0.009361470261612114
0.009159834752176998
0.009114409142516006
0.008961118210894169
0.008935373764320537
0.00871117552652762
0.008935972435017234
0.008998141664666011
0.009118342788935524
0.009184083474751683
0.00937907993483758
0.00970762410879324
0.009784112057115692
0.009727688475018021
0.010016065725824067
0.010280911090295483
0.01073075610671317
0.010956807797378499
0.009734983992612509
0.008916536658249893
0.00844744703143616
0.008118741554812063
0.008011365491959814
0.008117686351277995
0.00802991100599705
0.008072324477749762
0.008303869694093363
0.009021230305569906
0.008942942963059626
0.008878207604532168
0.0086238336394742
0.008432505365912
0.008325273912053434
0.008235202833493577
0.008336212769594393
0.008295558948212305
0.008233574535072358
0.00810351679475759
0.008108052937037374
0.00810989699298881
0.008300322115247411
0.008484402207074405
0.008738473098767456
0.00898050502147111
0.009346386641884835
0.009584262192559626
0.009204843651545811
0.009662872950362186
0.009649750158422139
0.009665894426011299
0.009989189898704964
0.00983486699697925
0.009955385588140176
0.010044490809395642
0.010085603416794849
0.01027008008326261
0.012364811899200476
0.01323210076119965
0.014227670437629495
0.014716771597372991
0.015335199554631761
0.015282144114145385
0.014658014423381249
0.013688724372882507
0.012886967163440288
0.012483520895968934
0.011945854013408846
0.010943679687638378
0.01009931708506572
0.009900963768723545
0.009054832125788195
0.008568276314573105
0.007879525847849036
0.007381320305649118
0.00676762190460827
0.006508448040254656
0.006182947792560704
0.005963543269801269
0.005410757421809502
0.004955596367248746
0.004614592105104892
0.004397396043756111
0.004365277403949789
0.004680726820057473
0.004930047942295093
0.005052991190757316
0.00512084868632443
0.00509696970223222
0.005292299033372551
0.005646779313322128
0.0059470902734600015
0.006050346729238476
0.006476922594989697
0.00665796065302193
0.007416232766781371
0.007705649264707419
0.008341201591836439
0.008611337862698853
0.009192572349624452
0.009689156677405098
0.010157185395367595
0.010437293545208861
0.010542052013365763
0.010676533281896184
0.010718230807477183
0.011168102464689338
0.011240199420018634
0.011484465475792916
0.011250734539480448
0.011168328630786867
0.011094118977022518
0.01077650213174919
0.010430326897647734
0.010191171963303434
0.010247997332751512
0.010215233542693715
0.010281954462751115
0.010363186785520935
0.01056222074664855
0.010701737971576265
0.010862329739664379
0.010982580567654143
0.011837744680623655
0.012173995923906339
0.012688907405841502
0.013047113540579414
0.01338786562406222
0.01344778503948869
0.013382348412503145
0.013533357146780204
0.01368103962012589
0.013762710440512638
0.01351107911788276
0.013455168804390497
0.01290517308445326
0.012762247795271187
0.01239829059291324
0.012450542133744712
0.011967962756447726
0.011859702947466704
0.011613657783636277
0.011376262257978921
0.011573563367260254
0.011746221315740202
0.011736477650271391
0.011651677293986888
0.011559029971563033
0.01144134920857524
0.010932668471533995
0.010537861439385078
0.010273720194739393
0.010103714526106717
0.010168085578443925
0.010362467443573959
0.010592418280424782
0.010658694208038898
0.010915218522781578
0.01109488619219655
0.011251060834095748
0.011416197641652633
0.01171818063923515
0.011976857649249162
0.01211912500926332
0.012161872656107284
0.011549281529023524
0.011197187222013471
0.010418652532182751
0.010085518869330044
0.009553760951881391
0.00932953399541481
0.008533410217909761
0.008751630037511175
0.008364015125463658
0.008207664450657601
0.008048795842966184
0.008000792193612173
0.0076588950642424245
0.007506120021332894
0.007625031274402616
0.0078056695716540005
0.008309822419669584
0.00863028482035924
0.009069408795277902
0.009430207117535429
0.009614440098037963
0.010285503738914582
0.010654200833067442
0.010877562343826568
0.011236208879821357
0.011381048505834938
0.011489592859507045
0.011614266828631035
0.011500939480505228
0.011203829052209196
0.01080217259204606
0.01044522651695223
0.009667455874017999
0.009586947678563332
0.009701764746843599
0.009668566100319307
0.009624189816791511
0.009435532715634996
0.009306068244574525
0.00895465447660872
0.008960114640659277
0.008863193191677481
0.00911784814442793
0.010266947232051031
0.010499763943725999
0.011092066811228391
0.011273933629144157
0.01238232054741925
0.011567569787573149
0.01087997038069303
0.010744829199930344
0.01022685929047774
0.009996200099749681
0.009555144572733435
0.009155623587421762
0.008822558758440987
0.00886040250642574
0.008867084647604913
0.008921960965082552
0.009082806984473992
0.009157059227348505
0.00945806390763467
0.009734752133637985
0.009946084895757445
0.010166920096749604
0.010109823158590825
0.010156944079685976
0.010125900324971342
0.009726687762264565
0.00927405435444626
0.008995532550671191
0.008742592049721757
0.008822575758827082
0.008906411637988576
0.009023332573355634
0.009426203038265968
0.010010034482353459
0.010238035924808746
0.010813596298821232
0.011064343192583096
0.011310039594005773
0.01152211843733231
0.012101945111971676
0.012755627596678342
0.01321258206412231
0.013730627369653681
0.013976993691069181
0.014429226453987459
0.014681263576826874
0.014937206648872835
0.015196997725701048
0.015779977394305467
0.016239829944518724
0.016609158898110377
0.016762891605648315
0.016979586605715323
0.017089495381255752
0.01724661430837093
0.01729484818004919
0.017796307317663636
0.017784868032204644
0.017949865180064688
0.018146071174711464
0.01795384679898982
0.01746175410504797
0.017209692864192935
0.017029476458842112
0.016668701151431826
0.016444017424043864
0.015553074424510779
0.015133343447949874
0.014841949540811958
0.014574104815535154
0.01364411510161942
0.013383534323926888
0.012397407716036974
0.011769827917262382
0.011035316495100325
0.01059472733347562
0.010022388212077004
0.009530595697797491
0.009292473304251963
0.008964748949135576
0.008900266953634552
0.008931535689690986
0.009031113815757727
0.009275076272191417
0.009731806123841209
0.010060521038133496
0.010497262997962815
0.010996790974547924
0.011852044874184103
0.011864268592513669
0.012544632594359059
0.0129254581426576
0.013214812345087992
0.013492997087520687
0.013760095538888012
0.013537751119515176
0.013356663049681038
0.012750818786398003
0.012202809503465039
0.011452734742919758
0.011047963482036356
0.01016154130515626
0.009732850126734348
0.0093692955061775
0.008913293487113222
0.008500366259022339
0.008548750038583386
0.008648152102488964
0.008664322453490145
0.00920861566378557
0.009810391362050825
0.010134342462574336
0.010693587315682831
0.010969477938358493
0.011095560115517577
0.011428330879740496
0.01167432673738572
0.011862620874450055
0.011995086531958776
0.01209833093552103
0.011966900465759111
0.012344702337907779
0.01296674672347919
0.012982117306489727
0.014379815039844923
0.014972459459509554
0.015820697051949228
0.01655645719599304
0.016886441363444183
0.016450118709984068
0.01613720095407061
0.015793671074019917
0.01583732464639922
0.015837600836316273
0.01608263797995238
0.016796311157749003
0.01784244591664511
0.019089799409410784
0.019970700405362377
0.014154625961223178
0.013784746232721884
0.013082609425290163
0.012256551428894305
0.011319336148699123
0.010749160428963636
0.010729808592667008
0.010440419833504471
0.010375553303210288
0.010521980607674054
0.010518496977081593
0.010590356589533728
0.010702931028509085
0.011171048116945198
0.011099137510482837
0.011702309014107928
0.011872747811901941
0.012249896848535358
0.012341373086553298
0.012747565856833181
0.013141467973748622
0.013487935126948306
0.013891253292041786
0.013991288674259625
0.014152308313494153
0.01416206135387662
0.01410278909400776
0.013713921666528756
0.013656066454218959
0.013341426153800257
0.01284026986210399
0.012653301620000616
0.01263377042750006
0.012641912682500209
0.012860600429945968
0.013000950424709334
0.013172551634722831
0.013254378266785757
0.013169504711822775
0.0131067655887139
0.013333491288095254
0.013614352713226915
0.010986397744204245
0.011437754625941978
0.011821277915208716
0.012539976354118746
0.012936137252178423
0.013302283987272016
0.013745129533370173
0.014567156886956496
0.015141896833396803
0.016755970425315656
0.017442860742671897
0.018481166535273937
0.01891849891616356
0.019784421050199612
0.02026363405810789
0.021188646310232977
0.02160819905801773
0.02237861084645359
0.021356464511280558
0.02116451715511675
0.021761378007034836
0.022058500525459653
0.02205882985959567
0.02219196259011403
0.021839720858481425
0.021646497841397137
0.021306053370774465
0.020452625083563856
0.019894209435971012
0.019317552892642437
0.018380325024016684
0.017493180113397462
0.016993674805019798
0.016888785397871055
0.016104573469466005
0.015779307760684445
0.015551890123265012
0.014776660862491183
0.014396222643973704
0.013352749925454233
0.012960595437136143
0.012074050117499945
0.011729090748598178
0.011350805976006888
0.010445952295805926
0.009494433282459096
0.009091629664924498
0.008379764164739062
0.008053140788435536
0.007677852981333821
0.007722037689833127
0.007617228992343822
0.007780388226698054
0.007613159668410421
0.007523771751895174
0.00741961846652846
0.007238538831421994
