0.13894093303607175
0.11060959896563262
0.17722230335231084
0.15854786366394968
0.300188080867013
0.2517178042653246
0.2631695098001276
0.29680496414490254
0.26848085658973225
0.2601851373965165
0.42761876295056744
0.419213639848146
0.2422561497630801
0.132232089772702
0.05851763930415795
0.08684236181795034
0.05569392256113076
0.04218730966333184
0.10016331915867586
0.07359966200432304
0.06590037110697362
0.08676327651162144
0.1742214892645356
0.2660782640007182
0.33508472548310253
0.32305405109071894
0.3093572776941211
0.2396905632775214
0.2799703390460862
0.3086413233570481
0.2729801878994734
0.26749175242146117
0.24265287493039672
0.23410752300608767
0.2664587164649711
0.3233015630343572
0.24546291074572485
0.13767231510410416
0.18574912372615077
0.15273267874317625
0.3062490876558606
0.2879793805086666
0.26755187052248686
0.25349809049187155
0.16536431906428997
0.341374660292151
0.18961853315015678
0.31366461696119796
0.12641296687256592
0.1173721002164765
0.13285919347752864
0.188045189564168
0.22406935637833017
0.2292143840440324
0.2038109384560216
0.330042780515732
0.10679807356872878
0.11071215452806545
0.1296570923710613
0.15549200925512097
0.2762571219247615
0.28997893347441916
0.2472723018505911
0.21474554806549873
0.09787120213006198
0.201041261140581
0.09548084704669907
0.15978219366859694
0.2031814120125783
0.12997875793826827
0.11921217601758301
0.11863337290230781
0.06009298218426868
0.05906690072784463
0.07020150100495358
0.0960638270542285
0.2780855209505202
0.15449763298459085
0.17142247236027014
0.10695333372648169
0.10281300919012208
0.13878862603568087
0.12506744550008467
0.07289934020163351
0.3208065164971002
0.06022150055202853
0.12195730517061056
0.159512525069447
0.14739176841121077
0.20999555463431677
0.25223533098592454
0.2803286433517015
0.1572413555219759
0.19212443874570218
0.07045480449089278
0.13559525911512466
0.13044684153431158
0.20542683377718085
0.19591777456879758
0.14223255097424609
0.1646584375389185
0.1984666955557174
0.1918967436078367
0.08527494506217828
0.17557915454387477
0.14784261561207748
0.08008816557394431
0.24354704005433317
0.29470333586276004
0.35819319722097875
0.33800917228102073
0.48929618627946686
0.4040105480224575
0.44501004140164446
0.13900794942315375
0.12192869951618976
0.10642306518094442
0.20119477344161638
0.20088515282470146
0.28333278795426986
0.10666419466097667
0.13809908779936458
0.15157700952708011
0.19851116440420705
0.19194919248038741
0.2677743778488883
0.16693777013797897
0.17453487013821153
0.1862402012125462
0.3035511142187079
0.3814743531214888
0.42878454398702176
0.3802754713090466
0.26038129761737966
0.2237759449280338
0.23036466430289532
0.19330232926154337
0.10183628363125757
0.18550147266115752
0.2373376872921637
0.348094385217754
0.3698882335785205
0.18369413313480804
0.292959453838685
0.2380546940997031
0.18342416771665254
0.17674060879495
0.08584631401989905
0.04074736535540724
0.20571284210510066
0.17272939086189779
0.2099559361248515
0.22585279689898574
0.21390176017231866
0.21645617849847407
0.22979738158499005
0.12150334070237401
0.18234971974665348
0.1753462573528068
0.15172372898790912
0.07493427892691248
0.12127909547648509
0.23060287467158644
0.302729830331041
0.21753109652907782
0.1403337226386267
0.22811269534323178
0.09302998546013098
0.2054552275325369
0.3028088408043686
0.3334125243823789
0.3586594193437541
0.36146107955869056
0.12467161543155053
0.058174375504353115
0.32914419902596614
0.0849091592922706
0.14399145260544013
0.35339601659126585
0.38545880772585206
0.4302185752213659
0.35176788634937933
0.4382524091742455
0.3910906890807613
0.39362622508497436
0.371039017219234
0.2761635427670465
0.3383274555918873
0.37604879602965174
0.38106943865683374
0.33216825342261996
0.34231916164429504
0.2885472098780053
0.12785997331515947
0.05690016238475564
0.1374412493229518
0.14151779484540133
0.21939844700391653
0.17778831538969764
0.26290088872140405
0.40461984048014493
0.3526038655526658
0.24213240301330444
0.32582135738622087
0.11203189852687527
0.0856232308313268
0.11973449215102568
0.24313100562347337
0.17723879000040021
0.04137326652095501
0.072076071116448
0.18595284069283438
0.22505889009700975
0.2931806562638539
0.27062707352580034
0.2841567561084974
0.17169488792672954
0.16674628267018068
0.19357356018945798
0.1517240753590408
0.36224017762999977
0.1980751108674223
0.4627735986375814
0.41404618922649455
0.3700721989593469
0.31028364598479846
0.3180012623405492
0.46297655916333974
0.6835393178579867
0.6358281511036993
0.4424578191212969
0.44961577744634035
0.5393854750293476
0.38856311046678693
0.47519766442075895
0.1925339624786797
0.09543689374254215
0.12153805168163416
0.12339943161222898
0.05074606599281677
0.31906855572295373
0.2409643106875017
0.11140458279131994
0.2696766912176733
0.24602098031807884
0.12255312475467829
0.07940476931997469
0.03820209108539352
0.05370131614969534
0.22328299641088925
0.2000423136232512
0.2281426957806416
0.2109943833856963
0.10904286519199105
0.12106396973505539
0.1142682750471748
0.058821429514734444
0.15512919851066742
0.22548009498706958
0.09743964876862318
0.14350034708892684
0.1659987276864437
0.1572682211353747
0.11550921968830798
0.07228509430142363
0.17988889513672085
0.21124477338610365
0.27524831673987443
0.30988179052384796
0.08426610811374667
0.29805391133566866
0.235876584056331
0.12917286980436088
0.21399669733421028
0.11833874479769214
0.16060159677997723
0.20912465375130485
0.3152075491927326
0.4049915617393712
0.4671330402409942
0.6593358178163193
0.5924626877918128
0.5606781627330316
0.5397158436809281
0.43508348273801245
0.26686743681951974
0.5604135141494837
0.29747153113144703
0.41599665334212405
0.5419188862811962
0.5377135051106523
0.5532614119783434
0.709763397307716
0.626483152230488
0.6394104871712067
0.7491418881392383
0.7483397304230648
0.7489993422375799
0.6622753459932486
0.618967160739249
0.6445543468850452
0.3985157290690029
0.4615803037005905
0.702837180336882
0.7081461985686749
0.393667016990298
0.47414391017055824
0.5963345176497736
0.5067168636281465
0.37079330708031727
0.4147352384939645
0.1063890079252159
0.08709919199020437
0.05423247042805286
0.13858010598677808
0.1781623522510691
0.15768135454899068
0.22127979308386792
0.35124451944302937
0.42322750211375393
0.5079638074043332
0.4270748720988619
0.5630272446146378
0.5747870831223301
0.5270773457438892
0.360651612443657
0.2874602303215018
0.2998786338175596
0.21765200814125737
0.3070903912367893
0.2449341383486824
0.3846038366767756
0.46725126899824093
0.5552925381012179
0.509163472285722
0.1223508296237959
0.3129366362423624
0.1339010128936709
0.17529477350029476
0.12171072937743443
0.09695828913015067
0.114189820835285
0.15019515197187464
0.3245755778362957
0.38181347879693434
0.3557379123922327
0.32517100038491814
0.3645767762622026
0.36318592234349606
0.39049713749787346
0.33982272787140677
0.3510994423394069
0.21277824212526716
0.3423855186254809
0.12759170190798036
0.26791895698679924
0.12309620240823124
0.2515587707336773
0.16369541653191325
0.049674231011371944
0.20342676187609288
0.15815611211045077
0.16548579766581292
0.22131156947748953
0.2413970800432559
0.3144284655199168
0.24051109993663639
0.2854917897301581
0.2932945979437002
0.347613675663376
0.30710465975279594
0.35823008808035395
0.35260497431734644
0.37646099367862257
0.20199477602336033
0.3637807378417552
0.3252511488290109
0.32840575877386413
0.03511845130260063
0.22823081512143295
0.06935053178569366
0.04697577856898192
0.04692965460941368
0.09818795532639013
0.14416101222552216
0.12269460319221728
0.059144873912820424
0.21125574494255034
0.108653790282714
0.10570028950623596
0.1338842220908411
0.11723249749586641
0.2540272769206458
0.44214038833105634
0.3248875874015778
0.2554270513788885
0.25377346284857893
0.22273754172777827
0.24408993567445794
0.17040484335695733
0.23202074534636982
0.18622095742018377
0.24357565420695987
0.05551552869938157
0.1447940393522205
0.1509259374833266
0.16235034398634485
0.22118030816848835
0.1989240987556627
0.24665711470671
0.11926591986885118
0.16868113207449714
0.22130822563101168
0.20342190711476196
0.1681519043970188
0.10493997132560477
0.13492965645020236
0.24520695625668185
0.297698578878995
0.3974646308236864
0.14066274263718595
0.28818207875293245
0.2602704441140194
0.23616757551948467
0.029139959561422804
0.04361598485533618
0.10848176083997639
0.056997936860441724
0.08567081530013279
0.06474538063963395
0.06965260526190441
0.06223802303088339
0.08751339354528788
0.11469216724334909
0.07419329167183389
0.0853635427005038
0.05780693721426828
0.13056860865135037
0.11341462323878226
0.06222874691785371
0.2268027501053371
0.22963389134854661
0.13566833691174088
0.19501330300109015
0.30631586720027965
0.1655926105111846
0.15366061204528114
0.11030042291830171
0.0929530782525753
0.15288780311983063
0.1668239448364712
0.23224015659572214
0.22980473715580427
0.2516787081594059
0.2385053563921386
0.14515481310655987
0.10063194747140265
0.1304079422187192
0.11009286659122713
0.18016059582843671
0.15153340438791804
0.2138647838606384
0.19632677941076832
0.2788218868834535
0.2309820452208293
0.2567792676527507
0.33465110260931386
0.3203078248542266
0.328614243537538
0.3044165178444746
0.18824628291354734
0.38339266841460173
0.3601007003291116
0.37085533416246813
