0.46171875	0.5	
0.46140625	0.49958333333333316	
0.460625	0.500625	
0.4605468750000001	0.5025000000000001	
0.45984375	0.5038541666666666	
0.459765625	0.5048958333333333	
0.4579687499999999	0.5047916666666665	
0.45562500000000006	0.5041666666666667	
0.4540624999999999	0.5021875	
0.45265625	0.5004166666666666	
0.4519531249999999	0.5002083333333333	
0.4514843749999999	0.4994791666666667	
0.451015625	0.49864583333333323	
0.450859375	0.500625	
0.450078125	0.5003124999999999	
0.4501562499999999	0.5011458333333332	
0.4496093750000001	0.5022916666666666	
0.4492187500000001	0.5026041666666666	
0.44820312499999987	0.5015624999999999	
0.44718750000000007	0.5003124999999999	
0.44656250000000003	0.499375	
0.446484375	0.49958333333333327	
0.44507812500000005	0.5022916666666667	
0.44406249999999997	0.5030208333333333	
0.4440625000000001	0.5031249999999999	
0.443046875	0.5039583333333333	
0.442734375	0.5048958333333334	
0.441015625	0.5061458333333334	
0.4398437500000001	0.5059375000000002	
0.43921875000000005	0.5080208333333334	
0.438671875	0.5084375	
0.43796875	0.5084375	
0.43734375	0.5097916666666666	
0.4368750000000001	0.5108333333333335	
0.436875	0.511875	
0.43734375	0.5130208333333333	
0.436875	0.514375	
0.4368750000000001	0.5141666666666667	
0.436171875	0.5160416666666666	
0.4359375	0.5171874999999999	
0.43562500000000004	0.5188541666666666	
0.43546874999999996	0.5208333333333335	
0.434375	0.5225	
0.43414062499999995	0.5225000000000001	
0.433984375	0.5232291666666666	
0.43375	0.5241666666666667	
0.43304687499999994	0.5257291666666666	
0.4328125	0.5275	
0.43304687500000005	0.5279166666666666	
0.43374999999999997	0.5285416666666667	
0.434453125	0.528125	
0.43531249999999994	0.5294791666666667	
0.435859375	0.53	
0.436328125	0.5306249999999999	
0.43695312500000005	0.5327083333333332	
0.43703125	0.5330208333333333	
0.43796875	0.5340624999999999	
0.438359375	0.5342708333333334	
0.4390625	0.5344791666666666	
0.43984375	0.534375	
0.4410156250000001	0.5354166666666667	
0.44062499999999993	0.5361458333333333	
0.44125000000000003	0.5360416666666665	
0.4414843750000001	0.5374999999999999	
0.4421874999999999	0.5396875000000001	
0.44210937499999997	0.5393749999999999	
0.44195312499999995	0.5405208333333333	
0.44156249999999997	0.5408333333333333	
0.44242187499999996	0.5391666666666666	
0.44312500000000005	0.5371875	
0.44328125000000007	0.5365625	
0.4426562499999999	0.5355208333333332	
0.44359375000000006	0.5361458333333333	
0.443828125	0.5353125	
0.44507812500000005	0.5359375	
0.44554687500000006	0.5376041666666667	
0.44476562499999994	0.5388541666666667	
0.44507812500000005	0.5384374999999999	
0.44546874999999997	0.5373958333333333	
0.44554687499999995	0.5361458333333333	
0.44554687500000006	0.5360416666666665	
0.44507812500000005	0.5345833333333333	
0.44515625000000003	0.5345833333333332	
0.4453125	0.5333333333333333	
0.4463281250000001	0.5332291666666666	
0.446953125	0.5347916666666666	
0.44734375000000004	0.5358333333333333	
0.44734375000000004	0.5370833333333332	
0.447265625	0.5363541666666667	
0.44656250000000003	0.5349999999999999	
0.44609375	0.53375	
0.44562500000000005	0.5334375	
0.44414062500000007	0.533125	
0.44375	0.5329166666666667	
0.44343750000000004	0.5327083333333332	
0.443359375	0.5333333333333333	
0.44390625000000006	0.5340624999999999	
0.44343750000000004	0.5332291666666666	
0.443671875	0.5320833333333332	
0.443515625	0.5316666666666666	
0.44210937499999997	0.5315625	
0.4404687500000001	0.5308333333333333	
0.43859375	0.5311458333333333	
0.4375	0.5314583333333334	
0.437109375	0.5314583333333334	
0.43624999999999997	0.5318750000000001	
0.43671875	0.5321874999999999	
0.436328125	0.5317708333333334	
0.43609375000000006	0.5313541666666667	
0.4342968750000001	0.5315624999999999	
0.4323437500000001	0.5314583333333334	
0.43	0.5319791666666667	
0.42828124999999995	0.5314583333333333	
0.42585937500000004	0.5333333333333333	
0.423515625	0.5359375	
0.420234375	0.5372916666666667	
0.4187499999999999	0.5375	
0.416796875	0.5385416666666666	
0.41421875	0.5396875000000001	
0.41351562499999994	0.5392708333333334	
0.4103125	0.5396875	
0.40859375	0.5410416666666666	
0.40554687500000003	0.5426041666666667	
0.403125	0.5453124999999999	
0.40218750000000003	0.5461458333333333	
0.399765625	0.5489583333333332	
0.39671875	0.5484375	
0.39578125	0.5491666666666666	
0.39249999999999996	0.5488541666666666	
0.389921875	0.5492708333333333	
0.38656250000000003	0.5497916666666667	
0.384609375	0.5511458333333333	
0.38164062499999996	0.5520833333333333	
0.38046875	0.5527083333333334	
0.37882812499999996	0.5533333333333333	
0.37843750000000004	0.5536458333333334	
0.376953125	0.5563541666666667	
0.375546875	0.5572916666666667	
0.37375	0.5583333333333333	
0.37250000000000005	0.559375	
0.36992187499999996	0.5607291666666667	
0.367578125	0.5611458333333333	
0.366484375	0.5612499999999999	
0.36445312500000004	0.5615625000000001	
0.36210937499999996	0.5621875000000001	
0.361171875	0.5616666666666666	
0.36054687500000004	0.5608333333333333	
0.359765625	0.5608333333333334	
0.360546875	0.5619791666666667	
0.36109375000000005	0.564375	
0.36421875	0.5693750000000001	
0.36500000000000005	0.5710416666666667	
0.36609375	0.5735416666666667	
0.3665625	0.5737500000000001	
0.367421875	0.5747916666666668	
0.368671875	0.5761458333333331	
0.36921875	0.5769791666666666	
0.37156249999999996	0.57625	
0.37484375000000003	0.5766666666666665	
0.378671875	0.5773958333333333	
0.38109375	0.5780208333333334	
0.384140625	0.5800000000000001	
0.385390625	0.5808333333333333	
0.38859375	0.5804166666666667	
0.39070312500000004	0.5820833333333334	
0.39210937500000004	0.5858333333333332	
0.39359375	0.5870833333333333	
0.39429687500000005	0.5876041666666667	
0.39609374999999997	0.5879166666666665	
0.396796875	0.59	
0.39820312500000005	0.5908333333333333	
0.399296875	0.5910416666666667	
0.399453125	0.5914583333333333	
0.39953125	0.5921875	
0.399296875	0.5940624999999999	
0.39945312499999996	0.5963541666666667	
0.3984375	0.5984375	
0.39828125000000003	0.6017708333333334	
0.39742187500000004	0.6043750000000001	
0.3960156250000001	0.6064583333333333	
0.3945195252544364	0.6082315151405079	
0.39375000000000004	0.6097916666666666	
0.391875	0.6108333333333332	
0.391171875	0.6113541666666666	
0.39	0.6132291666666666	
0.3893749999999999	0.6134375	
0.38796875	0.6133333333333334	
0.38828125	0.6131249999999999	
0.38742187499999997	0.6130208333333333	
0.38687499999999997	0.6139583333333333	
0.38484375	0.6134375000000001	
0.38296875	0.6117708333333334	
0.37921874999999994	0.6120833333333333	
0.37820312500000003	0.6123958333333331	
0.3762500000000001	0.6127083333333333	
0.37578125	0.6134375	
0.37484375000000003	0.6131249999999999	
0.37484375000000003	0.6129166666666667	
0.374609375	0.6101041666666667	
0.37507812500000004	0.6083333333333333	
0.37484375000000003	0.6066666666666667	
0.37484375	0.6040625000000001	
0.37421875000000004	0.6011458333333332	
0.37374999999999997	0.6002083333333332	
0.374453125	0.5984375	
0.3745312500000001	0.5979166666666667	
0.37421875	0.5983333333333334	
0.37429687500000003	0.5988541666666667	
0.37445312500000005	0.5977083333333333	
0.374609375	0.5976041666666667	
0.3750000000000001	0.5969791666666666	
0.37515625	0.5955208333333333	
0.37554687499999995	0.593125	
0.3768580416698373	0.5912669947474407	
0.37812500000000004	0.5889583333333333	
0.38078124999999996	0.5872916666666667	
0.381953125	0.586875	
0.38453125	0.5865625000000001	
0.387109375	0.588125	
0.389921875	0.5907291666666666	
0.3903125	0.5933333333333334	
0.38984375000000004	0.5961458333333333	
0.38953125	0.5969791666666666	
0.389140625	0.5992708333333334	
0.38945312500000007	0.6007291666666668	
0.39039062500000005	0.6013541666666665	
0.39234375	0.6027083333333333	
0.393359375	0.6030208333333333	
0.3938281249999999	0.6034374999999998	
0.394375	0.6033333333333333	
0.3952343750000001	0.6053125	
0.39515625	0.6075	
0.39406250000000004	0.6101041666666667	
0.39437500000000003	0.6117708333333333	
0.3940624999999999	0.6130208333333332	
0.39375	0.6138541666666667	
0.39343749999999994	0.6134375000000001	
0.39328125	0.6129166666666667	
0.393359375	0.6123958333333334	
0.39320312499999993	0.6117708333333333	
0.394140625	0.6126041666666667	
0.394296875	0.6126041666666666	
0.39460937500000004	0.6133333333333333	
0.393125	0.6135416666666667	
0.39265625	0.6139583333333334	
0.390703125	0.6137499999999999	
0.38828125	0.6104166666666666	
0.385234375	0.6088541666666666	
0.38390625	0.6067708333333333	
0.380390625	0.6038541666666666	
0.37929687500000003	0.6026041666666665	
0.37789062500000004	0.6016666666666667	
0.37687499999999996	0.6008333333333333	
0.37546875	0.6001041666666667	
0.37328125	0.6011458333333333	
0.37140625	0.6014583333333333	
0.36984375	0.6009374999999999	
0.367421875	0.5998958333333333	
0.36624999999999996	0.5998958333333333	
0.36375	0.5973958333333333	
0.36171875000000003	0.5967708333333333	
0.35968750000000005	0.5958333333333333	
0.359296875	0.5961458333333333	
0.35773437500000005	0.5972916666666666	
0.3575817903941972	0.5978062135371907	
0.356796875	0.5998958333333334	
0.35625000000000007	0.6001041666666668	
0.35515624999999995	0.6011458333333334	
0.35328125	0.6024999999999999	
0.35140625000000003	0.6042708333333333	
0.35039062500000007	0.6054166666666667	
0.34734375	0.6067708333333333	
0.345859375	0.608125	
0.34296874999999993	0.6083333333333334	
0.34	0.6087499999999999	
0.3375	0.61	
0.3375	0.610625	
0.335859375	0.6103125	
0.335703125	0.6104166666666666	
0.33421874999999995	0.6097916666666666	
0.33390624999999996	0.61	
0.3321875	0.6114583333333332	
0.3321875	0.6118750000000001	
0.330859375	0.6122916666666667	
0.3296875	0.6130208333333333	
0.32890625	0.6129166666666667	
0.328203125	0.6129166666666667	
0.327890625	0.6119791666666665	
0.32671874999999995	0.6107291666666665	
0.3264727737310984	0.6099277071038546	
0.3265625	0.6096874999999999	
0.327265625	0.6091666666666666	
0.3275936856883129	0.6091215831608057	
0.3275	0.6085416666666666	
0.328359375	0.6084375	
0.32859375	0.6089583333333334	
0.328984375	0.6084375	
0.32984375000000005	0.6089583333333333	
0.32960937500000004	0.6088541666666666	
0.32875	0.609375	
0.328515625	0.6091666666666666	
0.32882812499999997	0.609375	
0.329140625	0.6110416666666666	
0.3296875	0.6115625	
0.330546875	0.6133333333333333	
0.3310937500000001	0.6139583333333333	
0.33187500000000003	0.6141666666666665	
0.3325	0.6145833333333334	
0.3334375	0.61625	
0.33429687500000005	0.6177083333333333	
0.33499999999999996	0.6191666666666666	
0.33617187499999995	0.6192708333333333	
0.33640625	0.6195833333333333	
0.33765624999999994	0.6212500000000001	
0.337265625	0.6211458333333334	
0.33820312500000005	0.6228125	
0.33914062500000003	0.6240625	
0.34031249999999996	0.6245833333333332	
0.3409130132212409	0.6285858477106847	
0.34197139509443636	0.6286305349471494	
0.3440625	0.6297916666666665	
0.34421875	0.6311458333333333	
0.34562499999999996	0.6325000000000001	
0.34625	0.6341666666666665	
0.346640625	0.6353125	
0.346171875	0.6369791666666667	
0.345625	0.6381249999999999	
0.345078125	0.6394791666666666	
0.344921875	0.6409374999999999	
0.34593749999999995	0.6436458333333333	
0.34781249999999997	0.6459375	
0.34875	0.6489583333333333	
0.34953124999999996	0.6502083333333333	
0.3508593749999999	0.6521874999999999	
0.35125000000000006	0.6530208333333333	
0.35249532862272354	0.6552129022890463	
0.35539062499999996	0.6586458333333334	
0.35687499999999994	0.6620833333333334	
0.35781250000000003	0.6636458333333334	
0.36015625	0.66875	
0.36125	0.6711458333333333	
0.364375	0.6755208333333332	
0.36712904247961825	0.68007907754662	
0.36968750000000006	0.6824999999999999	
0.3709375	0.6826041666666667	
0.373203125	0.6835416666666666	
0.37546875	0.6846875	
0.3777656387596558	0.6855735836700309	
0.3788880207406703	0.6861900201154312	
0.38170069239319193	0.6878342844499955	
0.38550735066419894	0.6895132937099251	
0.3888170060345734	0.6916959200153704	
0.3908766613007922	0.6935660480167651	
0.3937956915587497	0.695540342819342	
0.39429687500000005	0.6921875	
0.39536236459682966	0.689659839667694	
0.39921875000000007	0.6922916666666665	
0.40265625000000005	0.6920833333333334	
0.4046875	0.6922916666666666	
0.408203125	0.6917708333333333	
0.41070312500000006	0.6914583333333333	
0.41585937500000003	0.6916666666666665	
0.4220085537699621	0.693517331509057	
0.42855175004350954	0.6964507130460553	
0.4347045903954373	0.6990665884504192	
0.4404668270894721	0.7007445667904836	
0.44661969047626837	0.7038808469704969	
0.453319428997327	0.7050379579859278	
0.45642541752903476	0.704632568803235	
0.4620314060615872	0.7053730129381612	
0.4677936445942065	0.7048634570718411	
0.4708215081268312	0.7026872345387553	
0.4741618716594564	0.7011360120056618	
0.4781250000000001	0.6984374999999999	
0.48117187499999997	0.6973958333333332	
0.48687500000000006	0.694375	
0.490234375	0.6930208333333333	
0.49585937499999994	0.6895833333333334	
0.501208717474776	0.687474230349262	
0.5032870948979139	0.684581777064613	
0.5060694130776681	0.6821016928404295	
0.5108049209596289	0.676079601082463	
0.513196683973483	0.6728699822884242	
0.5172290723943759	0.6660145280166704	
0.5211052108475533	0.6598882402415003	
0.5228719743032915	0.6561577857861735	
0.5256543627592327	0.6497189979964435	
0.52742112621519	0.6459885435399616	
0.5284066396711488	0.6412164224168063	
0.5311890281271074	0.6327984679603174	
0.5324870415830663	0.6271930135038284	
0.534488180039025	0.6187750590473393	
0.5353955684949837	0.6108779379241837	
0.5359123319509426	0.6062099834676945	
0.5359482068528351	0.6016624506510357	
0.5363811549752981	0.5932271815151717	
0.5363215563447107	0.5889125436843734	
0.5354793857747776	0.581079832308405	
0.5356055242307363	0.5722452111852493	
0.536122287686695	0.5665355900620936	
0.5367953011426538	0.5616593022722712	
0.5383276895986127	0.5539705144824489	
0.5388444530545714	0.5486775600259598	
0.5405330915105302	0.5411971055694708	
0.5402686049664889	0.5375708177796483	
0.5396916184224476	0.526757029989826	
0.5389583818784064	0.523026575533337	
0.5372095203343651	0.5151294544101812	
0.5368669087903238	0.5109823332870255	
0.5364461722462825	0.5066268788305364	
0.5351660607022414	0.4987297577073808	
0.5347453241582001	0.4932284699175583	
0.5336995876141588	0.48376884879440263	
0.5337476010701176	0.47774672767124693	
0.5315596278935211	0.4686551088655532	
0.5129163883350317	0.49597908364225	
0.5116406250000001	0.48875	
0.51	0.4854166666666667	
0.5064843750000001	0.4814583333333333	
0.5040625000000001	0.47927083333333326	
0.501328125	0.47520833333333334	
0.498359375	0.4739583333333333	
0.497734375	0.47197916666666667	
0.493984375	0.4686458333333333	
0.4921875000000001	0.4663541666666666	
0.48859375000000005	0.46291666666666664	
0.48609374999999994	0.4610416666666667	
0.48296875000000006	0.45906249999999993	
0.4814062499999999	0.45854166666666674	
0.47843750000000007	0.45833333333333337	
0.47523437500000004	0.45822916666666663	
0.47406249999999994	0.458125	
0.470390625	0.4579166666666666	
0.46890625	0.4567708333333333	
0.46624999999999994	0.45635416666666667	
0.465234375	0.45614583333333325	
0.4625	0.4554166666666667	
0.46171875	0.45572916666666663	
0.460078125	0.4569791666666667	
0.45906250000000004	0.4585416666666666	
0.4578906250000001	0.45958333333333334	
0.45773437499999997	0.4620833333333333	
0.45734375	0.46333333333333326	
0.4560937500000001	0.4652083333333333	
0.45531249999999995	0.46635416666666674	
0.45484375000000005	0.46677083333333336	
0.45328124999999997	0.46781249999999996	
0.4531250000000001	0.4688541666666667	
0.45203125	0.4708333333333334	
0.451328125	0.4719791666666667	
0.45054687499999996	0.47406249999999994	
0.450390625	0.47572916666666665	
0.4504687499999999	0.47625	
0.450546875	0.4781249999999999	
0.450859375	0.4789583333333334	
0.449609375	0.4817708333333333	
0.44862156171658024	0.48273400495288127	
0.4482812500000001	0.4835416666666667	
0.44750000000000006	0.48635416666666675	
0.44734375000000004	0.4882291666666667	
0.44625000000000004	0.4914583333333334	
0.44593750000000004	0.4945833333333334	
0.44578125	0.49541666666666656	
0.44585937499999995	0.4965624999999999	
0.44536718386531976	0.4995854265781765	
0.44460937500000003	0.5007291666666667	
0.44390624999999995	0.5037499999999999	
0.4440625000000001	0.5064583333333333	
0.44375	0.5073958333333333	
0.443671875	0.50875	
0.44359375000000006	0.5110416666666666	
0.44289062499999987	0.5131249999999999	
0.4425	0.5134375	
0.44000000000000006	0.5166666666666666	
0.4384374999999999	0.5184375	
0.43482487448281104	0.5220197308527064	
0.43461849386780604	0.5234094608394548	
0.43265624999999996	0.5255208333333334	
0.43093750000000003	0.5270833333333333	
0.42914062500000005	0.5280208333333333	
0.42630602349313207	0.5291806089097587	
0.42164062500000005	0.5301041666666666	
0.419921875	0.5308333333333334	
0.41804687500000004	0.5309375000000001	
0.41421875	0.5325	
0.411640625	0.533125	
0.407421875	0.5348958333333333	
0.403125	0.5375	
0.401171875	0.5379166666666667	
0.3990035178777385	0.537302388962818	
0.39509063536951017	0.53878429585492	
0.39329128000113733	0.5401547933463717	
0.3913360039621341	0.5405872163761968	
0.3882088790440799	0.5412279271755996	
0.38552381525541146	0.5405323352787049	
0.38471271296318166	0.5404936854153624	
0.3818702783014424	0.5402409736802195	
0.380512212106518	0.5411336409160747	
0.37946664539341	0.5410887721139191	
0.3757742678435789	0.5399680020920103	
0.374131520175805	0.5392545422994977	
0.37155127250803127	0.5381244158403181	
0.36764289984025755	0.5361609560478053	
0.36639077717248375	0.5354474962552926	
0.3643574045047099	0.5325465364627797	
0.3632615318369362	0.5323539100036003	
0.3620875341691624	0.5310154502110874	
0.3610011550233123	0.5296470031692964	
0.3598348926066851	0.5290392631566669	
0.35866849073179613	0.5286423581194287	
0.35797082779569467	0.5286623181680412	
0.3551237958302934	0.5264064845818568	
0.3535591731625197	0.5266305247893438	
0.358984375	0.5347916666666667	
0.358046875	0.5348958333333333	
0.35625000000000007	0.5348958333333333	
0.356328125	0.5355208333333333	
0.35578125000000005	0.5359375	
0.357265625	0.5373958333333333	
0.35875	0.5394791666666666	
0.35890625000000004	0.5403125	
0.36	0.5427083333333333	
0.36044914343666246	0.5443465746400087	
0.3614365435359148	0.5451288434767493	
0.3618763850667607	0.545284316677302	
0.36052689902712165	0.547296370143866	
0.36051154490188814	0.5495314591787925	
0.3601840573611685	0.5519700210005227	
0.3604034738963112	0.5544081973051992	
0.36148437499999997	0.5572916666666667	
0.36325238905004426	0.5612277091870861	
0.36546875	0.5634375	
0.36703125000000003	0.5651041666666666	
0.368203125	0.5675	
0.3709375	0.5728125	
0.374140625	0.5823958333333333	
0.3757280736957932	0.5868048356119349	
0.37791468625397073	0.595310286108797	
0.3786825766284257	0.6040260500147798	
0.3805198644367821	0.6110935099089894	
0.38070312500000003	0.6133333333333333	
0.38312500000000005	0.6202083333333334	
0.3876872665730674	0.627045542839193	
0.39125000000000004	0.6338541666666666	
0.39515625	0.639375	
0.39671874999999995	0.6428125	
0.40015625000000005	0.6483333333333332	
0.40304687499999997	0.6538541666666667	
0.405390625	0.6561458333333332	
0.40874999999999995	0.661875	
0.41281249999999997	0.6666666666666666	
0.4170312500000001	0.6713541666666666	
0.42117187500000003	0.6758333333333332	
0.42265625000000007	0.6780208333333333	
0.4267187499999999	0.6811458333333333	
0.43046875	0.6840624999999999	
0.43359375	0.6859374999999999	
0.43703125	0.6865624999999999	
0.44140625	0.688125	
0.44468749999999996	0.6903124999999999	
0.44781250000000006	0.6933333333333334	
0.44867187499999994	0.6944791666666668	
0.45109374999999996	0.69625	
0.45217198124177554	0.6970967179293035	
0.45382812499999997	0.6962499999999998	
0.45421875	0.6966666666666665	
0.45648437500000005	0.6968750000000001	
0.458125	0.6957291666666666	
0.459375	0.6940624999999999	
0.46070312500000005	0.6936458333333333	
0.46085937500000007	0.6912499999999999	
0.46125000000000005	0.69	
0.46171875	0.6875	
0.4615625	0.6835416666666666	
0.46101562499999993	0.6805208333333332	
0.4607513985892887	0.6760120613314597	
0.4609375	0.6721874999999999	
0.46281249999999996	0.6640624999999999	
0.4625000000000001	0.6598958333333333	
0.46296875000000004	0.6544791666666667	
0.46273437500000003	0.6504166666666666	
0.46265624999999994	0.6477083333333333	
0.46164062499999997	0.6426041666666666	
0.4609375000000001	0.63625	
0.459765625	0.6301041666666667	
0.458515625	0.6239583333333333	
0.4582812500000001	0.6209374999999999	
0.45625	0.6179166666666667	
0.45648437499999994	0.6157291666666665	
0.45531249999999995	0.61375	
0.454453125	0.6108333333333333	
0.4541947893825835	0.6089678459313795	
0.4537717018304133	0.6043853825217486	
0.453125	0.5994791666666667	
0.45257812499999994	0.5969791666666666	
0.45320312500000004	0.591875	
0.45289062500000005	0.589375	
0.45210937500000004	0.5879166666666666	
0.45203125	0.5876041666666667	
0.45242187500000003	0.5873958333333333	
0.45264112433708464	0.5870554375688616	
0.4528125	0.5862499999999999	
0.4532974254354996	0.5832685900380966	
0.45390625000000007	0.5816666666666667	
0.45429687499999993	0.5785416666666666	
0.45483833476649754	0.5763547489056265	
0.4554455678458861	0.5742436243546037	
0.4564424462440814	0.570984416013155	
0.45689237193829746	0.5681416958420696	
0.4566391664693775	0.5665489615134468	
0.45654221051162497	0.5639145593952442	
0.4570702545151003	0.5624259905213103	
0.4576764235155005	0.5617707549736454	
0.4589857175156567	0.5629905194254203	
0.4605293865157935	0.5621269505438173	
0.46129180551592885	0.563763381662211	
0.46228859951606405	0.5644623127806044	
0.46312914351619927	0.5644320772323311	
0.46451656251633455	0.5641935083507243	
0.4661383565164698	0.563538272802451	
0.4686976505166049	0.562778870587511	
0.4708663195167401	0.5634778017059043	
0.47423853838945745	0.5629732653327488	
0.47598490751701056	0.5633131639426909	
0.4784936999964044	0.5634291549087548	
0.46929687499999995	0.556875	
0.47078124999999993	0.5570833333333333	
0.471015625	0.5572916666666667	
0.471875	0.5566666666666666	
0.4729146835671633	0.5575830597993194	
0.4733283662931707	0.5576082612095596	
0.4747699876958288	0.5578537309601981	
0.4766813357648584	0.5593501473428112	
0.4786708862987451	0.560221638808086	
0.47870731797680166	0.5595306362285851	
0.48054062514218643	0.5620688007880933	
0.4814117471374345	0.5637689530100072	
0.48323267741090714	0.5659488541974426	
0.48513270892257215	0.5662587587938257	
0.48857697896804	0.5650339591853862	
0.49166028617540736	0.5648637904522523	
0.49458734338277477	0.5638602883857853	
0.499733523099186	0.5697921021041431	
0.504324919266598	0.571556034224109	
0.5044531250000001	0.5690624999999999	
0.5071352611233915	0.5698861396879784	
0.51046875	0.5706249999999999	
0.5144571945328514	0.5701328505604906	
0.5167187500000001	0.5703125	
0.5205468750000001	0.5687499999999999	
0.5235988231032297	0.5678082157966866	
0.5247656249999999	0.5676041666666667	
0.52953125	0.5667708333333334	
0.5315624999999999	0.5671875	
0.534140625	0.5679166666666667	
0.5378125	0.5691666666666666	
0.5405468750000001	0.5692708333333333	
0.5446093750000001	0.5703125	
0.549296875	0.5715624999999999	
0.5543750000000001	0.5723958333333333	
0.559765625	0.5714583333333334	
0.5612499999999999	0.5709375	
0.56453125	0.5709375	
0.568984375	0.5708333333333333	
0.57015625	0.5696875	
0.5747656250000001	0.5695833333333333	
0.579609375	0.5696874999999999	
0.5838281250000001	0.5697916666666668	
0.588359375	0.5706249999999999	
0.589765625	0.5702083333333333	
0.5934375000000001	0.5692708333333334	
0.5967968750000001	0.5683333333333332	
0.5991859378308169	0.5674289613537382	
0.60296875	0.568125	
0.6072839483582102	0.568754363575387	
0.609765625	0.5671875	
0.61109375	0.5662499999999999	
0.613671875	0.5666666666666667	
0.616171875	0.5671875	
0.6173437500000001	0.5666666666666667	
0.621328125	0.5651041666666666	
0.622890625	0.56375	
0.626171875	0.5618749999999999	
0.62796875	0.5603125	
0.630625	0.5591666666666667	
0.632109375	0.5569791666666666	
0.633515625	0.555625	
0.635078125	0.5545833333333333	
0.637890625	0.5530208333333333	
0.6405468750000001	0.550625	
0.6412500000000001	0.5487500000000002	
0.644140625	0.5453125000000001	
0.6450781250000001	0.5433333333333333	
0.646796875	0.5401041666666667	
0.6473437500000001	0.5373958333333333	
0.6496119930596349	0.5362876402388154	
0.6526499907118414	0.5354785431830478	
0.6541377853252389	0.5331816466422612	
0.6551961069844723	0.5301892672673151	
0.65546875	0.5266666666666666	
0.656953125	0.5219791666666665	
0.6573437500000001	0.5166666666666666	
0.6575	0.5110416666666666	
0.6578906250000001	0.5088541666666667	
0.6578125	0.5046875	
0.6587500000000001	0.50125	
0.659140625	0.5002083333333334	
0.6595653364101395	0.49616010884202294	
0.6597200447964394	0.4934247601578582	
0.6585438023254623	0.48996523183796536	
0.6572656250000002	0.4813541666666666	
0.6557812500000001	0.47458333333333325	
0.65546875	0.4711458333333334	
0.654296875	0.4645833333333334	
0.6537500000000002	0.4583333333333332	
0.653046875	0.4534375	
0.651640625	0.4496875	
0.650703125	0.44718749999999996	
0.649453125	0.4429166666666668	
0.6487499999999999	0.4414583333333334	
0.647109375	0.4372916666666667	
0.6460990049938651	0.4328409051259084	
0.6449854550207377	0.42781585358717356	
0.642543885557645	0.4233503545011059	
0.6411826076347376	0.4203857452557374	
0.6384375	0.4194791666666666	
0.63640625	0.4161458333333333	
0.63359375	0.41375	
0.630859375	0.4116666666666666	
0.626875	0.40843750000000006	
0.6246093749999999	0.4067708333333334	
0.6206250000000001	0.4038541666666666	
0.6192187499999999	0.4022916666666666	
0.6146874999999999	0.3995833333333333	
0.61125	0.3960416666666666	
0.6076919317202216	0.39157316812236986	
0.6052343750000001	0.3875	
0.6040270814147277	0.38581994162361666	
0.599140625	0.3838541666666667	
0.5946093749999999	0.3813541666666666	
0.590546875	0.37916666666666654	
0.5890625	0.379375	
0.585859375	0.37822916666666667	
0.5823437499999999	0.3765625	
0.5789843749999999	0.374375	
0.574609375	0.37447916666666664	
0.57296875	0.3740625000000001	
0.5686718749999999	0.37354166666666666	
0.5639843750000001	0.3739583333333333	
0.5604659995193845	0.3754424775738823	
0.5567919256684208	0.37690825303306624	
0.5538210205702816	0.3766017382284196	
0.549609375	0.37645833333333334	
0.546171875	0.3752083333333333	
0.543671875	0.3747916666666667	
0.5396875	0.3739583333333333	
0.5354687499999999	0.37552083333333325	
0.5323437500000001	0.37645833333333323	
0.5299218750000001	0.37875	
0.52765625	0.38062499999999994	
0.52625	0.38083333333333336	
0.5228911414085377	0.38241776970157376	
0.5200731573507001	0.3834774003087649	
0.5174109473624082	0.384120049173892	
0.5135937500000001	0.38625	
0.5118750000000001	0.38843750000000005	
0.5069531250000001	0.3917708333333333	
0.503515625	0.39666666666666667	
0.499609375	0.4000000000000001	
0.4984375	0.4022916666666666	
0.4934374999999999	0.40802083333333333	
0.4925	0.40927083333333325	
0.4893749999999999	0.41218750000000004	
0.48640625000000004	0.4148958333333333	
0.48421875	0.41583333333333333	
0.48140625000000004	0.41968749999999994	
0.4775781250000001	0.42437499999999995	
0.47554687500000004	0.4287500000000001	
0.47390625000000003	0.4336458333333333	
0.473515625	0.4354166666666667	
0.47296875	0.4385416666666666	
0.47203125	0.4413541666666666	
0.47093750000000006	0.4425	
0.46789062500000006	0.44499999999999995	
0.46671874999999996	0.4489583333333333	
0.4663281250000001	0.45	
0.4672656249999999	0.45281249999999995	
0.46828125	0.4543749999999999	
0.46898437499999995	0.45562499999999995	
0.469609375	0.4564583333333333	
0.471328125	0.45437500000000003	
0.47195312500000003	0.4534375	
0.47234375	0.45166666666666666	
0.47296875000000005	0.44906250000000003	
0.47320312500000006	0.44854166666666667	
0.4732134215068796	0.44622836554263506	
0.4720417283238157	0.4467301931583119	
0.4712598578882803	0.446398895940663	
0.47062499999999996	0.4461458333333333	
0.47140624999999997	0.4452083333333333	
0.47154656377958853	0.4445867306453944	
0.47133022537476954	0.44392940807450465	
0.4721067475510615	0.4424504780268338	
0.47238611144444204	0.4406518654919476	
0.47313421743233625	0.43947823862757696	
0.4723198227932023	0.43903377729332166	
0.4705679281043351	0.4384851492022535	
0.46951915841152336	0.43908235443736865	
0.46870476371839864	0.4391587263385833	
0.4673434940252492	0.43923509823975315	
0.46660722433209784	0.44035313680758603	
0.458515625	0.4484375	
0.45460937499999987	0.4508333333333333	
0.451171875	0.45354166666666673	
0.4492968750000001	0.45510416666666664	
0.446640625	0.4601041666666667	
0.4440559287484759	0.46531358839294346	
0.44289062499999987	0.4663541666666666	
0.4409375	0.47125000000000006	
0.438359375	0.47593749999999996	
0.4368750000000001	0.47854166666666675	
0.4351562499999999	0.48302083333333334	
0.434765625	0.48687499999999995	
0.4352343750000001	0.4885416666666667	
0.43624999999999997	0.4911458333333334	
0.436171875	0.4951041666666667	
0.435703125	0.4998958333333333	
0.436015625	0.50375	
0.4371093749999999	0.5053125	
0.43968749999999995	0.5091666666666667	
0.4421875	0.5123958333333334	
0.44343750000000004	0.5137499999999999	
0.44675939923083047	0.515912939388824	
0.449609375	0.5182291666666666	
0.4516406249999999	0.5185416666666667	
0.45421875	0.5214583333333334	
0.4574218750000001	0.5242708333333332	
0.45906250000000004	0.5259375	
0.4619531250000001	0.5284375	
0.4659375	0.5296875	
0.469921875	0.5297916666666667	
0.473515625	0.5288541666666666	
0.474765625	0.5292708333333334	
0.478359375	0.5303125	
0.4821093750000001	0.5336458333333333	
0.4835937500000001	0.5360416666666665	
0.48664062500000005	0.5388541666666666	
0.4884375	0.5420833333333334	
0.489453125	0.5440625000000001	
0.49046875000000006	0.5466666666666666	
0.49328125000000006	0.5458333333333332	
0.493908094315735	0.5456121237120368	
0.49749999999999994	0.5427083333333333	
0.49937499999999996	0.5395833333333332	
0.5005468750000001	0.536875	
0.502734375	0.534375	
0.5037499999999999	0.5338541666666665	
0.504921875	0.5332291666666665	
0.505546875	0.5329166666666667	
0.504921875	0.5327083333333333	
0.5042187499999999	0.5316666666666666	
0.50375	0.5291666666666666	
0.5032031250000001	0.5271874999999999	
0.5034375	0.5237499999999999	
0.502578125	0.5189583333333333	
0.5028124999999999	0.5154166666666666	
0.503515625	0.5132291666666666	
0.50453125	0.5119791666666667	
0.5046875	0.5111458333333332	
0.505859375	0.51	
0.507109375	0.5079166666666668	
0.507734375	0.5066666666666667	
0.5095312500000001	0.5029166666666666	
0.510859375	0.5002083333333334	
0.5115660962808473	0.49649848648350614	
0.5100436696076454	0.49453206319684445	
0.51	0.495	
0.5094531250000001	0.49489583333333326	
0.508984375	0.49520833333333336	
0.50828125	0.4955208333333334	
0.50828125	0.49520833333333336	
0.508671875	0.49489583333333337	
0.5086306704093506	0.4948925610385449	
0.5098766231930716	0.493206207398481	
0.5098373572563395	0.4914207678104795	
0.5103434068332933	0.4911849596415018	
0.5112800590716559	0.4893930259405107	
0.515625	0.4882291666666667	
0.5175030953275094	0.48555871906560355	
0.5196274535732441	0.4828807958159179	
0.5213025943044924	0.4808272796308466	
0.5189843749999999	0.47874999999999995	
0.5194531250000001	0.4753125000000001	
0.5195312500000001	0.47406249999999994	
0.5193653472029517	0.47376553063600346	
0.51875	0.47562499999999985	
0.51859375	0.4761458333333334	
0.5171875	0.4770833333333334	
0.5175781250000001	0.47750000000000004	
0.5171389440650891	0.4784468152999987	
0.5157812500000001	0.47916666666666663	
0.5148437499999999	0.4810416666666667	
0.513828125	0.48250000000000004	
0.5132812499999999	0.4846875	
0.512734375	0.4846875	
0.51046875	0.4848958333333333	
0.5091406250000001	0.48614583333333333	
0.5075000000000001	0.4860416666666666	
0.50453125	0.4892708333333333	
0.503828125	0.49104166666666665	
0.501953125	0.49479166666666663	
0.500078125	0.4994791666666667	
0.49859375000000006	0.5044791666666667	
0.4971093750000001	0.5083333333333333	
0.4965625	0.5117708333333333	
0.49609375	0.5155208333333332	
0.495703125	0.5175	
0.49625	0.5207291666666667	
0.49695312499999994	0.5255208333333333	
0.49632812500000006	0.5271874999999999	
0.496484375	0.5311458333333332	
0.497421875	0.5339583333333333	
0.49890624999999994	0.5373958333333333	
0.50078125	0.5408333333333333	
0.5021875	0.5423958333333332	
0.5037499999999999	0.5454166666666665	
0.506875	0.5485416666666666	
0.5079687500000001	0.5497916666666666	
0.5100781249999999	0.5508333333333333	
0.512421875	0.5513541666666668	
0.514765625	0.550625	
0.516328125	0.5504166666666667	
0.518046875	0.5490625	
0.51953125	0.5473958333333332	
0.52296875	0.5449999999999999	
0.5241895659216984	0.5450729734771139	
0.526640625	0.5451041666666666	
0.528515625	0.5447916666666667	
0.5310542792763382	0.5452083748979157	
0.532109375	0.5458333333333334	
0.5338114037500783	0.546310531699686	
0.5348437500000001	0.5471874999999999	
0.5353220103295613	0.5480746984663311	
0.535	0.5488541666666666	
0.5358593749999999	0.5505208333333333	
0.537734375	0.5515625	
0.537890625	0.5525	
0.5390625	0.5542708333333332	
0.539765625	0.5542708333333333	
0.5401562500000001	0.5547916666666667	
0.5392187500000001	0.5570833333333335	
0.538046875	0.5592708333333334	
0.538359375	0.5635416666666668	
0.538046875	0.565625	
0.53796875	0.5683333333333335	
0.536875	0.5705208333333334	
0.536015625	0.5707291666666665	
0.53484375	0.5726041666666667	
0.53421875	0.573125	
0.532421875	0.57375	
0.5311718750000001	0.5754166666666667	
0.530859375	0.5757291666666666	
0.529609375	0.5747916666666667	
0.5286718749999999	0.5729166666666666	
0.527578125	0.5719791666666667	
0.5260009274507919	0.5715627979428068	
0.5248153008649716	0.5694875384623079	
0.5243328743087836	0.5683503957326014	
0.5226785787036141	0.56627580192084	
0.5217274085704532	0.5656595453223671	
0.5196043634747298	0.5641057890316349	
0.5183406933819759	0.5625520327653113	
0.5177020232894575	0.5618316098342572	
0.5169852281969576	0.5594445202366898	
0.5162684331044594	0.5565365973058014	
0.514926638011961	0.5535245077082471	
0.5124129679194629	0.5499915847773597	
0.5105242978269647	0.545625328513139	
0.5084793777344665	0.5442799055822516	
0.5069813326419685	0.5431428159846975	
0.5050926625494704	0.5395057263871436	
0.5032039924569722	0.5368061367895895	
0.501393447364474	0.5340023805253686	
0.48664062500000005	0.5351041666666667	
0.4803142439557261	0.5351207174778371	
0.48109375000000004	0.5356249999999999	
0.478203125	0.5370833333333334	
0.47640625	0.5381250000000002	
0.473046875	0.5393749999999999	
0.469140625	0.5394791666666666	
0.46796875	0.5390624999999999	
0.4652343750000001	0.5380208333333334	
0.46184396527361427	0.5382257351150618	
0.4595954949198643	0.5385107805527793	
0.4556250000000001	0.5401041666666666	
0.45214183825466037	0.5402917369425907	
0.44710937500000003	0.5419791666666666	
0.442890625	0.5440625	
0.44140625	0.5442708333333334	
0.43671874999999993	0.5459375	
0.43156249999999996	0.5465625	
0.42945312500000005	0.5468749999999999	
0.42507812500000003	0.548125	
0.420390625	0.5490625	
0.41851562500000006	0.5502083333333333	
0.4147656250000001	0.5513541666666667	
0.41125	0.5529166666666667	
0.40812499999999996	0.5552083333333333	
0.404545648329251	0.556424013258695	
0.40083302781429364	0.557816548958195	
0.398046875	0.561875	
0.39390625	0.5648958333333335	
0.3915625	0.5667708333333332	
0.388671875	0.56875	
0.38671875	0.5688541666666667	
0.38312500000000005	0.5705208333333334	
0.37890625	0.5707291666666666	
0.37484375000000003	0.571875	
0.37273437499999995	0.5734375	
0.36875	0.5757291666666666	
0.36609375	0.5776041666666666	
0.36203125	0.579375	
0.36078125	0.5808333333333333	
0.3571875	0.5817708333333333	
0.352578125	0.5817708333333333	
0.348515625	0.5810416666666668	
0.3465625	0.5807291666666667	
0.34148437499999995	0.5803124999999999	
0.33648437500000006	0.5811458333333334	
0.33414062499999997	0.5811458333333334	
0.32984375	0.58125	
0.32546875	0.58125	
0.32437499999999997	0.5816666666666666	
0.319921875	0.5817708333333333	
0.31484375	0.5827083333333334	
0.311875	0.5826041666666667	
0.3096875	0.5822916666666667	
0.305546875	0.5817708333333333	
0.30296874999999995	0.5823958333333333	
0.3	0.5846875	
0.298515625	0.5856250000000001	
0.29734374999999996	0.5851041666666668	
0.29656249999999995	0.584375	
0.2965625	0.5836458333333334	
0.29523437500000005	0.5823958333333333	
0.294453125	0.5821874999999999	
0.29390625	0.5789583333333334	
0.292421875	0.578125	
0.29078125	0.5780208333333333	
0.29015625	0.5790624999999999	
0.29089801408176136	0.5793197458372044	
0.2916387684644854	0.5799882546543185	
0.29144194276234736	0.5799271682082316	
0.292734375	0.5774999999999999	
0.293515625	0.5756249999999999	
0.29320312500000006	0.5754166666666667	
0.2934375	0.5754166666666666	
0.29539062499999996	0.5755208333333333	
0.29718750000000005	0.5753125000000001	
0.2975	0.5752083333333332	
0.3012125268877158	0.575490794544299	
0.30453125000000003	0.5741666666666666	
0.3075487927639951	0.5727826884226854	
0.3105024013463196	0.5706501344393919	
0.31170626244960875	0.5704838488057297	
0.31480056448748817	0.5687059842893339	
0.32040478301872005	0.570252938646925	
0.32234375000000004	0.5708333333333333	
0.3266406249999999	0.5704166666666667	
0.3309375	0.5703124999999999	
0.33570312500000005	0.5700000000000001	
0.3383593749999999	0.5698958333333334	
0.34281249999999996	0.5692708333333332	
0.34773437500000004	0.568125	
0.352890625	0.5685416666666665	
0.35750000000000004	0.5686458333333333	
0.360234375	0.5688541666666665	
0.36500000000000005	0.5723958333333333	
0.37015625	0.5742708333333332	
0.37554687500000006	0.576875	
0.3821875	0.5786458333333333	
0.38531250000000006	0.5786458333333334	
0.390546875	0.5791666666666665	
0.39617187499999995	0.5803125	
0.39921875	0.5811458333333333	
0.40531249999999996	0.5807291666666666	
0.412265625	0.5808333333333333	
0.41570312499999995	0.5805208333333334	
0.42179687500000007	0.5790625	
0.42874999999999996	0.5786458333333333	
0.43429687499999997	0.5778125000000001	
0.44085937500000005	0.575625	
0.4473437500000001	0.5751041666666666	
0.450859375	0.5746874999999999	
0.45765625	0.574375	
0.46546875000000004	0.5751041666666665	
0.471328125	0.5752083333333332	
0.47671875	0.5739583333333333	
0.47843749999999996	0.5732291666666666	
0.48367187500000003	0.5712499999999999	
0.48664062500000005	0.5704166666666668	
0.4921875	0.5683333333333334	
0.497578125	0.56625	
0.5039062500000001	0.5660416666666668	
0.511328125	0.5643750000000001	
0.5146875	0.5640625000000001	
0.5209375	0.5627083333333334	
0.5255468750000001	0.5615625	
0.5284375000000001	0.5598958333333333	
0.53390625	0.5584374999999999	
0.5390624999999999	0.5563541666666666	
0.5447656250000001	0.5541666666666667	
0.5470312500000001	0.5532291666666665	
0.551484375	0.5507291666666667	
0.5533593750000001	0.5493750000000001	
0.557421875	0.5475000000000001	
0.56328125	0.5446875	
0.5653125000000001	0.5438541666666665	
0.5694531250000001	0.540625	
0.5717968750000001	0.5377083333333333	
0.5733593749999999	0.5357291666666667	
0.5765625	0.5321874999999999	
0.5789062500000001	0.5283333333333333	
0.58078125	0.525625	
0.582734375	0.5243749999999999	
0.583203125	0.5234375	
0.5844531250000001	0.5211458333333333	
0.5867968750000001	0.5173958333333333	
0.587421875	0.5156249999999999	
0.588671875	0.5120833333333333	
0.589453125	0.5084375	
0.5884375000000001	0.5067708333333333	
0.58859375	0.5059375	
0.5882031249999999	0.5033333333333333	
0.587265625	0.5009374999999999	
0.58625	0.49906249999999996	
0.5858632814789815	0.4976306132353612	
0.583515625	0.4965624999999999	
0.5813281250000001	0.4958333333333333	
0.578515625	0.49447916666666664	
0.577421875	0.4942708333333333	
0.574296875	0.49531249999999993	
0.5714062500000001	0.49479166666666663	
0.569296875	0.4945833333333334	
0.5655468750000001	0.49437500000000006	
0.5616406249999999	0.49333333333333335	
0.557890625	0.49447916666666664	
0.5562380592663217	0.4939425064578956	
0.5535623211060627	0.49465884314031217	
0.5505734843173077	0.49454208418954976	
0.5487564750479879	0.4947378440921125	
0.5470175870127199	0.4935794388233708	
0.5434036986787533	0.49283770033990126	
0.5426804353210952	0.4924084618658391	
0.5397696719615583	0.4918750567258564	
0.5361557836018723	0.4914458182525995	
0.5352762702421743	0.4899749131126806	
0.5306467568824755	0.48892067463942873	
0.5285172435227766	0.48911643616617695	
0.5263096051630776	0.48993719769292515	
0.5259769668033787	0.49023712588634005	
0.514921875	0.4983333333333334	
0.5146875000000001	0.501875	
0.5150781249999999	0.5035416666666668	
0.5132538963133542	0.5059228052992115	
0.5131019770745907	0.5090358226827473	
0.5142187500000001	0.5125	
0.51359375	0.5128125	
0.5125000000000001	0.5163541666666667	
0.511953125	0.5205208333333333	
0.5108593750000001	0.5221875	
0.5103125000000001	0.5276041666666667	
0.51	0.5303125	
0.5116406250000001	0.5326041666666667	
0.5140625000000001	0.5361458333333333	
0.516328125	0.5397916666666667	
0.5174218749999999	0.54125	
0.519765625	0.5436458333333332	
0.5222656250000001	0.54625	
0.523125	0.5479166666666667	
0.52390625	0.5485416666666667	
0.524296875	0.5490625	
0.525625	0.5491666666666667	
0.5257812500000001	0.5489583333333334	
0.528125	0.5495833333333332	
0.530390625	0.5510416666666667	
0.532421875	0.5523958333333334	
0.5345312499999999	0.5555208333333334	
0.53515625	0.5577083333333334	
0.5367968750000001	0.5625	
0.5373606961678778	0.565523989978548	
0.5383947564447578	0.5686039923814271	
0.5391945598311776	0.5713759374420753	
0.5385937500000001	0.5719791666666666	
0.53859375	0.57375	
0.54	0.5741666666666666	
0.5403125	0.5768749999999999	
0.5401562500000001	0.5795833333333332	
0.5396093750000001	0.5828125	
0.538997494472554	0.5859045380859595	
0.5389729470283086	0.5885889102658317	
0.5380860370108143	0.5901281630128914	
0.5361718750000001	0.5889583333333334	
0.5338281250000001	0.5886458333333333	
0.531484375	0.5890625	
0.52984375	0.5877083333333334	
0.5292187500000001	0.5883333333333333	
0.5306866361230165	0.5890539095700945	
0.527109375	0.5887499999999999	
0.5258593749999999	0.5908333333333333	
0.5239062499999999	0.5911458333333333	
0.5217968749999999	0.5913541666666667	
0.5203125000000001	0.5914583333333333	
0.51734375	0.5913541666666666	
0.5157031249999999	0.5914583333333332	
0.5151562500000001	0.5916666666666666	
0.514921875	0.5921874999999999	
0.515625	0.5913541666666666	
0.515234375	0.5921874999999999	
0.51375	0.5936458333333334	
0.5132031250000001	0.5940624999999999	
0.5126562500000001	0.5943750000000001	
0.511171875	0.594375	
0.5119531250000001	0.5944791666666667	
0.5120312499999999	0.5940624999999999	
0.5121875	0.5941666666666666	
0.5122656250000001	0.5941666666666666	
0.51265625	0.5944791666666667	
0.5141372329075765	0.5953632886041635	
0.5141697899076085	0.5958163686120559	
0.51359375	0.5966666666666667	
0.511953125	0.5967708333333335	
0.5114062500000001	0.5967708333333334	
0.50953125	0.5970833333333333	
0.5083593750000001	0.5957291666666666	
0.5076562499999999	0.5952083333333333	
0.5065625	0.5940624999999999	
0.504921875	0.5940625	
0.50515625	0.5939583333333333	
0.5039362498643116	0.5952500613907388	
0.5032146747793087	0.5964420224008427	
0.5020267033880811	0.5989884990359626	
0.5034375	0.6012500000000001	
0.50375	0.6022916666666667	
0.504375	0.6030208333333333	
0.504375	0.6035416666666666	
0.504921875	0.6035416666666665	
0.5059375000000002	0.6033333333333333	
0.5082031250000001	0.6027083333333333	
0.5091281909768962	0.6020677257037412	
0.5096875000000001	0.6014583333333333	
0.511015625	0.5995833333333332	
0.5120312499999999	0.5982291666666666	
0.513046875	0.5969791666666667	
0.514921875	0.5941666666666666	
0.5181250000000001	0.5883333333333333	
0.520625	0.5841666666666667	
0.52234375	0.5794791666666667	
0.525	0.5748958333333333	
0.52578125	0.5729166666666667	
0.5279687500000001	0.5683333333333334	
0.5299218750000001	0.5652083333333333	
0.5323437500000001	0.5602083333333333	
0.5328125	0.5578125	
0.5342187500000001	0.5533333333333332	
0.5356454739606715	0.5485966564792718	
0.536055590555049	0.5457359778824572	
0.537715629232477	0.5413128784629924	
0.5377350367298771	0.5367856186568583	
0.537578125	0.5326041666666667	
0.5379687500000001	0.528125	
0.5378125	0.5253125000000001	
0.537734375	0.5222916666666666	
0.5364843750000001	0.5190625000000001	
0.535390625	0.5163541666666667	
0.53296875	0.5136458333333332	
0.5315625	0.5102083333333333	
0.5310937499999999	0.5092708333333333	
0.530078125	0.5069791666666668	
0.5289062499999999	0.5041666666666667	
0.5294096035427569	0.5023011248642155	
0.5266097412201087	0.49831255787523576	
0.5249543291847891	0.49384764588224683	
0.5233783188720569	0.4898021789910473	
0.5225781250000001	0.48635416666666664	
0.5209374999999999	0.4852083333333333	
0.519765625	0.4839583333333334	
0.517265625	0.48322916666666665	
0.5155468750000001	0.4807291666666666	
0.515078125	0.4796875	
0.51359375	0.47791666666666666	
0.5122656250000001	0.47510416666666677	
0.511796875	0.47333333333333333	
0.5109375	0.4727083333333334	
0.5103093241231303	0.47140892922290173	
0.5067975655873004	0.4725236492700359	
0.5050000000000001	0.47427083333333336	
0.503625990687972	0.4760058693261199	
0.503515625	0.4776041666666667	
0.50359375	0.47885416666666664	
0.5022656249999999	0.4796875	
0.5018750000000001	0.4798958333333333	
0.50171875	0.4804166666666666	
0.50171875	0.4810416666666667	
0.50234375	0.48239583333333336	
0.5024218750000001	0.48374999999999996	
0.502890625	0.48520833333333335	
0.504921875	0.4887499999999999	
0.504296875	0.48947916666666663	
0.5050000000000001	0.49375	
0.5059375	0.4976041666666666	
0.506796875	0.50125	
0.50828125	0.5046875	
0.5100781249999999	0.5072916666666666	
0.5102343749999999	0.5091666666666665	
0.5118750000000001	0.5121875	
0.5129423453806323	0.5155480155091787	
0.513125	0.5166666666666666	
0.515390625	0.5198958333333332	
0.51640625	0.5239583333333333	
0.5169531249999999	0.5260416666666667	
0.5190625	0.5286458333333333	
0.52050904736871	0.5328859545137836	
0.5218195238024712	0.5340699929339334	
0.5232097257504253	0.5406679021921025	
0.5235063046440865	0.5421614230308418	
0.5246622686065198	0.543550759614466	
0.5265213583675635	0.545669261469719	
0.5285366981919495	0.5475794298809902	
0.5299270380213594	0.5479270982834856	
0.531551752851168	0.5504622666852848	
0.534113967681008	0.5526849350870287	
0.5358949325108506	0.5545951034887683	
0.5378321473406935	0.5581719385571742	
0.5394568621705365	0.5640404402922466	
0.5406128270003793	0.5664714420273192	
0.542237541830222	0.5712982770957251	
0.5433153816600649	0.575187612164131	
0.5452525964899075	0.5772019472325368	
0.5470335613197504	0.5781746156342761	
0.5485801511495934	0.5791472840360152	
0.550048615979436	0.5805366191044211	
0.5516733308092789	0.5825509541728269	
0.53953125	0.5945833333333334	
0.5395312500000001	0.5961458333333333	
0.5404687499999999	0.6007291666666666	
0.5410937500000002	0.6038541666666666	
0.5415625000000001	0.6053124999999999	
0.54171875	0.6081249999999999	
0.5414062500000001	0.6107291666666667	
0.541328125	0.6121875	
0.5407812500000001	0.6128125000000001	
0.540078125	0.6145833333333333	
0.54015625	0.6145833333333333	
0.5403906250000001	0.6163541666666665	
0.540625	0.6176041666666668	
0.541015625	0.6177083333333333	
0.540546875	0.6157291666666668	
0.5408593749999999	0.6128125	
0.540390625	0.6114583333333332	
0.5409374999999998	0.6073958333333332	
0.54015625	0.6044791666666666	
0.53984375	0.603125	
0.538671875	0.6010416666666666	
0.5382812499999999	0.5987499999999999	
0.5385937500000001	0.5973958333333332	
0.53578125	0.5912499999999998	
0.5348437500000001	0.5886458333333333	
0.532109375	0.5838541666666667	
0.5294531250000001	0.5779166666666666	
0.528671875	0.5738541666666667	
0.527109375	0.5684375	
0.526171875	0.565625	
0.52421875	0.5613541666666666	
0.521484375	0.5572916666666667	
0.519453125	0.5555208333333334	
0.5178906249999999	0.5512499999999999	
0.5147656250000001	0.5489583333333333	
0.5140625	0.5467708333333333	
0.50984375	0.5408333333333333	
0.50828125	0.5389583333333333	
0.5039843750000002	0.5333333333333333	
0.5021093750000001	0.5314583333333334	
0.498203125	0.5298958333333333	
0.494453125	0.528125	
0.48953125000000003	0.5255208333333333	
0.4873437500000001	0.5246875	
0.4840625	0.5223958333333333	
0.4796875	0.5204166666666666	
0.47757812499999996	0.5194791666666667	
0.47228252218884315	0.5182685095775457	
0.467265625	0.5167708333333334	
0.46515625	0.5160416666666665	
0.46046874999999987	0.514375	
0.45531249999999995	0.5136458333333334	
0.45062499999999994	0.5122916666666667	
0.445703125	0.5092708333333333	
0.443828125	0.5091666666666668	
0.43851562499999996	0.506875	
0.43390625	0.5075000000000001	
0.43109375000000005	0.5076041666666666	
0.426640625	0.5094791666666667	
0.42210937500000006	0.5118750000000001	
0.419765625	0.5139583333333333	
0.4163852208158148	0.5169577414548554	
0.4129687500000001	0.5168750000000001	
0.40875000000000006	0.516875	
0.40460937500000005	0.5163541666666667	
0.40062499999999995	0.5152083333333335	
0.395625	0.5172916666666666	
0.3945312500000001	0.5191666666666667	
0.390390625	0.5219791666666667	
0.386875	0.5248958333333332	
0.38484375	0.5248958333333335	
0.38203124999999993	0.5267708333333333	
0.3784375	0.526875	
0.37703125000000004	0.5276041666666667	
0.373828125	0.5297916666666665	
0.3725953161434029	0.531328786579959	
0.36995828722823954	0.5332477622759272	
0.36737215317074684	0.5371962568944955	
0.36671875000000004	0.5401041666666667	
0.36515625	0.5435416666666666	
0.363984375	0.5471875	
0.36328125	0.5492708333333333	
0.362421875	0.5538541666666666	
0.3615625	0.5594791666666667	
0.3608593750000001	0.5608333333333333	
0.360078125	0.564375	
0.35992187500000006	0.566875	
0.35890625	0.5707291666666666	
0.3582383688167043	0.5747653351499593	
0.35828125	0.5772916666666666	
0.35812499999999997	0.5784374999999999	
0.35890625000000004	0.5798958333333333	
0.36046875	0.5855208333333334	
0.36093749999999997	0.5888541666666667	
0.362421875	0.5925	
0.363046875	0.5941666666666666	
0.36234375	0.5953125	
0.3621875	0.5951041666666667	
0.36132812499999994	0.5952083333333332	
0.360546875	0.5960416666666666	
0.36054687500000004	0.5972916666666667	
0.36078125	0.6012500000000001	
0.3615625	0.604375	
0.36281250000000004	0.6071875	
0.3639843750000001	0.609375	
0.36507812500000003	0.6118750000000001	
0.36617187500000004	0.6143749999999999	
0.366640625	0.6174999999999999	
0.367578125	0.6189583333333333	
0.36906249999999996	0.62375	
0.37109375000000006	0.6278125	
0.37171875000000004	0.6302083333333334	
0.3739843749999999	0.6340625	
0.37593750000000004	0.6373958333333333	
0.37695312500000006	0.639375	
0.379921875	0.6429166666666667	
0.38265625000000003	0.6461458333333333	
0.384453125	0.6477083333333333	
0.387578125	0.6501041666666667	
0.39117187500000006	0.6530208333333333	
0.39499999999999996	0.6566666666666666	
0.39820312500000005	0.6619791666666667	
0.40125	0.6670833333333333	
0.40445312499999997	0.6704166666666667	
0.40656250000000005	0.6720833333333334	
0.41117187499999996	0.6748958333333333	
0.41484375	0.6782291666666667	
0.41734374999999996	0.6794791666666666	
0.42171875000000003	0.6828125	
0.42601562500000006	0.6867708333333333	
0.43062500000000004	0.6907291666666666	
0.43382812499999995	0.6947916666666666	
0.43531249999999994	0.6962499999999999	
0.4390625	0.6980208333333333	
0.4460156250000001	0.701875	
0.44914062499999996	0.7034374999999999	
0.45421875	0.7052083333333333	
0.45843749999999994	0.7072916666666667	
0.46078125	0.70875	
0.46546875000000004	0.7086458333333333	
0.4711718749999999	0.7100000000000001	
0.4734849664119946	0.7101532298174649	
0.47828125000000005	0.7123958333333335	
0.48244242677291893	0.7131289872228237	
0.48566203240422645	0.7128544784749143	
0.4898008135650536	0.7138956673376549	
0.4949717692319299	0.7143567926526517	
0.49961578817086094	0.7136326171419838	
0.503125	0.7109375	
0.508125	0.7107291666666666	
0.5103125000000001	0.7102083333333332	
0.51625	0.7094791666666667	
0.5221093750000001	0.7085416666666667	
0.5243749999999999	0.7084374999999999	
0.53	0.7076041666666667	
0.5357214277250384	0.7075243341726638	
0.5385990180667001	0.7056329524924194	
0.544388572897467	0.7057237249892523	
0.5494200267881906	0.7039117822315368	
0.5522485333339148	0.7017602964324032	
0.5579335482067869	0.7006933299729421	
0.565859375	0.6943750000000001	
0.5690623820428182	0.6918416392800021	
0.5751552944263653	0.6882892089089472	
0.5809375	0.68875	
0.5838281249999999	0.6864583333333333	
0.58984375	0.6826041666666667	
0.5961718750000001	0.6782291666666665	
0.59921875	0.6762500000000001	
0.6040625000000001	0.6717708333333333	
0.6085945081311543	0.6678955387012697	
0.6112757608456245	0.664058595674275	
0.6177931319254356	0.6617985078491225	
0.6248038965549627	0.6560153939054973	
0.629765625	0.6516666666666666	
0.6350781249999999	0.6465625	
0.6410156249999999	0.6414583333333332	
0.643125	0.6381249999999999	
0.647265625	0.6324999999999998	
0.6510156250000001	0.6271874999999999	
0.653515625	0.6251041666666666	
0.657578125	0.6207291666666666	
0.6628125	0.615625	
0.664860741105316	0.6123554010305041	
0.6696875	0.6069791666666667	
0.6746869296233247	0.601667724291667	
0.6766247153890124	0.5969676922857065	
0.6798437500000001	0.5912499999999999	
0.6827343750000001	0.5838541666666666	
0.6856249999999999	0.5774999999999999	
0.6884374999999999	0.5708333333333333	
0.692109375	0.5641666666666666	
0.693984375	0.56125	
0.696484375	0.5542708333333333	
0.6982812500000001	0.5503124999999999	
0.7019531250000001	0.5422916666666666	
0.7047656250000001	0.5336458333333334	
0.705703125	0.5296874999999999	
0.707890625	0.5233333333333332	
0.710078125	0.5169791666666667	
0.7108593749999998	0.5134375	
0.711953125	0.50625	
0.71171875	0.49833333333333324	
0.7121875000000001	0.48947916666666663	
0.7135156250000001	0.4822916666666666	
0.713984375	0.47843750000000007	
0.71375	0.4703124999999999	
0.7119531250000001	0.4635416666666667	
0.7117187500000001	0.46031249999999996	
0.710546875	0.4515624999999999	
0.7090625	0.44333333333333325	
0.7084374999999998	0.43937499999999996	
0.705703125	0.43187499999999995	
0.7027343749999999	0.4239583333333333	
0.700199910712231	0.41565579471906994	
0.69828125	0.41135416666666663	
0.69484375	0.4028125	
0.691484375	0.395625	
0.6868749999999999	0.3869791666666666	
0.6824218750000001	0.37916666666666665	
0.6781249999999999	0.37197916666666664	
0.6759455297685973	0.36742930819656094	
0.6703125	0.3589583333333334	
0.6648455548376345	0.3506413427917253	
0.661710402947888	0.34627636643142645	
0.6559961777034073	0.3389942221972704	
0.6504381272396235	0.33327453820957664	
0.642890625	0.3297916666666667	
0.6395312499999999	0.32697916666666665	
0.6323068036435299	0.32053228752859453	
0.6241406250000001	0.31520833333333337	
0.616953125	0.31104166666666666	
0.609296875	0.30864583333333334	
0.6011718750000001	0.3059375	
0.5978125000000001	0.3045833333333333	
0.591015625	0.3040625	
0.5840624999999999	0.3026041666666667	
0.5807031250000001	0.30135416666666665	
0.5733593750000001	0.3011458333333333	
0.5658593749999999	0.30302083333333335	
0.5623437499999999	0.3045833333333333	
0.555078125	0.3069791666666667	
0.5471874999999999	0.3092708333333333	
0.5435110097281105	0.3105329001202785	
0.5325	0.31281250000000005	
0.52375	0.3163541666666666	
0.515859375	0.31895833333333334	
0.5081249999999999	0.32343749999999993	
0.5042968750000001	0.3260416666666667	
0.4989843749999999	0.330625	
0.4921875000000001	0.33479166666666665	
0.4890625	0.336875	
0.481953125	0.3407291666666667	
0.4756250000000001	0.34541666666666665	
0.47250000000000003	0.34791666666666665	
0.46507812499999995	0.3526041666666667	
0.458125	0.3584375	
0.4515470426873761	0.3632864991346435	
0.44460503237582294	0.37040754893068745	
0.43797762963787373	0.376693709538617	
0.43468750000000006	0.3789583333333334	
0.43234374999999997	0.38197916666666665	
0.42789062499999997	0.3875	
0.42265625	0.39375000000000004	
0.420546875	0.3955208333333333	
0.41656250000000006	0.40020833333333333	
0.413671875	0.4071874999999999	
0.41117187499999996	0.41052083333333333	
0.40765624999999994	0.418125	
0.4053125000000001	0.42437500000000006	
0.4047656249999999	0.42854166666666665	
0.40242187500000004	0.43614583333333334	
0.40015625000000005	0.4427083333333333	
0.39843750000000006	0.4479166666666667	
0.398125	0.45531249999999995	
0.39742187500000004	0.45958333333333334	
0.396796875	0.4671875	
0.3967187500000001	0.4758333333333333	
0.3978125	0.47979166666666667	
0.39796875	0.4883333333333333	
0.3993749999999999	0.4959375	
0.400703125	0.5036458333333332	
0.40132812500000004	0.5081249999999999	
0.40335937499999996	0.5164583333333332	
0.406640625	0.5258333333333334	
0.40828125000000004	0.5308333333333333	
0.4125331786243825	0.5456266623372853	
0.41851562500000006	0.5523958333333333	
0.42281250000000004	0.5596875	
0.4253906249999999	0.5647916666666666	
0.42960937499999996	0.5722916666666666	
0.434765625	0.5789583333333332	
0.437109375	0.5813541666666666	
0.44351562499999997	0.5885416666666667	
0.44969665303673223	0.5962251412345891	
0.45281249999999995	0.5983333333333333	
0.45868295037649887	0.6056079593591529	
0.46261311704285013	0.6089010234366343	
0.46859375	0.6160416666666667	
0.474453125	0.6209374999999999	
0.4809375	0.6259375	
0.489140625	0.6302083333333333	
0.4928125	0.6322916666666667	
0.500078125	0.6351041666666667	
0.506875	0.6388541666666666	
0.5146874999999999	0.6415624999999999	
0.5183960050948394	0.6420849805005375	
0.5262725497568539	0.6456360926020072	
0.5318209400458285	0.6447186748167865	
0.5404112457814855	0.6471354340272429	
0.54515625	0.6496875	
0.5528125	0.6507291666666667	
0.5566406250000001	0.6518750000000001	
0.5653124999999999	0.6538541666666666	
0.572734375	0.6544791666666666	
0.5806250000000001	0.6542708333333332	
0.589609375	0.6532291666666666	
0.5975439321410401	0.6531143248548116	
0.6034375000000001	0.6497916666666665	
0.6079687500000001	0.6482291666666666	
0.6152343749999999	0.6464583333333334	
0.6217244324961801	0.6445244957581882	
0.6257107092123795	0.6416076779984172	
0.6322310304670206	0.6392526420600624	
0.6401992413630666	0.6329051721966544	
0.6435007758320579	0.6287963742119296	
0.6490625	0.6252083333333333	
0.65546875	0.6204166666666666	
0.6612047377126122	0.6155504524233499	
0.6658798598146431	0.6099181504413529	
0.6716451436315307	0.6040745867098835	
0.674207017841511	0.599376624042731	
0.6785657444777302	0.5918661429530272	
0.6830807193234982	0.5848764937354615	
0.6858769440272559	0.5800743444020002	
0.6910169187197497	0.5740221950593466	
0.6938912684113502	0.5671367123826305	
0.6955156181028797	0.5615012297058567	
0.6987805927944036	0.5532615803624117	
0.6952343750000001	0.5434374999999999	
0.6957812499999999	0.534375	
0.69703125	0.5287499999999999	
0.6982031250000001	0.52125	
0.6978125000000001	0.5130208333333333	
0.6975	0.5045833333333333	
0.6975	0.50125	
0.6973437499999999	0.491875	
0.696640625	0.4826041666666666	
0.6955838816459612	0.47648464059277523	
0.6951127008772247	0.4697413944980891	
0.6930442291163789	0.46303308503386525	
0.6898955425600698	0.4552251608967482	
0.6883858121506604	0.4512790566521002	
0.6835937500000001	0.4423958333333332	
0.6792187499999999	0.4346875	
0.6748437500000001	0.42770833333333325	
0.6709375	0.4209375000000001	
0.6682812499999999	0.41781250000000003	
0.6631250000000001	0.4111458333333333	
0.656953125	0.4061458333333333	
0.6534375000000001	0.4030208333333333	
0.6483593750000002	0.39770833333333333	
0.643125	0.39437500000000003	
0.6401562500000001	0.391875	
0.6328125	0.38635416666666667	
0.624921875	0.3808333333333333	
0.6178125	0.3765625	
0.6139062500000001	0.3735416666666667	
0.6065625000000001	0.36822916666666666	
0.5999999999999999	0.3651041666666667	
0.59171875	0.3603125	
0.58796875	0.3584375	
0.5800781250000001	0.3553125	
0.572265625	0.35239583333333335	
0.56796875	0.3514583333333333	
0.5590625000000001	0.3466666666666666	
0.5549999999999999	0.34375	
0.5466406250000001	0.34124999999999994	
0.5382031250000001	0.33833333333333326	
0.5298437500000001	0.3363541666666666	
0.52125	0.3358333333333333	
0.5135156249999999	0.3355208333333333	
0.50890625	0.33510416666666665	
0.49601562500000007	0.33499999999999996	
0.49210937499999996	0.33510416666666665	
0.48343749999999996	0.3359375	
0.4759375	0.33812499999999995	
0.47234374999999995	0.33979166666666666	
0.46414062500000003	0.34354166666666663	
0.4560937500000001	0.3477083333333334	
0.45234375	0.3491666666666666	
0.444453125	0.355625	
0.43695312499999994	0.3609375	
0.429375	0.36635416666666665	
0.42328124999999994	0.37260416666666674	
0.419609375	0.37635416666666666	
0.412890625	0.3827083333333333	
0.40718750000000004	0.38927083333333334	
0.40093750000000006	0.3963541666666667	
0.39546875000000004	0.40343750000000006	
0.39289062499999994	0.40625	
0.38757812500000005	0.4163541666666667	
0.38578124999999996	0.41927083333333337	
0.38	0.4267708333333333	
0.375625	0.43395833333333333	
0.37390625	0.4376041666666667	
0.37101562499999996	0.44437499999999996	
0.368203125	0.4503125	
0.366796875	0.4552083333333333	
0.36523437499999994	0.45968749999999997	
0.3642968750000001	0.46322916666666664	
0.36296875	0.47364583333333343	
0.36328125000000006	0.47625	
0.3621875	0.4836458333333333	
0.36187500000000006	0.48989583333333336	
0.36257812500000003	0.4927083333333334	
0.36328125000000006	0.49854166666666666	
0.364140625	0.5057291666666667	
0.36609375	0.5140624999999999	
0.366953125	0.5176041666666665	
0.3703125	0.5236458333333334	
0.37312500000000004	0.5314583333333334	
0.3765292529073475	0.5383362338433245	
0.38070312500000003	0.5448958333333334	
0.3828125	0.5493750000000001	
0.389375	0.5613541666666666	
0.39421875	0.5663541666666667	
0.39710937500000004	0.5695833333333333	
0.40265625	0.5747916666666667	
0.408515625	0.5810416666666667	
0.41500000000000004	0.5862499999999999	
0.42109375	0.5926041666666666	
0.4245312500000001	0.5946874999999999	
0.430546875	0.5979166666666667	
0.436875	0.6008333333333333	
0.44070312500000003	0.601875	
0.44820312500000004	0.6039583333333333	
0.45499999999999996	0.6048958333333333	
0.46195312499999996	0.6064583333333333	
0.46882812500000004	0.6070833333333333	
0.47515625000000006	0.6073958333333332	
0.48203125	0.6091666666666665	
0.4863290627870021	0.6076231192304705	
0.49390625000000005	0.6083333333333334	
0.501220320044754	0.6076655898160078	
0.5052927978819055	0.6066258338176824	
0.51046875	0.6035416666666666	
0.5170312499999999	0.6018749999999999	
0.52328125	0.6009375	
0.526640625	0.5998958333333333	
0.533359375	0.5952083333333332	
0.5407141103515272	0.5924004822034883	
0.548203125	0.5858333333333332	
0.553671875	0.5822916666666667	
0.5565625000000001	0.5798958333333333	
0.56140625	0.5761458333333334	
0.565859375	0.5715625	
0.5681374430365138	0.5669245855426979	
0.5720835153327081	0.5619730924806098	
0.575625	0.5582291666666668	
0.5763281250000001	0.5567708333333333	
0.5812374949727185	0.5525547030088869	
0.5852446431197851	0.5488562372426817	
0.586015625	0.5425000000000001	
0.58609375	0.5402083333333334	
0.58734375	0.5351041666666666	
0.5877343749999999	0.5287499999999999	
0.5878125000000001	0.526875	
0.588125	0.5227083333333333	
0.5880468750000001	0.5167708333333334	
0.5882031249999999	0.5144791666666666	
0.5857031250000001	0.5085416666666667	
0.58375	0.5030208333333335	
0.582734375	0.5001041666666667	
0.579609375	0.49510416666666657	
0.5767187500000002	0.4895833333333333	
0.574921875	0.48635416666666675	
0.571484375	0.48125	
0.5663281250000001	0.4770833333333333	
0.5642968749999999	0.47458333333333336	
0.5596460044685159	0.4689072211803803	
0.5552343750000001	0.46343750000000006	
0.54953125	0.4602083333333333	
0.547109375	0.456875	
0.5409375	0.45187499999999997	
0.534921875	0.44906250000000003	
0.5291406249999999	0.4458333333333333	
0.52359375	0.4421875	
0.5200781250000002	0.4414583333333333	
0.5130375454236324	0.4377101240957728	
0.506640625	0.43479166666666663	
0.5035937500000001	0.4336458333333333	
0.49796875000000007	0.43249999999999994	
0.4912500000000001	0.43270833333333336	
0.48515625	0.4328125	
0.4796875	0.43395833333333333	
0.47718750000000004	0.4354166666666666	
0.4717187500000001	0.4382291666666667	
0.46656249999999994	0.4395833333333333	
0.46374999999999994	0.44125	
0.45984374999999994	0.4445833333333333	
0.4560937500000001	0.44708333333333333	
0.4539843750000001	0.449375	
0.45109374999999996	0.45177083333333334	
0.44718749999999996	0.4569791666666667	
0.44632812499999996	0.45916666666666667	
0.4445312500000001	0.4642708333333333	
0.4434375000000001	0.4684375	
0.4409375000000001	0.4723958333333334	
0.43968749999999995	0.4761458333333334	
0.439296875	0.47802083333333323	
0.43757812500000004	0.48291666666666655	
0.43640625	0.4882291666666666	
0.43648437500000004	0.48979166666666674	
0.43499999999999994	0.49416666666666664	
0.4346093750000001	0.4979166666666666	
0.43484375000000003	0.5005208333333333	
0.434765625	0.5037499999999999	
0.435234375	0.5084375	
0.4359375	0.5130208333333334	
0.43578124999999995	0.5139583333333333	
0.43648437500000004	0.516875	
0.43851562499999996	0.5213541666666666	
0.4395312500000001	0.5253125000000001	
0.44109374999999995	0.5285416666666667	
0.442734375	0.5313541666666666	
0.444453125	0.5339583333333333	
0.44578125	0.5353125	
0.44734375000000004	0.5359375	
0.4496875	0.5385416666666666	
0.4518750000000001	0.5413541666666667	
0.4541406250000001	0.5426041666666666	
0.45546875	0.5430208333333333	
0.45703125	0.5445833333333333	
0.45875000000000005	0.5446875	
0.46070312500000005	0.5461458333333333	
0.463203125	0.5473958333333332	
0.4658593750000001	0.5485416666666667	
0.467265625	0.5503125	
0.468359375	0.5508333333333334	
0.4697656250000001	0.5504166666666668	
0.470546875	0.5485416666666667	
0.470078125	0.548125	
0.47109375	0.5466666666666666	
0.47234374999999995	0.5453124999999999	
0.47320312500000006	0.5457291666666667	
0.47328125	0.5457291666666667	
0.47390625000000003	0.5454166666666667	
0.4738281250000001	0.5452083333333333	
0.4741406250000001	0.5458333333333333	
0.47328125000000004	0.5457291666666666	
0.4734375	0.5447916666666666	
0.47375	0.5439583333333332	
0.47390625000000003	0.5440625000000001	
0.473984375	0.5436458333333333	
0.47234374999999995	0.5438541666666666	
0.47265625	0.5436458333333334	
0.47195312500000003	0.5433333333333332	
0.47132812500000004	0.54375	
0.469921875	0.5430208333333334	
0.46937500000000004	0.5434374999999999	
0.46875	0.5427083333333333	
0.4687499999999999	0.5433333333333333	
0.46875	0.5435416666666667	
0.4684375	0.5422916666666666	
0.46820312499999994	0.5421875	
0.46781249999999996	0.5417708333333333	
0.46585937500000013	0.5414583333333334	
0.46468750000000003	0.540625	
0.46343750000000006	0.5396875	
0.463984375	0.5386458333333334	
0.4619531250000001	0.5370833333333332	
0.4603125	0.5363541666666667	
0.458515625	0.5339583333333333	
0.4563281249999999	0.5349999999999999	
0.45421875	0.5358333333333333	
0.45343750000000005	0.5363541666666667	
0.45359375	0.5364583333333334	
0.45304687500000007	0.5367708333333333	
0.45179687500000004	0.5375000000000001	
0.4496875	0.5390625	
0.44851562500000003	0.5406249999999999	
0.4460156250000001	0.5425	
0.4453125000000001	0.5435416666666667	
0.44476562499999994	0.5433333333333333	
0.4442968749999999	0.5444791666666666	
0.444140625	0.5440625	
0.44359374999999995	0.5449999999999999	
0.4415625	0.5482291666666665	
0.44125000000000003	0.550625	
0.441015625	0.551875	
0.440234375	0.5551041666666667	
0.43953124999999993	0.556875	
0.43890625000000005	0.5564583333333333	
0.43796875	0.5589583333333333	
0.43726562500000005	0.5605208333333334	
0.4375	0.5627083333333333	
0.43757812500000004	0.5644791666666665	
0.43726562499999994	0.5678124999999999	
0.436875	0.5705208333333333	
0.4364843749999999	0.5720833333333334	
0.435546875	0.5747916666666668	
0.43562500000000004	0.5765625	
0.43570312499999997	0.5772916666666665	
0.4365625000000001	0.579375	
0.43734375000000003	0.5809374999999999	
0.43914062499999995	0.585625	
0.440234375	0.5884375000000001	
0.44085937499999994	0.5902083333333333	
0.44125000000000003	0.5920833333333333	
0.44234375000000004	0.5941666666666665	
0.4433593750000001	0.5966666666666667	
0.44554687499999995	0.5985416666666666	
0.44820312500000004	0.6002083333333332	
0.4489062500000001	0.6014583333333332	
0.45132812499999997	0.6022916666666667	
0.45359375	0.6027083333333333	
0.4546875	0.6017708333333334	
0.457421875	0.6024999999999999	
0.45999999999999996	0.6033333333333333	
0.463203125	0.6032291666666667	
0.46515625	0.6016666666666666	
0.466171875	0.5985416666666665	
0.46734375000000006	0.5958333333333334	
0.469140625	0.5948958333333334	
0.47000000000000003	0.5933333333333334	
0.470078125	0.5940625	
0.47124999999999995	0.5928125	
0.47257812500000007	0.5911458333333333	
0.47210937500000005	0.5898958333333333	
0.47109375	0.5877083333333334	
0.4710937499999999	0.5866666666666667	
0.4711718749999999	0.5864583333333334	
0.47203124999999996	0.5862499999999999	
0.4719531249999999	0.5853125	
0.4717187500000001	0.5841666666666666	
0.4702343750000001	0.5819791666666665	
0.46929687500000006	0.5818749999999999	
0.46859375000000003	0.5801041666666666	
0.46820312499999994	0.5784374999999999	
0.46859375	0.5779166666666666	
0.467421875	0.5779166666666666	
0.466171875	0.5766666666666665	
0.46460937499999994	0.576875	
0.46359374999999997	0.5753125000000001	
0.461328125	0.5741666666666667	
0.459609375	0.5730208333333333	
0.45632812500000003	0.5717708333333332	
0.45500000000000007	0.5708333333333334	
0.45304687499999996	0.5690625	
0.45023437499999996	0.5667708333333333	
0.4481250000000001	0.5665625000000001	
0.446953125	0.5669791666666667	
0.4443750000000001	0.5666666666666667	
0.4414062500000001	0.5659375000000001	
0.44078125	0.5658333333333334	
0.43757812500000004	0.565625	
0.436875	0.5667708333333332	
0.43640625	0.5678124999999999	
0.43570312499999997	0.5680208333333334	
0.43531249999999994	0.5705208333333334	
0.434453125	0.5705208333333334	
0.43359375	0.5711458333333334	
0.43335937500000005	0.5711458333333332	
0.4328125	0.5704166666666668	
0.43249999999999994	0.5711458333333332	
0.4328125	0.57125	
0.43296875	0.5725	
0.43304687500000005	0.5730208333333334	
0.43257812500000004	0.5745833333333332	
0.43289062500000003	0.5765624999999999	
0.4325	0.5775	
0.43351562499999996	0.5781250000000001	
0.43515625	0.5800000000000001	
0.43664062500000006	0.5826041666666667	
0.43734375000000003	0.5826041666666667	
0.43757812500000004	0.5828125	
0.43820312499999997	0.5838541666666667	
0.43968750000000006	0.5846874999999999	
0.440078125	0.5843750000000001	
0.4426562499999999	0.5834374999999999	
0.44546875	0.5839583333333334	
0.446484375	0.5832291666666667	
0.44625000000000004	0.5817708333333333	
0.446953125	0.5820833333333333	
0.44812499999999994	0.5826041666666667	
0.44945312499999995	0.5806250000000001	
0.4499218750000001	0.5797916666666667	
0.45210937500000004	0.5779166666666666	
0.45210937500000004	0.5760416666666667	
0.45281249999999995	0.5730208333333333	
0.45289062500000005	0.5730208333333333	
0.45328125	0.5730208333333333	
0.45304687499999996	0.5729166666666667	
0.4528125	0.5715625	
0.45296875	0.5709375	
0.45265625	0.5691666666666666	
0.45257812500000005	0.5676041666666667	
0.4525	0.5667708333333333	
0.45320312500000004	0.5674999999999999	
0.4534375	0.5665625	
0.45289062500000005	0.5660416666666666	
0.451171875	0.5653125	
0.4503906250000001	0.5631250000000001	
0.450078125	0.5622916666666666	
0.44945312500000006	0.561875	
0.4502343750000001	0.5607291666666667	
0.45046875000000003	0.5597916666666667	
0.450859375	0.5602083333333333	
0.450546875	0.5592708333333334	
0.449609375	0.5584374999999999	
0.44851562500000003	0.5580208333333333	
0.4484375	0.5570833333333334	
0.44742187499999997	0.5571875	
0.44625000000000004	0.5582291666666668	
0.44476562499999994	0.5569791666666667	
0.4440625000000001	0.5552083333333333	
0.44312499999999994	0.55375	
0.44242187499999996	0.5541666666666667	
0.44234375000000004	0.5548958333333334	
0.44210937499999997	0.5551041666666666	
0.44140625	0.55625	
0.440625	0.5569791666666666	
0.43937500000000007	0.556875	
0.43804687500000006	0.5571875	
0.43773437499999995	0.5578125	
0.43640625	0.5579166666666666	
0.436328125	0.5608333333333333	
0.43624999999999997	0.5621875	
0.435234375	0.5639583333333332	
0.43445312499999994	0.5658333333333333	
0.43335937500000005	0.5664583333333333	
0.4326562500000001	0.5695833333333333	
0.432109375	0.5704166666666667	
0.43187499999999995	0.5741666666666666	
0.43187500000000006	0.5780208333333332	
0.4332031249999999	0.5814583333333333	
0.43328125	0.5823958333333332	
0.43414062499999995	0.5870833333333334	
0.435859375	0.5904166666666667	
0.43656249999999996	0.5924999999999999	
0.439296875	0.5956250000000001	
0.441796875	0.5979166666666667	
0.4443750000000001	0.6005208333333334	
0.4460156250000001	0.603125	
0.44812499999999994	0.6040625000000001	
0.450859375	0.6058333333333333	
0.45171875000000006	0.6061458333333334	
0.454921875	0.6073958333333332	
0.45828125000000003	0.608125	
0.4600000000000001	0.6082291666666666	
0.463046875	0.6095833333333334	
0.4653125	0.6110416666666667	
0.465625	0.6114583333333333	
0.4672656249999999	0.6115625	
0.469140625	0.6129166666666667	
0.469609375	0.6119791666666667	
0.471796875	0.6113541666666666	
0.47546875	0.6078125000000001	
0.47664062500000004	0.6067708333333333	
0.47757812499999996	0.6068749999999999	
0.47796874999999994	0.6068749999999999	
0.48023437500000005	0.6070833333333334	
0.48187499999999994	0.6058333333333332	
0.483046875	0.60375	
0.48304687500000004	0.6006250000000001	
0.4833593749999999	0.5989583333333333	
0.482421875	0.5974999999999999	
0.4831250000000001	0.5965625	
0.48382812499999994	0.5961458333333333	
0.48414062500000005	0.5929166666666666	
0.48445312500000004	0.5870833333333333	
0.48445312499999993	0.5846875	
0.48351562500000006	0.5808333333333333	
0.482421875	0.5811458333333333	
0.48109375	0.5800000000000001	
0.4800000000000001	0.5778125000000001	
0.47906250000000006	0.5767708333333335	
0.47734375	0.5732291666666666	
0.47421875	0.5708333333333333	
0.47289062500000006	0.5693750000000002	
0.470390625	0.5691666666666666	
0.46882812500000004	0.568125	
0.4679922327860182	0.5672147528334872	
0.46624999999999994	0.5679166666666667	
0.46234374999999994	0.5667708333333332	
0.46117187500000006	0.5676041666666667	
0.45929687500000005	0.5676041666666667	
0.458671875	0.5679166666666665	
0.45843750000000005	0.5668749999999999	
0.45890624999999996	0.5655208333333334	
0.45882812500000003	0.5647916666666666	
0.45757812500000006	0.5645833333333334	
0.45640624999999996	0.5652083333333333	
0.45515625000000004	0.5651041666666667	
0.455234375	0.5661458333333333	
0.4557812499999999	0.5643749999999998	
0.4554687500000001	0.5631250000000001	
0.4538281250000001	0.5596875	
0.45328125	0.5590624999999999	
0.45335937500000006	0.5592708333333334	
0.45328125	0.5593749999999998	
0.453515625	0.5599999999999999	
0.45359375	0.5579166666666666	
0.45249999999999996	0.5578125	
0.451796875	0.5580208333333333	
0.451484375	0.558125	
0.451796875	0.5592708333333334	
0.45296875	0.5614583333333333	
0.45359375	0.561875	
0.455859375	0.5620833333333333	
0.45562500000000006	0.5610416666666667	
0.45570312500000004	0.5627083333333334	
0.45625	0.5629166666666667	
0.4575	0.563125	
0.458984375	0.5638541666666667	
0.459609375	0.5643749999999998	
0.45984374999999994	0.5643749999999998	
0.46109375	0.5639583333333332	
0.46171875	0.5633333333333332	
0.463203125	0.5622916666666666	
0.46515625000000005	0.5614583333333334	
0.46656250000000005	0.5608333333333333	
0.46859375	0.5603125	
0.47171874999999996	0.5601041666666666	
0.474296875	0.5583333333333333	
0.4765625	0.5570833333333334	
0.47828125000000005	0.5539583333333333	
0.48	0.551875	
0.480859375	0.5517708333333332	
0.48187500000000005	0.5504166666666667	
0.48335937500000004	0.5503125000000001	
0.4840625	0.5496875	
0.48546875	0.55	
0.48640624999999993	0.5491666666666666	
0.48703124999999997	0.549375	
0.48835937500000004	0.5479166666666665	
0.48796875	0.5458333333333332	
0.48820312499999996	0.5451041666666666	
0.4884375	0.5442708333333333	
0.48859375	0.5433333333333332	
0.48968749999999994	0.5447916666666667	
0.4895312499999999	0.5463541666666667	
0.489921875	0.5463541666666666	
0.49046875000000006	0.5457291666666666	
0.490078125	0.545625	
0.49046875000000006	0.5452083333333333	
0.490234375	0.5452083333333334	
0.4907031249999999	0.5476041666666667	
0.4912500000000001	0.5484375	
0.49296875	0.5513541666666667	
0.49359375000000005	0.5525	
0.49390624999999994	0.5540624999999999	
0.493828125	0.5560416666666665	
0.49289062499999997	0.5590625	
0.4915625	0.5630208333333333	
0.4910277484310478	0.5654016193720317	
0.49046875000000006	0.568125	
0.4910937500000001	0.5694791666666666	
0.4909375000000001	0.5695833333333333	
0.490625	0.5715625	
0.48921875000000004	0.5739583333333333	
0.48890625	0.5759375	
0.487109375	0.5796874999999999	
0.4852343750000001	0.5829166666666665	
0.484375	0.5848958333333333	
0.482890625	0.5879166666666665	
0.48249999999999993	0.5894791666666668	
0.479296875	0.59375	
0.476875	0.5964583333333333	
0.4756250000000001	0.5970833333333333	
0.47484374999999995	0.5989583333333333	
0.4735937499999999	0.6005208333333333	
0.471484375	0.6035416666666666	
0.47015624999999994	0.6057291666666667	
0.4692187499999999	0.6086458333333333	
0.467890625	0.6096874999999999	
0.46546875	0.6104166666666666	
0.46234375000000005	0.6096874999999999	
0.46117187500000006	0.6103124999999999	
0.4585156250000001	0.6107291666666667	
0.457421875	0.6122916666666667	
0.45421875000000006	0.6166666666666665	
0.45125000000000004	0.6204166666666666	
0.45050300960173484	0.6222982822411454	
0.44718749999999996	0.6224999999999999	
0.443046875	0.6245833333333333	
0.440625	0.6265624999999999	
0.43968750000000006	0.6271875	
0.4374999999999999	0.6273958333333333	
0.435546875	0.6294791666666668	
0.434453125	0.6305208333333334	
0.43296875	0.6308333333333334	
0.43140625000000005	0.6315624999999999	
0.42976562499999993	0.6318750000000001	
0.429296875	0.6320833333333333	
0.428125	0.6338541666666668	
0.4273878580842503	0.6342675536572487	
0.427265625	0.6339583333333334	
0.427265625	0.6332291666666667	
0.42632812500000006	0.6330208333333334	
0.42710937499999996	0.6312500000000001	
0.42703125000000003	0.6310416666666667	
0.42765624999999996	0.6289583333333334	
0.42781250000000004	0.6265624999999999	
0.428515625	0.6254166666666666	
0.4284374999999999	0.6238541666666666	
0.42945312500000005	0.6219791666666666	
0.4293750000000001	0.6211458333333333	
0.42945312499999994	0.6199999999999999	
0.43062500000000004	0.6167708333333333	
0.43132812499999995	0.6136458333333333	
0.4317187500000001	0.6096875	
0.432421875	0.6038541666666666	
0.4331250000000001	0.6020833333333333	
0.43343750000000003	0.598125	
0.43523437499999995	0.5953124999999999	
0.4370312500000001	0.5920833333333333	
0.438984375	0.5885416666666667	
0.43859375000000006	0.5878124999999998	
0.439921875	0.5835416666666666	
0.43968749999999995	0.5821875	
0.4399285976292047	0.5808662162555943	
0.4418749999999999	0.5768749999999999	
0.44406249999999997	0.5745833333333332	
0.4464843750000001	0.5708333333333333	
0.448828125	0.569375	
0.451171875	0.5672916666666666	
0.45367187499999995	0.5640625	
0.45562500000000006	0.5611458333333335	
0.45679687500000005	0.5603125	
0.4578125	0.5587500000000001	
0.459609375	0.5573958333333333	
0.46070312500000005	0.5572916666666666	
0.4615625	0.5557291666666667	
