0.192243191727798
0.1888618102432399
0.1858517367335338
0.18510178468228405
0.18597359730046054
0.18626475134687634
0.19016820781919316
0.19129803677008023
0.19232131061531982
0.19309672820389573
0.1933415325120787
0.1938435939283132
0.1939341313840533
0.19400342351543093
0.1935600522642013
0.19443515943019085
0.19434705018953502
0.19548544585851793
0.19755038000139197
0.19934037979441882
0.19878562824010207
0.19690828123094012
0.19458459705512976
0.1919213741493003
0.19219735018542256
0.1911200323148575
0.1921354060754296
0.19369610436666437
0.19528049326664204
0.19573588988722795
0.19454292702171977
0.19289689091655848
0.1892393737431409
0.18649930841084617
0.18520793973453376
0.18557884171999267
0.18585898197421502
0.18621049326565126
0.18612585214410224
0.18571522927836323
0.18499706388865123
0.1817374658097144
0.18039120703210115
0.1783130579582066
0.17789262019846513
0.17813833991069128
0.1800180423374605
0.18038520618627224
0.17922289996636714
0.17786666213515806
0.1772531910014338
0.17763373077175673
0.17712534046293824
0.17471389426584247
0.1748825029852156
0.17585878814306155
0.17691596586217145
0.17793452758233988
0.1767331256859966
0.17535378745408978
0.1749947837758174
0.1749704028092021
0.17341373268502477
0.17452753092541523
0.1747944425544436
0.17390069820794404
0.1748664008600043
0.17416485554371866
0.17500319177496132
0.17555837920778758
0.1750146808022697
0.175852254841376
0.17577825199660263
0.17650924136888918
0.176082795622822
0.1759204408470291
0.17541232573034438
0.17498794876764798
0.17379613981467487
0.173477627015448
0.17447507528424333
0.1751848012751064
0.17490844046761478
0.17388602788864202
0.17334255248982533
0.1721134681988327
0.17161013385944632
0.17234002294199097
0.17256660473004662
0.1721453287852465
0.17131226519452483
0.17025445548077872
0.17130040702920848
0.1701101412382958
0.16913312845022876
0.16956968006162762
0.16941717363229913
0.17058634510174966
0.17221438707326103
0.17161854959694883
0.17161137903506601
0.17168324194831933
0.17140258303394207
0.1707475805893961
0.17051026550039214
0.17156108782404572
0.17174268671073128
0.1713911883772523
0.1716907166644192
0.17101514527018918
0.17000392349810495
0.16582129834497222
0.16161362744261348
0.15679262552109427
0.15157507027460237
0.14732710830843748
0.14497303961295574
0.14311895513960948
0.13977394565190127
0.13934521627099145
0.13857643271232922
0.13807028649193495
0.13449298299496293
0.131665053233789
0.1301567173594359
0.1278265097718019
0.12917931957946727
0.12973467712548437
0.13104834870845378
0.13259655748975754
0.13086650073693082
0.1305682256572836
0.1309916942426937
0.1314443203020145
0.13127571363869275
0.13078027822488625
0.13532337221519003
0.13514610973191288
0.13916996201079804
0.1412800139505735
0.14446560898458422
0.1475599225653403
0.14829461422375806
0.1431223100904715
0.13839286137382023
0.13751123480996713
0.13496723214850725
0.13465696163013646
0.13487063324726117
0.13568913907025676
0.13795577479432763
0.13598614333053072
0.13136715936880614
0.12763863181234608
0.12125437380694484
0.11857220770520926
0.11823450011989105
0.12137019257086834
0.12618451760507315
0.13316641073773333
0.13712872028585413
0.14488023294621674
0.1463459627257176
0.1448564678605216
0.14111169861154527
0.14066897945858187
0.14010344704505445
0.13639100435688983
0.1275964134533448
0.12204251591811947
0.12118973690686607
0.12411072653178808
0.1282200828050925
0.1281565514568059
0.12927287572958018
0.12859885611808303
0.1288049433142901
0.1301497682622606
0.13192277345129055
0.13171661488251682
0.1300019147516846
0.12837399564479152
0.12669649080182294
0.12618961210273533
0.12764248171829218
0.12899270876740387
0.13264694452838083
0.1345289724111194
0.1349797098019053
0.13460239518862463
0.13348706868954102
0.1339623352833033
0.13383897894093183
0.13292560273312098
0.13068011240396132
0.1289430423590791
0.12635502092001047
0.1249603648987863
0.12726542929162715
0.12831039534809383
0.13121512113109365
0.13330368784766478
0.13600452676413896
0.1367721507975649
0.13198750111232344
0.12465075703344716
0.11970616574436932
0.11715386652264521
0.11544089190110615
0.11418049828096292
0.11457767008342368
0.10987355840746846
0.10543213023545839
0.10435687825950202
0.10175465272129611
0.10165723704918743
0.10139636184046127
0.09811451089654603
0.09420914302450707
0.09098166160777466
0.09045647802444444
0.09083103484349721
0.09345201408067641
0.0965077928461922
0.0998583432699693
0.1020712181579004
0.10049669539398738
0.1003489858106468
0.10041092948708563
0.09957975725498887
0.10317302911708934
0.10642064452359816
0.10870438698733129
0.11135576990394402
0.1133289656594696
0.11448573077445304
0.1126834089644416
0.11075116319471756
0.1091489634249446
0.10963679178004715
0.1114428085193919
0.11227760161341209
0.11186979271939594
0.11059174994975426
0.1097093911127182
0.11007979715719884
0.11280376803380225
0.11399234101655582
0.11360172684936107
0.11691183382911312
0.11643868254252303
0.12043592234888896
0.12198283212841177
0.12078106335781749
0.11761032347197595
0.1167530695746859
0.11613090810166518
0.11653292835106396
0.11695340097338788
0.11744407375733576
0.11862166087732544
0.12201565150698516
0.12301819716482758
0.1266097071107291
0.12705041129051176
0.12791187073918453
0.12844667883891592
0.12565843939618157
0.12467911655129986
0.12450427625178287
0.12328863944613899
0.12248019531052774
0.12237018176007028
0.12118248047240172
0.12077990615862003
0.11930754793982072
0.12025731451972502
0.11850026294220031
0.11572650115351213
0.11484692268246159
0.11368755247507985
0.11249810221565
0.11159220142448474
0.11021737746204789
0.10701115134560898
0.10490819208585637
0.10596509870097703
0.10583166256586737
0.10786982152408804
0.11037346281204227
0.11150682211791776
0.11604545316787529
0.12201637745681004
0.12541984827325647
0.12853370113373275
0.12969173880191132
0.1311554156918721
0.13124866645507693
0.13324573060940745
0.13366199231149425
0.13422208558901622
0.1331728255598144
0.1349493257339165
0.13701831287789362
0.13708486394202563
0.13791175236971884
0.1383895346171421
0.14008733388428224
0.14117695417961723
0.14014281809086587
0.14106059468435836
0.14246400894213102
0.1415886460357312
0.14224359650958646
0.14150628854429678
0.1410538710000082
0.1420546670093289
0.14141956363183988
0.1444614399096187
0.14423635640609667
0.14519022010914695
0.14529501011660215
0.14672287404929915
0.1473627138392533
0.14665104467255657
0.14538354831783973
0.14385201029986336
0.1426642390671569
0.14256456691385358
0.1406633216076599
0.14152791828014968
0.14062205074776504
0.1421020150041161
0.14363724789323046
0.14476788252612816
0.14932059778749873
0.15201281485721035
0.15179217382667193
0.15090733068960918
0.1496455090634275
0.14879304347088299
0.1483410123676025
0.1484761143742261
0.14869864553668224
0.14943970175694685
0.15101398654377005
0.1521064930862888
0.1567742335363328
0.15852277875989043
0.16349561845505312
0.16806613067582937
0.17117596197295107
0.1721779892210976
0.17449644902822042
0.16971965335950492
0.1678373571693316
0.16981307360071662
0.17074038630453642
0.17034478853382837
0.16925055959289387
0.16753534308906254
0.16147493518673037
0.15414579935389744
0.14595602274138245
0.1415437877501445
0.1357904467542968
0.12963521515962856
0.12609307737128822
0.12490728241170619
0.12499111736232711
0.13020942003576455
0.13310774314943347
0.13778326790772738
0.14422011735488402
0.14747103789304275
0.15121660131605763
0.15320318216024528
0.1580015966079578
0.1625149169888202
0.16423806446968137
0.16541143887117343
0.16801896165577299
0.17033738224964784
0.1730822682522783
0.17578699853718993
0.17646264113833526
0.17802448980989566
0.17961309684588067
0.1788012512853603
0.18027602881796218
0.17954070661970173
0.1824160060627344
0.1839471790662544
0.18509497010727977
0.18737443045628893
0.18824158794512325
0.18975379543940146
0.19389699462305365
0.19810955113235673
0.20082321780749016
0.2035860522339208
0.2078094385640748
0.2102632684751878
0.21493105611123792
0.21771412923023375
0.2198735422170944
0.21952229990904573
0.21700307707726627
0.21763453224944412
0.21801194543547905
0.218178262786035
0.21989606230953287
0.22238412451980544
0.22381132817051164
0.22864749396295853
0.19158485304665013
0.18760033990769498
0.1855225797743914
0.18145335529765846
0.18016735130541883
0.17802794377693512
0.17769204028254942
0.17756022483880457
0.17936551748542234
0.1806572992315023
0.18582967387462807
0.18742343061529435
0.18921378024351115
0.19017363548067387
0.1902507872988287
0.18932016640679178
0.1905093769626835
0.1897779542465009
0.18971237856376058
0.18906295465551562
0.1879998780881107
0.1859404891696863
0.18491386323186892
0.1844490324101844
0.1827796264390799
0.1815402624636336
0.1801189598597545
0.17980573715492126
0.1788306699504441
0.17775152231020444
0.17657753128412662
0.1748045654188147
0.1751192611696268
0.17573540319880754
0.17433231476139271
0.1724498287443625
0.17210728506020323
0.1706987241896444
0.16718996099154732
0.1655522485397521
0.16019910616585747
0.15688800723513946
0.15515501693096012
0.1498072563919542
0.14716531397930271
0.14432689287319464
0.14334672678735177
0.14190833406594144
0.14192372666050804
0.14211075170893367
0.14168875321639313
0.1421058190465526
0.13975720162397726
0.1391077310146171
0.13793975569261163
0.13767191429838865
0.13743115285954774
0.13785198506908225
0.13849448566474726
0.13779713905014151
0.13761282869155617
0.13950957103524814
0.14019395425291745
0.13928525219367635
0.13912180436714358
0.14078678609976952
0.14343222735304306
0.1450696173261878
0.1468596579513583
0.14944750094460388
0.1524845474434307
0.15663460944888138
0.16101291230194806
0.16393335272156923
0.1633155783414696
0.16252780919500273
0.16287309746595718
0.16223668215531056
0.16085029649228533
0.15826258218563055
0.15914410274958501
0.15860784941704492
0.15759137654481947
0.15909161388227203
0.1573804576675541
0.15887030943134606
0.1615134892211702
0.16599343946148518
0.16801063923790288
0.17265107014601583
0.1760469684323086
0.17875295523914483
0.1828679566940512
0.18351164443164908
0.1842142349760056
0.1855683103118568
0.1842768414256804
0.18552227574739308
0.19455807929376967
0.19430006767228694
0.19406818070883328
0.19502575263791522
0.19691511081246266
0.19479323433866677
0.19356471453203064
0.19448649236751142
0.19611816096314333
0.19815365621143763
0.19938501876200704
0.199577852793944
0.19908322886396643
0.20179378793348177
0.20160184323404043
0.20370084837152932
0.20396483704018062
0.2055391500806368
0.20638662555888146
0.20718750766073848
0.20778670512891223
0.20863812429455791
0.21046025566334675
0.21174028263352915
0.213688398348392
0.21462635982510295
0.21527607059528941
0.21467669912061577
0.21400747254436636
0.2138128618759963
0.21349704371184788
0.21329519419472912
0.21265329114881854
0.20994604085213422
0.2072763885530009
0.2052313634952771
0.20241666667598168
0.19943734605235183
0.19549220298019182
0.1938216791787474
0.1932904443893246
0.19189585163235218
0.18974358779674305
0.18839259915683754
0.188647320861984
0.19024247364650454
0.18977894939030918
0.1863042651524837
0.183688895805019
0.18075157266196876
0.1765150165759182
0.172837082827276
0.17147863408497752
0.17000285173543964
0.17042031181052938
0.17275452726160495
0.17503639274400612
0.18225256115652635
0.18663005982819333
0.19389913087109684
0.19536947070065327
0.19585310218273963
0.19889459808389542
0.19924979541595533
0.19856242200873625
0.19882740373662391
0.19751798127202394
0.1952467441319357
0.19481209869332328
0.19549884683184032
0.1965896640354551
0.19870003053512586
0.19935120404450363
0.20080982864716018
0.2047980376294892
0.2071514309319613
0.21395315959854705
0.21944289830521466
0.22573629332105138
0.2315513263651528
0.23246192996112164
0.23079394391995373
0.22875261028450727
0.2281448656842316
0.22677728232166347
0.22739054994527708
0.22723743763691528
0.22896728152138096
0.22910819186164857
0.2266252681517122
0.2234293748919583
0.21682010862076734
0.20760250531281327
0.19774793821914197
0.18813261811699097
0.1782829590007154
0.1750215250363341
0.16868838759961088
0.1631264623078294
0.160349073902406
0.1589290337172894
0.15977326021268562
0.16758302202891504
0.17644449878572105
0.18068688907669114
0.19228624397825284
0.19659914310974125
0.2052975190429192
0.21239561536045137
0.2156533393873568
0.21680898017255226
0.21796144641274098
0.20322971691309988
0.20358331946182262
0.20539519907053821
0.20567416928556975
0.2070777253141609
0.20605105614058034
0.20686864625631202
0.2057323733036386
0.20737522648988974
0.206767066534078
0.2087137605836776
0.21140973761921672
0.2161700688282902
0.21755971867338664
0.2199656524000689
0.22361235257566534
0.22539838765129044
0.22789074217676242
0.23045492054913286
0.22806290359835907
0.2210356843842603
0.21246467949204292
0.20170286115905034
0.1990196056293761
0.19142436557484016
0.1854397757274772
0.18212719630152704
0.17262272384271615
0.16998135842820555
0.16574427429673583
0.16306319334216784
0.16156475347598603
0.15978552740416707
0.15678672587372955
0.15397923016579435
0.14957626050668346
0.14689806895107715
0.14514117236162266
0.14693203230910024
0.1479896801496232
0.15052797237358523
0.15555744007084366
0.16167953967386792
0.1671735173228867
0.17180743180344016
0.17911998432569043
0.18617049429894367
0.18770654170563542
0.18866615234291975
0.1873828454781879
0.18804961553151803
0.18821298934335387
0.18982093911227388
0.18562817542940255
0.1832140172059556
0.1758679182942993
0.17216155315457066
0.166801331581246
0.16487354137434437
0.16356252592470108
0.16299338851648745
0.1644886481450043
0.16681649778682964
0.1679626485628986
0.17123188972795836
0.1730005373711058
0.1755729543580649
0.17863271666708697
0.18411728713329062
0.1857099402551728
0.19010234179563518
0.1942645488517253
0.19727001519572068
0.20191506157832792
0.20370018145704635
0.2079901424200087
0.21211152426438612
0.21454129315927845
0.21548392982798198
0.21753157938635267
0.21812295628766992
0.2176603945169417
0.21771742020419418
0.21788543267934823
0.2186198712271028
0.21700181999937898
0.21563300080319067
0.21586967838350776
0.21582319127011082
0.21533807479332157
0.214003426385062
0.21170978434497129
0.2105936306914226
0.20592784341209763
0.2046128492697279
0.20225668809735872
0.198863848235374
0.1950328824566305
0.18999925093685716
0.1867045417628239
0.18270111928878413
0.18009068845584822
0.1743735686912468
0.1685602915760847
0.16215123226878955
0.1597316109056993
0.15312208247878226
0.14984822137542242
0.14122780403444812
0.1343359523594833
0.1283737472915568
0.1225822742419516
0.11877455296349679
0.11728517603996025
0.11637980297317033
0.11639779187739659
0.11812919796662855
0.12027210483527657
0.12376346254474897
0.12902345291102563
0.13628354066984535
0.14064597994507239
0.15041586422476627
0.15830448947311543
0.16870826650316753
0.1785504081355101
0.18756887365404426
0.19297913882245019
0.19954125076327298
0.20193837134791393
0.20004231181387427
0.19735224414189387
0.1942696769492634
0.1921970119774954
0.19258650032934796
0.19316761514644715
0.1945430327937768
0.19431460851228716
0.1930860877711363
0.19058600247923968
0.1902403054297415
0.1892324110569715
0.19066331313324833
0.18788145239579998
0.1845635518267324
0.16875661078560983
0.16640478344009518
0.15856338743268356
0.15213021590804549
0.14836962189916805
0.14103406053972609
0.13296618998992465
0.1258361322195912
0.11924617802672306
0.11677866378633514
0.11524390227427836
0.11577474242786452
0.1168051151146277
0.11934638957617039
0.118081119085747
0.11839492778820722
0.1195937773350568
0.120013151613332
0.12412611209402077
0.12683945447116973
0.13309330550679985
0.13262484379878267
0.1364675057407448
0.1403439021611706
0.14152644070309264
0.14837210525420444
0.1534889704162688
0.1575063569404625
0.1568890500328614
0.15602637243273845
0.15631559480144572
0.15638468408498332
0.15579337606972168
0.15332213185198307
0.1524433579933911
0.15249659131644347
0.15329124988071802
0.15426377509038308
0.15466620175367937
0.15695547424195566
0.15793786679380106
0.14924766687092994
0.1479695346577609
0.14613387451153076
0.14505313927350938
0.1445797123516459
0.14463211601463474
0.14591033425768574
0.14795293112048516
0.14975397079121902
0.15156077051472086
0.1545453944423675
0.15736250853069395
0.15744107905159282
0.1556292678120354
0.15479739990702046
0.1536174756827969
0.14953521838021358
0.14963235291819577
0.14938311839679402
0.149046131642927
0.14707523514468937
0.1469087018299607
0.14321314620626865
0.14151025394452532
0.14132520653536712
0.14214488408269094
0.14355964057388243
0.1458106997713407
0.1492471652936076
0.1523565239521376
0.155682075243157
0.15480454600237412
0.15447366234734788
0.15405645336519608
0.15345070317506454
0.1516260755294842
0.14656110206302222
0.14466282294259492
0.1424457165893381
0.13953563636837757
0.1393307671208001
0.13949320311084604
0.14071079029246775
0.14175431846337447
0.14336146661617255
0.14309002862056255
0.14155110606123394
0.13650861881875648
0.1327810692090914
0.1258416408985479
0.11916913217188055
0.11476332768110716
0.11002687147457305
0.10533640484398796
0.10342042424204431
0.10170072511667409
0.10263627396850723
0.10231350945420725
0.10136436059166402
0.10264778981509834
0.10273926684149641
0.105822724109921
0.1073516769019998
0.10812638979083491
0.1095414956658038
0.11108037044847419
0.11190390965686307
0.11323254328634735
0.11745899307452776
0.12073687611589964
0.12441929847956508
0.12623547394128812
0.12543365043899735
0.12383482744430838
0.12538635777167195
0.1287554978834769
0.13291829214800016
0.13652782548684123
0.13792529471802412
0.1387771559689035
0.14207892922811505
0.14401439744094696
0.14499466640326922
0.14504775359890099
0.14151625020717856
0.1401938874701024
0.1394330248464149
0.13740578317107138
0.13527506568470393
0.1381895315752454
0.1415230122836512
0.14406805634652525
0.14659105408246784
0.14854329992006407
0.15259968629805598
0.1530417293249296
0.15625639695086146
0.15298440525362336
0.15011669898788924
0.14292916479703485
0.13432943152633886
0.1290453112523137
0.12709963783832987
0.12715633016686265
0.1295508498592766
0.1313340591528412
0.1342724846305951
0.13644685612935353
0.13890063646693035
0.14259340647528013
0.14868888323388166
0.15810813932072126
0.16871722636611555
0.17205151168535862
0.18027076707243733
0.18783986829802293
0.1905689185953689
0.19214791159126204
0.191562312106621
0.19067842561027715
0.1868709764701417
0.1851339443183622
0.1842673624424787
0.18617995344315463
0.1875235462322372
0.1897258747280738
0.19254529003541215
0.19401708761786493
0.19532222070208122
0.19728700953966885
0.19794832564743
0.19897359821852892
0.19576842353416513
0.18901012532725364
0.18351300144604463
0.18076612926328922
0.17861115920920134
0.17732351852075864
0.17759317744303044
0.17780645031421036
0.1784503143657925
0.17920876614826337
0.1807428076502724
0.18436613939135188
0.18713672190832692
0.18789039477997668
0.1845737433532853
0.1852497653136296
0.18294364802613922
0.17404138350321685
0.1688983683767843
0.15907637135093594
0.14871765809415213
0.13919911189166145
0.12981508132634884
0.12328112818483658
0.12176922111752017
0.12045104068260057
0.12135021877985941
0.12124151965194423
0.1189680494478996
0.11867136190842861
0.11793170625460223
0.11728907656400082
0.11719033658085194
0.11821086711049766
0.1214592087192683
0.12557269557523615
0.12640664308632227
0.12624282743270074
0.1261739780887766
0.12641912719827203
0.11735530970714543
0.11300481104909291
0.11809932244533324
0.11746723225128766
0.11782970203200742
0.11827568780779822
0.11977412672730411
0.12053622419377086
0.12193118705033608
0.12645076605630698
0.12825530437453964
0.13499516720831078
0.1399656589817752
0.1418891218469432
0.14562694014482977
0.14615387098647292
0.14612077227524498
0.14570985850727897
0.14592413808299262
0.14609072859749664
0.14652464118810976
0.14754225150959885
0.14886303758284258
0.15334757725879725
0.16061450088181764
0.16752395058810424
0.1694025198983477
0.16964946191032532
0.16474228122503795
0.1625205057203639
0.1587943686019461
0.15559574264605885
0.15194859819687517
0.14839466583806682
0.1438562504729943
0.1407895763080384
0.13519283744202562
0.12843337106814118
0.12226553511493503
0.12230099724948604
0.11889261635706257
0.11714684257895636
0.11439840771989492
0.11343463953894917
0.11358758920324272
0.11531047638340086
0.11584376191640618
0.11782087888886657
0.12101544913419035
0.12271776240183958
0.12366586599600204
0.1227991335028114
0.11786869339246293
0.11567032766569003
0.11270638173040404
0.1086901219227308
0.10595150619134923
0.10306233761736658
0.10108697326055663
0.10218936808391677
0.1027592687660995
0.10316083678177343
0.10428108824971549
0.10598979335306669
0.10582850433484622
0.10514767717575939
0.10662785288571623
0.10475452160030137
0.1068019453574596
0.10902255939984311
0.11475575376445776
0.1240192171403585
0.13360292539808058
0.13710853469906542
0.14079844165836886
0.1443280430119106
0.14426547278390914
0.1434161650944012
0.1408102836894386
0.14345971793521467
0.14682698956436785
0.1483628870409736
0.1501350801871819
0.14481788127835654
0.14408920305546452
0.1424685894726016
0.13970213035547763
0.13629959733970193
0.13774787167762767
0.13675521802635476
0.1391643126086831
0.13908089933130757
0.1435090652212893
0.14498915426869488
0.14874089793265002
0.14882517293929493
0.1487781612078162
0.14603073703753924
0.1439510065404847
0.14440518680230519
0.1457446618769017
0.14535293036694558
0.14680794777008238
0.1475471657334903
0.14655490104017388
0.14443570330386082
0.14204895926932243
0.13997330115109535
0.1371779650363097
0.13346319051862607
0.13329673163974382
0.1321467350304743
0.13486058444669777
0.13597688290344226
0.13494576531023417
0.13424029904306117
0.13548441229041477
0.13597719628840144
0.13759410894246832
0.13623700864722338
0.1324544380788221
0.12968362309682568
0.12974323304580748
0.13211097562257373
0.13521639390787948
0.1374900750534343
0.14140396895001586
0.14268524362213364
0.1373603861318706
0.134764919272487
0.13185604509157106
0.13062599137696837
0.1284514832349195
0.12278096134005853
0.12167856898675303
0.12020295685938646
0.12175668488091321
0.12212251061248128
0.12310859760262241
0.1255305726605448
0.12675446532216486
0.12926279902169893
0.1290653665600215
0.13117345029469923
0.13290666012116428
0.13471101076161607
0.13681784809228534
0.1390253902995136
0.1424992565341029
0.14396428051262616
0.147608058513868
0.14654329421474
0.14566260501090003
0.1461656625348992
0.1450513699238254
0.14217049662915796
0.14131353748233147
0.14184008459657726
0.14344105367137305
0.1404398845417959
0.1386001098318717
0.13737877735547968
0.13759105367217345
0.13586008120356868
0.136989576646611
0.13582124705738072
0.13887059487943554
0.14059042122837465
0.1455399706573389
0.15090238064603315
0.15302973136565584
0.15870577657883958
0.16143306596495524
0.16288667482549743
0.16385166806935436
0.16507035114781174
0.16570989098380054
0.16707776164038582
0.15803765017513394
0.15896284160118576
0.16036918638850184
0.16087894596584418
0.16027822691595128
0.15745235070989513
0.154819517060709
0.1502993978821628
0.1472221207725804
0.14577791604188176
0.14295477433469223
0.1432029346575395
0.14102322554787414
0.1386588628264178
0.1370290248318053
0.13595330190522242
0.13608848286486003
0.1357749796705739
0.1362153701684083
0.1364124205219087
0.13276590594644325
0.12859651524061635
0.127770093768431
0.12911877647592201
0.13177274588402882
0.13650188287836315
0.14150196008151678
0.1446067185879974
0.14889955694247892
0.15234521618795965
0.15460308775136045
0.15799802515732364
0.16291027183312362
0.1672823106241966
0.16893988438609625
0.17154070158577686
0.1748632607826961
0.177947383090825
0.18211616673985104
0.18700807665125227
0.18864838575459578
0.1943117653392064
0.1960316987812181
0.19867090025231443
0.19918713334291466
0.19930880016907335
0.19959646097991118
0.19621789812748153
0.1922907095847069
0.1879328348769869
0.18475691672842487
0.18144611244629477
0.177827402604801
0.17399201098407183
0.172803065498856
0.1703906626499343
0.16954939861741022
0.16841723487145507
0.16944521189911246
0.1690207789257851
0.16741826425572248
0.16247822752058227
0.16039579990567054
0.15600431315105584
0.15073429867680624
0.1492867133471896
0.14858950570394464
0.14762084994110475
0.14834227121440807
0.1474019292093667
0.14632936675687325
0.14609847904625264
0.14458199253475185
0.14200056512400994
0.14155062696161902
0.1391538960970546
0.13711071088957488
0.13719251190814935
0.1361683725430277
0.13600350332450115
0.1353683958104856
0.13224285781567763
0.13425805022349055
0.1350505145234118
0.13797546264339935
0.14039813658463524
0.14429393732866613
0.14376807671691563
0.14354787669229113
0.14594401567934606
0.14703740512853997
0.15027027693563
0.14942761635013177
0.14808554550512007
0.14184778601114983
0.1374215097224262
0.1353199413518013
0.13580161817287756
0.13476310365750424
0.136704206876277
0.13961057879562247
0.14434310266912895
0.14592569342618728
0.1500916557950352
0.1519911663524684
0.1519741724080093
0.15220420563520903
0.15342954064271114
0.15619455124755893
0.15879896328525075
0.15860195427471147
0.15833962223841908
0.1590094047986926
0.1580452263229287
0.15827668424774383
0.15730502343335906
0.1571697956412469
0.15617002669129634
0.15329238995135697
0.153151129264202
0.15049057079077102
0.14952023678848952
0.14824094970963045
0.14482529423547677
0.1456811765869783
0.14480350341715198
0.1480222400841619
0.1529868692180265
0.15445680123379413
0.1579126593767725
0.1602866527307981
0.1624431177372182
0.16540141863713148
0.16663944350759988
0.16979009986779953
0.1681147667206825
0.16833612289839234
0.1688801725029136
0.1707365689922839
0.17477299694954246
0.18021460733359307
0.18103201263536228
0.1814445024320774
0.1784874091697824
0.17675911453891055
0.17261568269293487
0.16474011418204287
0.16110569336197422
0.15870589325274279
0.15817604442229247
0.1597038284183293
0.16025166084192227
0.16314064384966792
0.16425300627191092
0.16642314670786895
0.17089203750473486
0.17340956397421864
0.17791347733141466
0.17349679209337585
0.1714280665771188
0.16564918120004088
0.1597688455238097
0.15789997126193434
0.1501584606601387
0.1506554436297543
0.1492500459802753
0.14771933047866945
0.14787312804196331
0.14946183136116833
0.14754408366206934
0.14623530431172563
0.14534510208795948
0.14432943218499125
0.14089626529953372
0.1397050699899111
0.14128265794989558
0.14294080315665694
0.14495190997768245
0.1478655659702487
0.15114550593117543
0.15130392260518452
0.1521758397287887
0.1304453875425015
0.12875440812500408
0.12509354505958786
0.12171184417316247
0.1208524054810927
0.12113647515760154
0.12120369535522399
0.12132937972308874
0.12117816900284717
0.12195608168520684
0.12262223685655257
0.12313736548289622
0.12436165596473484
0.12450821186554158
0.12485817414519285
0.12539543109491808
0.12559564332568535
0.126779253773798
0.12552021493831977
0.1258831430719342
0.12433072315937668
0.12327038866610504
0.12359112516647457
0.12312501732364596
0.12379835332325814
0.12495341190167548
0.12713027229561075
0.128967812263221
0.13381628162315515
0.13493173292950617
0.13915054105914407
0.13994601860645856
0.13913621400968568
0.1362394274901632
0.13468113040485624
0.1333317893309282
0.13092071268845173
0.12995707972505635
0.130693592950262
0.13077352387908436
0.1326727858919846
0.13275057715975788
0.13431044150179966
0.13481366542720988
0.1373530565555095
0.14178044650186736
0.14298677969816262
0.1455811441762384
0.1470296346166792
0.14770565893374457
0.15389981428911884
0.1589322524274139
0.16337934937124893
0.1655271292721774
0.16709633002630392
0.17107890829430478
0.1725763468543991
0.17278096056879366
0.17221191325805832
0.1723277037425243
0.17124873656105669
0.16954849465695943
0.16799772178577008
0.1650496757300504
0.16329159588951078
0.16319430260959672
0.16407735963832523
0.16496251799518294
0.1630684999668541
0.16350534199651814
0.16258281847788097
0.16171729834422638
0.16179447257229918
0.16263552303206427
0.1620626360181489
0.16159460464469608
0.16248234792205263
0.1593976840569007
0.15831234029158278
0.15931406138096177
0.15741672656625896
0.15722643583317966
0.15537943287835823
0.15484823054223665
0.15365328064494843
0.15184251309359914
0.14976510367521773
0.1468479213550971
0.14606213507963356
0.14317644137761193
0.14280010421881623
0.1401014720319682
0.1384238219885606
0.13780117211451784
0.13408426414600347
0.1318371856502762
0.13145896991872857
0.13005130095561818
0.1306187455680108
0.1320655716534313
0.1333448018808884
0.1345704219349053
0.13419416298925674
0.13460313764211976
0.13480700205716714
0.13560334460395762
0.13798620051835803
0.13742734513369606
0.13693324022840944
0.13833288458351178
0.13798245988282065
0.1390217265961078
0.13748671411730762
0.13583816127991238
0.13662114868535916
0.13607271240922963
0.1355235549478555
0.13560206167618372
0.13534775639410174
0.1340799181849432
0.1352364540659182
0.13564677643308515
0.13489687991476984
0.13484100021938325
0.13490009758592522
0.13528995067780836
0.13512835488145822
0.13517109953056022
0.13396163028478697
0.1346503104215951
0.13438547919416755
0.1349306168961573
0.13514399726381926
0.13542056241441805
0.1356362002385576
0.13632815720787814
0.13560309862737663
0.13447477354942505
0.13440635188796343
0.13436502202745032
0.13483325869780327
0.1369146302437521
0.13655637052883418
0.13614367640679723
0.13666232410467902
0.13751991113744239
0.13725982495909578
0.139426169447138
0.13704243644833064
0.1356078582784748
0.13512260324966044
0.13592732445095587
0.13598781254556686
0.13517939067715548
0.13500932902598672
0.13473539634497037
0.13451021712773603
0.13472355712760603
0.13368469023017057
0.13432974330259018
0.13194531694841358
0.12886127822405688
0.1295838446171728
0.12928698339756228
0.12869960239146538
0.1298968278781521
0.13100475393069289
0.131378586851859
0.13071126266541128
0.13053608721037482
0.13002343882374065
0.1305138630048293
0.12983166870285792
0.12874683325524316
0.1282100131474646
0.12902976048439288
0.12942235327633075
0.12975679250792557
0.12849509466468131
0.12637116998377632
0.12601725053157187
0.1259480514512759
0.12607112613932492
0.12674106435738258
0.1270283875350005
0.12739848725391678
0.12648434131609337
0.12665650196472847
0.12645634328605965
0.1271386507810623
0.12850243777727124
0.13082828556694473
0.13065509147148596
0.13192797068158918
0.1315864505801464
0.13234656262111072
0.1339896058079108
0.13385181909140678
0.13441139467264737
0.1331901473479192
0.1336875436365504
0.13510756795505907
0.13649910237380664
0.13676207524074513
0.1390748859763547
0.13971898078763673
0.1402289430677946
0.1411823289122017
0.1418460901957043
0.1436991579237533
0.14512552327019973
0.14574326379631194
0.14706164639158736
0.1471388453735605
0.14793301729293595
0.14753336331218728
0.14791731917121212
0.1479217376421146
0.14840218816092227
0.1500065535875733
0.15075598756572217
0.15045736142084665
0.15180802425139275
0.15231183640820087
0.1527566268768481
0.15435053347707894
0.15743880674934932
0.15727341623652896
0.1582447484104889
0.1581524878890867
0.1593748502911913
0.15854963173011602
0.1570074665902627
0.15770812195678344
0.15802149576869917
0.15972412472220676
0.1595640025047779
0.15978289675788912
0.1615644057551025
0.16262596615469654
0.16319978423139941
0.16474443924114393
0.16555195463960387
0.1681731313138095
0.17189029408563866
0.1728645547087641
0.17470086107108002
0.17516514525464835
0.17449025687233413
0.174242275327347
0.1738064143769758
0.17493766405527517
0.17470993833501983
0.17562072944561086
0.17662405181314292
0.17688610404850652
0.17564450621122213
0.17509208342673555
0.17378540797515385
0.17332029127402623
0.16956803625405045
0.16890474652603402
0.16898964155780397
0.16772295498216874
0.16696021600407812
0.16630760802309152
0.16419564220530017
0.1629203932796681
0.16240428367918402
0.1630133053913004
0.16389029731503918
0.16292058898581363
0.16176844470870425
0.1621127874749685
0.16217559320911992
0.16163276840157517
0.1627962265728002
0.16439768908386454
0.16419512207984405
0.1651332333169652
0.16804835920364058
0.1713079394697546
0.17225082706091657
0.1747924587022044
0.17734462301756138
0.1784303928647451
0.17749828858156386
0.17806994730172862
0.17853100535392324
0.17831758487308727
0.17856244660819728
0.17871123401662223
0.17888842052110931
0.1791192526983006
0.1782548390595176
0.1784997990714457
0.17794828706698335
0.17910475778467966
0.17776394545978683
0.1782591063824592
0.1788377133814944
0.17856339198495758
0.1785032328791161
0.1777863963279387
0.17807324197922536
0.18091034313033882
0.1831005459043407
0.18347779813338166
0.18691296358206116
0.18817942835598092
0.18707571733213726
0.18845753770173607
0.18876737448653658
0.19205274213811432
0.19316751218505385
0.19358684021778175
0.1927484232660388
0.19421678436562
0.1954333244365072
0.19547155734108446
0.19636276180924
0.19695034599970657
0.19682412383788156
0.19571772188784445
0.19590307784625308
0.1933370239918712
0.19521303686752314
0.19380496468403946
0.19483994789729103
0.1923819350201178
0.19170927568019186
0.1920475722971066
0.19196952442477663
0.19139058274882026
0.1928755387940703
0.19415896873360006
0.19285927445647572
0.19579191498985565
0.1967828553124888
0.19198181808233183
0.19191399283067162
0.19274098729589445
0.19388918900759822
0.1936166632425757
0.19365110321141837
0.1933515888326982
0.19335691830157614
0.19292133924560934
0.18953960412503226
0.1941594127642013
0.19814404733674892
0.1998234531327387
0.19929744634176144
0.19646394168679052
0.19532074464465565
0.19381786254479152
0.19164703772911212
0.19194613688579942
0.19059923408788712
0.1898451761019543
0.18968118127822967
0.18932310338900757
0.18969863529533354
0.18929880018052786
0.18935934349427647
0.18813532388784096
0.18681719622376503
0.18720197159956004
0.18659807574845566
0.18630006787400624
0.18591074325462828
0.18559497029262156
0.1845615890041434
0.18498001164063563
0.18415914432006986
0.1848804680158202
0.18493535506468978
0.1848476419224958
0.18431192413438208
0.1840142285162341
0.18305445021553327
0.1815958276544421
0.18034057038773657
0.17931855556039147
0.1784141025953368
0.1778382316945598
0.17635523970772768
0.17597156218961438
0.17400216015076203
0.17397852230711566
0.17358727768337362
0.1728895030282584
0.17296951206802247
0.1722301481540523
0.1701179594349412
0.171174088628929
0.1705338718658762
0.17185201674064463
0.17174013719562425
0.17224246524035663
0.1732632945340836
0.1746747577157305
0.17379157985104826
0.17347956973710466
0.1720925713317351
0.17062656109489877
0.17005999453132345
0.16694839109472903
0.16670315411492315
0.16386507391328436
0.16360978559762265
0.16034700234703997
0.15968065636485784
0.15928193084704362
0.1577929166438065
0.15866542018166946
0.1564946869143225
0.15514598891143852
0.1567112162918179
0.15615264936003365
0.155847281302028
0.1586075861190533
0.15822644022805593
0.15663467518500104
0.15573745446378517
0.15622805509964516
0.15612590055130626
0.1546472320906223
0.15388190321953102
0.15218924752777613
0.15197885636128955
0.15105228368595305
0.15192070689080928
0.1511753760491637
0.15138196872933718
0.1511967006982659
0.1499377391216395
0.14825383859207558
0.14724213624534715
0.14815885806078657
0.15015611087227065
0.15301303143280437
0.15101341140137958
0.15358680586480453
0.15445579738372586
0.15507338099008966
0.15446478426507343
0.1548423579458427
0.1576449259836739
0.15733286221351683
0.1573380386957844
0.15804772879927584
0.1589472927073509
0.15823706381555533
0.15819728301377825
0.15930099205452442
0.15744804396318224
0.1559444052161453
0.15589773893046327
0.15577394268368872
0.15457937650421708
0.15643380125617629
0.15660397474497345
0.1539990957305634
0.15314626229596
0.15202343575668864
0.1507744445805052
0.15188551702600736
0.14924466485427776
0.1493731664297402
0.14760737445880462
0.14949356240008085
0.14753757375481344
0.1478691771362065
0.14995683446877858
0.1512348843712405
0.15114703847212435
0.15017211658120216
0.1499771481943551
0.15021889426990903
0.15162156791770826
0.15085497111600965
0.1515050207077477
0.15200456458240846
0.1510277617696444
0.1514779606433912
0.15235329132977243
0.15248560486832693
0.15275874774258408
0.15335441267496014
0.15357213546488316
0.15192305959772381
0.1514417956114694
0.15062877618237291
0.14929213971193317
0.14776662769547502
0.14717239343937866
0.14755969016161818
0.14786226430286112
0.14691585969124338
0.14456875849401993
0.14465754693521277
0.14504134037550148
0.1431190154372059
0.14347807135442806
0.14338440578850134
0.14336271793366895
0.14234925944355642
0.14381236363639655
0.1450564867733136
0.1450365599627129
0.1473914353956448
0.14806694354978278
0.14710842612573166
0.15078706764442068
0.15134891587877877
0.15397644944842387
0.1543615387367715
0.1549251926081176
0.15625520645307994
0.1567323261021955
0.1590593337237915
0.15874301154545456
0.15859487658268787
0.15754379812484914
0.15446185899684656
0.15272424727170233
0.15204894747948977
0.15017102592468615
0.1506103642040157
0.14704731400317042
0.1447965745280116
0.14295352214356122
0.14305050321487714
0.1424442150157875
0.14087120766205827
0.13854905043519933
0.13727167593290412
0.13619994262740068
0.13651027579474048
0.13555127525925942
0.13397348132422443
0.13328165293090502
0.13256316671555904
0.13021104954271165
0.12906617128103934
0.12695776096651853
0.1287134959283221
0.12878477122702564
0.12777027310186148
0.12760577823116853
0.125873575989087
0.12759759075606206
0.12706675167712556
0.12820783716169537
0.13000474992405123
0.13035763720739738
0.1288346176681557
0.12776491164503495
0.12852685762510002
0.1268158338180104
0.12617366023691154
0.12645101094059466
0.12614531904750026
0.1258474174494973
0.1249104295449068
0.12439760401664952
0.12045620119474387
0.12121186929502566
0.12177182316153841
0.12238727902726645
0.12429816349835465
0.1230634428845712
0.1251573712550188
0.12644344747834013
0.12594162900441658
0.12601722068359678
0.12515329391722937
0.12709528401067957
0.127107267393595
0.12717790299383563
0.12717745310398929
0.12635640325202355
0.12645821533246512
0.1260805380750727
0.1268121264352399
0.1276745980056167
0.12843663221513532
0.12962280996456038
0.13262277434967853
0.13270446124050472
0.1337149575449404
0.13407066428185832
0.13358866841324074
0.13379387516606567
0.13523405099035743
0.13402347549996946
0.13197028474096353
0.13224524888242292
0.130731812692961
0.1297021642401442
0.12763053261734097
0.12603770394404798
0.12576621740878857
0.12311445389744033
0.12163403100623546
0.12131406337560362
0.12239919474335251
0.12172440512837905
0.12232504420129402
0.12221914205017437
0.1210073460721072
0.1217046072359826
0.12284434124971866
0.12385848618710464
0.12370431121474898
0.12474792075365956
0.1253292921587385
0.12463231286312204
0.12401555871605632
0.12403001255010457
0.12521167730136565
0.12756664058306819
0.13087264018011563
0.13239741568577262
0.13358893050655352
0.1329583853497308
0.1333023710539337
0.13466777329373614
0.13564147009012945
0.13632767062702394
0.137483694058426
0.13722097213718587
0.13258686083344606
0.1317695949201368
0.13001645049295027
0.1290208922091005
0.12884536413008438
0.12815070331467088
0.12840965432744417
0.12644979346272386
0.12595189872962959
0.12559657653223208
0.12423480114326438
0.12353421063550932
0.12382563830064039
0.1248244890914818
0.1287658792499742
0.12932654680910666
0.12966122177399414
0.1299423497812447
0.13035960168090172
0.12976844772749538
0.13233048565348138
0.1328615738396691
0.13522136873330112
0.13679138367483817
0.1375909169246657
0.13742124377892956
0.138123543419926
0.13793707673914465
0.14033614028681374
0.14036540625360913
0.142474842285288
0.14152688975065467
0.14059656683287264
0.13887994439103904
0.13898876722815595
0.13726147743630043
0.1364218853624166
0.13633377619536452
0.13682682177551025
0.13734103082655263
0.1372659364361889
0.1351545914302366
0.1333916660879561
0.1304015640079064
0.1285983653860027
0.1273551317644342
0.12611314446142946
0.12474246620204547
0.12534170870347489
0.12540464790672678
0.12521305941027555
0.126244493767302
0.126402025609962
0.12478848863990084
0.12414759851531373
0.12536795854442012
0.1275095603466733
0.12880822731838032
0.1277285618239905
0.1294260334067049
0.13118979383339188
0.13181144952259558
0.13171451534394357
0.1315518707596238
0.1324055646471899
0.1329923063998038
0.1341699503900456
0.13282299946359402
0.13409112901244696
0.1327779396717489
0.13017635241452283
0.12528183377224608
0.1221702344409423
0.12104293813849554
0.11887633308772386
0.11818435298428756
0.11466187317085401
0.11441030317150731
0.1122966863071511
0.1126149506201954
0.11348776510476899
0.11434659432398217
0.11582164656367717
0.11587289721973375
0.11601149626010568
0.11648210863630863
0.11735445094559445
0.1183717280124517
0.12223834585904085
0.12187130854469355
0.12342093090729751
0.12445120990745828
0.12475777339331247
0.12597111424514873
0.12863564426395252
0.12853718066477457
0.13115196473090812
0.13226969320742482
0.13299011441821715
0.13228308032000247
0.13166499145331784
0.13051953193323618
0.12919217021183846
0.13012895247452125
0.13114906264071685
0.13121016892952558
0.12755745514900294
0.12736862692528514
0.12414517760756252
0.12053034251276613
0.11853111797850413
0.11858112283013025
0.11693689749997076
0.11748711362125683
0.11655179773711388
0.11760037776105588
0.11703893013638253
0.11536882493620573
0.11550981578584077
0.11568452223286443
0.1160564078024241
0.11619576646646754
0.11563216087520904
0.11471897517548786
0.11505544452548266
0.11711847092265229
0.11644468121548465
0.11703019482124781
0.1173075695554628
0.1197775654865961
0.11845869760612986
0.11859817472450299
0.11853977259203514
0.11899680141716758
0.11759567591748224
0.11733196154768175
0.11782695743185523
0.11785238923414613
0.11914731928261894
0.1180413685497522
0.11672945668125448
0.1159475534730644
0.1140222095943039
0.11225307557788737
0.11114120918830299
0.10917679383020848
0.10933931893250622
0.10877042592048784
0.10750926773894938
0.10675876745876142
0.10691078123093364
0.10287929299326617
0.10368417088789894
0.10431519415019952
0.10818863783078932
0.11068047198219107
0.11273124130382409
0.11415605665200974
0.11253671190288608
0.11359821284338241
0.11315224105996906
0.11655904182246694
0.11816749405720058
0.12037990216771724
0.12042042353598437
0.12270340692342648
0.12291319722738789
0.12519084225872343
0.12657639838180895
0.12688975522326065
0.12634974340424818
0.1250679653068003
0.12571997642875032
0.12571189846726533
0.12581212381021395
0.1243085708575555
0.12361314025907584
0.12105301434556012
0.11923922992266633
0.11745870127363978
0.11635445670711134
0.11712295343062613
0.11649838902262821
0.11611619737477094
0.11307566863579874
0.10836334968597364
0.10675109314091166
0.10580169086397499
0.10628083810514566
0.1087234984111646
0.11403479119533484
0.11972313187228986
0.12303539924536437
0.12638499627072608
0.1288401152388635
0.1331689846381653
0.13477974270905693
0.1373908282866406
0.13822872119948076
0.13797318719559643
0.136235567884743
0.13634685499292593
0.13497041207578386
0.13579124825942443
0.1365678633897911
0.13638720345834085
0.13690843704064848
0.13596848032984163
0.13379435034931458
0.13190068919271972
0.13185619999862952
0.13087771679996044
0.13133424060860516
0.12958464523652752
0.1287647583130439
0.12613682174115257
0.12457894104047366
0.12294022030696364
0.1228650264080106
0.12117878726344793
0.11993721743761325
0.11916891638683122
0.11677210886395217
0.1130618276437926
0.11257475570769884
0.11139458859167306
0.11517367240845675
0.11679164399657356
0.11864123616252567
0.11676244877013997
0.11158835376489562
0.11255560843433443
0.1136330153754254
0.11396517120043029
0.1141090635812974
0.11425812858719968
0.11456316729184671
0.11407007802224253
0.11161127554609271
0.11238039303489784
0.11645965824908493
0.11964563864268615
0.12208866823720807
0.12056584997170841
0.11829374482336948
0.11417611768439181
0.11309981116697924
0.11136157867007541
0.11184867651420138
0.11275997913494624
0.1139167603133348
0.11305131958619241
0.1115811686535387
0.11024512611133955
0.10920263554176106
0.10806836803644444
0.10834220695809686
0.11044700938109915
0.11124742582174296
0.11167781380645561
0.11567651942164159
0.11330466349942195
0.11211349733884328
0.11151396074856157
0.10999823501663172
0.10682348603749545
0.10486647043450259
0.10553246748893416
0.10590323388917475
0.10664282991974658
0.10789775829070827
0.10715919059079271
0.10614078892127592
0.10601844056850229
0.10731682435753571
0.10499544570508479
0.1038365717942317
0.10480184772361897
0.10738261060311305
0.10528089545233366
0.1052788061493879
0.10616544472572804
0.1101529357105641
0.11360581328650347
0.10896290354514829
0.10182839951116147
0.10137441199703393
0.10174057209181223
0.10659199996040339
0.10898513599252421
0.10755706368361832
0.1061124992205548
0.10674475253627332
0.10730401705914394
0.10741614848636909
0.10967348369402075
0.11476362694855713
0.11752958049016075
0.12081727084796032
0.12244157703662759
0.12352897870015908
0.12362729058408439
