0.333055689544778
0.3320852525596913
0.33113448805817763
0.3300718662082402
0.3300642373425638
0.32973387874312743
0.3307053355955321
0.33244196077496396
0.3348033105386291
0.3360307133776609
0.3365523718298307
0.3358263890031087
0.33442935661569173
0.3336595278435296
0.3331819003124984
0.3340839489028537
0.3342417155356945
0.33486759427880186
0.3360864163240267
0.33677628926668446
0.33557671675199574
0.33438123299388334
0.33251611329444064
0.3314431993313686
0.3311514300817952
0.3312929897344573
0.33173501090638213
0.3332099801222858
0.3345107066510305
0.3349568831830757
0.334458467100025
0.33255680450374026
0.3296915861695556
0.3278583484683281
0.32614641974581937
0.3262919954441791
0.3266862621649394
0.32731025048106044
0.3295114730852814
0.33110403877932404
0.3306909447976535
0.32823746837872037
0.32712006654703696
0.3265491211076915
0.3260683631343714
0.32560509401012677
0.32640922544403095
0.3277603105801069
0.32842136804940136
0.3277927485069076
0.32753198272139067
0.3258376284789911
0.32415288695250616
0.3236765295412269
0.3241212445845976
0.32452222136244946
0.3252614976968728
0.3255316618164796
0.3245684547180133
0.3229393330042346
0.32093620363959485
0.3202868759583302
0.31915550921064556
0.32073419684316806
0.3222503754175554
0.3234643946971526
0.3250314918431487
0.3254278347850056
0.32516036755354943
0.3243086467417587
0.3237030235235354
0.3241385119671847
0.3243760741034988
0.32506339381045424
0.32490450602080817
0.32531400639409924
0.32650803022123676
0.326356831716281
0.32673842916885437
0.32547037433117326
0.32423919013033814
0.32331566143050106
0.32352121101364373
0.323239032769157
0.3230023507027801
0.3230759106994424
0.3229138988953176
0.32382199380062937
0.3239115012426725
0.3242064837420494
0.32227709120431697
0.3213472616550927
0.32004297343284843
0.3181870123790144
0.3169323287384636
0.31602047399665434
0.31519146801198683
0.31516033114639913
0.3158110016394067
0.3146153243953213
0.31393496789910313
0.31207503862605024
0.3092943920553673
0.30826325004282396
0.30614092514888275
0.3050644769122614
0.3044687926021496
0.3031003625215999
0.3043695497827529
0.30365574163091186
0.3023856448082277
0.3010834985383653
0.2994409831906092
0.29618085921900716
0.29379793983568725
0.2918183166654885
0.29042700042531727
0.2890821820396691
0.28867233902319184
0.28907429368347554
0.28895192481284704
0.2877747497214103
0.2859338273416404
0.28270515977765864
0.2817714429295516
0.27950806695770397
0.27804790760050546
0.2780988154546886
0.27687609241158795
0.2770575523313123
0.2754340555456473
0.27527050134726394
0.27358207625862907
0.2730484355317627
0.27075320862237484
0.26977677685961515
0.26740012817765185
0.26602227700010245
0.26447018375364767
0.2629873646323763
0.2611497059275174
0.2582174235173958
0.25655922918637974
0.2540263099243757
0.25138284780560455
0.25037635761869526
0.24798260494976318
0.24473819139059652
0.24277809927015231
0.24160533896200356
0.23905902719334624
0.23885766490388122
0.2375437149485454
0.23737453410548523
0.23561360042469057
0.23277072630454326
0.2317479645598965
0.22995783277836246
0.22886670295057576
0.22826816462404986
0.2284481196233945
0.22815485400422894
0.22796293895675396
0.2272211543947476
0.2236669412471984
0.22222219517610178
0.2201026907663545
0.21885741592038682
0.218325116392812
0.216992429583491
0.21677717146042674
0.21679047831101017
0.21522612644122135
0.21306170355283216
0.21067810726453923
0.20902634721024857
0.20736045083406393
0.2048653951898575
0.20359453480774997
0.20342267475437287
0.20312387923958058
0.2027392605739075
0.2020377919357092
0.20055977833177488
0.19861756911249598
0.19695389477412847
0.19572518591341012
0.19486192005890807
0.194099644546804
0.193908806910533
0.19324603934231427
0.1933727929870512
0.19366105877146236
0.19380874536854842
0.1938717019729515
0.1940823774726803
0.19269386667387145
0.19162126516410974
0.19055074669259175
0.19022267646193583
0.19058857347597183
0.19131600022905856
0.19384875785756656
0.19441865808781064
0.19614861188986799
0.1984394936797991
0.19938191740387284
0.20050431865830384
0.20012209930476188
0.19878385746846167
0.19858636658274875
0.19758657459167608
0.19745282401794514
0.19808110049843353
0.19766395747017118
0.19812077937639075
0.19911759869939702
0.19982150786668396
0.20064040627876203
0.19929830750210972
0.19765730358930156
0.19514842210028638
0.19444344104005487
0.19037815330411206
0.1854144201363388
0.18328605601402756
0.18311221520881246
0.18452517943999563
0.1848333263224902
0.18552416420690737
0.18672583795955083
0.1873992793519858
0.18754571817909518
0.18625421881984255
0.1846468004735473
0.18346999089372928
0.17980664200145302
0.17844361801007808
0.17757219804940824
0.1770121206309863
0.17841982993449879
0.18063566810252504
0.1820566983186489
0.1841692998765685
0.18463491410815805
0.18510608599071185
0.18623961136638872
0.18751299930564588
0.18836329735926716
0.19090893084990296
0.19139540055064186
0.19323203683724566
0.1953197569004001
0.19665524770050985
0.19848755285046918
0.2006042192725051
0.2015244147012146
0.20230661356112595
0.2029482063056726
0.20548138575453737
0.20759847310961801
0.2104949659465806
0.21170200655051138
0.21433510230801583
0.21559889556039136
0.21816481117168024
0.22001885713387007
0.2213164028588536
0.22290000402106172
0.2247292665559247
0.22499651960427988
0.22565198242597312
0.22586969848813046
0.2255999625053772
0.22515895789504134
0.22557133854232925
0.22539110291270817
0.22625112222703475
0.22709332663887372
0.2279908122046284
0.2282605546599333
0.2278858619823855
0.2276956529734578
0.22663938749644957
0.2250550166819442
0.22358309720915806
0.22384663781105169
0.2229276887805826
0.22285622895378215
0.2226955605196265
0.22255917497288547
0.2226529692122911
0.22296485759449958
0.22188857605598802
0.22088397134021678
0.2200856475342773
0.21783347129747552
0.21718319718063314
0.21586142190080512
0.21433906662595742
0.21383251275115764
0.213890266304468
0.2145677921862741
0.21590105906154985
0.21724505757814713
0.21794448382172563
0.2191105517094075
0.2203261319409088
0.22141332586198806
0.22198094485863668
0.22215216301860446
0.22256051991546805
0.22209681517017868
0.22317115954842812
0.22293305887365533
0.22375305841752752
0.2253728419351201
0.2256804912843648
0.2266191371890566
0.2274432390248536
0.22769533105862397
0.22675413336769035
0.22707763127680547
0.2276713622615373
0.22714523158109748
0.22706721048094428
0.2265204428298418
0.2255440661601019
0.22526829080703653
0.22528322361873437
0.22638823943845932
0.22637240121169247
0.2259212115391041
0.22641074136428724
0.22540331121613089
0.22572199711445778
0.22747257129917992
0.22698008915650209
0.22729526267510422
0.22699890510587967
0.22726308544103024
0.2294018449218918
0.22939133071585177
0.2301796312546621
0.23066700034221438
0.23226104850773494
0.23324977322056334
0.23609061828958047
0.23799497030419312
0.24166948064402782
0.24541634604776275
0.24812319763246019
0.25005452674508366
0.25365326194993904
0.25214447895867365
0.25199555585079425
0.25376743076305336
0.25577259112433354
0.2566289254268174
0.2586107366826803
0.2593853269881163
0.26096374228135655
0.2625524119860281
0.2627282746888535
0.2634936584446264
0.2638805412707426
0.2636321768466477
0.264155275508534
0.2647897579257575
0.2670401854895282
0.269271529568032
0.2712360577859596
0.2727599445837904
0.2721964528564594
0.27330318698897493
0.27523603014400944
0.2757758594380727
0.27921260117387586
0.28194559835571953
0.2827663511850004
0.2845962016430496
0.28589426508202487
0.2867716185304387
0.28732561418567315
0.28816347526521324
0.2894993700385068
0.29017057989629685
0.29154158222910664
0.2937117151033148
0.2963300130716857
0.2982337440099023
0.30168849521155083
0.304609940345316
0.306979332179768
0.3107899603410039
0.3140066314238354
0.31744838883642723
0.3215141247629864
0.3256044788766822
0.3280789681991484
0.33056735463849973
0.332612974164362
0.3348771590568891
0.3372603979145704
0.33925751716133473
0.3413811341174692
0.3423584156796454
0.34444666382338285
0.3459196084192402
0.3472311841745853
0.3489808583679595
0.3512586678013298
0.3524867298680241
0.35360290236939834
0.3544109135613272
0.3171599441512143
0.3143582864801192
0.31322916717302685
0.3111974045573687
0.3109233179965108
0.30958565144939093
0.3089459809874674
0.3087665018381197
0.30901131136661486
0.3097121750697073
0.3114967828804528
0.3123251399042405
0.3136375679720923
0.3142858327600832
0.31264204334767987
0.3101221349580832
0.309144768516454
0.3055571470573124
0.304926200552181
0.303955690395059
0.3037336605468416
0.3053667944009626
0.30592544324304305
0.30742729276372144
0.31005599705417786
0.31122720674691257
0.31203134521186626
0.3127857143331927
0.31148200818398386
0.3119418891980136
0.31050969650154236
0.3088511416013543
0.3091389749973237
0.3083152983736651
0.3092943069077313
0.3114702950439899
0.3123106170057045
0.3144676433121326
0.3149195654465391
0.3160109651795866
0.31768050920312874
0.3180528716920941
0.3194000325324465
0.3210916110532568
0.3215440453432675
0.3229410723595802
0.3254561966628512
0.3256432764575047
0.3259064043893632
0.32662829680391975
0.3269447091202996
0.3276608975377079
0.3287517452570713
0.3299480586184216
0.33109552117936836
0.33353770281284223
0.3346224350663406
0.33484211593229063
0.3373865259060082
0.3384227580802711
0.3411180987662151
0.341657508918189
0.34535103967974334
0.3465985100869849
0.3466100313937054
0.34841052638402703
0.3492992560285857
0.348758480535705
0.3487845260155928
0.3486256091348988
0.34832363407906486
0.34802747133932643
0.34757439924099576
0.34727429039061086
0.34757437837635613
0.3479082873807607
0.34827907530846325
0.3482566316481907
0.3473167459377974
0.3460919814383168
0.34534697497497324
0.3440848131230046
0.34442250915034933
0.3444341013241863
0.3419557869602637
0.34067433196242514
0.33891155451290816
0.3375597893994572
0.3357323161323954
0.33460345263054464
0.33369378948246525
0.33289966313775887
0.3327258644812924
0.33194764451408065
0.33118725279428496
0.32966116746928953
0.32652650705649494
0.32547783907483097
0.31443541831653443
0.31291068383554954
0.31035104873702674
0.31041131337220035
0.3101705251954737
0.31012776365774536
0.3092048780736141
0.3097366651791118
0.309422905593982
0.3084414489410503
0.3059299267838246
0.30565439748074097
0.30532241656410963
0.3065887360711476
0.3084318158237501
0.3096004731976555
0.31252336105388273
0.3150406959514001
0.3166981401987693
0.3158262266703806
0.3158251556372648
0.31521461381075466
0.31343476933208947
0.3130922689799206
0.31207679010997164
0.3118030710510499
0.3108409693507399
0.30907949153816616
0.30577485808517446
0.3026027360460421
0.3002250860895153
0.297205448548993
0.2953073409257043
0.29242365577234497
0.29144756862753496
0.2898935946065849
0.2877642555290996
0.2865389300723543
0.28413798205444135
0.28173677462555763
0.2809245655148527
0.27821898590412186
0.276603746504705
0.2753011828396344
0.27499598993879454
0.2748459542748831
0.2746865124257197
0.2743645572427694
0.27411942733219846
0.27429979767529084
0.27438537267905455
0.2742183821341989
0.2747655627778845
0.2766221544925279
0.27929383443321776
0.28270577565608523
0.28420209664103335
0.28845675004366
0.29043747313680485
0.2943376432020141
0.29694160690325083
0.2986286510353348
0.3016931326151949
0.3037657555406085
0.30920511257024413
0.314166089577419
0.3191481345632673
0.32479341044972704
0.32651776728971044
0.3308999732354945
0.3349287589291792
0.3387673376815633
0.3414538933611653
0.34317203971024146
0.34632908269554785
0.3477513080373643
0.3496500124035889
0.35116075517018774
0.3524265551721486
0.35404756645211666
0.35418802209964123
0.3543116259689595
0.35653483416313103
0.3583869961469843
0.3593678779418909
0.3606592867885796
0.36107540443319935
0.36375500019339774
0.36438919899249206
0.36660250609134054
0.3672785976870746
0.3680593157530816
0.367562471126721
0.36727079708573307
0.3664913842270906
0.3660628042051165
0.3657880273427877
0.3649922065684167
0.3644567305201921
0.36415646719196526
0.364366631611447
0.3655132057952445
0.3653873836584027
0.36559618071032357
0.36499149053981955
0.36257507607435613
0.3629056533106352
0.3616964063365629
0.3602776889193618
0.35987717346801873
0.3607528099932823
0.36070914750889976
0.3478214011932198
0.3468355970784677
0.34568337891674134
0.3457818286968438
0.3447848922751647
0.343085956309788
0.3421313798318714
0.3420984807592826
0.34282336558069904
0.34263385765456766
0.343898941749984
0.3448324992950614
0.34529664441189634
0.34598861706921796
0.34559161168477026
0.3474382788479164
0.3493238115189813
0.35063803553256545
0.3533189241939405
0.3521493972715988
0.3512921998004365
0.3505967388487136
0.34979020964225044
0.3496961337442233
0.3491658619935917
0.34979985417161724
0.3495482311740919
0.349556870333288
0.34936286194421723
0.34896553831581867
0.3459489487064404
0.34482766700360645
0.342104998584228
0.34059958284300185
0.34084149878981285
0.3391242411490014
0.33850199129332953
0.335368200380632
0.331376595177876
0.32887372875174437
0.32258251643153113
0.317799908184696
0.3134142540530319
0.3100425498468858
0.3093447183221697
0.3064253507521263
0.30372384272642716
0.30224539015296725
0.29765376581838027
0.29428006202952306
0.2919871867967768
0.2907716600290199
0.2905671000432192
0.29116850982796677
0.2913192056276114
0.2930061979364756
0.2929711780226422
0.2936431226533871
0.2948557492519829
0.29678158059450077
0.2972929692977816
0.29866666595933766
0.3007911345875792
0.3024613528928968
0.3035066780290851
0.3045885452809939
0.3064362187631772
0.3082030777529436
0.31131814035776867
0.3137393151380383
0.31606658910753915
0.31730380470034075
0.3187383186958409
0.319657048821291
0.31954270080063224
0.3219091883002296
0.3247289426716803
0.32966395662514225
0.33202918502107703
0.33657726582318936
0.3395262321304612
0.3402408810479086
0.34309616696162515
0.34549222508431887
0.3485777296299649
0.35058529483383055
0.3529005440308536
0.35487581920818123
0.3574216197518157
0.3597706053723307
0.3615056155654721
0.36285224055518517
0.3633184783791672
0.3632044162454703
0.36328092401653744
0.3640438924592905
0.3664575235088841
0.36793516780216906
0.36842765404448297
0.36800760949271666
0.3673148594340762
0.3663834678271062
0.36562131071465387
0.365150758447933
0.3628546994731289
0.3621372399544903
0.3605870241219999
0.3593648418092697
0.35648171694745007
0.3545459950406291
0.3535417219194099
0.3526310188534911
0.3518150897122257
0.34936337804655654
0.3455710490304094
0.34204656448917603
0.3403423383711299
0.3361184347190011
0.3321932863598526
0.3293588901535504
0.3276397102497674
0.3268524676933717
0.3246933490624107
0.32216793000021676
0.3182891479204044
0.3143699172735041
0.3097392946751295
0.3048104878845158
0.299772393963216
0.29704673053174135
0.29360701591753413
0.29139913407545925
0.28843655992579686
0.2857328250820312
0.28288893233152596
0.28162918402326326
0.27897407075663805
0.2768586780600557
0.2756989475327852
0.27441232487141876
0.274539536513004
0.27393992886724083
0.2733641939862025
0.2719715100961919
0.2723022143672806
0.2738984832331812
0.27356502509233777
0.27531412635273445
0.27824048057603534
0.2795943423251121
0.28346771631081513
0.2858004164493099
0.2883128023832532
0.290625461780983
0.29128735909163367
0.293343828547824
0.29486378301771804
0.2954650416621301
0.29805956752774476
0.29968903641971634
0.3001824120649851
0.3015745409066114
0.3023332978632002
0.30330627475448574
0.3032929651308568
0.30344660776401045
0.3033843148307052
0.3042130470059724
0.3069148365379296
0.3088832193133283
0.3108241085575249
0.31190702402366693
0.31312647978140495
0.3133186369220685
0.31256982245992965
0.312764146950789
0.31297281853152226
0.3136469519179358
0.3141477711894104
0.31342035845661814
0.3132943779556212
0.3123303745135966
0.31276020282980677
0.31258500525198374
0.3127570605093681
0.3124484513599497
0.3037750731481506
0.30117386572863314
0.2978433743347198
0.2960276005173091
0.2930785821870414
0.2905931349252269
0.2903544556891734
0.28714752906334884
0.28367377335947636
0.28167782508253236
0.2775523581246241
0.2746762423733745
0.27404652419190345
0.27448816377996704
0.27471560855937216
0.27473517440727735
0.2755356632951296
0.27473060031775387
0.2738951214095712
0.2723505424007523
0.2721081970215701
0.27081324578600996
0.2703624877568063
0.2705164292175913
0.26917583609750356
0.26694346901370464
0.2657151873709353
0.26207733088314616
0.2590345303050262
0.25703266525861385
0.25516822835012554
0.253515180481949
0.25058483769366746
0.2497125000413279
0.2493351136374784
0.24824762976202036
0.247294018459871
0.24657700329931087
0.24681502124514482
0.24759144555617146
0.24801431697074428
0.2503168803007057
0.25292313581521625
0.2557459950162203
0.2576118621870719
0.25873007400699544
0.2597462519614755
0.2614157001139445
0.26254406310785494
0.2646933603907741
0.2649322498858737
0.26512393611078144
0.2665272874268997
0.26975511537954927
0.273661155865548
0.27571263624703635
0.27887765881663673
0.2807541393366052
0.2837657249365744
0.28767183396343843
0.28916457390295053
0.2909384641124776
0.29374671910062833
0.29552450661751456
0.29694770166602225
0.29733705264159266
0.2979587070510436
0.2968419004217856
0.29610906758473216
0.29436694253282053
0.2912095604489382
0.2902686575449781
0.2877996017415428
0.28652709366386375
0.28617263897148887
0.2849840231342188
0.2809861787150061
0.2796185933238018
0.279869085587703
0.27925398135498825
0.2816808467407653
0.2820672151049362
0.2799740670208903
0.27970572726654563
0.2777371198201152
0.27689118323627804
0.27734645225941484
0.27775418096548604
0.2765953530395431
0.2768814027029625
0.27534037652944343
0.27367255859221473
0.2729859829240453
0.27327553759026485
0.27469048258344325
0.274463883260596
0.274562220916656
0.275997109144857
0.27624450528965905
0.2756684668968009
0.27508885739346467
0.2747528125421577
0.2747166633643029
0.27557477930397567
0.2763583247291238
0.27662451803333166
0.2767151290970645
0.2750894681937803
0.2743695873370661
0.27394289178592396
0.2735163973948906
0.27406395916256915
0.2737275590621069
0.2733753870695917
0.2733660021737807
0.2731279538096876
0.27373661248872727
0.2755211162089875
0.27747705233956516
0.2787085240698163
0.2810309432437127
0.28129724725844846
0.2816013575315192
0.2834825994751616
0.28451760707473694
0.2874217512407643
0.28884336719304227
0.2902595661839348
0.2905922346643642
0.2903251805176742
0.28945849565565307
0.2893538129797028
0.2886667237693543
0.28890263132015426
0.29027131138693785
0.29099581852073053
0.29245044754751365
0.2931779421385321
0.29388436598572065
0.29661286145550925
0.2988772706040909
0.3015213471053849
0.302650226815613
0.30501050536863283
0.3083409962441038
0.3115542095024365
0.31458532324154903
0.316928409501091
0.3198674159939886
0.32332256415331717
0.32479661710745517
0.3278051107112919
0.33107148602995984
0.3350636466153113
0.33944704940821546
0.34222552187003363
0.3441027214081897
0.34729040195572825
0.3493135580625186
0.3507054403232432
0.35225933558029004
0.35382302049908365
0.3552245898787275
0.3565469787441419
0.35846400816999474
0.36140875082754464
0.3629385739766481
0.3647113970487317
0.3650452405816889
0.36535486396785816
0.36585860577964596
0.3659827207037226
0.353620985292115
0.3488259518777756
0.3526777986104716
0.35092247409482746
0.3502147867274408
0.3484151316380755
0.3462579299631866
0.3450288412030469
0.34300212735379443
0.34261882004422634
0.3411321416530655
0.3408336536124089
0.33952756410588175
0.3360026194649581
0.3334719513943081
0.3327212359040947
0.3297411716807765
0.32700449248098507
0.32569026111451255
0.32261628217675853
0.31980046838385895
0.3189006130284918
0.31551394432453883
0.31262066573157754
0.31037720707316374
0.30842544438256303
0.30577558251034487
0.3024163689974723
0.2996008335840712
0.2985722749444039
0.29772812247781355
0.29735054773953806
0.29536627297500967
0.2918980700779029
0.28724890108837686
0.2855841817074098
0.2809976670822951
0.2764505070174505
0.27281018699601217
0.27096793036372874
0.2682427552161146
0.266360637141271
0.26380965176346255
0.261802230443274
0.25824183369244647
0.2562412677679503
0.25469213183551076
0.2515444756755828
0.249332931565744
0.24805674982620135
0.24772897323854912
0.24686382643096358
0.2460945515223702
0.24532122362373904
0.2432287215101289
0.24125073454953583
0.23897738856566114
0.23782258500303635
0.23908144836897346
0.24007212604370123
0.24103401871219665
0.2426379681293212
0.24334897996434565
0.24322351382828572
0.24293539689223426
0.24422340625649777
0.24514195531915273
0.24718992894701164
0.24903467373111035
0.25085737108235573
0.2517106534461246
0.25419023149051995
0.2560063936805197
0.25698088678831515
0.2581469860067936
0.25957764953242596
0.26037641746230056
0.2621718722763568
0.26572628181472646
0.268928546320815
0.2719330896592234
0.2737634545429048
0.27456633669363245
0.271909188401357
0.271292428939668
0.27333204572115266
0.2752969773898498
0.27836066902081835
0.28070499315533287
0.2838343046321876
0.28667013198474867
0.2873670270860532
0.2874643624826858
0.28750510750877406
0.2869374206576101
0.2863318776429047
0.2857953788282831
0.28543047063703336
0.284855773168812
0.28492368950911184
0.28522063091369226
0.28546345450155486
0.28484217759284364
0.28377901621690726
0.28311531208550667
0.2810987478886992
0.2788800780548142
0.2759056110932988
0.27399817537271803
0.27228799304705364
0.271679127581543
0.27051576027526314
0.267437056958306
0.2632698724043315
0.2585524509657879
0.25657659729382476
0.2529621723405272
0.2509450570211993
0.2488636390104107
0.2457089831079619
0.24333994182212365
0.24172128770386753
0.241255488197393
0.2381094497108899
0.23597892690533726
0.2358647717093832
0.23631803588133554
0.23720620552683788
0.24016600208793437
0.24239281487478542
0.246897942998354
0.2475870415077329
0.24969462601724213
0.2520325104966873
0.2532019389769052
0.25635029566429757
0.25910741676420423
0.26057475894097093
0.26346411196174174
0.2675116619147429
0.2701939684232222
0.2728335313799154
0.2738746240708705
0.27548785677561527
0.27861308941931157
0.2801134198525629
0.2831793013940517
0.28611794986352224
0.28983863757157874
0.29107893984118577
0.29278928247789127
0.29404768602793824
0.2963259486380945
0.2977568335764569
0.29940152883187365
0.3002214536338411
0.30192485525364443
0.3016585541303725
0.3027842286997847
0.3027301822985751
0.30148716084625043
0.3005655005682864
0.2989011594687631
0.2968723542488295
0.296580173316495
0.2960018098311644
0.2957362188155936
0.29648030622532684
0.2974687952627512
0.29833274533317217
0.29782300912585635
0.29664168788630824
0.2948068442533391
0.29460601830743904
0.29401154743717395
0.29423690839546984
0.29574149492859353
0.2964736719987117
0.28756448450674393
0.28952454271498607
0.2909068390794672
0.29184825770048084
0.29236361186793747
0.29462224713489216
0.2948496282880435
0.2944153776832827
0.294121047348459
0.2939618545560396
0.2936712288980737
0.2934414722671678
0.29316225741094337
0.2937968543180158
0.29479868878888305
0.29556286240283325
0.29650687451986113
0.2969002448457417
0.29651621488067037
0.29711954633484916
0.2967142869031249
0.2966336712418569
0.2977298030016166
0.29790263151851043
0.29894770128343845
0.2995833390426677
0.2998529563570673
0.2998532468265845
0.30073723979848294
0.3018949020824094
0.3027830519705044
0.3036285310818191
0.30367804330436116
0.30436161685739505
0.3048032153338145
0.30502335038600714
0.3070022540039603
0.3088771031673177
0.30955722880720815
0.31085557325314694
0.3111095702939989
0.31141201997034607
0.31168181523254723
0.31234148654472127
0.3137296782146089
0.3146450596866773
0.31491818752233625
0.3177996325254718
0.3187694573688968
0.3203339723267208
0.32127269463291797
0.32088604153896205
0.32216696064452593
0.32300193590564347
0.3237139079676933
0.3233056303557521
0.32444719481303746
0.32530331792123474
0.32654912398175695
0.3272255581018442
0.3287542071281294
0.329949605303377
0.3302259122543496
0.33071331544521737
0.33119562443721823
0.3316282239466816
0.33287354219700505
0.33295140608570084
0.3329018518062485
0.3322229591478255
0.33183495939463015
0.3312982487988717
0.3303759713025366
0.329602166359226
0.3293702884256329
0.32807473008945853
0.32664216103008437
0.3258287959601863
0.3236603144608567
0.3223268408001352
0.32077737374514437
0.3170752672790753
0.3153467513192757
0.31358030398626624
0.3119962417730054
0.31100483375817695
0.30989870056164637
0.30896624304280096
0.3079554478875104
0.3078767070898272
0.30875088542740714
0.31030214813050316
0.3097778073187102
0.31024620865927705
0.31108235017998415
0.309637258263111
0.3091398736830403
0.3086187973298249
0.3073467659045347
0.30650596734563995
0.3052083998754859
0.3043414638323676
0.3046051731879538
0.30389798629641057
0.3025443221267163
0.30204431990334035
0.3001365082184976
0.2990323013934951
0.2975799463259624
0.2951888908421122
0.29255503579548714
0.2901897418837538
0.28927629420213524
0.288373480363566
0.2866529072573787
0.2849087798088351
0.28366248472736566
0.2805528980954829
0.27761873282541305
0.2767551131897509
0.2753251015785062
0.2761183070433805
0.2765848242098391
0.27521934115161933
0.2725327512049067
0.2723557838904951
0.2722667537024993
0.27216789215708526
0.2726965235182367
0.27378739929753954
0.27525480523529505
0.27582738842701365
0.2773089253472951
0.2788506489205439
0.28013503053758465
0.2794356788109621
0.27935715039363973
0.2786770195532393
0.27940927185257075
0.2797763550514699
0.2813199005199226
0.2813678015940807
0.28201045463188873
0.2829241965083821
0.2823713951278016
0.2819286340571811
0.2813357202879292
0.28123060849147963
0.28096827665127544
0.28131437521161784
0.281474769551255
0.281564628019825
0.2827594485104586
0.2832802858017528
0.2852951324849549
0.28823832192765203
0.2886425265775643
0.290683413546075
0.292117135042934
0.2932227277365703
0.29583138981155593
0.2989979991469923
0.30007206802400266
0.304622811100643
0.3061408634548807
0.30921908368641804
0.31034402290217905
0.31201831330841
0.3128194841916826
0.31346289472194544
0.3140576523768641
0.3156810052519246
0.31705565078713493
0.3193965273571945
0.3202879014883213
0.32097613084161736
0.32040345871398346
0.31840591500439863
0.31687640448766674
0.31548291638682013
0.31548161891746007
0.3149186007512572
0.2996306508123315
0.29969872278469206
0.298244238085592
0.2953744871280037
0.2930729181162781
0.2889351967627435
0.2850314610535963
0.28020897674203116
0.2778602023148608
0.2731493797479792
0.27176145907518506
0.2709041946070325
0.26927177434706706
0.268197257322734
0.26473054400514284
0.26123781872130786
0.25964026559741465
0.2571748460028839
0.25562371948967105
0.25489260849499534
0.25309248641790755
0.2521987410468418
0.2520222503145305
0.2500919435623728
0.2501293338699931
0.24846155299622974
0.24686449467621588
0.24587261077781072
0.2468683234305132
0.245956984918923
0.24626607993967026
0.24698503633366867
0.24717490557078375
0.24661948323777166
0.24643641698604485
0.2461314853189483
0.2468529246581575
0.24662534090104335
0.2470972418200869
0.24789394784814753
0.24786832049957547
0.2467791617138802
0.24690358072163116
0.24743329917535042
0.24772094041469264
0.24899999914920795
0.2489931860097155
0.2499071276531816
0.25182078718347206
0.25199310272955905
0.25388643695008045
0.25485461186964226
0.2565858791455159
0.2589383691948989
0.26057624700100346
0.2637771312490299
0.26744518961561237
0.26894288027261803
0.27024810485492073
0.27191034156697536
0.272527725445574
0.2752874004477612
0.27800733312591897
0.2819601849387118
0.2862758336580886
0.2907527022582986
0.2943869127025223
0.29589210290958556
0.29869320268258687
0.30108048544543775
0.3019664011692933
0.3042305176728245
0.3067786012642184
0.30828284908654724
0.3122914210650968
0.31402152613009887
0.315475839847429
0.31729627338428495
0.317185152756905
0.3183757495296666
0.31820567612723344
0.3188858294339854
0.318748580918558
0.3200650429604893
0.3197403598314673
0.3213651124850734
0.3218287551375137
0.3223660803830419
0.32199874535899903
0.3207159719624575
0.32056916488790843
0.31807109809334577
0.3165058188155829
0.31633264262265676
0.31725129212329556
0.3176341764203287
0.31787254177498997
0.31694697569593727
0.3159635260643749
0.3152899696199057
0.3160193841427123
0.3163056112391258
0.31508972464181173
0.3158653604937538
0.31635382760267533
0.3149360930727262
0.31327804801520387
0.3116507037904045
0.31069587984921715
0.3090792572998781
0.30691297554454666
0.3066516509358207
0.3067420423607886
0.3073293400881048
0.30764906360585126
0.3079304681417747
0.30750153189689067
0.3072384843681809
0.30670080653005327
0.306172903653365
0.30622252345357087
0.3080572568375396
0.3098151526217322
0.3114097062778084
0.31188608874263496
0.31202849060133786
0.31100387476080915
0.3104376831510034
0.3117519586225247
0.31414395463943146
0.3163602480699532
0.3187564864601473
0.31871454227441054
0.3202622136611752
0.3200280045411339
0.3201621462474405
0.32069820069880844
0.3213937277828818
0.3227228198851241
0.32586149834409134
0.3288300279252533
0.33088975550172184
0.3318647045440518
0.3324092959446963
0.3324519302765233
0.33380660676523133
0.33583365990803876
0.3380728068665467
0.33850402693328835
0.3415344908381505
0.34249368350727516
0.3447229280975582
0.3457940005997495
0.34641104682085777
0.34741080233739263
0.34849228701221796
0.35061621327630055
0.35239380760411076
0.3542564804293747
0.3562773625694333
0.3570517616656277
0.35799755559356905
0.35972237611149516
0.3623169208527532
0.3634345197707726
0.36431578598988584
0.3671517494074175
0.37023472120386786
0.3716940791205974
0.37391918795719936
0.3753007446568147
0.37697976083367823
0.37729322839302243
0.3793107062657035
0.380538496043554
0.3829513508672785
0.3846570443445648
0.38517536371612643
0.38568843010312254
0.3862555813207405
0.38598023064654247
0.3862419529504584
0.3865874784341127
0.3874683157155839
0.38773759914089995
0.3886198393212551
0.38918014021821423
0.38883219359041793
0.38627969137393936
0.3839499999978269
0.3829188150739533
0.3826426876806181
0.3817720579859616
0.38043092083158514
0.3799727472672612
0.3795008407924059
0.378739034632899
0.37749900742299786
0.37593778347693535
0.374881805265312
0.37418971699745995
0.3743721282233886
0.3740997607096307
0.37272283085293506
0.37098894852829273
0.3697897697819416
0.36883071764830705
0.36817480692925375
0.36800301130945573
0.36886955656870407
0.3703260144673646
0.3706344928317108
0.37041574514085174
0.3683154536282872
0.36756014118828984
0.36767465304482205
0.36734441479186
0.36726635213819414
0.36836147165398064
0.3696088693066187
0.3693344993765312
0.36921185227373493
0.36809240980237246
0.36825377068570764
0.368502872864262
0.3691535230313044
0.37126770025141237
0.3696583510118638
0.3697332566119222
0.36965220694141243
0.36982803846911694
0.36812440389794204
0.36749931225790633
0.36697102335601556
0.3666763825525893
0.3662711566280144
0.3654396790269054
0.3654904024275486
0.36666025138908653
0.3665547031522701
0.36583868214697596
0.36755805581466094
0.3681353924251044
0.3697718367174704
0.36998179877483833
0.37150381528910514
0.3733953338129792
0.3749513217144774
0.3753197974846582
0.3764522459339538
0.3785742443242886
0.38034655093686814
0.38248285989128183
0.383246023412459
0.383733827229329
0.3862375976663782
0.3880859307740662
0.3902114077525159
0.39255125767242266
0.3953798069719015
0.3937401131260252
0.39422408858089425
0.3947838245200008
0.39614523034165555
0.3964605095364623
0.3962696315507195
0.39524092118659304
0.3948612009882845
0.3946993789753894
0.39506504262739106
0.39502331968710297
0.39476362043799773
0.39476794902630197
0.39430920789102786
0.3941789932674301
0.393389672819254
0.3919714139380882
0.39115603030784774
0.39088417694543026
0.38998813140258737
0.3885129798873886
0.3887720915971277
0.38902125207292537
0.3891231530998852
0.388644921393435
0.3884953434066492
0.3856989967371558
0.3837802580175259
0.38386144342978135
0.3838000131393401
0.38485979040702717
0.3850840902204601
0.38407180734252927
0.38294872499672805
0.38154533049530154
0.38012712501485224
0.3778714954320927
0.37790195969443485
0.37678055625185847
0.3769442097442324
0.3759608688813977
0.37411491077994924
0.3728205177650627
0.3720154730324998
0.3712424579311964
0.3713031888972797
0.37212154057063895
0.37177671450941097
0.3733805852598559
0.37279372181777254
0.36805195796459506
0.36771618147417867
0.36818672938081815
0.3704280386299351
0.3705437667018801
0.36984036521306807
0.36835100379771657
0.3682696534016302
0.36820300699278236
0.3677883959542062
0.3677446075669969
0.36804074167739476
0.3681955797404082
0.36701327413475826
0.3669514275062362
0.3671022164115777
0.36689128580278635
0.3671653695439629
0.36830043921119665
0.367395059530793
0.3670938357982652
0.36713942358474594
0.3675705711943605
0.3681695696542465
0.3699681657256062
0.3717290701828415
0.3707928275687036
0.3721117972386095
0.37317321209113846
0.3707056722936927
0.37251034196128224
0.3733300643862902
0.37553686916214646
0.3762114286101519
0.3770006405907277
0.37743588969891506
0.3784893169000551
0.3799416837757374
0.3808402074308711
0.38259517836388857
0.38244061342624447
0.38253156756632606
0.3823448531463878
0.38140602027742043
0.38124478625796887
0.3806638253243845
0.37933923513062295
0.3792461423084172
0.3793009098995834
0.3786320160123848
0.379037090807777
0.38011558773669235
0.3801779709936107
0.38022844887895113
0.380719239230025
0.37951741125269656
0.3781323683705778
0.3782632201082773
0.3774917488807734
0.37500999069505425
0.37439017359215254
0.3747574143345623
0.3741850430465572
0.3731557861330712
0.3721197736085055
0.37085262419853476
0.3699199620572496
0.36844965684342135
0.3682879389343001
0.36792624811653013
0.3659942174028302
0.3650788633888096
0.3641525144822558
0.3621472934609048
0.3619680794573735
0.3619554577853076
0.3630248655229479
0.3634250106942599
0.3627625920375476
0.36286031552855585
0.3635912972402947
0.36622334001877554
0.3676330612633102
0.3698788153275709
0.36960855201488674
0.369827968730815
0.3712968761141184
0.3727230017366089
0.373023192256439
0.37617991861662076
0.3773698421865004
0.3782998126114162
0.379088850982635
0.37931613567557704
0.3785308626415801
0.3779535858322703
0.3782045197183945
0.3772337467052185
0.3756307335537622
0.37432299305773686
0.3740626812555067
0.3713973422518871
0.370370630628342
0.37029070855214363
0.3692876643661517
0.3688445234772827
0.36654262186433073
0.36427401172350266
0.36410512075809104
0.36314671186933867
0.36187171574965865
0.3623392089027879
0.36072129791767465
0.35623381329495185
0.3550888267926465
0.3543745292386874
0.35292851632395805
0.3540247772378836
0.3564245620911578
0.35504366242399543
0.3536782444774929
0.3541478362888087
0.3538783411612614
0.3539217882096194
0.3548423203599566
0.3552067399873421
0.3549047353921972
0.35464076437586267
0.355227244486629
0.35518929633509727
0.3568250112625039
0.35730865206610846
0.35828856351399874
0.35733364123392475
0.35874240945882235
0.3599831979415683
0.36063667919849673
0.3638396924887437
0.3669237275969833
0.36780078067857197
0.3675875880624283
0.368607483806648
0.3700230797824226
0.3718222294807601
0.37306767096075544
0.375251514657202
0.37496527758707665
0.3764436107303044
0.37623854520525474
0.3751838274343964
0.3746255442637939
0.3749990019027657
0.37470230305282465
0.3731730703409376
0.3726322633391005
0.37110260490254365
0.3690847933035219
0.3686267768528224
0.36737031700863554
0.3659782020560728
0.36516877043050117
0.3644288909125526
0.36292321360868607
0.36225718656756245
0.3631324907040713
0.36368288243457525
0.36354741086018016
0.3634456474853713
0.36188631683420386
0.3615641542520702
0.3606466326933993
0.36018413734616805
0.3601366604294306
0.36050473239408876
0.3604599487649237
0.35864605015981504
0.3573416313254513
0.3565377532950301
0.35622725553932166
0.35464771237403697
0.35414020558033615
0.35291923828087957
0.3497297691199984
0.3478280715875052
0.34639276825915905
0.34556487690147597
0.3453957683532844
0.3453177596152824
0.3447190601210376
0.3437158386530184
0.33994704527725267
0.3394422113607315
0.33933483496166944
0.3389009097116464
0.33898118953414136
0.3391088421738372
0.3386595378636916
0.33751618020579455
0.3373917681694747
0.33724739181742713
0.3376544570907146
0.33832877080792406
0.33738452105237837
0.33688026475252025
0.33666621841514827
0.33485565310308557
0.3348009828163129
0.33365933932977393
0.33189592150611247
0.331100321665481
0.3290802130079227
0.32568239174671143
0.3218146613627923
0.3186338223301079
0.3162814606695751
0.31396208041559254
0.31131298946095265
0.3066807479082129
0.30462771715519316
0.3007539350928379
0.29728844186905645
0.29409990082450194
0.2921246204642048
0.28898420324910784
0.2870273185116947
0.2830215988633079
0.2797453923650326
0.27644970378294803
0.27376648646638285
0.2730732443333746
0.27045351562758807
0.2670573197814173
0.2661190495107052
0.26429303176324087
0.26275765581722194
0.26204342077780857
0.26184292619079946
0.2611984448366743
0.2605330792759831
0.2593221313984212
0.256922986449559
0.25551893826009714
0.2557030878150132
0.2547692084128238
0.25419774922400684
0.25323733582487595
0.25161228072687275
0.2500203624906765
0.2494927166317314
0.24845014648110847
0.2483183233786647
0.24863351665287065
0.24766836012114296
0.2475547231485519
0.2473207998446469
0.2471863813984069
0.2480968773395425
0.24862755388978278
0.24954457354696621
0.2515809258289011
0.25133238293664056
0.251567567466648
0.2523433658386326
0.25310776901265947
0.25389582880083783
0.2536951679899796
0.2536948476923394
0.25234877429922514
0.2516250014844156
0.251172246913285
0.25189234677340033
0.2516150890835488
0.25083849183136936
0.24992777392870558
0.24897290953350892
0.24884175658351496
0.24929796882226124
0.24899684447973155
0.24956004012321004
0.24990936195643934
0.24958512601490818
0.24983188396687783
0.24984264950190224
0.250363801480029
0.2508309002697152
0.2511756871190149
0.249128157687151
0.24850364113760692
0.24737671144914972
0.24786870976044048
0.24724385500787438
0.24791967337131154
0.2473206284581626
0.24632530977079958
0.243785671958981
0.24358721489871593
0.24170202952686887
0.24310416459296538
0.2431263044420037
0.24309666231375174
0.2416630548980882
0.2406875963600214
0.23914330563686748
0.23832059796358723
0.23869011199002865
0.239347667295105
0.23879145790520956
0.23951486531997807
0.23830504502902006
0.23587044266229662
0.23450178112614672
0.23500950830264808
0.23621319298386795
0.23770557492209088
0.2386300059063471
0.238745980597525
0.23735617964047565
0.23641027483650143
0.2355793729974401
0.23594523075890356
0.23605822039657295
0.23827353534678525
0.23902324935014735
0.23800646958285757
0.23804101864830557
0.23721649395832195
0.23910752201326052
0.24172804803637557
0.2433108416540803
0.2457134472094403
0.24714250844600544
0.24775236692415378
0.24761103680715912
0.24650734812911454
0.24580179438973526
0.2466877832553247
0.2458670919362625
0.24710075800877807
0.24739190141553777
0.24847279770668126
0.24745596535754802
0.24646088362386304
0.24614782138730001
0.24586547650421847
0.2458425296505809
0.2469995409765373
0.24799249230250964
0.24800629306495586
0.24762814125355562
0.24641559125367746
0.24654339101122438
0.24777529866515424
0.24793574537678217
0.24985861204268542
0.251781415100704
0.2525201954095212
0.25156838861395303
0.25094633501037433
0.2508952600987554
0.2513360980794837
0.2517820025747505
0.2518669278703897
0.2519616011776979
0.2526017763397382
0.2518530180838564
0.2511792725049498
0.24976201544823656
0.2490242787952593
0.24857747939747724
0.24746995579353842
0.24781210318528135
0.24805518525163367
0.24608024209709414
0.24437007211837614
0.24085381917694487
0.23900915866042344
0.23846958467100668
0.23743446623954326
0.2361005397339473
0.23503948523260956
0.2334590943551976
0.23208372482459638
0.2310431343921723
0.230355700427653
0.23086041334723922
0.22900675115280467
0.22841293355113992
0.2265768803403883
0.22611457057329565
0.22597418880873033
0.2259378937780261
0.22573661132737272
0.22422992216972232
0.2219617816019034
0.21999582311869123
0.21977316657673773
0.22032993776516382
0.21987534158477
0.2203488732361527
0.2187163839749108
0.2183712477743598
0.21760110793092952
0.21797325423225286
0.21827842737953906
0.21872220164962922
0.2212091929979887
0.22102501445633602
0.22123606270312549
0.21896184177842576
0.21838490058004845
0.21927088926019303
0.22112074212012117
0.22209337934104903
0.22346743940934166
0.2235575204639592
0.22285967298173204
0.22229421324138485
0.22382882688577968
0.22409831833088517
0.2272349553295768
0.230351123275422
0.23143202842706057
0.23128061431338193
0.23176802079774678
0.23253791652535138
0.23284548098958652
0.23383578171013628
0.2343914798823165
0.23486567732211605
0.233497122929396
0.23371182714526953
0.23199621291422937
0.23030528829982191
0.22958683119524323
0.229142699689953
0.2283872120083088
0.2264982193150525
0.22646792679723732
0.2255301020552999
0.22493549271011917
0.22503904655501938
0.22488345474340843
0.22361922474542978
0.22262688876383652
0.22023302901425282
0.21943097885238116
0.21859586270863612
0.2196090400870297
0.22009987978483458
0.2191462986788407
0.21722196351001552
0.21662515738920218
0.21505517658163686
0.21486882066649046
0.2158849726916841
0.21580953089078828
0.2152362228745995
0.21540928170589577
0.21413212765637785
0.21443375361292075
0.21367455513773154
0.2157174613046528
0.21527094045114917
0.21559599195449972
0.21586459221102222
0.2138176551167139
0.21296077769387334
0.21187563384178193
0.21044878504339484
0.21150331507169318
0.2123419453871794
0.21148647140617224
0.21114479523620458
0.21140865504755452
0.2101181657051725
0.20973710390294054
0.20963949064379342
0.20936175264778734
0.20875622972529792
0.20935132424691907
0.20970238588912754
0.210655957241628
0.21155744612780963
0.21224447468628366
0.21369656179612684
0.21339008452119052
0.21499911179122427
0.21519999491569092
0.21800746914568073
0.2190843612660948
0.2204608976907001
0.22166050279866675
0.22196722586423187
0.22260831265997175
0.22210285625102216
0.22274365104548616
0.22302442292110564
0.22354729864974376
0.22399388112787166
0.22355675046433662
0.22371389388636498
0.22184866790969576
0.2211931684398008
0.22023341996205095
0.21970410507287355
0.219383253065627
0.21982687745081453
0.2182848643252156
0.2173330204333615
0.21681437673180293
0.2162865402295137
0.21720012864897367
0.2182145085675038
0.22047565344861528
0.2227637885606666
0.22513208395058348
0.2260563143024136
0.22703242058919293
0.2276271758001968
0.22884985907193206
0.229882157084895
0.2298586683483009
0.2293374761733155
0.22792932447599767
0.22774767545730468
0.22711657967379875
0.22826391797508908
0.2295629814943787
0.22976983915143084
0.22903421699871504
0.2273434141598508
0.22452014579837004
0.22367775465879974
0.22306388648699366
0.22258182487796496
0.2239086466968711
0.22372230873895121
0.22187629290561972
0.21893408714815304
0.21723279248047564
0.21512990187090048
0.21507547382775288
0.21331150855856276
0.21310439022968616
0.21091324057411948
0.20977932118363318
0.2078626667576379
0.20713706007586147
0.20540825865833576
0.2058769892451766
0.20399911520714084
0.2019531518832267
0.20071149126080368
0.1982509654575062
0.19785967189444092
0.1986029722971258
0.19893836160060668
0.19872493904485963
0.19900677134173045
0.19810390979819414
0.19818063229582786
0.19751536848619797
0.19810777287909728
0.19967150693171137
0.2005507040004492
0.20180928213215027
0.20237443581053505
0.2025341436793202
0.2023671847245228
0.20216748646751434
0.20168288429155407
0.20152072493232304
0.19881332110172079
0.19760182549896577
0.19717235828431562
0.19629183963293179
0.19517231990533807
0.19414503073493516
0.19317171171759837
0.19170622427359646
0.19022879028336065
0.1892609998957812
0.18934378743349264
0.1905828782513629
0.19007820387982471
0.18996608506492946
0.1883272367840823
0.18641148312298095
0.18675661477125657
0.18568237852469355
0.18589245938721027
0.18520367120015238
0.1849378643928608
0.18469692374719285
0.1850636205863388
0.18506639928187288
0.18587302627935592
0.18754336161616553
0.18861154864418514
0.1890665880832028
0.18989737316473776
0.19209192963522398
0.19477773469564977
0.1963752042131215
0.19644899813638278
0.1967059606300785
0.1986517685802069
0.20003458383044564
0.2010042524839016
0.2021031619486065
0.20326414514962138
0.20312434547841432
0.20330289694866116
0.20390312245645809
0.20440087110755903
0.2036647424954888
0.20321081777286526
0.20240355766259094
0.20230871027772318
0.20390472172303786
0.20331721901342464
0.20249141242115729
0.2010326820531128
0.1996863706853111
0.19837507113010622
