0.0977469794313293
0.14017568600579552
0.24230117274102853
0.18900487129431173
0.22799089091982283
0.12718728092571194
0.11947450316244605
0.028022466810965863
0.02758978674660699
0.08320699207966606
0.078299485000193
0.09051970310157378
0.23246619684173345
0.13321303339524787
0.20044766900501007
0.21128731366391024
0.11928648212766595
0.08869956554525756
0.10846294389141536
0.08426152794121325
0.11031671705534161
0.19786393059167698
0.10962823850500271
0.09753481903025357
0.1922633673876296
0.1616283888432779
0.15928638928716046
0.1438443271024168
0.15913807336236283
0.1383940364150092
0.1041494858457936
0.17349941414923245
0.16234902226242837
0.12027861037500256
0.16404937538985967
0.14356412446472883
0.1755206529693978
0.17380117091334463
0.18369625390989233
0.16298358489256057
0.13378903255152902
0.1474590584619263
0.12640885737405347
0.1312282129709608
0.10636358575594157
0.12737038214559734
0.13942087672688241
0.16474948218167165
0.15183241684259494
0.21028694175037857
0.17156478044465825
0.11090988292065658
0.11707331879241181
0.16506715191252003
0.1340001325156595
0.12291123842022067
0.10218125801104772
0.18275121758317148
0.1597432926296706
0.18405586783582803
0.06693205470379018
0.07335864839358625
0.08468217127992987
0.11451272970262244
0.004898448934027701
0.07630320627424164
0.07235086855402457
0.1467738235012817
0.17673776644703149
0.1364457476546001
0.09202773843676691
0.08426226684347245
0.07320684518751264
0.12220409272004094
0.07329974408211974
0.02937692278423167
0.11464104398486888
0.15468624095800892
0.1975048231574727
0.10515269051506196
0.14012081004194338
0.09325805481492055
0.18843496091726109
0.09121167171840411
0.068362012354723
0.0683327751865093
0.046909111053446834
0.13513067497650824
0.1315268194285376
0.1461889769181093
0.1251258687166855
0.10897176887749493
0.11522890504769501
0.09172314981659357
0.06894213936131534
0.01856553062029533
0.134827535404109
0.09448710846883376
0.08505815076266271
0.11996707999796233
0.12017243594489703
0.07687329866947458
0.09828784541779799
0.07675313581354654
0.07059720917521355
0.012620039398360707
0.060585875423771716
0.019325542367144382
0.14645953467793457
0.18949367858139365
0.21975547277045024
0.23629411852477286
0.22768033627486833
0.24129342823761707
0.24291771798179623
0.15786731331441287
0.21810900001498626
0.19564965853182928
0.15501555543091056
0.1985552484750423
0.25427590173735115
0.22171751653090377
0.25055944897264104
0.24884154659513635
0.25164396507609266
0.1723233246338322
0.23110479908560963
0.2225592798756737
0.24148692402893362
0.22702956249033995
0.24322118384343128
0.2390126238211669
0.22968320200849324
0.15172599123782837
0.20991081894992183
0.157900286115821
0.19587691658745018
0.1734263981029511
0.21548596332785114
0.15558914257827972
0.15159864312283192
0.1283789029367383
0.10270788592622815
0.05268402492270523
0.07326420517634787
0.011326871789864563
0.06724893814485487
0.2256875293641821
0.2553454943591171
0.257450275399175
0.19607635422753106
0.21424338675773633
0.22739379245005853
0.2199441191693479
0.1955381071305593
0.2512071648627148
0.24585658830755083
0.3113472101342798
0.337956692963712
0.3849186472819616
0.3335609085832416
0.3319535652485431
0.3461818028648315
0.30198062843691637
0.28683163691640184
0.24989222755374418
0.1991005217808817
0.19489432500234588
0.17573332626245022
0.2030614450134265
0.2412942879187124
0.13445259409472382
0.19295073378998437
0.33461907858454737
0.35666027623293856
0.31172823711026587
0.3470288726703502
0.31895685814263297
0.32477615089826706
0.20237412807798486
0.1128171867839353
0.14190476719167205
0.058390253793746384
0.14850419429183917
0.10588846310995012
0.0857556708603559
0.0995097362775326
0.1027093832514949
0.11559345991567575
0.043841473971196594
0.08191079917522175
0.12828552475068933
0.1060776885689775
0.11624341167310373
0.05002446482828673
0.10710258815386373
0.13490145288937383
0.23542830571967835
0.4268576508455776
0.24672347076566817
0.3731122470808236
0.258440071912063
0.17370858001966022
0.18885127359244322
0.1113876621211477
0.05420367336670667
0.09588557887276114
0.10792591020024818
0.09798228242797798
0.15638608025484427
0.22338823727709536
0.3202694832731073
0.3193458293189596
0.34664668302962737
0.28073220674190263
0.26931551391935543
0.23160025363445105
0.2606056403270745
0.30946235736800404
0.24982367015798587
0.09991033277706858
0.1098091380609371
0.057936591915651744
0.09091746382382629
0.24303947210370658
0.2580376271715331
0.25290668203207733
0.15598546947907327
0.14167693357423958
0.11387331823978729
0.14704086235408417
0.09608708309861312
0.08497179207605482
0.021973699666301142
0.1326951909838716
0.1493845827751652
0.16351539855509858
0.08916158666774826
0.07034082093344302
0.06268984366972218
0.01107639003022111
0.04441729390836066
0.044061858831647455
0.07500245795481446
0.10952948552319519
0.249573755247353
0.2943580712611387
0.36745701699630073
0.2700699209309797
0.1863487521644115
0.15020527577648513
0.05979549914284334
0.06576654023969682
0.22792514540756043
0.1472259441791376
0.1421317008413552
0.18726502931583
0.27550848048916876
0.4098489441000328
0.20286822290208945
0.19473677226323438
0.0648101889148176
0.07814151055382067
0.22630924133542119
0.11849160715051764
0.0326861007426697
0.14158017423743166
0.11618605079919074
0.05976001100931542
0.26560837212535704
0.2918399923739514
0.008632714539421485
0.3067548021257376
0.25962081376325324
0.12016725716180256
0.03041458858055453
0.04979457853495802
0.22044704693130482
0.10063196279198014
0.17436763595126564
0.12316227254630027
0.1693847476120251
0.07784172397243166
0.1061818148320162
0.19522846296892338
0.24529822095643444
0.1057225584423009
0.2208452993322951
0.18771539906090473
0.14218356825620201
0.1980328411373304
0.101767965856629
0.04784148399782076
0.08593443092630552
0.2530017711135656
0.10339442771561923
0.214718480028429
0.07617486505387523
0.17051608630215492
0.08613698396665764
0.11344826824406178
0.2885849188581963
0.2036568865960351
0.2691057952860642
0.28136914548996117
0.24656615387844366
0.15243791436130666
0.19765225637270564
0.16302435563522735
0.32436569742730714
0.17499815012740738
0.11612786325061619
0.13542916611672523
0.18230205614177714
0.08488901459820807
0.15567478245070748
0.20481492737778953
0.2738002719993046
0.19830181319499088
0.21412847945677568
0.19911349819765684
0.1575043122186034
0.15475451711835975
0.15829971106691237
0.2154219436235402
0.26579515253108343
0.18340097528617752
0.2845608397794458
0.22164739839013928
0.2523560669895011
0.3030030443720786
0.2604362368617638
0.22697472212893538
0.1592283359945291
0.19873884488761112
0.3143842038769989
0.32624419439752617
0.34354749503980614
0.4246641622185358
0.3888245170704196
0.4012296962986011
0.4146285515583537
0.30228982572279123
0.2336946875250568
0.2509056929773904
0.35435817540319925
0.24941877829405204
0.27399312479316246
0.2603129857914926
0.3124971997781905
0.32553066587038954
0.41481496073490226
0.31555073095427955
0.24383077875819217
0.2771461663247551
0.4439236259949897
0.2774957718770555
0.25826067894095406
0.2350720109574268
0.47153361516430203
0.4901110692351565
0.5015074864327556
0.5451275229713339
0.5428935000715471
0.577743053932265
0.5999248624986551
0.551402423613229
0.460027610083755
0.5028879158173812
0.5115456934767675
0.5106370282100657
0.4235422599134652
0.425149062926453
0.5051945718594981
0.47644682758209944
0.4482220297628672
0.43897862185031733
0.487466306179939
0.45735324281526796
0.44443985286827686
0.5044637891312139
0.49394860072400454
0.5456585119695054
0.5027265231500493
0.41543875490117055
0.5478098917570728
0.5286137542215507
0.5293456476157052
0.6296424746653377
0.6554212621826383
0.6335073890608841
0.6477736264015944
0.614489443831338
0.6536206462977104
0.5539337889544497
0.5581757853485386
0.5310209451834144
0.5929075509426426
0.6561711131485808
0.48741061425302945
0.5621038678737533
0.6375883026394307
0.5171188079887648
0.49245700145192634
0.5219919364514402
0.5357371562139123
0.5295143118482464
0.49747706544246106
0.5287252452692164
0.6018001602762988
0.6232116560092672
0.6384017227594238
0.6133915187245091
0.6499312034294299
0.4458875191143514
0.6264703473569199
0.5470211457836635
0.33345415780961285
0.35543456603469376
0.3519227753678355
0.3136171070379183
0.2840612726438274
0.30602741242541404
0.4236549325771727
0.26036934297610265
0.2990516533878136
0.17867217850223782
0.12061528464317302
0.14755861284511207
0.13212287387494887
0.1580735194384881
0.19993105511919895
0.29191882134975217
0.19661601606290974
0.13094051845808027
0.2083675813735837
0.09976578332621402
0.13999478716082098
0.12559527892861122
0.12360087864743095
0.14240340554336706
0.08036018930455685
0.12021675521048494
0.17074003731412876
0.0177649212905781
0.052089434777192155
0.06485141247161694
0.09366695012552807
0.07093456094004953
0.11283305479838862
0.19479555705642876
0.03509031257456072
0.0872218337611881
0.16169962049103898
0.1600010009295521
0.1964086277557395
0.1634667097064461
0.1931583727357862
0.13463556104828878
0.16725872511178452
0.10958085086230504
0.13158601052006755
0.05577131187980193
0.22311583356261916
0.181606648336661
0.06687285483056238
0.030928197312703142
0.1655703101783519
0.07050738907808583
0.06894366789819104
0.23593722749023022
0.07370068953177591
0.3481743964313347
0.20882577209849545
0.3084826343507662
0.20231904383693228
0.359503718399885
0.359636850192091
0.20242100700735022
0.3482368314535808
0.3337255324385173
0.26208851290086377
0.3576202961575795
0.3399286956596819
0.39128411027636245
0.3701354073742596
0.32707758145785343
0.3344527621941827
0.31302635305322685
0.3250095286179224
0.31981360527551644
0.24566229836006875
0.2719994976988675
0.20006722729680643
0.21618537813937833
0.2192145758277558
0.31619281588182224
0.24758998399760943
0.3005772947587259
0.25950702317728747
0.23322014604744803
0.28197562104750046
0.14011028815302487
0.17158972422932042
0.14193703395353216
0.09820890552603065
0.11011970835385075
0.13596461845991112
0.21970138450777596
0.1051486155533857
0.1973217005079973
0.19542154545176504
0.08619456438478085
0.1920913288808824
0.06888966534683781
0.12434044088552722
0.09353178570062083
0.17434662813404234
0.22686022682946794
0.1808450408073755
0.20162101055383
0.18319191040307597
0.1410693870965068
0.127472667174206
0.17493546567733123
0.16596352167121858
0.21891005251786852
0.20941454240155946
0.2002673370453709
0.30520868568663984
0.28459904511016537
0.2272895712538026
0.3386151430286131
0.4602594837759199
0.47949034128267426
0.5708218540712888
0.5350609596034948
0.569377867427938
0.536080491225191
0.34013164590412504
0.5030550406143591
0.5465243512784771
0.5778648690691017
0.5710811667125464
0.5410774913368631
0.5269349973256258
0.5554264617697018
0.4518399950693903
0.5442307124583717
0.5523891907615918
0.4980073165025628
0.4473100285436511
0.37991228221713425
0.3674571836567119
0.37753313185253456
0.32106030159154775
0.28573778990758825
0.4071592138384852
0.3930215203214537
0.3990051825813092
0.4098622567098811
0.3708033611506385
0.258601182332043
0.14290915597408954
0.22312165752216775
0.296301290876507
0.20899113195598198
0.22850044049976118
0.33522971926459694
0.08420207284403768
0.06742484985962643
0.21798900722218342
0.3013094413856154
0.4036812853096096
0.42763102482970894
0.44584136517278405
0.3447375355117034
0.26880311599057466
0.3376952629124513
0.151381331315606
0.29745005565637384
0.31053687601893776
0.38419932378866256
0.39313195866601197
0.4130241160361688
0.44151069562178097
0.12146249677942811
0.36077751906645467
0.1881720675259871
0.2585941883852149
0.1835409749261736
0.31635927311138606
0.4058472826386705
0.2982180827519222
0.326789498165345
0.1929314982770866
0.10569896923375992
0.018414886955595698
0.018001415268600277
0.009700895824010894
0.06907122271905043
0.2299430209828984
0.17556325467279896
0.18622643073167391
0.17553367762982186
0.2016649658196349
0.22428935636980854
0.18558050713901408
0.16683346988967754
0.1696818571727174
0.12446866817905684
0.09354890854929632
0.10330642710769194
0.11563386254335879
0.09991976027418244
0.09580113181707892
0.08468882381812154
0.12273189222057344
0.2120611761825479
0.21120323960604945
0.17369157187902
0.23671730715058126
0.22905458842915977
0.19598412302022605
0.038409257457520364
0.12836588391241577
0.04889190068001501
0.1124688796671552
0.13062856155373326
0.10278473194970202
0.1506188459726684
0.1689566304920757
0.18977793022789927
0.14124999577076996
0.17855354315984434
0.13670459294245704
0.179608131930936
0.22636034441323435
0.32992071937821954
0.24267282679496943
0.26096007430814966
0.35269378671618035
0.3228468138382535
0.260942430106073
0.18139372768311454
0.21382803170014944
0.22006386572996853
0.24360696380871188
0.2609314935911527
0.18096652972981705
0.21098555607980246
0.187101396967277
0.17267781684868735
0.21106103005916976
0.24631326218899352
0.2890997812308167
0.35373284720836856
0.3575604247105374
0.32278803849084686
0.3215097448230419
0.20659373121566732
0.2570879249902396
0.29254836461085787
0.2860875299692664
0.30505794485697907
0.32302491641206016
0.30034184165645056
0.29153959835578463
0.3043186874985015
0.3153379681200449
0.2890658443443935
0.3261655596637672
0.3163170849047798
0.32023061668497893
0.2962150822213542
0.28827229912618074
0.2536615200429156
0.2843680843963546
0.25576021359608286
0.3025535469599287
0.34931573565763635
0.3537087966568448
0.4338198725102737
0.3404369404760653
0.3525570214761561
0.3188328731009773
0.3152819877964032
0.3910337577086166
0.25929678157477737
0.3641487090402842
0.31065402896587335
0.4225815320851397
0.2535827937982625
0.32316371781531383
0.2372997139942716
0.22754950944051971
0.25410948417138945
0.2165277008040639
0.3778526823537253
0.41022132094265457
0.4844341804667867
0.437652849620464
0.41377894299824935
0.33335346346327444
0.29859983872622575
0.2529466562195689
0.32667875693406995
0.29578862321723737
0.33221901911198354
0.4859848177738318
0.5109529455888036
0.48631069047832814
0.4458137470505291
0.4444522713475585
0.3793339108631235
0.3302849613939609
0.37576799800966304
0.27749989700144573
0.22647905725458992
0.35030802003894795
0.34389543144964474
0.4853813421938206
0.3745983361330679
0.2942552631062699
0.2683286316865652
0.3150376528890401
0.3273736441607735
0.3142244206018572
0.3947990338175794
0.46791347805844646
0.4059491740802893
0.38507962672765456
0.3939886219805236
0.3212538546405177
0.3792913007537738
0.29315225433722886
0.2836658154782807
0.383759523975916
0.3483559454683417
0.3607328131494252
0.22075796250718885
0.27552873768158814
0.268707797385991
0.3047649264767759
0.3284412548296067
0.2804002031663196
0.3546213257116219
0.3754179485700113
0.3366751023571503
0.36054928646831913
0.28443276035068793
0.3390724405556126
0.30693120557175074
0.4369424286554507
0.43885707731491613
0.37266286337885035
0.3779698477241295
0.256854791601829
0.26939019385657714
0.014221654060352522
0.16647014437151617
0.20418570858275956
0.20250830641868858
0.3223618227314382
0.5117814665937436
0.5412101419360943
0.41759424571970066
0.3785115132552199
0.4379918235166882
0.42339612547774824
0.2310064108804518
0.30886468774212905
0.17265343114697837
0.46561240491424905
0.2799249549023313
0.4269644263225629
0.2380141066808243
0.31748015297379595
0.22772889593508933
0.2888060748528802
0.3510253677503103
0.2945289199027435
0.14710091497033004
0.26745090609732425
0.16196781603433916
0.23596355672428013
0.14728092978966736
0.13059276700270792
0.1729997266503108
0.21875244170593222
0.16153175518118007
0.19015155203211423
0.2784792456036719
0.14192639643267108
0.30344054088154043
0.18445813247359186
0.18891826165227366
0.24227271371447914
0.15967197450445278
0.09154044925881547
0.16688164279881462
0.24767362009947697
0.2434832121034288
0.19952606447532936
0.09345812876838598
0.010124694132011053
0.09610195352868971
0.12241434795776197
0.2849145881270962
0.06043341581538155
0.2556933449344751
0.41183985455470923
0.33174047260582484
0.38727367690870257
0.39639543901802243
0.47821978087260403
0.31552184629019814
0.44870636055356544
0.42935865485014124
0.42425858862615334
0.3400839394966022
0.21515343808968806
0.21456452047245492
0.2068506513029093
0.16331394375953706
0.29087287776024645
0.34544233823687553
0.39763795010412334
0.4284214858448248
0.3570461799253872
0.32126211115403086
0.3366108566674903
0.26662888429570236
0.4349736174015464
0.38781136560373725
0.34195018458004
0.42193905961438816
0.4015087290454508
0.37419584099887104
0.36873934970901506
0.3840756282613397
0.30941725759700656
0.308226671336173
0.34338376121744235
0.46934771969512606
0.4000786691891621
0.39199456297588736
0.394776530256851
0.3234663484904085
0.20863443587338715
0.2744597297795707
0.3913898792781886
0.2956543559439925
0.2833689971498431
0.20552357910017904
0.25665307938093396
0.15445467339716887
0.11209480494163929
0.0073087812926455895
0.039363649185707096
0.1350193150992862
0.2483123100603126
0.12653505932987041
0.3766857176931994
0.2641750070768366
0.15684358983587676
0.0520959017747883
0.27178904869005993
0.07079177817579088
0.3049844203395919
0.3136089191737757
0.32278547133235297
0.32601242273676073
0.3601381212099729
0.11335750647609537
0.16645640160549602
0.09591550164756978
0.1694502331167002
0.12232995176014644
0.09664377226642348
0.11374748921008516
0.2077617192873989
0.32583038386405894
0.17618182605200403
0.12752226857875948
0.26312644835011473
0.4071082414564963
0.33098705392565886
0.3618344047704891
0.3220008554129896
0.23285292132420357
0.3661324013622907
0.1615918029581636
0.08974002083974117
0.1405842776288475
0.17295018881661423
0.14041614992544238
0.1860897459145257
0.06426878580768364
0.0875309663947559
0.13531438631555465
0.18878945409357606
0.15049098385279058
0.11732380549454002
0.10789357877910281
0.10665602711844097
0.03677036488534639
0.08491590483520868
0.11020426051281597
0.22041392428046533
0.21357532721587738
0.26870723094447985
0.165726616592766
0.049624578206925465
0.23699682618708556
0.08249748143682052
0.08679749120182258
0.21555822302575522
0.08046676359747017
0.1342130412621142
0.14177672674695688
0.100065994456305
0.2607588605970458
0.2414462805585435
0.09032921533634862
0.1595769851969064
0.17435705200793328
0.0499525205751088
0.18574100149212333
0.2166297175179503
0.0864914723606822
0.33787569442240384
0.21742272964649206
0.22115487935615455
0.12664442298188017
0.12682354919445551
0.04434707231183039
0.008434569264381988
0.03333913276128671
0.050025433953494375
0.1212984639652758
0.11984695509349472
0.20000679825748433
0.11128455002727647
0.08122424505685828
0.13509780094715412
0.0871941104339763
0.07698043643688894
0.08485086144745631
0.08058393825309655
0.11059222389247211
0.16222149431044486
0.17449941175289008
0.1060689688643144
0.10627445974544082
0.1036557992012243
0.09746588820147657
0.1383316201491498
0.1291123845544428
0.08776278482230024
0.06887253026666867
0.22009714506801184
0.21057025422194875
0.19113145174255627
0.17228154155453318
0.21251415115595382
0.21972728844406886
0.16201541300940797
0.18404334520773646
0.17083989752226647
0.15657895576195932
0.1516283600340672
0.21057717615791247
0.2824999811664498
0.27260127691875635
0.3281822173966583
0.32559690336254277
0.302067377227406
0.2857426912951382
0.25214951247925715
0.27001182531453716
0.30741643336828367
0.4188635415242517
0.3480835951327101
0.3214036884652377
0.45226369203936745
0.458279186921227
0.45350641975909656
0.3703142016145466
0.3022534459351646
0.22704085285379322
0.3017249992776118
0.37462542334134197
0.30881578852331415
0.48904757694711276
0.418586207904658
0.4179890269043594
0.3353113378963516
0.4028703144235196
0.361357670675459
0.3715646029928211
0.28419187599220636
0.23924447762368004
0.20677766353117197
0.17693876625115254
0.1924078162078198
0.17644726263609095
0.2240414234026474
0.1944929121386449
0.3089139307455696
0.34497023467146104
0.22615343763540544
0.15595911352871267
0.2123626788569918
0.13248533919971758
0.2671118466658758
0.18547377712417054
0.4479956105522159
0.2512874991334997
0.2094179384159555
0.3313453435124363
0.23420648659969956
0.28649749287579734
0.25095968571033545
0.18756660375151568
0.1608392143844506
0.23049563509821067
0.2362652918858464
0.24775637683722823
0.2101475875908121
0.26710448128170855
0.18933296241657205
0.2539067953180335
0.24347690121964116
0.18329582538550143
0.21602794857834381
0.20649112219735385
0.1610975722487993
0.21167286142115477
0.17432028145123746
0.1970283449921701
0.1476399572255599
0.04020400003403864
0.09052109072968977
0.13924264966965233
0.1764362417960907
0.17043077690220465
0.16264114105369898
0.13843231064122227
0.13402170270962355
0.13399584650941096
0.04870532943757679
0.07236436055453782
0.05719386146441912
0.03729955474821204
0.013895441386813088
0.13024320036820267
0.125425899232051
0.06611385129895864
0.2366849004235221
0.20211088235228325
0.2059941208389544
0.16820255629998251
0.17687941663262047
0.21666455295131323
0.3422035842153247
0.2911042194405636
0.2966090688339567
0.2969807664485426
0.34046966577100235
0.34789092521456527
0.3501871676370955
0.4586535943424594
0.40633470733923843
0.35465444145716063
0.4013177811754947
0.4863142375810925
0.40327880732129695
0.40947043940943084
0.3928039474640455
0.39391122360041647
0.33436066970181305
0.2972233938891752
0.3069801021511614
0.4531002638285025
0.523620671874184
0.5247770677738998
0.5433525607260888
0.5622988596248228
0.4916805158437135
0.5472738260868554
0.5378797923245083
0.41361961854546025
0.5539549522436888
0.46595949719085356
0.394780790211288
0.34235840598031214
0.30326277482277003
0.3346445447306872
0.3778798422333603
0.3874394879769104
0.38056061912167893
0.396864525512882
0.4811085602140065
0.43466363955533127
0.4081701212439864
0.3592515735182705
0.42872084366592855
0.3321138164994105
0.37172832254023647
0.3684137851943665
0.32013306004655484
0.3600084153374273
0.2503291636564347
0.32129799681474674
0.3105734462255685
0.3175795938486719
0.3852257810927255
0.3411704840103507
0.3648232263782227
0.39952487668508746
0.3312314747488125
0.257854677029618
0.18161656797607817
0.169843144589194
0.20955644025698195
0.29384874049395865
0.20189055822267007
0.2541954939708532
0.2341079062541696
0.1759926049854958
0.14927954394859927
0.13162363545516864
0.14117985814466397
0.1404160243820106
0.21582725592527155
0.1016194679615448
0.13116576230202887
0.19138548114469775
0.23764114591389168
0.15446203170912082
0.21832709125606573
0.24029807906838457
0.22502307802051028
0.2650047603623441
0.2099472681803572
0.27967004427036096
0.17916273918992964
0.1660307075726923
0.22155445090225473
0.18775332387117077
0.262034105576153
0.24753783025091913
0.29140543886721737
0.3469144431482813
0.2866231498585153
0.3927433792711188
0.23197470274908522
0.23044448801449866
0.07845201907910479
0.17010822958489932
0.15420042333103826
0.12092642554649562
0.11452365846940735
0.05659027458547608
0.11719671046414334
0.07163902092861954
0.2016288892460715
0.2606595297762043
0.23091886412037332
0.19146935316420696
0.3416033805989057
0.038092773425136894
0.16245084631223694
0.22535564169309433
0.18962142099512727
0.19307929970817606
0.15332350731051778
0.025973603555461418
0.17332906397265077
0.1267139819310962
0.24447787194043702
0.25872870064396114
0.34498009290683035
0.31774698630007275
0.3005468472739516
0.22096434750140842
0.4379990059577353
0.31066677958040384
0.19160833075375167
0.32672268283173306
0.07468051846036661
0.19534828184366004
0.24677780065151825
0.2507628031227876
0.11787844971726497
0.27124454294045575
0.20523206702250976
0.3026401887950946
0.22864988891636134
0.1393933858077829
0.048840693654377015
0.10619749721239471
0.1756603648890817
0.1686119691045397
0.21024021172116295
0.40203373488069605
0.0703011909360093
0.19211283472589577
0.08953237597000187
0.026256644269032493
0.1271398662154367
0.03303195204444058
0.0700416741199956
0.17698820317492214
0.14199103694900042
0.15664539953140186
0.17889236207834927
0.09709742579161211
0.1075195000503136
0.07586669095948183
0.1434190398128652
0.17613460072275838
0.12565140408927308
0.20845228269376678
0.2757015919398533
0.2325293700130073
0.2623176477723234
0.1658188337120957
0.023442619051022545
0.24476060480210793
0.18418456178219855
0.12137730413483733
0.10376272659250721
0.15592820833879278
0.1912574508845678
0.08905059938321924
0.1674981914214696
0.17424904566797902
0.1953372393743639
0.2918468482348285
0.2936240614604822
0.13172402851038217
0.15726558880392014
0.10313972755313697
0.16259188453567494
0.1548326757902174
0.2360773588091386
0.1727147853237607
0.08155411256510904
0.32714956314288873
0.3239716056567214
0.21020251443031793
0.18700594067264484
0.2632691064668406
0.25976858318513985
0.3329932025676086
0.10681721809881471
0.2458223858548903
0.3606691237939572
0.17066370157454788
0.2855850820691719
0.3738109590080351
0.2625019854801659
0.2635288802315133
0.3000469116768725
0.2895307307574243
0.2346014237460117
0.11408095478242487
0.262278203888727
0.1348227407291135
0.17877125920971165
0.2532212112417854
0.327998111848453
0.16767749250617797
0.19146621456408566
0.1098553555484505
0.28131507448578225
0.29810878722951256
0.32342430072616357
0.3501050210437363
0.41879414771306356
0.42025762105640485
0.3373794268978258
0.2768351710751739
0.25079660850218566
0.21892025179970478
0.20038002872940422
0.2526460362063675
0.220225878578031
0.2765282199695354
0.32014796864995954
0.14847747711416856
0.18575568276203377
0.15997414577389066
0.13831917215873665
0.0931090858333525
0.05396466250176127
0.06978693195460736
0.04218491825965122
0.09750119838796682
0.10804373377748404
0.1323013179759775
0.09212631579613913
0.08576211693007452
0.0842264675323462
0.07930313804389179
0.04871011839588195
0.18846264176904234
0.19820119693357555
0.27894344456625886
0.24970120933320072
0.1805474594088987
0.20095557164557823
0.19313483127073255
0.2080279518768496
0.05725164479534649
0.2261115087864681
0.15919057998247504
0.19875861104847345
0.24163633828418032
0.2628847212280578
0.1809182504821481
0.2177505893327268
0.22166912642520992
0.09025821397018974
0.17894672533164932
0.17071972348264852
0.18562410826831405
0.18892777701829896
0.2391746849852324
0.3892013460240494
0.3584545313757653
0.40175389806916456
0.48597135502921684
0.40123897970107414
0.40299870190039666
0.24603592432376772
0.15852334528986936
0.1215845708633716
0.2790280631665549
0.21056108153390593
0.3063909085689898
0.2800072936699748
0.2555152103972778
0.22358359229426653
0.2022730893915601
0.18117938662841085
0.14355990125518694
0.07411674592914995
0.05999960471682665
0.023753034763494094
0.0577204052083898
0.09660216973654054
0.06301512328208704
0.12522160162085538
0.09105272442110648
0.2367047321004261
0.2402642804040019
0.26394560524138455
0.1951352878531374
0.1135558650679955
0.07545691388803676
0.1645910515437567
0.11519757733894756
0.24360830488459034
0.24231800732724143
0.20124860508544992
0.32008216707579334
0.4353219497697522
0.2812918116975379
0.34980168794714367
0.27996193281144677
0.15991178015400537
0.11187534005287918
0.1796061287493329
0.06806814980808681
0.2329096188896016
0.1809615106433282
0.22506706634253962
0.1628496411592413
0.2175648505853645
0.17382773737175372
0.18823744461033104
0.25952438771438746
0.2426893767672583
0.25091440235061807
0.25537265923165847
0.3159036199954384
0.20909295024254704
0.1994022697966929
0.213791694479502
0.20496234736843433
0.18805905016170518
0.22478910895600887
0.279682444078227
0.22557465101798033
0.2847457594461885
0.21571974824132256
0.2501861902142127
0.23226871057569348
0.2419350644073751
0.2562935444571965
0.19031515720763292
0.2213837365411255
0.21285270797256844
0.19762855791043257
0.24619609731929745
0.2848986250375227
0.26541147934468773
0.22321260871056728
0.23028950071721266
0.169530665453335
0.1910966003184365
0.20226887033718788
0.1503953907658986
0.19367738543710386
0.19737078092571228
0.20250434487496136
0.2010002275083453
0.15718115372251415
0.19156735820589782
0.167571207734569
0.1800306177793686
0.183109411814231
0.1882060244369132
0.10459640452250243
0.16323499111813397
0.19838963995176756
0.19683636842441735
0.186395583965164
0.1139421675472756
0.10212135669024235
0.11578067960203746
0.17602614158489208
0.2979187706889192
0.17673447076242466
0.1395227896432725
0.18883024940304227
0.15362756733498645
0.17764933590183735
0.1821469988482042
0.1743008763021528
0.2944657653877015
0.28410231371100303
0.19884448470128155
0.1671485236526024
0.2022325961006267
0.1729762121838794
0.24812111916124874
0.22853527823414554
0.3298061013331693
0.3088620255278266
0.2893108743811484
0.31972636321682124
0.2596051735971853
0.2485455869507562
0.30190650130406554
0.23033835802791308
0.2994377427771862
0.2524285695603312
0.26689557236806516
0.29081909533541694
0.3547471728336037
0.3536275176450154
0.2559016596276475
0.28567612746204074
0.2934314950128521
0.29744336544583416
0.2898188362384709
0.33806506164941147
0.32729051224431793
0.38848829222997494
0.299424403422886
0.26478922439088226
0.2648418836999432
0.3752729002909668
0.4189092192227393
0.3686628357084525
0.3138052255453952
0.35458248637042217
0.2745063704676862
0.3234130931008036
0.27424882045587473
0.29616371664374286
0.3230955567192962
0.4120222226795227
0.3515752788350771
0.4220884307477229
0.3615354306381435
0.27288728420970554
0.3887766667456086
0.34366965316204806
0.4226545930655464
0.38518135407022175
0.4350918779303046
0.39176525038695187
0.4472683669047826
0.42410819767497243
0.41516745994928944
0.3800975804161895
0.41393625446152155
0.4903014591809075
0.41689348607011645
0.4629624845950677
0.4659787862432281
0.48473661838340604
0.4748772616087535
0.4065105075077849
0.45430090924517397
0.48997437141595573
0.41509046405700023
0.41194569762607103
0.49011923809590513
0.4446339915904251
0.5409443749791603
0.43245726464519013
0.4561064665309977
0.5157540132502761
0.5130164106210309
0.4441675876687176
0.4470532597889552
0.3826873432961676
0.3936960222952263
0.4937870115352577
0.46394079296212887
0.4691788624440772
0.5220628583997485
0.5167849416140984
0.4241468844556795
0.48580480327665954
0.415870827715836
0.39888286166251535
0.4251669266457672
0.3978796348492729
0.44012093307482536
0.4916014700867904
0.478748738568734
0.5112746834553017
0.5217084796341876
0.45829082692927764
0.4461032635428261
0.45679356491092515
0.4420871879257337
0.4433366922555384
0.5032780321726609
0.4162139125937583
0.5451960021657536
0.48813724537775877
0.44207770349028
0.4099146718137301
0.49198236983309146
0.4805312107851325
0.47191857896184736
0.45475916376608333
0.47508646712827535
0.4816346994101344
0.6112049467533817
0.5144288985707152
0.475888656722507
0.5584053187198916
0.49796991163525345
0.5196842557708548
0.4830396897551012
0.5480151957075456
0.5402023653567671
0.5066889073226237
0.5336455246269138
0.46599340291303054
0.4320403683295176
0.45715453966122155
0.5384731116324694
0.5379024140749158
0.49205108318847834
0.47318329741208087
0.47441602634151187
0.47517341456781903
0.4060278024493443
0.4094528334090805
0.4147860837097471
0.43388042729391363
0.44144982330466875
0.4330500022902339
0.4005519264734744
0.4413227012006335
0.43232913120522515
0.40496101246639
0.45152610767361373
0.42059137647110817
0.46710701203268473
0.39486981218971834
0.3641348119807622
0.392593993900534
0.388831200264514
0.3952251196206038
0.3401312445707904
0.3980889999307541
0.3762187172697739
0.37870666025412614
0.3881199619299829
0.434044936899273
0.38777349487025714
0.25271985736354435
0.3091974044787804
0.2926382986162407
0.32726200856441223
0.253801251688144
0.2851214931373645
0.32748771220619693
0.3769204382432623
0.34916809225689954
0.27574615139934777
0.29398150736067574
0.3069200925602566
0.23632473553172315
0.22198958628433488
0.2842820862889717
0.3302490197838145
0.3028504583550536
0.3083043645351424
0.260693053558375
0.2970939602386938
0.27758908490429113
0.27480148687246586
0.279180925363133
0.28982649547743616
0.2956891422615784
0.3898311491140486
0.38657578829013883
0.3243353419965757
0.3039304183713296
0.4370805062670096
0.29004508812852214
0.2902053107754916
0.27876486419901675
0.34041851991851385
0.37488343206061386
0.2843426956041531
0.3726277491785374
0.35516717788505403
0.3689504207953092
0.2917067338106926
0.3560137631696153
0.37638073077170847
0.3424410423367604
0.3411493148848484
0.3395658729127851
0.3457066282576308
0.32393849593562163
0.3992256586703873
0.3972041971677194
0.441049999890505
0.2414506325216696
0.3444846789989759
0.3559680083213492
0.382507030023088
0.34553782114081544
0.37355214424395755
0.43942900424414383
0.38773799883789806
0.32321919726173054
0.4037946766630588
0.37484395182096847
0.34912588753027385
0.356695423798624
0.39235525372879715
0.4025682637327773
0.3283142435998734
0.38471200787342563
0.34369020099138053
0.3440307388548685
0.32254857041763296
0.3644884854604387
0.4281406727464186
0.3986806264657546
0.3720064336489524
0.3839380463777403
0.39708112812675517
0.3595459643871365
0.41029819742815715
0.41064374772785067
0.33747678342668247
0.38899878233312146
0.4140087978889382
0.3307716927574956
0.34035477942028186
0.367643589944947
0.28936313242262013
0.39240715687688854
0.3994001052697135
0.3230386390020147
0.3626144212205288
0.33595546248395874
0.36367670618979037
0.34660429903975715
0.3423250906439202
0.3553643541649297
0.3696532722680393
0.3413634125463637
0.3713009385359878
0.37796585553041295
0.34519861301129046
0.3853771930468712
0.3706091885208279
0.28168938209770705
0.3720649840633796
0.4270367118092148
0.44805457831853357
0.3854921971180627
0.43230632805658503
0.4108728025645784
0.3164649656883636
0.4018649687723299
0.3639707222206012
0.39516035235707714
0.36598715019616496
0.41950689918710593
0.45330936979040637
0.4389416791661822
0.36885184438357776
0.372255354532808
0.4044696604678982
0.3669413754452272
0.35105803067361796
0.3829744353938164
0.3753470490409954
0.37743574795701673
0.39130896192417225
0.3533305121017125
0.3475010171951727
0.3282390918302654
0.35028112579847803
0.3453406658583482
0.35026465464669077
0.36068276373557434
0.3585182141402107
0.3368501614786429
0.3593231980406685
0.3493566087827849
0.34440396790509964
0.36589202104873064
0.3263077055416813
0.3448394264091568
0.27204230934214896
0.286803556502584
0.3746247087635176
0.3334839218647595
0.3258356651233527
0.3009269254681075
0.2868300683884334
0.21140379545708068
0.21543745933754563
0.2941119161745532
0.2789861332066653
0.22139874271247265
0.3079619135166163
0.2752672928034149
0.23685553379356272
0.24168683903908894
0.27603190661549865
0.31950345323642393
0.2946553264641697
0.26754656020150647
0.29386952295079083
0.32013360650146067
0.27747053577907516
0.31114605036521825
0.3318663339775319
0.2804196645799905
0.27551360992478857
0.30720913559357366
0.3269902959227212
0.31777175569384897
0.3443874106640168
0.3257201702672867
0.2831658153922494
0.299928806116437
0.32734095379063305
0.33377929828179065
0.30576653920797553
0.30304916939282245
0.2940462164896712
0.2732824399420555
0.30678235562068046
0.3078003710442933
0.36866186140014506
0.32911064741352775
0.32635734692592566
0.2424086490554427
0.2565066571148925
0.2710291104591569
0.3088267336057921
0.32099896109499254
0.33726589960277004
0.2743391766909516
0.24947282067999121
0.28540095709310975
0.25425238610801715
0.2698206538590977
0.30683478252426466
0.2753548850906724
0.21751008818523043
0.21543255821297783
0.26323688833385456
0.24368416204958962
0.23565787209164704
0.1701791224389298
0.24383939956358722
0.18274614152584656
0.14170993328217352
0.1711297636374481
0.23859981372932187
0.21994998566502788
0.21488735163074368
0.2242288094106972
0.27720588550375475
0.20829487660779086
0.2089333619890869
0.2271752968381649
0.22007400693834583
0.21996618064536314
0.2555933945614269
0.26108710832591026
0.2648992209584717
0.2192105059073379
0.23065142586019097
0.25564827641156074
0.21667724842530767
0.21870907469033493
0.2397101406804769
0.24482809774893496
0.2588063450242007
0.27798516207388707
0.27044208027906225
0.20631741861196112
0.2129901542594964
0.18586162698804284
0.1975378490823562
0.19815470786060524
0.1920888202062555
0.18128883649339814
0.23645293326361475
0.15057674475068036
0.13266986146379817
0.16077203332693138
0.13031492889236654
0.20295179021867893
0.14291868100859137
0.14652091944832904
0.12782641100753578
0.15036948643879913
0.10510663766033461
0.1668806176473926
0.15935111568937715
0.17967438251878082
0.08315035027202973
0.14235562014126318
0.1074734960485458
0.16406451243454886
0.06228942208340856
0.14304462792227332
0.1415237197849934
0.04665856135517197
0.06635303888765189
0.08211154293087403
0.09895364009022745
0.08555638809688534
0.08480581968437728
0.07547135936016246
0.06399290765153019
0.06444448946580032
0.08034891256752863
0.10586763465440122
0.08885294207478782
0.08508524087149094
0.1017393457513143
0.11376435062809559
0.11315014400351603
0.11827115969985237
0.11375808141707108
0.12438854349002144
0.11529292012399067
0.10546359365222902
0.10305049250529397
0.046489531138666454
0.11248474120208819
0.11547464133770313
0.08673038370605554
0.07083307559107911
0.07991908319385076
0.031575534028134136
0.08870948783644543
0.02577634311214296
0.07567952082652961
0.06034336516559268
0.03029467113467849
0.04820711146339858
0.013912963994516112
0.05182621338124122
0.016497907911039222
0.02898662156859223
0.03483838761813489
0.0316328595340499
0.05757757585984249
0.03699903475833864
0.04381304745298453
0.047887366084487494
0.022756059098822362
0.04825681851641601
0.06876885722484767
0.044196946776031955
0.0655768207629909
0.047418877206445505
0.06928056587505343
0.11405944232160978
0.11818068355303506
0.09362865843548845
0.12041995538019715
0.051676115191587366
0.03508217908686177
0.045818095577554736
0.0757484014360568
0.10368367719209799
0.15029003219792347
0.14485190759814912
0.07811773507592543
0.033232619375811054
0.06945318421059937
0.07483431638065077
0.08239872884942234
0.13329075390633788
0.11440195925628681
0.08789628872391037
0.08907814352168501
0.09783115518493908
0.05876103174484594
0.12622645903588509
0.12225454875317218
0.09815921469558092
0.16798966588325748
0.13964425150977774
0.16391146546000301
0.13074605125734984
0.1278562128399392
0.11594569410518454
0.08240548485987954
0.1362528449941003
0.12463560616977974
0.1766591222935065
0.1533924963561131
0.16934165383588257
0.09613396972268941
0.1166295693003333
0.209835388634359
0.15176061284462894
0.13656928572664648
0.17815192793058732
0.13754561742555682
0.13257508092400846
0.09412084152684233
0.1331009266148379
0.14558521619225417
0.14571962892841783
0.11129469464571609
0.09706931483783236
0.0951248824896207
0.08871185043947255
0.08398064387204039
0.06086823474481662
0.06242325482019184
0.07959357023922772
0.10832334343767042
0.08704218315145652
0.060074379080294456
0.06708946469448183
0.05095097373988834
0.05946713237545815
0.05475376426263596
0.09031438269561323
0.03464382872041703
0.1311009686356983
0.10331627107826317
0.049659268293336584
0.041805078107865726
0.06130997700203494
0.04693335160609287
0.10567028113096034
0.11067576154790439
0.1636631330371542
0.09064447128306677
0.07481191892898884
0.09756776735169055
0.1375175655503335
0.1270852882587439
0.11836421764708899
0.13320699118813065
0.11149739181835437
0.06385508206031339
0.09209000915973971
0.06284829619562718
0.08644405126029744
0.06693996218872578
0.06429151164347474
0.047976647428843076
0.0762254949106928
0.026548191257023436
0.007137656585824749
0.0441957325447561
0.024679376630423206
0.06708274107847077
0.0029838657551496213
0.04159879890893983
0.026404802925582227
0.09084297962811307
0.05492786248587532
0.07139264466903848
0.08833010691970823
0.033338678063491556
0.013530244954354056
0.03261642354302133
0.07828203578690028
0.06332184780376415
0.08579546358026878
0.10501699973063132
0.059725305613234546
0.09667715567837215
0.04356513028949261
0.05513845766070703
0.09555117306764802
0.07279917470277729
0.08919281096611947
0.08302457931355539
0.0848608453452515
0.04383646120342287
0.03888832433956631
0.033780779395197566
0.0689761526025358
0.06070500036382304
0.11790905345725201
0.06818868324654034
0.0390224776110316
0.056424046238604385
0.06066890117830851
0.04420845901401308
0.08400983962046395
0.10753159519491538
0.06241598645548698
0.07616899803901755
0.07836899900239806
0.05519692023303026
0.03701542386001939
0.06224127741205714
0.09471885047919394
0.07686340920479566
0.1055725409624893
0.0720851794405675
0.03779398056009311
0.0752467740530085
0.08061545037714475
0.08180040020371285
0.0467749821662094
0.0599230486284729
0.02846492836359322
0.06164492936816661
0.11129992118698633
0.05324768694242538
0.061198442619861716
0.04422734810885368
0.054111117948090204
0.11193714978525618
0.10308308041778123
0.09612631129132293
0.10053828538918373
0.08938783113864415
0.12437302229835522
0.13123778633352
0.1498751342605084
0.15653395175221654
0.13648908505824578
0.1516966842541461
0.1579190603142986
0.14011135073695152
0.2039767573689651
0.19681659088374376
0.18820561891158352
0.17558966033793147
0.16029918021511752
0.13812914827239225
0.12360481068564733
0.1139646922156624
0.15807448413145006
0.21360841953882242
0.18645073850034913
0.17784024949370425
0.17221239853246778
0.10386893210290465
0.12880978872919024
0.12958780021764627
0.09823061248737495
0.14134756177119664
0.18243572426668606
0.15907293544171203
0.09649214643388768
0.09272164145018891
0.112561612835924
0.1339160595746458
0.13358734618024204
0.18395732519781305
0.14468056920976674
0.1394135996960071
0.1092860429618818
0.12894952062017817
0.16824959215620794
0.20034250048727503
0.1280676951487094
0.16625020582381173
0.06827340065928626
0.08563667954400789
0.1093360610198418
0.17998111656652108
0.15785286020793005
0.15902906902416314
0.15720171111618034
0.09597582197284725
0.07814701056464998
0.03890110820552187
0.10674603397802451
0.13689735982900728
0.07039843754997722
0.06537716811168921
0.02049215076428625
0.04342849442021073
0.077379885906659
0.037334355082304475
0.0623809065117095
0.09466667800867332
0.07790616100576982
0.07530791646449327
0.06406521654540967
0.11145658950458409
0.031901577237016025
0.010990691401201898
0.08585746129757306
0.10688907953211382
0.10104088928814259
0.03541202475561769
0.020465112291301425
0.03722958466470123
0.033107669407836875
0.07942943942757864
0.11332266876142678
0.11496929708940114
0.15356153469709294
0.0429215954119557
0.09208090127070653
0.0587435173499777
0.06203305232367093
0.0872093501376953
0.08795995968874522
0.06318017773882507
0.07899528996443617
0.09298261041136378
0.10356545191799271
0.09638518118276414
0.12087945140265904
0.09864335428255906
0.10279591909147087
0.14511147123932153
0.13128016347880053
0.18897477543160976
0.15010988949570478
0.12009488972338028
0.1044633010675095
0.07353610918403088
0.062266270703709194
0.10868131824379508
0.11766423269515515
0.1408408775831892
0.15446220770491428
0.12048287022560548
0.13390814174721066
0.1186323050523519
0.09145277823756244
0.05037287299802823
0.1021904226479284
0.055316771114329186
0.09083682936331727
0.11673568717003385
0.09419422157959914
0.050447015859230886
0.1294679870318278
0.12273855041128094
0.15520843240474416
0.12245717980354602
0.15576699816322964
0.1746633463028915
0.174345944541519
0.21621785879748923
0.15067403223699233
0.20093249298758578
0.14946752129026522
0.05946289559977335
0.11411204080202685
0.13864155946511608
0.18183000199157245
0.1939312288656427
0.18870163084933592
0.17682417021524743
0.15227755345240387
0.18878884831748766
0.16941139720855397
0.19480472527062287
0.13853537654223988
0.20084994883700924
0.19366206624098967
0.23807838711310533
0.1617366956031007
0.21125209288374516
0.13903518661217168
0.1498989858337604
0.08433693374081694
0.08143295067187548
0.11150641619141559
0.17402973929775703
0.13643183240660076
0.17727813564073905
0.129281474064574
0.07677543141496866
0.11212024365271528
0.08908911531076287
0.048453374439585514
0.05552607253103291
0.03481660640681569
0.06762388600972487
0.05234533145467974
0.06872221622379572
0.050996393458751996
0.029085558208441737
0.027691403102549472
0.057908830555838155
0.08253307416008059
0.100187340333877
0.07043897422178652
0.1697444462912373
0.12220224200947884
0.16297229427384186
0.16904759445015038
0.16345720355642604
0.12334663598987192
0.15046771917715016
0.0990015852777593
0.1525755949500164
0.2095211284545282
0.18844653338707465
0.2103033287983065
0.24433383618352192
0.25866015799498565
0.21727335302450015
0.14420400678878553
0.16209074986572905
0.18796084501295396
0.1241696433409404
0.16849433596752614
0.11473745236062372
0.16294347452330962
0.15592810029989113
0.1696063425767146
0.2201055683457243
0.11696741453208724
0.15069844854385706
0.15138335879090925
0.12532021018520886
0.12253721605357693
0.06838014345970794
0.08982822790310525
0.11107757709514422
0.0982765012695626
0.02744491431858306
