0.10708275760068063
0.5257612471311889
0.5732046733139884
0.1959399582882461
0.7093033191325006
-0.49020903024006385
-1.2990972011626567
-0.4485142331228658
-1.0742683089526524
-1.8453345250557802
-2.3282392448467317
-2.9008642656267556
-2.233609548948554
-1.7451001880235055
-2.4717950994960285
-2.3652563475340354
-2.502470790326003
1.2767001700273308
1.2667702223614348
1.8070918723828244
1.1897839370238188
2.4887855307280917
1.6678336272031589
1.7140909865775937
2.016199850761135
2.5994579993018108
1.9863480342241944
1.939825234977325
2.0454629523010843
2.125051990159738
1.5470353073079206
1.0612173431918608
1.8036597658295768
1.730904944478107
2.931328869430384
2.7480284138047115
2.7739660638185426
1.8896258483452535
2.202599548416741
1.683705731211266
1.4187908381977667
1.556413850272519
1.3969715634406625
1.4516473735053301
2.284181973108334
1.4079551438594073
1.844271730922681
2.4408236973293684
2.4999538411882094
2.2952098608408047
1.5071132252481516
2.144418614748544
1.589745249665568
1.48634764382042
1.7529697589922661
-2.800616625916905
2.7154860038607036
2.6677267328931396
2.619414835408019
2.838590617704883
2.398246014233781
2.389695547400924
2.413729619878437
2.412545322549479
2.518189368815687
2.7905713988123653
2.6545285292266936
2.613471776322422
2.6423734841013915
2.5126618227433615
2.410077623498765
2.5133226072775106
2.5835237244612603
2.52297020638934
2.052893092248027
1.9330633352430546
2.345941473335384
2.2172689250937743
2.498660764288718
2.662473925520087
2.74619687487452
2.7190142733370126
-3.0244991516284605
2.0207506767638033
1.6673755923205407
1.9765274761420573
2.353144407112042
2.832912924052896
2.7992186828760106
-2.996211522800597
3.112534255002756
-1.8451095756861313
-3.0926254475551147
2.17991559486379
1.436492382250741
1.0670135786633914
1.4810574421278795
2.6697807395380013
-2.3716440143123165
-2.6179702832999276
2.3927288778055424
-2.369210184520119
-2.1818166428607566
1.0981342247150845
1.7587839807968524
2.346590375098865
2.1938941093732374
-1.258937275669075
3.071062872857927
2.670915630088957
2.7143176852863227
-2.3370821282557057
-2.527188237528291
-2.7738253229235
1.6759169878113498
1.8937804610801094
2.511765186350048
2.4606186104794934
-3.140004877579794
-2.8645846817698457
-2.124608762579458
-2.090957597184458
-2.665988450175617
-2.887968220729554
2.7316740517193203
2.39987932019951
-2.7281133667960824
3.1373798525936496
-1.791195632337009
-2.3181004056948713
-2.140132782210241
-1.2117699346498971
-1.435948062463515
-2.1022021541187623
-1.8302221186922265
2.8632680341439714
2.3847665724931955
1.8029449631929972
1.962556646369622
2.4983716168572623
0.522840182678181
-1.2348708163740105
-0.02926995582498286
-0.1697729013216501
-0.20407013594344353
-0.9448559385212488
2.6384946206823066
3.1406804647222835
2.9109896705488674
2.5932744333715205
-2.3567851305797562
1.1426737471045714
-0.7654808782866286
1.178296132307579
-0.16464140345171327
-0.1830227827565066
-0.09278653471842851
-0.20947931328292665
-0.9930261606610403
-2.6106703085012466
-2.152176754976256
0.9970142781757039
0.6968263397927175
0.21457237252124808
0.21051454639159373
0.22445773239998282
0.19211595824120226
0.3550136639210319
-0.43441376717744407
-0.8894225456754181
-0.5194320076627098
-0.47436552863409864
0.07635641659962775
-0.06917407204586576
0.315090451360734
-0.4086954054918664
1.0653224183161751
0.6814835770495541
-0.6560060535238632
1.0305778715547602
0.12280736335595462
0.6479515408441842
-0.7431898360175965
0.8916514368627351
1.139835991952874
1.5453155395443186
1.4550907010054526
1.6087735995992274
1.0996332876077572
0.750283378262341
0.16473257585853726
0.4185769431500671
0.3945315851386562
0.8133332983347754
0.966512191339251
1.1186588017640136
-1.419726453898732
0.50149808831866
0.9653838125351142
0.5043028891124072
1.1676658679464706
0.5068891349694653
-0.5538000924539705
1.1255177734505835
0.6941454206512222
0.9195770911294164
0.9533400249080547
1.1910571636715188
1.2937435923871219
1.598446685329212
2.0966486117274976
0.9180734227766054
1.1561766526747137
0.9289177157212821
0.8927366086652083
1.4235398596250404
1.1244875330077257
1.2776546243481175
0.7549391308715458
0.639992020081981
1.55217776151313
1.1086288197286576
1.473251249996635
1.4622580883719645
-2.851764449295348
1.2896835761495813
0.3069300073235782
1.2475691398265476
1.4225111208917625
1.1419407966622024
1.388522352669815
1.4490281844743613
1.4123004199808855
2.5775937028106974
-1.3110368747708587
2.865762358723987
1.4858493877841124
2.1533993944214167
