0.2512542714178868
0.2514276897595754
0.25282508664014297
0.2526848616118082
0.25195836095807556
0.25093244604962983
0.2497209896678977
0.249154731883382
0.24828023682089126
0.24859916421279285
0.2487602187705754
0.2504678862294708
0.2509460159945074
0.25345984754444917
0.2544853123188624
0.25704825359175754
0.25927603961233825
0.25973173951314266
0.2593885683422919
0.25926434028310585
0.2580226401681695
0.2560795547694985
0.25340723331465176
0.25288759124566795
0.25097776636080454
0.25024198541109793
0.25002932798003047
0.2509727610097772
0.2513362616620487
0.2511288262775532
0.24928604538311
0.24787830271115913
0.24630971685763914
0.2453641041985018
0.24300622217917933
0.24203921557258798
0.241290901693941
0.24184044315164574
0.24304649293211647
0.24452045540028644
0.24497970699731128
0.24530765514426314
0.24308112546748392
0.24141568531964883
0.23954202410734382
0.2383739289988104
0.2383039393433833
0.23892490585569126
0.24063432131379567
0.24190020575426674
0.24357079353929176
0.24337962601405322
0.2434366348426109
0.24288371820961224
0.24157800728673268
0.23970751957096895
0.23823834294625795
0.23966352355265869
0.2416242583508478
0.2424881563528031
0.2450760888276055
0.2464954950631178
0.24559683660690776
0.245071086889283
0.2425423461406338
0.24069165479095864
0.23952745028752118
0.23940097333397065
0.24032584962328357
0.23983715969196523
0.2395450172871799
0.239757712805932
0.23732359219340976
0.23610840901917793
0.2335465690824702
0.2307164423402162
0.22947194530578882
0.2290305898309195
0.2294966577786695
0.230893147478002
0.23271680192586292
0.23370442269840494
0.23368323642642222
0.23339539369893703
0.2329093904372173
0.23207552827520503
0.23244778851885206
0.2346423816139685
0.2348658012272103
0.23759678005775592
0.23895946668504328
0.24000863069925757
0.24143247765823764
0.24217188974642098
0.24329472439728184
0.24246815917947337
0.2416320953480684
0.24175307850746292
0.2426594500378561
0.24180154795345143
0.24265695921325975
0.24282650246269974
0.24229213651157044
0.24164650333834867
0.2411489608064184
0.23948294237499299
0.2379298924769857
0.23668899217278297
0.2356354515082025
0.2343126015753652
0.2345709058463187
0.2337088736837567
0.233137891429404
0.23303523372056228
0.23287842914391846
0.23326821518288474
0.23158545649362144
0.23088281193523366
0.2294863449433946
0.22880402869950692
0.228018890389922
0.2276178560475703
0.22882558986774632
0.229049200753804
0.2284477509755217
0.22759194458930318
0.22668714091543957
0.22475476303948838
0.22424474374759634
0.22240891286142364
0.22088722536690572
0.21863290821982945
0.21853087483270878
0.21710476633509349
0.21748543622243238
0.21667120355028543
0.21639730170505037
0.21417251718198843
0.21258436447866705
0.20934439684064934
0.2080338269066261
0.20521704335476473
0.20263012544382306
0.2031301302600211
0.20227356531025054
0.20175381513580706
0.2020776120155618
0.20235217424154314
0.20261953535389568
0.20288123763391802
0.2030577920758882
0.20318846726449147
0.20455632851141403
0.20335563473153967
0.20372169119008574
0.20560754043101181
0.20671876651563417
0.2079196259804986
0.20880193431458144
0.20955271906010067
0.20899848428256682
0.2090225777550947
0.2093557953159441
0.20903260507061477
0.2094197127415005
0.21054997001887607
0.2108563766829063
0.2120990273433759
0.21387745302392974
0.21522152511928966
0.21535516950147607
0.21564839478353842
0.21556415479237642
0.21491792082029723
0.2148700144970291
0.21489610313608484
0.21413182900022476
0.21412474220857486
0.21545197996188215
0.21718844752004487
0.21802528734871335
0.21716449197581963
0.2156300819016415
0.2133003922878997
0.21219367663514813
0.2104574581577056
0.20998434839410646
0.21101853854632036
0.21149763475389896
0.21273674669276574
0.2139170600279042
0.21372888524787287
0.21349149335309853
0.21346353056869413
0.21426616120902478
0.21483754535992916
0.21635328834426906
0.2146835959570283
0.2155481318481578
0.21791013209269888
0.21876430895166915
0.2195199654424731
0.21994382574792376
0.22066599759927225
0.22063453056072166
0.22156049544892734
0.22040768081025833
0.22159506409288018
0.22020996513023866
0.221323693955505
0.22211197171454025
0.22252466974106394
0.22256116471174706
0.2236732377394992
0.2235138856078774
0.22351055952898494
0.22458665457954047
0.22611844387939364
0.22791732710266252
0.226908280549327
0.22750518540094117
0.22856041827386417
0.22821845856379666
0.22952566883058267
0.22988248697380823
0.23001474716743378
0.2319798562095648
0.2325743757191982
0.2336042128090388
0.23494189670536575
0.23247766578211007
0.2321084523476073
0.23346308349201322
0.23502959357604974
0.23591972469726893
0.23574324617162987
0.23547159969473533
0.23408139543966308
