0.14574281072144696
0.14593436444123528
0.14339336884383008
0.14277171825315768
0.14271554558515565
0.1418804803802928
0.1424808048483956
0.14545251475749482
0.14905262551329249
0.15069277887638555
0.14794940844202864
0.14345288597976022
0.1409361112536519
0.13626945806531987
0.13481369206021832
0.13584837645654044
0.13775155097374553
0.13883579179184263
0.13931102804136378
0.13656939683163138
0.1344882506211351
0.1321244480002696
0.13059131293713713
0.12965327480559927
0.1294590881842715
0.12952648450948878
0.12995633409234147
0.1317009216996843
0.13187297426225233
0.13089943574855054
0.13005603327297272
0.12943214866064193
0.1323487913619636
0.1328301061243684
0.1307928762355354
0.128934644468108
0.12885938294638638
0.12975646290933893
0.12985979809714726
0.1282374087477288
0.12876173652140224
0.12665298199913874
0.12458338553914192
0.12448143603797304
0.12237996898217085
0.12029426388155118
0.12004324517110909
0.11992955981428496
0.11971140772688287
0.11948665955953544
0.11993127246521837
0.11904241289673215
0.11816559226753669
0.11655624208331747
0.11439636494908342
0.11277447590132658
0.11108071063204401
0.1100167226539857
0.11019034345226489
0.11093624880281372
0.11296691415751785
0.11394182559198081
0.11444911142255328
0.11369860181088882
0.11345088740097649
0.1122429421513722
0.11292245906926705
0.11305035914063126
0.11545616415723522
0.11590373083881103
0.11822551383417759
0.12001290093085717
0.12111350895890467
0.12184964447998407
0.1207494803993761
0.11942746434717963
0.12151060711914441
0.12076688185881476
0.12236560857009975
0.12612910719603887
0.13025907142095186
0.1309807710224919
0.13261934283044158
0.13130729059080548
0.13078546762688417
0.13047277615356878
0.13017015948205407
0.13257782764356482
0.13280067276020385
0.13604661250814004
0.13737443702489394
0.1376782127855541
0.13717440769292347
0.13394056910552588
0.1335115948474334
0.13228397865941863
0.13296369797213933
0.13229359787278233
0.13254378225936478
0.1318991639626678
0.13278537626734507
0.1335361787085372
0.13339031307412702
0.13251254262562834
0.13083534383279144
0.12998964566132126
0.1289635835884526
0.1285082739992143
0.12756308543597367
0.12631674189774328
0.1279699769616669
0.1295949330827131
0.13110955950640896
0.1322804844603253
0.13268266821089578
0.1324864077856928
0.12810855304779287
0.12792063882211693
0.12621234895752254
0.1247790797190355
0.12397650632470276
0.12316159651861187
0.12247260988524451
0.12276178754855509
0.12261514268674915
0.1203939747184077
0.11919435747514018
0.1161150052533257
0.11640457862735769
0.11758755758225943
0.11719963022507804
0.11647467991193186
0.1183018677816529
0.1192144897967933
0.11988567156015024
0.1220446977650467
0.12117234569606083
0.1200802006675687
0.12002684600105389
0.11866968059694097
0.1182360540029916
0.11561876393653672
0.11346317358019449
0.1136940916914539
0.11663830038036985
0.1173730965065842
0.11889030665188724
0.11926833105555146
0.11958159257373399
0.11961508768509373
0.12013503252196893
0.12126939880620598
0.12057891797329454
0.11785178673174515
0.119660344458478
0.1192292791003731
0.12016387199548953
0.1194040199713573
0.11802861804016478
0.11693142020917346
0.1159909467626176
0.11466954259108993
0.11399210369435778
0.11227903126036201
0.1110840042655743
0.10996141435148406
0.10922120111375155
0.10773761267014277
0.1077177468190769
0.1078910584062468
0.10656024047158301
0.10641573054292788
0.10633908409998354
0.10604482918707858
0.10618492063126601
0.10625339003617947
0.1066613069129341
0.10682674362054403
0.10965978602476478
0.11098359285577379
0.11330107539960473
0.11344872080548558
0.11273251932114219
0.11203130671945201
0.1116305714142289
0.11381524607992635
0.11408181454624367
0.11635573719303491
0.11814553095771566
0.11858244427778557
0.120057747755934
0.11925371354849106
0.11949629974742337
0.11704693816651454
0.11681640344012115
0.11712919164067878
0.11781566613627548
0.11910833793806745
0.11993808377249777
0.12177641248848022
0.12238091303944691
0.12279806519638889
0.12299088333757228
0.1236344977747776
0.12312380178669965
0.12280574468612201
0.12303831649999586
0.12415551858322418
0.12178228140315281
0.12061625686940465
0.12019126476837849
0.12035250596084719
0.11930947925122674
0.11913080328134311
0.12235136976845437
0.12294724983286087
0.12287167522277272
0.12537450129205316
0.12716866469459662
0.1240761891474516
0.1230183890967981
0.12317288523890882
0.12256951669177116
0.121586612629038
0.12068613529227379
0.12201354044406328
0.1211036085961189
0.12086440877177454
0.12106997660137842
0.12044508159006281
0.11959192300828488
0.11831839326111473
0.11841009794497417
0.11874563416236532
0.1189531419057543
0.11899493981488725
0.11975684060022199
0.11959141779302696
