0.005018288164579362
0.004869439223421384
0.004478707878772253
0.00416316249716057
0.0038528140145440747
0.0036800212348273896
0.0034846258869940727
0.003447877153904729
0.0033461628279468866
0.00336668743204113
0.0033107580711043694
0.003130719695171415
0.0029556387502778355
0.0023826174014945694
0.002183872949387742
0.001846541055679246
0.0016042149053370103
0.0014531170658659072
0.001384313913032352
0.001187853484892963
0.0009363939835639884
0.0007418515813123612
0.0005048912913136335
0.0004262577141462609
0.00035409593251535185
0.0003592818538312814
0.00045154880002794826
0.0005436194116847908
0.0006074734391975833
0.0006114366358959898
0.0006654200783351066
0.0007137723108769911
0.0008191752912318498
0.0008961444134014866
0.001071144927515834
0.0011995546104663652
0.0013035061253933132
0.001404579857647881
0.001429308984553151
0.0014387073943087267
0.0014202302960132475
0.0014749145544027931
0.0014683616888571745
0.0014684126281720759
0.0014123839860358707
0.0013684949736700752
0.0013868285275495955
0.0014045113507813365
0.0013390910979062104
0.001349524831043405
0.0013647941422785727
0.0013312129201224294
0.001317568032651145
0.0012907574853142933
0.0011528702148157822
0.001071999939605778
0.0009934413859850467
0.0008495960262842768
0.0008153204510989413
0.0008238328144257923
0.0008097511580538681
0.0006957868680551457
0.0006238306759368112
0.00060454293188641
0.000494675714881701
0.00044360763625561053
0.0003672045355385862
0.0003816102731710956
0.0004338729657374834
0.0004544178910036049
0.0004778635123291062
0.0005032400181237798
0.0004425577544317557
0.00042661001617040693
0.000404046944806951
0.0004618184432920824
0.0005216437871951158
0.000579252702083063
0.0005962661647744168
0.0006170111317293838
0.0006368198160254362
0.0006786844615959191
0.0007373444556414517
0.0007773233175474511
0.000813128739932235
0.0007663696401942316
0.0008100259382158631
0.0008205657333806978
0.0008234286777894321
0.000888134689519678
0.0009841100437524728
0.0010888910440340607
0.0011545047821517932
0.0012140415501542532
0.0011899904485062065
0.0012027516702810548
0.0011901911527465267
0.0012475046054217984
0.0013622727935984106
0.0012508109136081143
0.0013283016427702312
0.0013170232358036557
0.001356950733313021
0.001404656226432784
0.0014278210630955894
0.0014822790353741172
0.0014673481723570124
0.0014162116092322537
0.001411277417004707
0.0014270426770119338
0.0014985441668958297
0.0015626825708882537
0.0015783614921778075
0.0015393586262699177
0.0016061334688446342
0.0016337940605649737
0.0015739299213701145
0.00148398883365209
0.0014275946329587927
0.0014225154146338779
0.001354580720834827
0.0013302815573092825
0.0012295971701588551
0.0011693961698508643
0.0011077947790871499
0.0010547713413928937
0.0010332044936270368
0.0009656845390235
0.000990857401574853
0.0009357816918222139
0.0008957640082514525
0.0009138495770201859
0.0008848010428110353
0.0009577682915723085
0.0010058745547927976
0.0011474948526350032
0.001203688392030351
0.001214541114182605
0.0012693354618401322
0.0012648818718847944
0.0012182294884519871
0.0012077377132997825
0.0012415103713444935
0.0012765650297222124
0.0014162424502909125
0.0014726170451604785
0.0016067509453953608
0.0015628321988607973
0.0015995563419731497
0.0015965825665203096
0.0014115604481420713
0.0013340675389358408
0.0013085537621544206
0.0013065254279673272
0.001354027036264183
0.0014861791019810254
0.0015468342381020899
0.001469657674881315
0.001429524578919755
0.0013697115640757917
0.0013107929642910733
0.0013106362073653718
0.0012574258157187852
0.0011821013813246772
0.0011300273885746892
0.0010798598917604544
0.0010375844245261094
0.0009493222885789309
0.0009362751758873418
0.0008503765489380853
0.0007619628450755863
0.0007328798804515786
0.0007104263318428066
0.0006631980090651767
0.0006410738101506599
0.0005677659853974038
0.0005622977647476689
0.0005789313626530263
0.0006274719183953607
0.0006554484732511092
0.0006910571173135335
0.0006981453009692374
0.0006907760988406861
0.0006108209321631531
0.000621101083037365
0.000647561734617026
0.0006751504965598113
0.0007708461217629455
0.0008206391925080893
0.0009061740729408536
0.0009630835514138712
0.0009774641532363114
0.0009395741332683949
0.000913878133078374
0.000910949506574151
0.0009543774781803068
0.0010179844041760442
0.001025105645188596
0.0010483731095903652
0.00111172923585642
0.0011303417339333668
0.0011468931108940899
0.0011477990459659092
0.0011613006252627761
0.0011822447445624796
0.0012700967045161347
0.0013575795393188813
0.0014850443276983951
0.0013888382115491325
0.0015386740563899403
0.001658917560169726
0.0017036532396387475
0.0017623647410829682
0.0018722101727486648
0.001973328013585302
0.002201043782854402
0.00240297988305285
0.0026683832338271
0.0029133329080802666
0.0025044867374621567
0.0023912440560887086
0.002459204751427634
0.0024000218298357947
0.002449635777778199
0.002633545899099755
0.0027573338248512353
0.0032110629337260533
0.0033092920828885868
0.0033868436633348576
0.0034200719230047965
0.0029327319177098613
0.0026329688661596
0.002542005383597435
0.002531332792131376
0.0026902992973759396
0.0027070907429692557
0.002683660269537382
0.00258255503992287
