2.6063081072627825
2.4955953101197395
2.2922916461166363
2.9314046675679046
3.6642919753143324
2.9977439955694423
4.174087375499264
2.830864192892562
3.6091908274084235
6.027692233958045
7.733597910990435
11.099460657797577
4.877537120555405
3.551201762937913
5.898939830286156
5.642306921328003
6.566580075136137
3.7629594148790426
5.090066777429915
6.691957222567863
3.9993812569316263
8.848363893421936
5.262824333771434
5.159937062168022
6.309613906966147
9.09807367749633
6.325916197404941
5.628508317781098
5.839926963324909
5.578554500177068
3.688603269594279
2.6898996491360707
6.045208655946952
5.714577440432327
11.526541776349767
10.089585517710805
7.2733098693176625
4.121881690476899
4.839218255511834
3.4132502364944357
2.7597593706811723
2.3688348248691513
3.567447577327728
5.232711247045283
5.983911673076024
3.370314656754797
4.66440128945422
7.111235766108147
10.080394018167883
8.834686479854573
4.738080877233026
7.083446226652319
4.720136059326197
4.222648623953888
6.835207416287939
11.104539369594495
12.43376647966993
11.857680486756298
8.166746139373023
12.491684529341061
9.601606267546464
11.362584475709886
5.591797884807289
10.034549703750388
7.8039081025246
9.386904784675155
8.703139480608366
11.529417034928894
11.07031591108315
10.152676087358241
9.654949561267914
9.647796941450608
6.542213571273
11.345780465077475
8.178718843804896
5.37980240263909
7.237615607262024
6.88946768102344
8.219930084660136
8.875590405518995
9.121103344449354
11.020875284519537
13.063913234620074
6.38728637722957
5.303089006931598
6.617058930918953
8.137316434146758
9.472491470122725
9.53798568823522
11.178819615381967
14.140734083835161
5.55373795919151
12.271701697505229
8.043130235254617
4.403206321796388
3.8159133898723367
4.667414297114599
9.432980242750098
8.19503212137609
12.433201432890078
7.00219924838787
8.636246180684108
8.01552789278671
2.930563116560632
3.6610859699683083
8.206829623151647
7.323987771068896
3.8719997568866473
11.306830077502818
9.730743446994484
9.0543139544945
11.577556049050106
9.096831324548726
14.168688330530454
4.679551700770206
4.596503483319486
9.122210413346355
8.387117885945363
14.576600704886243
13.116095650880066
9.624372042437903
6.099036250866864
9.067700204716424
10.618671268868912
11.54300675206003
9.31804990445777
10.422573996584532
9.755853587370657
6.8030043225894605
9.640307486270924
6.333292094111536
3.5082880417092275
4.207945628116832
8.943868960668825
5.633984016838154
9.014198165735616
8.884788032486771
4.2747393872396
6.13788257293575
8.583405085624777
3.0030725969423675
5.342152188068122
2.5752571349012507
2.9905152354455664
3.167178630581433
4.724222051464285
8.642525891178659
13.419172672696273
12.21755593731217
9.732031639512858
9.015290635126913
4.293956564750296
2.9767253699690803
2.708624259905568
3.0427813481947115
3.143916690335284
2.792852390763172
3.252134945651138
3.733901425201002
13.772728701142416
8.362674404726338
3.852113570393913
3.1920896650927046
2.595391613720933
2.5893142471923434
2.8119618129346655
2.4896041337621173
2.8850931544109537
3.7134896979233885
3.5088963878425163
3.198869617573493
2.979730306269661
2.840479252312913
2.89869361469063
3.256347626083456
2.492285337180344
4.936129208831644
3.9920066446265543
2.674102578828985
4.630233177251046
2.856055445280807
3.0066868195851453
2.721739025998299
3.1949016780154333
3.6673043545693553
4.734264450419827
4.415650816082567
3.043350328600898
3.4559909418450525
3.89325985073451
3.019011509931807
2.8775316356582437
2.5128083966616
3.068944965444465
3.4033661714791577
3.8815057556787265
4.636351407516299
2.7751565701022307
3.3448962667697666
2.891969714752082
4.954764282573398
3.359645150819481
2.9883074606029387
2.991316890935925
2.4495901500184942
2.1759448953409
2.2885035142926666
3.970357263734498
2.7024939529354772
4.933745876486806
6.468910884706458
2.621200647372576
3.294535086684584
2.3465713799088825
2.5106890902324808
3.64697888833947
3.064791559068735
3.2446021570984
3.0335662833973465
3.1250622844211504
5.32933057757892
3.6769405310187153
4.86360561146157
4.5201958291477
13.43066359869575
4.037226268745603
2.9955915411955574
3.7994968716863355
4.05578652494569
4.335650250604944
5.108807446612644
5.430065884451143
5.0868618417806335
9.196478312969418
5.823024102673108
9.346174534579742
4.182194419800892
5.9945574758462215
