0.16952932144261962
0.16239313625922533
0.22111098326546882
0.14857031278448726
0.0954812271524882
0.11550526433748964
0.1001858034747468
0.0832138070080918
0.12811657853251798
0.16675668326135482
0.14060678836111698
0.1285618909910297
0.07159182917721564
0.15963354464478421
0.12175029873466107
0.0783643572006254
0.1073692206929851
0.07359024031630179
0.16240081060859132
0.19693516766651412
0.13116156503867293
0.11483886399351571
0.05506842093909062
0.08123510769099575
0.08555975804024182
0.13308006347957813
0.15967192915521528
0.18237818669244674
0.15865819603755962
0.11852162316456062
0.16323532641832283
0.12236146329787609
0.062473182828293186
0.036126664163777085
0.11749070882116013
0.07621234796634031
0.0979799849700399
0.13792946335842365
0.15608988410216174
0.09725831268233569
0.14005519117393586
0.19901232481563585
0.17559315550744853
0.12052690003996877
0.06492034955907507
0.10472084679869485
0.04659536530724695
0.11990719363484992
0.12613638495906873
0.1322806417605385
0.14420162722924804
0.12109104161560391
0.2066120720807678
0.10792610273143535
0.06904971248973567
0.06179323549942073
0.10277551246400304
0.09687490949866122
0.08760193048124233
0.06688337862993822
0.09485594491835432
0.09554757315047421
0.20818085857356317
0.10124468777389876
0.07435995324534962
0.14615435323888706
0.13091297671685329
0.0666712083414227
0.10783657949842307
0.17211025610866443
0.30319600187772483
0.2597904235611979
0.17749274127618714
0.13386430465680774
0.04195927886547612
0.04802276646763838
0.12193588483690662
0.1389451635715756
0.21845460032444758
0.21566329935348438
0.2881441083110988
0.1269311767853098
0.051241414669036346
0.037159145560229846
0.06441709893665061
0.16096265145617128
0.13869526548195768
0.07437189544597553
0.10548152838051592
0.18384358432752174
0.11247719710153262
0.05357589736251406
0.027762330748985257
0.05031810179178565
0.09559823799594858
0.10797757520905761
0.0776882509478572
0.10829830296495237
0.15593593427505628
0.10396086478473976
0.024253168608738933
0.06391626380608947
0.028810048692337588
0.10116047053163148
0.08369406247085998
0.06048516441618276
0.08057351342136157
0.07716923651385861
0.07950422700364236
0.12176668894127163
0.08390101845824084
0.07167750276791338
0.09841726304879961
0.014199656773365666
0.058964724319078454
0.08875175559749496
0.07167509517868749
0.06954526077944821
0.12204776097138988
0.07355075294007396
0.1377769207635074
0.11605958682696779
0.07625132262587166
0.05236353462221774
0.09308712773652848
0.14886073970782882
0.04480943840048658
0.07058703450977084
0.0609213606416386
0.09288217772639751
0.10096835153249939
0.045727130871130235
0.06696710156746272
0.05312423559302829
0.04607614857380187
0.07645971842945568
0.04299486716784773
0.14854253669880466
0.07591745261583627
0.09703061785848328
0.013588338884588644
0.06498050837815461
0.10348515552975034
0.07782242652146219
0.08696405909474107
0.03056314889339299
0.14631188702502546
0.04160974994593793
0.13863884747027222
0.08599097082498434
0.012257933112717652
0.03941551170448214
0.10191230737959757
0.0963221669563663
0.09263190765062856
0.07565616565164486
0.09083388283937228
0.0760715443347823
0.06964713280734647
0.04578623625112685
0.08791478093363077
0.052375229411096076
0.0601731569034402
0.12347786314174432
0.1272348824802878
0.05944309952508477
0.1580088116836334
0.07793908035844851
0.0627311928302934
0.09120119828701129
0.07590276136298431
0.10013470228508936
0.06914855592325539
0.1285981055979327
0.09525280321470313
0.1351468952855864
0.12110454407431061
0.0775770049194295
0.08064335938993825
0.06932491948033599
0.09275800620113171
0.08620803854507686
0.10101027975031879
0.12116947228750184
0.14813076710673515
0.156186363515744
0.1674101763420931
0.19511660208436268
0.1317031007069561
0.044417246558057795
0.06488199764552532
0.08818052917938075
0.19692998971861575
0.19077392134682886
0.16583015189220568
0.22134153530220307
0.10817570951688718
0.1094278505849549
0.12580180238316815
0.059327632361255676
0.06006953124388493
0.06677183668929436
0.04852191578230021
0.07936485823729844
0.14042795163425617
0.23487389034805287
0.2347157760921513
0.16675600241084093
0.1798938296694456
0.12225954547236326
0.24625523248322892
0.13198520583369508
0.1590247802909554
0.2289715042730974
0.1501201047868481
0.1452634403318535
0.1260034602595886
0.13294726511259927
0.10003276363638224
0.13127216100939937
0.1290081520072161
0.1205316162524013
0.10432342403567613
0.09928536227379132
0.06307041481055635
0.07171025593273962
0.11685273171567909
0.13613992837986919
0.1517111514844644
0.1012381568243708
0.09801469919997173
0.04350841238735802
0.017481837126015084
0.056458548811542456
0.0054387418837154615
0.04395313080684309
0.06094406526865952
0.1548157857185065
