0.49234375	0.5808333333333333	
0.49484374999999997	0.5768749999999999	
0.5218919836956522	0.5614492753623188	
0.50046875	0.5660416666666667	
0.5015625	0.5634374999999999	
0.504765625	0.5581249999999999	
0.507734375	0.5538541666666668	
0.5107812500000001	0.5522916666666667	
0.5149999999999999	0.5511458333333333	
0.518203125	0.5487499999999998	
0.521875	0.5443749999999999	
0.5246875000000001	0.5373958333333333	
0.526484375	0.5335416666666667	
0.5299218749999999	0.5258333333333333	
0.5345312499999999	0.5191666666666668	
0.5393749999999999	0.5148958333333333	
0.54375	0.5094791666666667	
0.5474218750000001	0.5057291666666668	
0.5504687500000001	0.5012500000000001	
0.550703125	0.4984375	
0.5532812500000001	0.4911458333333333	
0.5538281250000001	0.4844791666666667	
0.555078125	0.4783333333333334	
0.5564843749999999	0.4729166666666666	
0.55859375	0.4688541666666667	
0.55953125	0.4664583333333333	
0.56125	0.46552083333333333	
0.56171875	0.4644791666666667	
0.56203125	0.4625	
0.559921875	0.4598958333333333	
0.5596875	0.45875000000000005	
0.556875	0.4574999999999999	
0.5546093750000001	0.45718749999999997	
0.553359375	0.45718749999999997	
0.550546875	0.45666666666666667	
0.5490625	0.4567708333333334	
0.544765625	0.45968749999999997	
0.5432812499999999	0.459375	
0.54109375	0.46010416666666665	
0.540234375	0.4604166666666666	
0.538828125	0.4605208333333334	
0.538359375	0.4614583333333333	
0.5386718749999999	0.46239583333333334	
0.5399999999999999	0.46354166666666663	
0.541875	0.4647916666666667	
0.542578125	0.4664583333333333	
0.5425	0.4682291666666668	
0.5428906250000002	0.47000000000000003	
0.54078125	0.4731249999999999	
0.5387435393081984	0.47620396572414236	
0.53734375	0.4773958333333333	
0.536640625	0.4759375	
0.5366787651765919	0.4759733160160414	
0.535173109265879	0.4759158792813961	
0.53390625	0.47229166666666667	
0.53328125	0.4715625	
0.5310937499999999	0.47052083333333333	
0.52765625	0.4708333333333333	
0.525625	0.47020833333333323	
0.5238281250000001	0.4694791666666666	
0.5221875	0.46708333333333335	
0.52046875	0.4645833333333333	
0.518046875	0.4613541666666666	
0.515234375	0.45739583333333333	
0.513046875	0.4546875	
0.51203125	0.4544791666666666	
0.5089062500000001	0.45125000000000004	
0.50859375	0.45062500000000005	
0.50625	0.4499999999999999	
0.5051562500000001	0.4491666666666667	
0.50265625	0.4489583333333333	
0.50203125	0.4497916666666667	
0.499375	0.4508333333333333	
0.49781250000000005	0.4515625	
0.49507812500000004	0.45281249999999995	
0.4933593750000001	0.4539583333333333	
0.4917187500000001	0.45302083333333326	
0.48930438010964145	0.4527474322227055	
0.48697064813024615	0.45231122455152056	
0.4859375	0.4533333333333333	
0.4832812500000001	0.4567708333333333	
0.482421875	0.45916666666666667	
0.48078125000000005	0.46322916666666664	
0.48054687499999993	0.46604166666666663	
0.47734375000000007	0.47468749999999993	
0.476953125	0.4773958333333333	
0.47531249999999997	0.48322916666666665	
0.475078125	0.48562500000000003	
0.4734375	0.48927083333333343	
0.47328125000000004	0.490625	
0.473046875	0.4916666666666666	
0.4736718750000001	0.49239583333333325	
0.4734375	0.49520833333333325	
0.473828125	0.4973958333333333	
0.47437500000000005	0.5020833333333333	
0.47406250000000005	0.5038541666666666	
0.47484374999999995	0.5079166666666668	
0.47421875	0.5115625	
0.471875	0.5134375	
0.4715625	0.5135416666666666	
0.46976562499999996	0.51375	
0.46929687500000006	0.5142708333333333	
0.4696093750000001	0.5151041666666666	
0.47046874999999994	0.5165625	
0.47203125	0.5190625	
0.471875	0.5205208333333332	
0.47281249999999997	0.5215624999999999	
0.4738281250000001	0.5219791666666667	
0.47250000000000003	0.5220833333333333	
0.4704389740637602	0.5215670280440248	
0.4694600672003859	0.5205719407469128	
0.4678125000000001	0.5201041666666666	
0.466640625	0.5203125	
0.46609375000000003	0.5202083333333333	
0.466796875	0.5215625000000002	
0.46625000000000005	0.5220833333333332	
0.46492187500000004	0.5235416666666666	
0.464453125	0.5247916666666667	
0.46234374999999994	0.5235416666666667	
0.45828125000000003	0.5242708333333332	
0.45421875	0.5251041666666667	
0.451953125	0.5243749999999998	
0.449609375	0.5241666666666667	
0.44898437500000005	0.5242708333333332	
0.44757812500000005	0.5229166666666666	
0.44585937499999995	0.5210416666666667	
0.44523437499999996	0.5202083333333334	
0.4446875	0.5207291666666667	
0.4429687500000001	0.5225	
0.441015625	0.5238541666666666	
0.43765624999999997	0.5264583333333333	
0.435859375	0.5280208333333334	
0.432109375	0.5298958333333333	
0.42914062499999994	0.5308333333333333	
0.42781250000000004	0.5310416666666666	
0.424921875	0.5313541666666666	
0.4238281250000001	0.5314583333333334	
0.42234375	0.5313541666666668	
0.42132812499999994	0.5315625	
0.420546875	0.5355208333333333	
0.42046875000000006	0.5392708333333334	
0.42007812499999997	0.5427083333333332	
0.420078125	0.5465625000000001	
0.42015624999999995	0.5470833333333333	
0.41859375000000004	0.5504166666666667	
0.41765625	0.5509374999999999	
0.41578125000000005	0.5564583333333333	
0.41507812499999996	0.559375	
0.414453125	0.5663541666666665	
0.414921875	0.5696875	
0.41531250000000003	0.5771875	
0.41543132040672426	0.5835766151639442	
0.4155468750000001	0.5865625	
0.416171875	0.5878125	
0.416015625	0.5903124999999999	
0.41609375000000004	0.5915624999999999	
0.41593749999999996	0.593125	
0.41624999999999995	0.5959375	
0.41796875	0.5980208333333333	
0.4207299750430657	0.6028889713581282	
0.42296875000000006	0.6061458333333333	
0.42375000000000007	0.6070833333333334	
0.42492187500000006	0.6107291666666665	
0.4259915848087486	0.6157113391899739	
0.4264533785440653	0.6217982272525832	
0.4272290273008794	0.6246526873669571	
0.42800478353200566	0.6282360554775673	
0.4306555482875192	0.6315069030715832	
0.4318219387191492	0.6350902490383135	
0.43499999999999994	0.6344791666666666	
0.43703124999999987	0.6383333333333333	
0.438359375	0.6414583333333332	
0.43991897481334463	0.6430647491988049	
0.441015625	0.6478124999999999	
0.443359375	0.6506249999999999	
0.44398437500000004	0.6519791666666666	
0.44671874999999994	0.6532291666666666	
0.44847166691674634	0.6528802395895653	
0.4512558049407164	0.6539833388075608	
0.45419742997893364	0.6545651044458444	
0.46057665313165	0.6558759970734644	
0.463359375	0.6535416666666667	
0.4666389953730337	0.6539304838350157	
0.47015625000000005	0.6551041666666666	
0.47164062500000015	0.6557291666666667	
0.474296875	0.6546875000000001	
0.47609375	0.6549999999999999	
0.478671875	0.6547916666666667	
0.48202641719249817	0.6533561306466571	
0.48296874999999995	0.6523958333333334	
0.485859375	0.6511458333333333	
0.4881257584911422	0.6506254212787119	
0.49234375	0.6492708333333332	
0.4952026498360306	0.6495774203093838	
0.49953125	0.6482291666666666	
0.50109375	0.6489583333333333	
0.503125	0.6492708333333332	
0.5055468750000001	0.6479166666666667	
0.50703125	0.6471875	
0.509140625	0.6464583333333334	
0.510859375	0.6430208333333334	
0.5128125	0.6381249999999999	
0.5132827335038087	0.6359819915205793	
0.51375	0.6291666666666667	
0.5143744208841248	0.6264629090065643	
0.514375	0.6226041666666666	
0.5134375	0.6212500000000001	
0.51203125	0.62	
0.5107031249999999	0.6208333333333333	
0.5096141790130859	0.6195339971510996	
0.50796875	0.6198958333333332	
0.5061718749999999	0.6157291666666667	
0.5039062500000001	0.6122916666666666	
0.502421875	0.6104166666666665	
0.500078125	0.6072916666666667	
0.4973437499999999	0.6047916666666666	
0.4965624999999999	0.605	
0.49507812500000004	0.6056250000000001	
0.4951562500000001	0.6057291666666665	
0.4937500000000001	0.6073958333333334	
0.49351562499999996	0.6073958333333332	
0.49320312499999996	0.60625	
0.49210937500000007	0.6038541666666667	
0.4921875000000001	0.6033333333333333	
0.49203125	0.6026041666666666	
0.4917187500000001	0.6034375	
0.491015625	0.6036458333333332	
0.49093749999999997	0.6042708333333333	
0.4914843750000001	0.6060416666666667	
0.491328125	0.6061458333333333	
0.49117187500000004	0.6052083333333333	
0.49203125000000003	0.6043749999999999	
0.49140625	0.603125	
0.49031249999999993	0.6018749999999999	
0.490390625	0.6024999999999999	
0.48921875000000004	0.6022916666666667	
0.4887167145298249	0.602569019297615	
0.4892968750000001	0.6040625000000001	
0.4884375	0.6047916666666666	
0.4875	0.6055208333333333	
0.48617187500000014	0.6052083333333333	
0.4834375000000001	0.6053124999999999	
0.4814843750000001	0.6066666666666667	
0.478515625	0.6084374999999999	
0.4782031250000001	0.6095833333333334	
0.47710937500000006	0.6107291666666667	
0.475703125	0.6129166666666667	
0.47625	0.6139583333333333	
0.475	0.6155208333333334	
0.475078125	0.6168750000000001	
0.47531249999999997	0.619375	
0.4758593749999999	0.6199999999999999	
0.475703125	0.6238541666666667	
0.47593749999999996	0.6269791666666666	
0.4754943523013595	0.6326537705646756	
0.47671875	0.6354166666666666	
0.47718750000000004	0.6398958333333333	
0.478671875	0.6430208333333334	
0.47992187500000005	0.6440624999999999	
0.48070312499999995	0.644375	
0.48156250000000006	0.6454166666666665	
0.48351562500000006	0.6471875	
0.485	0.6495833333333334	
0.4897656250000001	0.6556249999999999	
0.49140625	0.6566666666666667	
0.494921875	0.6585416666666666	
0.49671875	0.6603125	
0.49906249999999996	0.6620833333333334	
0.500234375	0.6648958333333332	
0.500703125	0.6657291666666667	
0.5021093750000001	0.6675	
0.504296875	0.66875	
0.507578125	0.6690625000000001	
0.5096875000000001	0.6686458333333333	
0.513046875	0.6668749999999999	
0.51671875	0.6661458333333333	
0.519453125	0.6657291666666666	
0.5205468750000001	0.66625	
0.5217968749999999	0.6668749999999999	
0.523203125	0.6660416666666668	
0.5243749999999999	0.6664583333333334	
0.526484375	0.6652083333333333	
0.5282031249999999	0.663125	
0.531171875	0.6595833333333333	
0.532421875	0.6580208333333333	
0.53296875	0.653125	
0.532578125	0.6511458333333333	
0.53390625	0.6466666666666667	
0.534296875	0.6420833333333335	
0.534609375	0.6396875	
0.53609375	0.6343749999999999	
0.538046875	0.6298958333333333	
0.5394531250000001	0.628125	
0.542109375	0.6257291666666667	
0.5432812499999999	0.6259375	
0.5453125000000001	0.6230208333333334	
0.546796875	0.6182291666666667	
0.5459375000000001	0.6147916666666666	
0.5450999683211923	0.6117990304553449	
0.5429829805948571	0.6089896626262779	
0.5426605315451087	0.6070116400894806	
0.5418646729845242	0.6030179007009127	
0.5421093750000001	0.5999999999999999	
0.5428906249999998	0.5984375	
0.54375	0.5965625	
0.543828125	0.5951041666666667	
0.54375	0.5936458333333332	
0.5411718750000001	0.5919791666666667	
0.5403906249999999	0.5921875	
0.5367187500000001	0.5919791666666667	
0.5358593749999999	0.5916666666666666	
0.531875	0.5923958333333332	
0.5283593750000002	0.5931249999999999	
0.5250781250000001	0.5930208333333334	
0.5235937500000001	0.5928125	
0.5209374999999999	0.5922916666666665	
0.520234375	0.5921874999999999	
0.5178125	0.5913541666666665	
0.515	0.5919791666666667	
0.5132031250000001	0.5919791666666667	
0.50953125	0.5929166666666665	
0.5061391066167288	0.5952196199858457	
0.5043268089938794	0.5970586268960256	
0.502079801703096	0.6020728973890866	
0.50171875	0.6036458333333333	
0.49953124999999987	0.6058333333333333	
0.496875	0.6070833333333333	
0.49390624999999994	0.6082291666666666	
0.49195312500000005	0.6085416666666666	
0.49000000000000005	0.6103125	
0.48859375	0.6123958333333334	
0.4875781250000001	0.6136458333333333	
0.48664062500000005	0.6165625	
0.48546875	0.6202083333333333	
0.48453125	0.621875	
0.483984375	0.6259375	
0.48421875000000003	0.6272916666666666	
0.48390625	0.6294791666666667	
0.48320312500000007	0.6323958333333333	
0.48234374999999996	0.6336458333333332	
0.4809374999999999	0.6357291666666667	
0.481328125	0.6393749999999998	
0.480859375	0.6420833333333332	
0.48101562500000006	0.6430208333333333	
0.479667337554477	0.6445389929824858	
0.4782031250000001	0.6486458333333333	
0.47789062499999996	0.6498958333333333	
0.4770312499999999	0.6533333333333333	
0.47664062500000004	0.6551041666666666	
0.47843750000000007	0.6591666666666667	
0.47882812500000005	0.6607291666666667	
0.47890625	0.6621874999999999	
0.48054687500000004	0.6651041666666667	
0.48078125	0.6681250000000001	
0.48140625000000004	0.6690625	
0.48125000000000007	0.6710416666666666	
0.48070312499999995	0.6747916666666667	
0.48101562500000006	0.6778124999999999	
0.48148437499999996	0.6797916666666667	
0.48355425874079294	0.6831265701698465	
0.48507223916895564	0.6862320305048459	
0.48562500000000003	0.6878124999999999	
0.48703124999999997	0.6890624999999999	
0.4878125	0.6901041666666666	
0.48820312499999996	0.6910416666666664	
0.4892187499999999	0.6946874999999999	
0.4906250000000001	0.6975	
0.4917968750000001	0.6996874999999999	
0.49335937499999993	0.7011458333333332	
0.49710937499999996	0.7035416666666666	
0.499609375	0.7051041666666666	
0.50125	0.7055208333333332	
0.505	0.7053125	
0.50765625	0.7049999999999998	
0.5097656250000001	0.7058333333333333	
0.5108593750000001	0.7055208333333334	
0.512890625	0.7058333333333333	
0.514375	0.7045833333333333	
0.51546875	0.7043749999999999	
0.51796875	0.7026041666666666	
0.5213281249999999	0.7	
0.5228124999999999	0.6981249999999999	
0.52546875	0.6964583333333334	
0.529330537271462	0.6937243582483845	
0.5307812500000001	0.6929166666666666	
0.53203125	0.6914583333333334	
0.5353125000000001	0.6919791666666666	
0.536953125	0.691875	
0.53953125	0.6908333333333334	
0.54046875	0.6894791666666665	
0.541796875	0.6879166666666666	
0.54234375	0.6846874999999999	
0.5446875000000001	0.6816666666666666	
0.546601635666006	0.6761587103108873	
0.5490155096079705	0.6712771623512378	
0.549296875	0.6713541666666666	
0.5489895727827411	0.6697538594368856	
0.552265625	0.6645833333333333	
0.5517968750000001	0.6619791666666666	
0.5529430833220073	0.6579255490145599	
0.5534375	0.6544791666666666	
0.5557031249999999	0.6494791666666666	
0.5570312500000001	0.6467708333333334	
0.5578121555792908	0.6439617006626537	
0.5609375	0.6369791666666667	
0.562516451062155	0.634140825153969	
0.562265625	0.6307291666666667	
0.56140625	0.6260416666666666	
0.560078125	0.6221875	
0.558515625	0.6198958333333333	
0.55765625	0.6204166666666666	
0.556640625	0.6185416666666667	
0.5555468750000001	0.6173958333333333	
0.5544531249999999	0.6160416666666666	
0.552578125	0.6133333333333334	
0.5513281250000001	0.6103124999999999	
0.550625	0.6076041666666667	
0.549453125	0.6058333333333332	
0.5473437500000001	0.6019791666666665	
0.5461913805637824	0.6012928987821902	
0.5457031250000001	0.6017708333333333	
0.54375	0.6020833333333333	
0.5425000000000001	0.6022916666666667	
0.54140625	0.6028125	
0.5398437500000001	0.6023958333333332	
0.53859375	0.6025	
0.53390625	0.6007291666666668	
0.5321875	0.6004166666666667	
0.5280468750000001	0.5989583333333333	
0.5264062500000001	0.5987500000000001	
0.5240699934298341	0.5977018964220396	
0.5232812499999999	0.5989583333333334	
0.5229687500000001	0.5987499999999999	
0.5228906249999999	0.5990625	
0.523046875	0.5990624999999999	
0.5228125	0.5981249999999999	
0.521875	0.5980208333333333	
0.519765625	0.5985416666666666	
0.5184374999999999	0.5986458333333333	
0.516484375	0.6	
0.5144531250000001	0.60125	
0.5128125000000001	0.6024999999999999	
0.511953125	0.6034374999999998	
0.5113281249999999	0.6044791666666666	
0.511015625	0.6061458333333333	
0.5096875	0.6065625	
0.509609375	0.6070833333333333	
0.5073437500000001	0.6060416666666667	
0.5071874999999999	0.60625	
0.50484375	0.6067708333333334	
0.5035937500000001	0.6072916666666667	
0.501484375	0.6080208333333335	
0.50078125	0.6090625	
0.5000781250000002	0.6098958333333333	
0.49812500000000004	0.6123958333333334	
0.49742187499999996	0.6134374999999999	
0.49463431322741813	0.6147715878346189	
0.49078125000000006	0.6138541666666667	
0.48890625	0.6144791666666667	
0.486484375	0.6147916666666666	
0.48250000000000004	0.6162500000000001	
0.4796875	0.6167708333333334	
0.4753125000000001	0.6194791666666667	
0.47476562499999997	0.6196874999999998	
0.47335937499999997	0.6223958333333333	
0.4733593750000001	0.6234374999999999	
0.47203124999999996	0.6263541666666667	
0.47125000000000006	0.6284375000000001	
0.47062500000000007	0.6303124999999999	
0.46906250000000005	0.6323958333333333	
0.46703124999999995	0.6327083333333334	
0.46609375000000003	0.6330208333333333	
0.463984375	0.6335416666666667	
0.46296875000000004	0.6337499999999999	
0.462421875	0.6358333333333334	
0.463203125	0.6378125000000001	
0.4618666979933	0.642526861768918	
0.462265625	0.6460416666666666	
0.46039062499999994	0.6496875	
0.4600000000000001	0.6517708333333333	
0.4574218749999999	0.6559375	
0.45492187499999986	0.6599999999999999	
0.45414062499999996	0.6609375	
0.45304687499999996	0.6620833333333332	
0.45335937499999995	0.6657291666666667	
0.45320312500000004	0.6668749999999999	
0.4540624999999999	0.6676041666666668	
0.4535937499999999	0.6680208333333334	
0.45328125000000014	0.6679166666666666	
0.4526562500000001	0.6679166666666666	
0.45125000000000004	0.6674999999999999	
0.451015625	0.6682291666666667	
0.45132812499999997	0.6688541666666666	
0.45132812499999997	0.6692708333333333	
0.45242187500000003	0.66875	
0.45249999999999996	0.6692708333333333	
0.45265625	0.6690625	
0.45218749999999996	0.6678125	
0.451328125	0.6682291666666667	
0.451953125	0.6695833333333334	
0.4528125	0.6689583333333333	
0.4531250000000001	0.6690625	
0.4546875000000001	0.6663541666666667	
0.45680510609127617	0.6644604089772234	
0.4579697534466331	0.6644960683095504	
0.4592112996834271	0.6647443770927046	
0.45935899866991947	0.6641596948778757	
0.45726562500000006	0.664375	
0.4565625	0.6626041666666668	
0.45640624999999996	0.6621875000000002	
0.45531249999999995	0.6619791666666667	
0.4546874999999999	0.6633333333333333	
0.45375	0.6647916666666667	
0.45335937500000006	0.6669791666666666	
0.45320312500000004	0.6675	
0.45343750000000005	0.6694791666666666	
0.45335937500000006	0.6699999999999998	
0.45402273860674114	0.6697745082328995	
0.455859375	0.6666666666666666	
0.45734375000000005	0.6649999999999999	
0.4592895344524547	0.6644969238506316	
0.46039062499999994	0.6652083333333334	
0.4612589317459532	0.6652262822352945	
0.46290887448146867	0.6673649459205888	
0.46390624999999996	0.6702083333333333	
0.4653637443482485	0.6727133795067641	
0.466171875	0.6737499999999998	
0.4668750000000001	0.6732291666666665	
0.46796875	0.6723958333333333	
0.4696874999999999	0.6722916666666667	
0.47218749999999987	0.6721874999999999	
0.47375000000000006	0.6720833333333334	
0.47562499999999996	0.6717708333333332	
0.47679687499999995	0.6719791666666667	
0.478515625	0.6736458333333333	
0.48023437500000005	0.6741666666666666	
0.4813281250000001	0.6740625	
0.48304687500000004	0.6730208333333334	
0.48609375000000005	0.6710416666666666	
0.48968749999999994	0.6696875	
0.49242187500000006	0.6688541666666667	
0.49547690954795687	0.6686650553346773	
0.4965625	0.6677083333333332	
0.4995312500000001	0.6681250000000001	
0.5021093750000001	0.6685416666666667	
0.50484375	0.66875	
0.5075000000000001	0.6686458333333334	
0.510390625	0.6657291666666666	
0.5110156250000001	0.6647916666666667	
0.5145937861338613	0.6603582330108436	
0.5187130026129716	0.6561644778466922	
0.520175507502806	0.6528065421752016	
0.5246093749999999	0.6431250000000001	
0.525	0.6405208333333333	
0.5275000000000001	0.6367708333333334	
0.5286718749999999	0.6323958333333334	
0.52953125	0.6270833333333333	
0.5298437500000001	0.6252083333333334	
0.529921875	0.6201041666666667	
0.529453125	0.6147916666666666	
0.5290625	0.6097916666666667	
0.52859375	0.6072916666666667	
0.52734375	0.60375	
0.525625	0.5982291666666667	
0.5246875	0.5952083333333332	
0.5221875	0.5912499999999999	
0.519765625	0.5876041666666666	
0.5162500000000001	0.5846874999999999	
0.5146093749999998	0.583125	
0.5114062500000001	0.5789583333333332	
0.508046875	0.5745833333333332	
0.503984375	0.5715625	
0.5021875	0.5694791666666666	
0.49812500000000004	0.5662499999999999	
0.49359375000000005	0.5625000000000001	
0.48984375	0.5605208333333334	
0.48703124999999997	0.5595833333333331	
0.48406249999999995	0.5581250000000001	
0.479375	0.5572916666666667	
0.47734375000000007	0.556875	
0.47156249999999994	0.556875	
0.46953125	0.5574999999999999	
0.46460937500000005	0.5578125	
0.4604687500000001	0.5586458333333333	
0.45843750000000005	0.55875	
0.4543750000000001	0.5590624999999999	
0.45125000000000004	0.56125	
0.4485156249999999	0.5629166666666666	
0.44671874999999994	0.5638541666666667	
0.443828125	0.5663541666666666	
0.4421874999999999	0.5679166666666666	
0.4382031250000001	0.57125	
0.43484375000000003	0.5771875000000001	
0.43218749999999995	0.5817708333333333	
0.43046875	0.5854166666666666	
0.428203125	0.5872916666666667	
0.42766451178529363	0.5930649180443416	
0.427109375	0.5969791666666666	
0.42765625000000007	0.5984375	
0.42843749999999997	0.6019791666666667	
0.42914062499999994	0.6052083333333333	
0.428515625	0.6100000000000001	
0.428203125	0.6130208333333332	
0.42718750000000005	0.6185416666666668	
0.4270262985804112	0.6235157368059617	
0.42601562499999995	0.6259374999999999	
0.42710450694913893	0.6292074197149755	
0.428125	0.6319791666666668	
0.4305686995490644	0.6319502409975678	
0.43289062500000003	0.6357291666666667	
0.43546874999999996	0.6384375	
0.436875	0.6414583333333334	
0.43984375	0.6456249999999999	
0.442265625	0.6492708333333334	
0.44578125	0.6520833333333332	
0.4500849335810372	0.654547389993871	
0.45195312500000007	0.6546874999999999	
0.45492187500000003	0.6553125	
0.459140625	0.6560416666666666	
0.4615625	0.6581249999999998	
0.466015625	0.6582291666666668	
0.47000000000000003	0.6602083333333332	
0.4742941856438477	0.6618075411980907	
0.47710304098974987	0.662678991431032	
0.47953124999999996	0.6661458333333333	
0.48296875000000006	0.6660416666666666	
0.4851562499999999	0.6667708333333333	
0.4864062500000001	0.6660416666666668	
0.4890625	0.6645833333333334	
0.49210937500000007	0.6642708333333335	
0.49273437500000006	0.6641666666666666	
0.494140625	0.6643749999999999	
0.4958428634318328	0.6640913397542937	
0.4985156249999999	0.6635416666666666	
0.49984375000000014	0.6633333333333333	
0.5028124999999999	0.6617708333333333	
0.50515625	0.660625	
0.506796875	0.6605208333333333	
0.509921875	0.6597916666666668	
0.513671875	0.6604166666666667	
0.514453125	0.6596875	
0.5178906249999999	0.6579166666666667	
0.5208593749999999	0.6555208333333333	
0.523203125	0.6525	
0.525	0.6523958333333332	
0.5282031249999999	0.6496875000000001	
0.5318007052803646	0.647438370639967	
0.5338281250000001	0.6460416666666666	
0.5383911260880718	0.6426984247073264	
0.5425	0.6366666666666666	
0.546640625	0.6314583333333335	
0.5491406249999999	0.625	
0.5521093749999999	0.6183333333333334	
0.555	0.6131249999999999	
0.55734375	0.6083333333333332	
0.55859375	0.6040625000000001	
0.56	0.6018749999999999	
0.562109375	0.5976041666666667	
0.5650000000000002	0.5919791666666666	
0.5661718750000001	0.5876041666666667	
0.5666991286642593	0.5847368701730673	
0.567578125	0.5791666666666666	
0.5673846071039923	0.573213510796814	
0.566640625	0.568125	
0.5663342045874001	0.5615497569953923	
0.5653906250000001	0.5615625	
0.564453125	0.5576041666666666	
0.5628125	0.5554166666666667	
0.563125	0.5528124999999999	
0.5625781250000002	0.5495833333333332	
0.5613281250000001	0.54375	
0.5599999999999999	0.5414583333333333	
0.558203125	0.534375	
0.555859375	0.5284374999999998	
0.5517968750000001	0.5244791666666666	
0.549921875	0.5227083333333333	
0.5449218750000001	0.51875	
0.540234375	0.515625	
0.5361718750000001	0.5133333333333333	
0.5303125	0.5105208333333333	
0.526953125	0.5088541666666666	
0.5205468750000001	0.5051041666666667	
0.51828125	0.5029166666666667	
0.5127343750000002	0.49802083333333325	
0.511484375	0.4963541666666666	
0.509140625	0.4947916666666667	
0.505234375	0.4921875	
0.5021875	0.4915625	
0.49765625	0.4911458333333333	
0.4953125000000001	0.49135416666666665	
0.49046875000000006	0.4911458333333334	
0.4861181328216252	0.4909620578825805	
0.4827566497553885	0.4919048689194689	
0.48023437500000005	0.489375	
0.475703125	0.4875000000000001	
0.47366291859578347	0.4874237770387646	
0.4698279305184583	0.48839282995184946	
0.46843749999999995	0.49031250000000004	
0.46749999999999997	0.49385416666666665	
0.46507812499999995	0.49802083333333336	
0.464375	0.4998958333333333	
0.462265625	0.5032291666666666	
0.46140625	0.504375	
0.4571093750000001	0.5075	
0.45302331531663986	0.5102172449878228	
0.4490625	0.5131249999999998	
0.44734375000000004	0.5144791666666667	
0.4434280750930292	0.5180887871366553	
0.44117187500000005	0.5220833333333335	
0.43999999999999995	0.5231250000000001	
0.43882812499999996	0.5269791666666667	
0.43773437499999995	0.5297916666666667	
0.43562500000000004	0.5321874999999999	
0.4352343750000001	0.533125	
0.4334375	0.5361458333333333	
0.43093750000000003	0.5395833333333333	
0.42945312500000005	0.5415625000000001	
0.42750000000000005	0.5454166666666667	
0.42640625000000004	0.5485416666666666	
0.42640625	0.5497916666666666	
0.42570312500000007	0.5525	
0.425106548636082	0.5551044801235729	
0.4238745279662589	0.5555192899259017	
0.4232666789002841	0.5586422609212816	
0.42515625	0.5609375000000001	
0.423984375	0.5635416666666666	
0.424296875	0.5653125	
0.42374999999999996	0.5657291666666666	
0.423828125	0.5653124999999999	
0.42390625000000004	0.5647916666666667	
0.4242187500000001	0.561875	
0.423515625	0.5585416666666667	
0.42312500000000003	0.5576041666666667	
0.42312500000000003	0.5523958333333334	
0.42323836667809356	0.5491848558618501	
0.4245312500000001	0.5430208333333333	
0.4242968749999999	0.5397916666666667	
0.42390625000000004	0.5335416666666667	
0.4234374999999999	0.5239583333333334	
0.42296875	0.5211458333333333	
0.42312500000000003	0.5158333333333333	
0.42015624999999995	0.5129166666666667	
0.41976562500000003	0.5107291666666667	
0.41671874999999997	0.5066666666666666	
0.415703125	0.5043749999999999	
0.41421874999999997	0.5013541666666667	
0.411953125	0.4965624999999999	
0.40890624999999997	0.49072916666666666	
0.40710937499999994	0.48583333333333323	
0.4065625	0.4847916666666666	
0.405078125	0.48343749999999996	
0.4028125	0.48177083333333337	
0.39953125	0.4814583333333333	
0.396953125	0.4809375	
0.396015625	0.48010416666666667	
0.39296875000000003	0.47802083333333334	
0.39140624999999996	0.4760416666666667	
0.38726562499999995	0.47250000000000003	
0.383125	0.4682291666666666	
0.38125000000000003	0.4669791666666668	
0.37750000000000006	0.465625	
0.375	0.4648958333333333	
0.372734375	0.4652083333333333	
0.3706249999999999	0.4635416666666667	
0.367578125	0.4625	
0.365703125	0.4619791666666666	
0.36312500000000003	0.4619791666666666	
0.359453125	0.46260416666666665	
0.35476562500000003	0.464375	
0.352890625	0.4652083333333333	
0.34945312500000003	0.46739583333333334	
0.34695312500000003	0.47062499999999996	
0.3453125	0.47229166666666667	
0.342421875	0.47468750000000004	
0.33906249999999993	0.4779166666666666	
0.33710937499999993	0.48062499999999997	
0.334712259210804	0.4856760045217551	
0.33203125000000006	0.49135416666666665	
0.330859375	0.4935416666666666	
0.32828125	0.4979166666666666	
0.324375	0.5009374999999999	
0.320703125	0.50625	
0.31875000000000003	0.5079166666666668	
0.31375	0.5121874999999999	
0.31039062500000003	0.5168750000000001	
0.30859375	0.5189583333333334	
0.3052033809630106	0.5234677567754177	
0.3026946676908855	0.5280508638623108	
0.2992502216304871	0.5320065531707294	
0.29539062499999996	0.535625	
0.29351562499999995	0.536875	
0.29000000000000004	0.5403125	
0.28640625000000003	0.5429166666666666	
0.284597069618377	0.5443089262878186	
0.2816252886513184	0.5488120410280688	
0.280234375	0.5549999999999999	
0.278046875	0.5616666666666668	
0.27671875	0.5650000000000001	
0.27328125000000003	0.5715625	
0.2714760633387782	0.5773733463591472	
0.2699919706170284	0.5820572114462645	
0.268515625	0.5873958333333333	
0.26583988968261885	0.5918609263989809	
0.26296875	0.595	
0.2621875	0.596875	
0.26148437500000005	0.60125	
0.26059855370986773	0.6055518304394163	
0.260625	0.6091666666666666	
0.2609344846412591	0.6134074004411559	
0.26265625000000004	0.6189583333333333	
0.2633320028260773	0.622922190486711	
0.2656533614128141	0.6287475481253588	
0.26672511505145746	0.6339468350422034	
0.2674267654434496	0.6380895840096661	
0.26996536222534673	0.6398386599254879	
0.2710823078265823	0.6437524170439348	
0.27325908938358345	0.6429291362704865	
0.27511808999252835	0.6452893837703175	
0.27654847408733946	0.646119505039258	
0.2788767614722058	0.6499728111253232	
0.28100331620603375	0.6510517701619586	
0.28233104399335074	0.6524282883404376	
0.28467300265500894	0.6516409075940173	
0.28557424690074334	0.653224623414872	
0.2877648695482575	0.6530618168944986	
0.2899523794019403	0.6459830436639156	
0.2908134648338453	0.6436633301753023	
0.29263030835467363	0.6416924905508592	
0.2934035086717698	0.6399056026817911	
0.29364383309433484	0.6387507944638335	
0.2942758928640311	0.6387506431451202	
0.29495862178461635	0.6397046898463788	
0.2957897299792478	0.6389557196410444	
0.296995873095568	0.637595648677966	
0.29766660712619375	0.635960964186847	
0.29857262558243136	0.6349460226438248	
0.29869746617028625	0.6347639974680294	
0.29463203819486716	0.6368476835687213	
0.29326475762640347	0.6384405710272346	
0.29538951205800185	0.6392113605495346	
0.29531989005185333	0.6401521903013446	
0.29566810041419334	0.6418844870260637	
0.2883788853102178	0.650658061450675	
0.2877493028778283	0.6512420894583444	
0.288855079335726	0.6538602114501041	
0.28861756732189703	0.6547396158167331	
0.2885363053080681	0.6558273535166952	
0.288152242805682	0.6565840918987571	
0.28821753128041017	0.6578986622499527	
0.28824402801844745	0.6592988401926222	
0.2873518822527522	0.6599699709832106	
0.3009375	0.6485416666666667	
0.3076939884456382	0.6462674665870598	
0.32329096388118267	0.6441519239045941	
0.30179687499999996	0.6563541666666667	
0.2985993515401665	0.6663933425682641	
0.2799419757201711	0.67250250733341	
0.27221833782226135	0.6793958279456527	
0.2623829020905647	0.6859859124433677	
0.25956946509014944	0.6927767722056895	
0.30390625000000004	0.6647916666666667	
0.30515625	0.6663541666666667	
0.308046875	0.6681250000000001	
0.31015625	0.6704166666666665	
0.311171875	0.6713541666666666	
0.31382812499999996	0.6741666666666666	
0.31632812499999996	0.6769791666666666	
0.317890625	0.6786458333333334	
0.32101562499999997	0.6811458333333333	
0.32260710724237035	0.6825016322756627	
0.32452264737109926	0.6848093023200836	
0.3280016042202565	0.6878472788834291	
0.3296056337796236	0.6894270125214811	
0.3322280448713447	0.6919640888042535	
0.3344543298898794	0.6925864947078699	
0.3359802407099962	0.6939579027972191	
0.33875615153299055	0.6942876442234793	
0.3401258123562132	0.6942007189833568	
0.33421875000000006	0.6891666666666667	
0.33492187500000004	0.6897916666666666	
0.3365625	0.6911458333333333	
0.33765625000000005	0.6907291666666666	
0.338515625	0.6916666666666667	
0.33835937499999996	0.6917708333333332	
0.3378125	0.6910416666666666	
0.33765624999999994	0.6910416666666666	
0.33703125	0.693125	
0.33585937500000007	0.6946874999999999	
0.33578125	0.6954166666666666	
0.33418166171606956	0.6955521075111744	
0.33468749999999997	0.6958333333333333	
0.33429687500000005	0.695	
0.33328125	0.6952083333333334	
0.332734375	0.6961458333333332	
0.33156250000000004	0.6977083333333333	
0.3293388148644235	0.6992597254054315	
0.32860676277554884	0.7003056766359663	
0.326390911362838	0.702915348730871	
0.32386260561021435	0.7047959509926717	
0.32265625	0.7051041666666666	
0.3198908118695306	0.7078823593993687	
0.31754215114553114	0.7097003611041462	
0.3163720562946289	0.710792711721041	
0.31493756561703923	0.71126469105415	
0.3146875	0.7118749999999999	
0.3140625	0.7126041666666666	
0.3140625	0.7123958333333333	
0.31375000000000003	0.713125	
0.3131678786827021	0.715140219089584	
0.3129686559200201	0.7158979607147627	
0.31151882032986233	0.7190509425938694	
0.30983456113293967	0.7223080440992071	
0.3076815480807432	0.7244193085401722	
0.3069347847227636	0.7254889060185411	
0.305625	0.7281249999999999	
0.30476562500000004	0.7291666666666667	
0.304453125	0.7294791666666666	
0.30468749999999994	0.729375	
0.304296875	0.7298958333333333	
0.30359375	0.7311458333333333	
0.30281250000000004	0.7336458333333333	
0.30156250000000007	0.7364583333333332	
0.30070312499999996	0.7379166666666667	
0.299609375	0.7410416666666666	
0.29765625	0.7432291666666667	
0.29671875	0.7436458333333335	
0.29562499999999997	0.7448958333333333	
0.295234375	0.745	
0.295625	0.74625	
0.295859375	0.7482291666666666	
0.295625	0.7503124999999999	
0.29546874999999995	0.7516666666666666	
0.29458688836839086	0.7541732523412614	
0.29257812499999997	0.7592708333333333	
0.291015625	0.764375	
0.29031250000000003	0.7695833333333333	
0.290625	0.7715624999999999	
0.29281250000000003	0.7737499999999999	
0.2934375	0.7746875	
0.2956044472941819	0.7752252945259838	
0.29741218220860144	0.7747202589337252	
0.298675533633128	0.7744234643949666	
0.302421875	0.7711458333333334	
0.305859375	0.7701041666666667	
0.30765625	0.7697916666666667	
0.311875	0.7678125	
0.3153125	0.7654166666666667	
0.31921875	0.76125	
0.323359375	0.7558333333333332	
0.325546875	0.7538541666666666	
0.32953125	0.7497916666666666	
0.333046875	0.7479166666666666	
0.33406250000000004	0.7470833333333333	
0.33843749999999995	0.7459375	
0.3421875	0.7451041666666666	
0.346875	0.7428125000000001	
0.3489062500000001	0.7418750000000001	
0.35312499999999997	0.7384374999999999	
0.35570312500000006	0.7364583333333334	
0.356328125	0.7352083333333332	
0.35796875000000006	0.7340625000000001	
0.36015625	0.7341666666666666	
0.3628124999999999	0.7343749999999999	
0.364609375	0.7339583333333334	
0.3681249999999999	0.7335416666666665	
0.37187500000000007	0.7337499999999999	
0.37390625	0.7327083333333333	
0.375546875	0.7323958333333334	
0.375703125	0.7339583333333334	
0.375859375	0.7335416666666665	
0.377265625	0.7351041666666666	
0.37734375	0.7354166666666667	
0.37835937499999994	0.7363541666666666	
0.37968750000000007	0.7359375000000001	
0.38140625000000006	0.7363541666666666	
0.38421874999999994	0.7370833333333333	
0.38625000000000004	0.7383333333333334	
0.387109375	0.7375000000000002	
0.389453125	0.7374999999999999	
0.3909375	0.7365625	
0.3946875000000001	0.7355208333333333	
0.39939557199220677	0.73546020803498	
0.40124999999999994	0.7336458333333333	
0.40554687500000003	0.7306250000000001	
0.41007812499999996	0.7277083333333334	
0.41234375000000006	0.726875	
0.41640625	0.7255208333333332	
0.41890625000000004	0.7247916666666667	
0.42585937500000004	0.7258333333333333	
0.427578125	0.7265624999999999	
0.43125	0.7260416666666667	
0.43187499999999995	0.7246874999999999	
0.4346875	0.7216666666666666	
0.43726562499999994	0.7189583333333331	
0.43835937499999994	0.7172916666666667	
0.44078125	0.7146874999999999	
0.44234375000000004	0.7130208333333334	
0.44523437499999996	0.7101041666666666	
0.45078125	0.7069791666666665	
0.45359375	0.7047916666666667	
0.45843750000000005	0.7003125000000001	
0.46359374999999997	0.6976041666666666	
0.46820312499999994	0.6966666666666665	
0.47203125	0.6962499999999999	
0.4734375	0.6961458333333332	
0.47601562500000005	0.6953125	
0.478984375	0.6945833333333333	
0.4808593750000001	0.6929166666666667	
0.48445312500000004	0.6912499999999999	
0.48914062499999994	0.6880208333333333	
0.49390625000000005	0.6849999999999999	
0.4965625	0.6840624999999999	
0.501171875	0.6817708333333332	
0.505	0.679375	
0.50671875	0.6783333333333333	
0.510390625	0.6771875	
0.5138281250000001	0.67625	
0.51671875	0.6740625	
0.5204687499999999	0.6748958333333334	
0.520859375	0.6754166666666667	
0.5239062500000001	0.6753124999999999	
0.52609375	0.6754166666666667	
0.530546875	0.6728125	
0.5352343750000002	0.6693749999999999	
0.5371875	0.6682291666666667	
0.540234375	0.665625	
0.5435156250000001	0.6655208333333332	
0.5454687500000001	0.6657291666666667	
0.548828125	0.6651041666666666	
0.551953125	0.6635416666666667	
0.5560937500000002	0.6604166666666665	
0.558671875	0.6560416666666666	
0.56015625	0.6522916666666666	
0.5615625000000002	0.6463541666666666	
0.5628124999999999	0.6397916666666665	
0.563125	0.6380208333333333	
0.5640625	0.6345833333333333	
0.5640625000000001	0.6328125	
0.5646093750000001	0.6304166666666666	
0.566015625	0.6289583333333335	
0.567109375	0.6277083333333333	
0.567578125	0.6254166666666666	
0.569453125	0.6222916666666667	
0.5696875	0.6182291666666667	
0.569609375	0.6130208333333333	
0.5689843750000001	0.6103124999999999	
0.56828125	0.60625	
0.568125	0.6038541666666667	
0.5687500000000001	0.6028125	
0.5689843749999999	0.5995833333333332	
0.569921875	0.5970833333333334	
0.57	0.5932291666666666	
0.5702343750000001	0.5887499999999999	
0.5689062500000001	0.5848958333333334	
0.567890625	0.5833333333333333	
0.566484375	0.5810416666666666	
0.56578125	0.5803125	
0.5646093750000001	0.578125	
0.563671875	0.5758333333333333	
0.563203125	0.5742708333333333	
0.56203125	0.5704166666666668	
0.561171875	0.5691666666666666	
0.5587500000000001	0.5669791666666666	
0.5559507714015284	0.5668125708655994	
0.554609375	0.5671875	
0.551484375	0.5678124999999999	
0.546640625	0.569375	
0.545625	0.5694791666666668	
0.541953125	0.5672916666666666	
0.538984375	0.5630208333333333	
0.537734375	0.5596874999999999	
0.532109375	0.5514583333333334	
0.53125	0.5495833333333333	
0.528046875	0.5459375	
0.5247656249999999	0.5445833333333333	
0.523515625	0.5435416666666667	
0.52078125	0.5444791666666668	
0.5180468749999999	0.5453124999999999	
0.514375	0.5448958333333331	
0.5104218090857835	0.5431713010655722	
0.50703125	0.538125	
0.504765625	0.5356250000000001	
0.5005468750000001	0.5320833333333334	
0.498203125	0.5297916666666667	
0.49390625000000005	0.5258333333333334	
0.49101562500000007	0.5227083333333333	
0.48804687499999994	0.5203125	
0.485	0.5209374999999999	
0.4840625	0.52125	
0.48039062500000007	0.5219791666666668	
0.47671875	0.5214583333333332	
0.47523437500000004	0.5211458333333333	
0.47125000000000006	0.5209374999999999	
0.4679687500000001	0.5184375	
0.4658593750000001	0.5173958333333333	
0.46296874999999993	0.5163541666666667	
0.45859375	0.51625	
0.45678156150823346	0.5161035382315254	
0.4522656249999999	0.5176041666666668	
0.44937499999999997	0.5192708333333333	
0.44625000000000004	0.5221875	
0.44281250000000005	0.5237499999999999	
0.4409375	0.5242708333333332	
0.4375	0.5258333333333333	
0.43539062500000003	0.5273958333333333	
0.4329779564139957	0.530452954129339	
0.4299604539593741	0.5339175785978543	
0.42858517599310375	0.5359231429648653	
0.4263506498911753	0.538345316354506	
0.423203125	0.5384374999999999	
0.42234375	0.5388541666666666	
0.41976562500000003	0.54125	
0.415625	0.5445833333333333	
0.41109375000000004	0.5485416666666667	
0.40914062500000004	0.5495833333333333	
0.40679687499999995	0.5529166666666667	
0.40460937500000005	0.554375	
0.40289062500000006	0.5552083333333334	
0.40031249999999996	0.5584374999999999	
0.39921875	0.5607291666666667	
0.39828125000000003	0.5629166666666666	
0.39718749999999997	0.5665625	
0.39671875	0.5727083333333333	
0.39593750000000005	0.5783333333333334	
0.395	0.5814583333333335	
0.39296875	0.5858333333333332	
0.392578125	0.5904166666666666	
0.391796875	0.5958333333333333	
0.39226562499999995	0.5992708333333333	
0.39375000000000004	0.6041666666666666	
0.396328125	0.6084375000000001	
0.3971875	0.6107291666666667	
0.4000000000000001	0.6136458333333334	
0.40179687500000005	0.6155208333333333	
0.40453125000000006	0.6202083333333334	
0.40748125831086507	0.624817678829124	
0.40796875000000005	0.6267708333333333	
0.410546875	0.6307291666666666	
0.41203124999999996	0.6330208333333334	
0.4134375	0.634375	
0.41898437499999996	0.6420833333333335	
0.420546875	0.6438541666666667	
0.424453125	0.6488541666666667	
0.42578125	0.650625	
0.428203125	0.6548958333333332	
0.43046875	0.6589583333333333	
0.4328125	0.6603125	
0.43631337656737357	0.6623942655864572	
0.44115522106909405	0.6629838879145264	
0.44318558421556586	0.6637791619222068	
0.4473254031564342	0.6641575565663075	
0.44990272850555657	0.6653692676735632	
0.45255817936295334	0.6669976441094172	
0.45693238026066424	0.6700843537724753	
0.4615625	0.6699999999999999	
0.46585937499999996	0.675	
0.46890624999999997	0.6801041666666666	
0.47085937499999997	0.681875	
0.4739062499999999	0.6844791666666667	
0.47765625	0.6858333333333333	
0.4795312500000001	0.6872916666666666	
0.483984375	0.6886458333333334	
0.48578125000000005	0.6905208333333334	
0.48937500000000006	0.6919791666666665	
0.49109374999999994	0.6938541666666665	
0.49289062499999997	0.6946875	
0.49601562499999996	0.695625	
0.5003906250000001	0.6969791666666667	
0.5058593750000001	0.6992708333333335	
0.51046875	0.7017708333333332	
0.5147656250000001	0.7026041666666666	
0.5169531249999999	0.7038541666666667	
0.52125	0.7020833333333333	
0.5259375	0.7022916666666665	
0.5278125	0.7014583333333333	
0.530703125	0.7020833333333333	
0.531953125	0.7024999999999999	
0.536015625	0.7025	
0.5415625	0.7036458333333333	
0.54453125	0.703125	
0.55015625	0.7037500000000001	
0.55515625	0.7045833333333333	
0.5588739426186822	0.7037556875551303	
0.562880399040717	0.7017116027372972	
0.5644933126222179	0.6985622935507994	
0.5654687500000001	0.6977083333333333	
0.5678125	0.6986458333333333	
0.5689843750000001	0.6984375	
0.5709375	0.6998958333333334	
0.5740625	0.7009375	
0.5753125	0.6996875	
0.578019588571075	0.7005695928629389	
0.5792063308963663	0.700318057625649	
0.5807027201415338	0.699546657120135	
0.5820426330930044	0.6992961667305974	
0.5826794030958597	0.6992540157644527	
0.5839840247989456	0.698234279744035	
0.5836404401414468	0.6985447148365485	
0.5834178335988276	0.698919231061458	
0.5821014770554979	0.6986687472866087	
0.578359375	0.6953124999999999	
0.5778125	0.6935416666666666	
0.576875	0.6922916666666666	
0.5771875000000001	0.6905208333333333	
0.57640625	0.6885416666666666	
0.5758593750000001	0.6879166666666666	
0.575078125	0.6867708333333333	
0.573125	0.6854166666666667	
0.571871833306828	0.6822816948081087	
0.57140625	0.6829166666666666	
0.5704687500000001	0.6810416666666665	
0.56859375	0.6797916666666667	
0.5680468750000001	0.6804166666666667	
0.567109375	0.6787499999999997	
0.5667187499999999	0.6790624999999999	
0.5648437499999999	0.6799999999999999	
0.561953125	0.6816666666666665	
0.56109375	0.6828124999999999	
0.5579687499999999	0.68375	
0.5567968750000001	0.6848958333333333	
0.5538281250000001	0.6856249999999999	
0.551171875	0.6878124999999999	
0.5499218749999999	0.6886458333333334	
0.5489062499999999	0.6894791666666666	
0.548046875	0.69	
0.5457812500000001	0.6918749999999999	
0.544375	0.6926041666666666	
0.54328125	0.6935416666666666	
0.5417968750000001	0.6929166666666666	
0.5403691021945594	0.69214940346915	
0.5393749999999999	0.6902083333333333	
0.538203125	0.6872916666666666	
0.536484375	0.6870833333333334	
0.53484375	0.6884374999999999	
0.535078125	0.6892708333333333	
0.5326562499999999	0.6910416666666667	
0.5321875	0.6913541666666666	
0.5307031249999999	0.6929166666666666	
0.528828125	0.695	
0.527109375	0.6959375000000001	
0.5269531250000001	0.6966666666666665	
0.5271875	0.6964583333333334	
0.528203125	0.6977083333333333	
0.5284375	0.6992708333333333	
0.528515625	0.6997916666666666	
0.5288281250000001	0.7013541666666666	
0.5290625	0.7026041666666666	
0.5303501368179371	0.7043447210738318	
0.5309821266011625	0.7080094287547072	
0.5316898105971389	0.7093863683891937	
0.5320117020398767	0.7120907946140292	
0.5321875	0.7134375	
0.5326060630579418	0.7155585772007383	
0.5332812499999999	0.7165624999999999	
0.5336551485507848	0.718201398985414	
0.533984375	0.7186458333333333	
0.53453125	0.7203124999999999	
0.53515625	0.72125	
0.5354687499999999	0.7220833333333334	
0.5370312500000001	0.7240624999999999	
0.5375000000000001	0.7248958333333333	
0.539296875	0.7282291666666666	
0.540546875	0.7316666666666667	
0.5409375	0.7332291666666666	
0.542265625	0.7372916666666666	
0.5432812499999999	0.7385416666666667	
0.5448437499999998	0.7397916666666666	
0.547265625	0.7385416666666667	
0.54828125	0.7386458333333333	
0.549296875	0.7389583333333334	
0.5489843750000001	0.7388541666666667	
0.549609375	0.7401041666666667	
0.550078125	0.7420833333333332	
0.5509375000000001	0.7430208333333334	
0.5515625	0.7445833333333332	
0.5515625	0.7449999999999999	
0.552734375	0.7458333333333332	
0.5537970410489859	0.7460206691753306	
0.554707240530707	0.7455111078884815	
0.5584374999999999	0.7447916666666666	
0.5615625000000001	0.745	
0.5647656249999999	0.7463541666666667	
0.567734375	0.7478125	
0.5685156250000001	0.7486458333333335	
0.570390625	0.75	
0.5708593750000002	0.7503124999999999	
0.5724218750000001	0.7513541666666667	
0.5734375	0.7514583333333335	
0.5742187500000002	0.7525000000000001	
0.5750781250000001	0.7530208333333334	
0.577109375	0.7527083333333333	
0.5781250000000001	0.7529166666666667	
0.580703125	0.7518750000000001	
0.583203125	0.7508333333333332	
0.5858736175126671	0.7499757197472278	
0.5886991248585675	0.7489063357296317	
0.5898839092365026	0.7477325124299445	
0.5915625	0.7480208333333332	
0.5928906250000001	0.7470833333333333	
0.5936718750000001	0.746875	
0.5942968750000001	0.7457291666666667	
0.5943750000000001	0.7438541666666667	
0.59421875	0.7427083333333332	
0.5942187499999999	0.7421875	
0.5939062500000001	0.7415624999999999	
0.593203125	0.7404166666666667	
0.592421875	0.7386458333333332	
0.59171875	0.7365624999999999	
0.5909375	0.73375	
0.590625	0.7309375000000001	
0.590234375	0.7260416666666667	
0.5899218750000002	0.7209375	
0.588984375	0.7189583333333334	
0.5880468750000001	0.7161458333333335	
0.5864843750000002	0.7146874999999999	
0.585703125	0.7146874999999999	
0.5836718750000001	0.7126041666666668	
0.5824999999999999	0.7110416666666668	
0.5804687500000001	0.7085416666666667	
0.578671875	0.7038541666666667	
0.577109375	0.701875	
0.574609375	0.6977083333333335	
0.57296875	0.6941666666666666	
0.5709375	0.69	
0.5685937500000001	0.6877083333333333	
0.5671875	0.68625	
0.566015625	0.6833333333333333	
0.5640625000000001	0.6807291666666667	
0.56375	0.6786458333333332	
0.56203125	0.6765625	
0.56125	0.6741666666666666	
0.5611718750000001	0.6729166666666666	
0.560546875	0.6696875	
0.56046875	0.6679166666666666	
0.5598628636549937	0.6647910963388481	
0.5603125	0.6614583333333333	
0.5603906249999999	0.6579166666666667	
0.559765625	0.6555208333333333	
0.559765625	0.6521874999999999	
0.5603906249999999	0.6515625	
0.561484375	0.6481249999999997	
0.563671875	0.6436458333333333	
0.5646093750000001	0.6414583333333334	
0.5658593749999999	0.6367708333333333	
0.5652343750000001	0.6347916666666666	
0.563359375	0.6309375	
0.56140625	0.6271875	
0.560703125	0.6254166666666666	
0.5596526014818511	0.6234414861361699	
0.5580599860553271	0.621675389380403	
0.5601098712468238	0.6194206857106506	
0.5596740059074128	0.6180881141376949	
0.559863135814649	0.6173805506582448	
0.558828125	0.6154166666666666	
0.5574811584526559	0.6121597246498645	
0.5575000000000001	0.6098958333333334	
0.5564312759459263	0.6038326718100882	
0.5559545862578396	0.5980327497102315	
0.556328125	0.5945833333333334	
0.5545312499999999	0.5903125	
0.5532834402562308	0.5857078261205358	
0.551328125	0.5834375	
0.5482031250000001	0.5780208333333333	
0.54375	0.573125	
0.5400781249999999	0.5680208333333333	
0.5371093750000001	0.5640625	
0.5354687499999999	0.5607291666666667	
0.53296875	0.5535416666666666	
0.5318750000000001	0.5439583333333333	
0.5317968750000001	0.5395833333333333	
0.5302350626467954	0.5301971723542342	
0.5279520325943907	0.5213174302289086	
0.5261425140385771	0.5169157114774829	
0.5225364981436145	0.5097014020451313	
0.5198680122030401	0.5050912520870364	
0.521953125	0.4997916666666667	
0.518515625	0.4923958333333333	
0.5151562500000001	0.4828125	
0.5121093749999999	0.4731249999999999	
0.5101562499999999	0.4642708333333333	
0.5086718749999999	0.45552083333333326	
0.5079687500000001	0.45177083333333334	
0.50578125	0.44177083333333333	
0.503515625	0.43239583333333337	
0.50125	0.4263541666666666	
0.49882812500000007	0.4169791666666667	
0.4956250000000001	0.4073958333333333	
0.493515625	0.40354166666666663	
0.4906249999999999	0.39656249999999993	
0.4890681535580219	0.3918008610298988	
0.484765625	0.38510416666666664	
0.48	0.37822916666666667	
0.475	0.37145833333333333	
0.4694531250000001	0.3644791666666667	
0.465234375	0.36072916666666666	
0.45835937499999996	0.3541666666666667	
0.4521093749999999	0.3461458333333333	
0.44898437500000005	0.343125	
0.44398437500000004	0.33895833333333336	
0.43796875	0.335	
0.435078125	0.33333333333333337	
0.428203125	0.331875	
0.423828125	0.33083333333333337	
0.417578125	0.32791666666666663	
0.4103125	0.32406250000000003	
0.40437500000000004	0.31937499999999996	
0.40125	0.3173958333333333	
0.39515625	0.31229166666666663	
0.3893749999999999	0.30885416666666665	
0.3840625000000001	0.30739583333333337	
0.379765625	0.30614583333333334	
0.3778125	0.30635416666666665	
0.37484375000000003	0.30864583333333334	
0.37101562499999996	0.3122916666666667	
0.36710937499999996	0.3169791666666667	
0.36515624999999996	0.31854166666666667	
0.362109375	0.3204166666666667	
0.358359375	0.3202083333333333	
0.35625	0.3198958333333334	
0.3540625	0.31906249999999997	
0.353515625	0.3184375	
0.3517988146745602	0.3205483977465521	
0.35132812500000005	0.32250000000000006	
0.35132812500000005	0.325625	
0.35085937500000003	0.3276041666666667	
0.35124999999999995	0.33135416666666667	
0.3509375	0.33645833333333336	
0.350546875	0.33968750000000003	
0.34820312500000006	0.34510416666666666	
0.345703125	0.35020833333333334	
0.34453124999999996	0.3522916666666667	
0.341953125	0.35635416666666664	
0.339453125	0.36187500000000006	
0.33625000000000005	0.36843750000000003	
0.334765625	0.3720833333333333	
0.3313281250000001	0.38031249999999994	
0.327421875	0.38958333333333334	
0.32640624999999995	0.3939583333333333	
0.32460937500000003	0.40395833333333336	
0.3225	0.41291666666666665	
0.32195312499999995	0.41729166666666667	
0.320078125	0.42666666666666664	
0.318046875	0.4351041666666666	
0.31593750000000004	0.43916666666666665	
0.31124999999999997	0.44645833333333335	
0.30921875	0.45145833333333335	
0.30203125	0.4638541666666667	
0.29953125	0.4685416666666667	
0.29500000000000004	0.47593749999999996	
0.29304687500000004	0.4786458333333333	
0.28953124999999996	0.48572916666666666	
0.2884375	0.49354166666666666	
0.288203125	0.49760416666666674	
0.28765625000000006	0.5077083333333332	
0.2865625	0.5183333333333333	
0.28570312499999995	0.5241666666666667	
0.28335937499999997	0.5334375	
0.281640625	0.5431250000000001	
0.2802343749999999	0.5476041666666667	
0.276953125	0.5572916666666666	
0.27156250000000004	0.5661458333333333	
0.2671875	0.5731249999999999	
0.2645130037857156	0.580561399668459	
0.263144584995436	0.5850689982429772	
0.262578125	0.5922916666666667	
0.26210937500000003	0.6008333333333333	
0.26156250000000003	0.6058333333333332	
0.261171875	0.6157291666666667	
0.2603125	0.6246875000000001	
0.26	0.6289583333333333	
0.25949940050990483	0.6380755268369235	
0.2594693971199532	0.6460188388465221	
0.25953124999999994	0.6483333333333332	
0.25945312499999995	0.6544791666666667	
0.259765625	0.6587500000000001	
0.26109375	0.660625	
0.261796875	0.6661458333333332	
0.26320312500000004	0.6727083333333332	
0.26468749999999996	0.6755208333333332	
0.26528658646392084	0.6821222007333343	
0.26654497284601597	0.688713077758438	
0.26764982974592055	0.6940531227334013	
0.26844240242526557	0.6967889350471606	
0.271015625	0.6991666666666665	
0.27390625	0.7042708333333334	
0.27546875	0.7064583333333332	
0.27734375	0.7095833333333333	
0.2783593749999999	0.7136458333333333	
0.27906250000000005	0.7161458333333333	
0.27984719156836296	0.7168712988061603	
0.27996238491989334	0.7194191959938726	
0.28234375	0.7215624999999999	
0.28343750000000006	0.7219791666666666	
0.284765625	0.7253125	
0.2856429553512471	0.7276579625496162	
0.28546875	0.73	
0.285859375	0.7334375000000001	
0.285859375	0.735	
0.28579437849849326	0.7382989701307043	
0.28625	0.7425	
0.285859375	0.7429166666666666	
0.28585937499999997	0.7435416666666667	
0.2856249999999999	0.7441666666666666	
0.28492187500000005	0.7428125	
0.2849218750000001	0.7423958333333333	
0.28320312499999994	0.7396874999999998	
0.282265625	0.7375	
0.28140624999999997	0.7359375	
0.28132077946896383	0.7337914316394222	
0.2811425111279195	0.7322900067918768	
0.28125	0.7305208333333334	
0.28148437499999995	0.7290625000000001	
0.281484375	0.7280208333333332	
0.28203125	0.7266666666666666	
0.281796875	0.7254166666666666	
0.28273437500000004	0.7227083333333333	
0.28302579919769977	0.7200313026484892	
0.28397556021420833	0.7169854998838197	
0.28524011703247354	0.7168827595406263	
0.286328125	0.713125	
0.286796875	0.7112499999999999	
0.28679687499999995	0.7072916666666667	
0.287734375	0.7045833333333331	
0.28788102196004817	0.703967519372819	
0.28945312500000003	0.7016666666666668	
0.29031250000000003	0.6996875000000001	
0.290625	0.6980208333333333	
0.29187499999999994	0.6947916666666666	
0.29281250000000003	0.6915625	
0.295625	0.6868749999999999	
0.298203125	0.6831249999999999	
0.29968749999999994	0.6807291666666667	
0.301171875	0.6782291666666667	
0.3015615603131224	0.6758299734942326	
0.304765625	0.6726041666666667	
0.30564571847993766	0.6687792289971218	
0.30593750000000003	0.6661458333333334	
0.30640625	0.6643749999999999	
0.30734375	0.6617708333333332	
0.30914062499999995	0.6615624999999999	
0.31250000000000006	0.6622916666666667	
0.314375	0.6634374999999999	
0.31671875	0.6663541666666666	
0.3185155808531331	0.6680943336053492	
0.320625	0.6683333333333332	
0.3209375	0.6680208333333333	
0.32203125000000005	0.6694791666666666	
0.32210937500000003	0.6690625	
0.321484375	0.6715625	
0.320859375	0.6743750000000001	
0.32039062500000004	0.6775	
0.32015625	0.68	
0.318671875	0.6834374999999999	
0.3171875	0.6869791666666666	
0.316015625	0.6889583333333332	
0.315546875	0.6900000000000001	
0.31562499999999993	0.6921875	
0.31515624999999997	0.6932291666666667	
0.3136207526216222	0.692659371778675	
0.31341924210037536	0.6932580230605795	
0.308203125	0.6945833333333332	
0.30410878959154597	0.6964453773723205	
0.29960937499999996	0.6968750000000001	
0.298203125	0.6982291666666666	
0.29546875	0.6983333333333333	
0.292578125	0.6981249999999999	
0.292421875	0.6978124999999998	
0.29078125000000005	0.6959375	
0.289609375	0.6962499999999999	
0.288125	0.6957291666666665	
0.285859375	0.6947916666666666	
0.28335937499999997	0.6960416666666668	
0.28203124999999996	0.69625	
0.27960937500000005	0.6958333333333333	
0.276171875	0.6953125	
0.27354037394839753	0.6938527200780084	
0.271920123455036	0.6935520207021794	
0.2706901510003013	0.6927315387033496	
0.2666610653222432	0.6911788240071226	
0.26437499999999997	0.6908333333333333	
0.26218749999999996	0.6889583333333335	
0.259140625	0.6867708333333332	
0.257890625	0.685625	
0.25375000000000003	0.6845833333333333	
0.251171875	0.6820833333333334	
0.24875000000000003	0.6803125	
0.24796875	0.6801041666666667	
0.2453125	0.6785416666666667	
0.242421875	0.675	
0.24015625000000002	0.6736458333333333	
0.236328125	0.6696875	
0.23208745043338141	0.6657176091834452	
0.22972843164984263	0.6619616600475319	
0.22656250000000006	0.6568750000000001	
0.22393747837389766	0.652423710351666	
0.22140624999999997	0.6469791666666665	
0.2202497534491193	0.6440426564709386	
0.21843749999999998	0.6385416666666667	
0.21625	0.6329166666666666	
0.214921875	0.6254166666666666	
0.2123263649364878	0.6178770733665513	
0.21107611910797988	0.6122116905079713	
0.20945312499999996	0.60625	
0.20789062500000002	0.6038541666666666	
0.20671875	0.5971875000000001	
0.204296875	0.5914583333333333	
0.2015625	0.5858333333333333	
0.200625	0.5828125	
0.19890624999999998	0.5767708333333333	
0.19765625	0.5703125000000001	
0.19765625	0.5675000000000001	
0.19624999999999998	0.5614583333333332	
0.19453125	0.55625	
0.19484375	0.5501041666666666	
0.195078125	0.5473958333333334	
0.19546875	0.541875	
0.19640624999999998	0.5347916666666667	
0.19742187500000002	0.5323958333333333	
0.19828125000000002	0.5258333333333334	
0.19945312499999998	0.5203125	
0.20031250000000003	0.5172916666666667	
0.20218749999999996	0.5119791666666667	
0.203671875	0.5053124999999999	
0.204921875	0.5016666666666667	
0.206484375	0.49416666666666664	
0.20812500000000003	0.49041666666666667	
0.214765625	0.4772916666666666	
0.21640625	0.47354166666666664	
0.22006385524908087	0.4656352085085865	
0.2228839276787688	0.45881371665731924	
0.22429948253361992	0.4557456591420047	
0.22743392479677293	0.4495528740230288	
0.23000000000000004	0.44333333333333336	
0.23078125	0.4398958333333334	
0.234609375	0.4310416666666666	
0.238671875	0.42302083333333335	
0.24140624999999996	0.41916666666666674	
0.24656250000000002	0.41104166666666664	
0.24921875	0.40750000000000003	
0.255390625	0.40072916666666664	
0.26039062500000004	0.39437500000000003	
0.26484375000000004	0.3883333333333333	
0.26773437499999997	0.38572916666666673	
0.27234375000000005	0.37916666666666665	
0.27453125	0.37677083333333333	
0.28018153700694715	0.3716581402211897	
0.2862455522568991	0.3670962801150698	
0.2896551499539063	0.3643076327836399	
0.2978305179925095	0.3601650075123081	
0.3057715225589652	0.35560573054328193	
0.3099625280397592	0.3532339547615284	
0.3189191585930745	0.3483621790739441	
0.32725078915214195	0.34390707006049553	
0.3309730447116655	0.3423686277143061	
0.33984375	0.3305208333333333	
0.3471875	0.32458333333333333	
0.355078125	0.32104166666666667	
0.35903924335478943	0.3181768273731664	
0.366875	0.31656249999999997	
0.37164062499999995	0.3153125	
0.38109375000000006	0.31343750000000004	
0.390859375	0.31302083333333336	
0.40023437500000003	0.3119791666666667	
0.40492187500000004	0.3122916666666667	
0.41398437500000007	0.31197916666666664	
0.41875	0.31166666666666665	
0.4285508753936046	0.3103877421459746	
0.43875000000000003	0.3088541666666667	
0.447734375	0.30854166666666666	
0.45257812499999994	0.3081249999999999	
0.46187500000000004	0.30927083333333333	
0.46625000000000005	0.31031250000000005	
0.475	0.31395833333333334	
0.4836718750000001	0.31812500000000005	
0.48843749999999997	0.32062499999999994	
0.4971093750000001	0.32406250000000003	
0.5062500000000001	0.3277083333333333	
0.51609375	0.3304166666666667	
0.52640625	0.3333333333333333	
0.5310937500000001	0.3352083333333334	
0.53921875	0.3380208333333333	
0.5484375000000001	0.340625	
0.55640625	0.3445833333333333	
0.56078125	0.3471875	
0.568359375	0.35239583333333335	
0.5728125000000001	0.35468749999999993	
0.5803906249999999	0.3610416666666666	
0.588984375	0.3671875	
0.5937500000000001	0.36968750000000006	
0.6021093750000001	0.3755208333333334	
0.6109375000000001	0.3822916666666667	
0.6146093750000001	0.38479166666666664	
0.621953125	0.3908333333333333	
0.6278124999999999	0.39833333333333326	
0.63125	0.4020833333333333	
0.6360156250000001	0.4083333333333334	
0.6431250000000001	0.41552083333333334	
0.650234375	0.42281250000000004	
0.6538281250000001	0.4267708333333333	
0.6603125000000001	0.43427083333333333	
0.668203125	0.4430208333333333	
0.6712500000000001	0.44781249999999995	
0.6773437500000001	0.456875	
0.6817187499999999	0.46572916666666664	
0.6850781250000002	0.47541666666666665	
0.68640625	0.48	
0.690234375	0.4883333333333334	
0.6940625	0.49697916666666664	
0.6968750000000001	0.50125	
0.7004687500000001	0.5103125000000001	
0.7053125	0.5207291666666667	
0.70828125	0.5303125	
0.7097656250000001	0.5356249999999999	
0.712109375	0.5459375	
0.7142500347578913	0.5559269920668334	
0.714453125	0.5620833333333333	
0.7164843750000001	0.5721875	
0.7185937499999999	0.5816666666666668	
0.7190624999999999	0.5907291666666667	
0.71953125	0.6003124999999999	
0.7196874999999999	0.6047916666666666	
0.720625	0.6143749999999999	
0.72109375	0.6232291666666667	
0.7210937500000001	0.6330208333333334	
0.7205468750000001	0.6381249999999999	
0.7184375000000001	0.648125	
0.7180095394499475	0.6578415798337927	
0.7174218750000001	0.6629166666666666	
0.716171875	0.6721874999999999	
0.7154955970619	0.6770442098731213	
0.7132031249999999	0.6861458333333333	
0.71140625	0.6959375	
0.7075654864316104	0.7055507389024743	
0.7055468749999999	0.70875	
0.7008593750000001	0.7159375	
0.696640625	0.7241666666666665	
0.6946093750000001	0.7281249999999999	
0.6907031250000001	0.7364583333333334	
0.6859375	0.7454166666666666	
0.683828125	0.7498958333333332	
0.678671875	0.7603125	
0.6747925510624635	0.7693725961193184	
0.672138079957506	0.7745363100996391	
0.6673920696881691	0.7830638924807883	
0.661875	0.7898958333333332	
0.659609375	0.7928124999999999	
0.6545038410374779	0.7980566978843242	
0.6498650206328553	0.8043610164875602	
0.6465806508839166	0.8082772751325926	
0.641875	0.8147916666666667	
0.638984375	0.8181249999999999	
0.629609375	0.8275	
0.62625	0.8302083333333332	
0.6195312499999999	0.8345833333333333	
0.615492109161419	0.8373710010474585	
0.6081636498685856	0.8416869000229443	
0.5996737310918078	0.8460461735069332	
0.5956250000000001	0.8478125000000001	
0.58703125	0.8522916666666667	
0.5790625	0.8568749999999999	
0.5743750000000001	0.8590625	
0.565703125	0.8625	
0.5565625	0.8651041666666666	
0.5523284349492072	0.8663320650827995	
0.5430545053759842	0.868764743544641	
0.5346093750000002	0.8695833333333333	
0.52609375	0.8701041666666665	
0.5221874999999999	0.8705208333333332	
0.5133593750000001	0.8709374999999999	
0.5097656249999999	0.8715624999999999	
0.5004687500000001	0.871875	
0.491733545053898	0.8732029931654657	
0.4878906249999999	0.8740624999999997	
0.4782031250000001	0.8720833333333333	
0.46851562500000005	0.8710416666666667	
0.4628776269486979	0.870095347653568	
0.45375	0.8684375000000001	
0.44474174842048	0.8664478434083625	
0.4344153513968266	0.8639925743038649	
0.4291417021458728	0.8612957274324486	
0.4199218750000001	0.8575000000000002	
0.40992187499999994	0.8554166666666665	
0.4050000000000001	0.8551041666666667	
0.3953125	0.8538541666666667	
0.38593750000000004	0.853125	
0.38107996314075954	0.8522602159412715	
0.37207077768980984	0.8494371159174186	
0.3635759828393679	0.8445012060440868	
0.35875	0.8417708333333331	
0.35036751052924364	0.8375007113502153	
0.34535122789016875	0.8351083294009	
0.33664062499999997	0.8292708333333334	
0.327578125	0.8245833333333332	
0.318515625	0.8203125	
0.309609375	0.8159375000000001	
0.30546875000000007	0.8139583333333332	
0.297890625	0.8097916666666667	
0.29046875	0.8042708333333334	
0.28765625	0.8024999999999999	
0.28078125000000004	0.7973958333333333	
0.2734375	0.7929166666666666	
0.2703322481381074	0.7892217301610798	
0.2625	0.7836458333333333	
0.25515625000000003	0.7777083333333332	
0.25154631625301943	0.7746344262286743	
0.244921875	0.7683333333333333	
0.23734375000000002	0.7613541666666666	
0.23031249999999998	0.75625	
0.22749999999999998	0.7535416666666667	
0.222109375	0.7459375	
0.21882812499999998	0.7429166666666667	
0.21320312500000002	0.7345833333333334	
0.207265625	0.7282291666666667	
0.20445312499999999	0.7248958333333332	
0.1993157729536058	0.7180688828110727	
0.19445312500000003	0.7098958333333333	
0.1921875	0.7055208333333333	
0.18734375000000003	0.6983333333333335	
0.18453125000000004	0.6941666666666666	
0.17945312500000002	0.6871875	
0.17461238002501617	0.6789337806349213	
0.16996538209634446	0.6705615631589794	
0.166015625	0.6604166666666667	
0.1640625	0.6559375000000001	
0.16007812500000002	0.645625	
0.15609374999999998	0.6360416666666667	
0.15375	0.6319791666666666	
0.14968750000000003	0.6216666666666667	
0.14833055329205017	0.6162965870700209	
0.14493854396994407	0.6070228442648173	
0.141953125	0.5983333333333334	
0.1410497315065677	0.5926736627697299	
0.13851562499999998	0.5839583333333332	
0.13625	0.5723958333333333	
0.1344832399059206	0.5613284711708616	
0.13273437500000002	0.5491666666666667	
0.13148437500000001	0.5438541666666665	
0.1309375	0.5310416666666666	
0.1290625	0.5197916666666667	
0.128203125	0.5086458333333332	
0.12796875	0.5028125	
0.1278423574467072	0.4928017452857453	
0.127578125	0.4870833333333334	
0.12809763410056976	0.47729645148213373	
0.1290625	0.4651041666666666	
0.129609375	0.4591666666666666	
0.130703125	0.4482291666666667	
0.132265625	0.4378125	
0.1340625	0.4272916666666665	
0.13601562500000003	0.418125	
0.13671875	0.41364583333333327	
0.137890625	0.40427083333333336	
0.13914062499999996	0.39312499999999995	
0.14015625	0.3888541666666666	
0.142890625	0.38	
0.145625	0.37135416666666665	
0.1466211778245397	0.36650260576310906	
0.150234375	0.3578125	
0.15171874999999999	0.35395833333333326	
0.15539062499999998	0.34489583333333335	
0.158515625	0.3370833333333333	
0.16	0.33364583333333336	
0.16359375	0.32437499999999997	
0.16765625	0.3146875	
0.172265625	0.3051041666666667	
0.17765625000000002	0.2964583333333333	
0.182578125	0.28802083333333334	
0.184765625	0.284375	
0.189921875	0.2783333333333334	
0.19484375	0.27291666666666664	
0.19773437500000002	0.2707291666666667	
0.20359375000000002	0.26427083333333334	
0.20679687500000005	0.260625	
0.21335937499999996	0.25437499999999996	
0.21962776421580554	0.2481417389188126	
0.2255747377038621	0.2417369650076257	
0.2313609110566527	0.2354972204696431	
0.2346875	0.2335416666666667	
0.24281250000000001	0.22718750000000004	
0.25023437500000006	0.22281250000000002	
0.2549246575298651	0.21945238705673598	
0.2618085416498905	0.21465153578662405	
0.2695522847210615	0.21058124674127487	
0.273125	0.20958333333333337	
0.28039062500000006	0.20541666666666666	
0.28476562499999997	0.20354166666666668	
0.29312499999999997	0.199375	
0.30046874999999995	0.19427083333333334	
0.3046875	0.19322916666666667	
0.312421875	0.18822916666666667	
0.321171875	0.18302083333333333	
0.32953125	0.17968750000000003	
0.33445312499999996	0.17781249999999998	
0.343359375	0.1754166666666667	
0.3485937499999999	0.174375	
0.35796875000000006	0.17239583333333333	
0.367578125	0.16968750000000005	
0.371953125	0.1686458333333333	
0.38117187500000005	0.16729166666666667	
0.3865625	0.16562500000000002	
0.395703125	0.16145833333333334	
0.40640625	0.15833333333333335	
0.41125	0.1570833333333333	
0.42671875000000004	0.15375	
0.43203125	0.15260416666666668	
0.44250000000000006	0.15177083333333335	
0.4525	0.1509375	
0.45828125000000003	0.1503125	
0.46867187500000007	0.15010416666666665	
0.4789843749999999	0.14968750000000003	
0.48453125	0.14927083333333332	
0.494453125	0.14708333333333332	
0.50609375	0.14489583333333333	
0.5111718749999999	0.1434375	
0.520859375	0.141875	
0.5258593749999999	0.1421875	
0.5369531249999999	0.14354166666666665	
0.5464062500000001	0.14375	
0.5575	0.1441666666666667	
0.567421875	0.14385416666666667	
0.572578125	0.14406249999999998	
0.5825781250000001	0.1436458333333333	
0.59203125	0.1420833333333333	
0.5975781250000001	0.141875	
0.6074999999999999	0.14052083333333337	
0.6162500000000001	0.1411458333333333	
0.620390625	0.14041666666666666	
0.6295312500000001	0.14072916666666666	
0.637734375	0.14166666666666666	
0.6424218750000001	0.14166666666666666	
0.651796875	0.14260416666666667	
0.661875	0.14427083333333332	
0.67125	0.14645833333333336	
0.6757812499999999	0.146875	
0.6841089704551231	0.1487584845493255	
0.6931909057560814	0.15011906703726513	
0.7019174311296108	0.15282030027722943	
0.70578125	0.15427083333333336	
0.71375	0.15635416666666666	
0.721845720886551	0.1588661184482116	
0.726640625	0.16083333333333333	
0.73484375	0.16395833333333332	
0.7392968750000001	0.16614583333333335	
0.7465170103499116	0.1696967841463421	
0.7531793529720601	0.17313998689494925	
0.7600752046483288	0.17647873891626095	
0.7636456508634129	0.17945940845198785	
0.7693281069096761	0.1831308928449942	
0.7762610035684742	0.18597264556747475	
0.7800045129869024	0.1893383120307193	
0.7839728985968407	0.19436888133096955	
0.7900445819605015	0.20008820595062562	
0.791741244529789	0.20129240994019093	
0.7977545479701897	0.2053108939422791	
0.8029866029655952	0.20953771093744944	
0.8059720845083017	0.21242963544982207	
0.812006669940555	0.21638201901108908	
0.8145930388163085	0.21999273126345228	
0.8175051349267184	0.22378240660964396	
0.8210156249999999	0.22333333333333333	
0.82578125	0.22770833333333335	
0.8293142175908763	0.23062988587116368	
0.8315679036704507	0.23692414756013364	
0.8353918116235939	0.24203600383295099	
0.838515625	0.24479166666666666	
0.8399777431599962	0.24693002274926523	
0.8429687500000002	0.2497916666666667	
0.84609375	0.2534375000000001	
0.8477343749999999	0.2548958333333334	
0.8504687500000001	0.2596875	
0.8521525219109181	0.2621671324053408	
0.8554122808790645	0.2658807681232592	
0.8588628356757658	0.27007214065327095	
0.8616406249999999	0.27499999999999997	
0.8635937499999999	0.280625	
0.8653124999999999	0.2884375	
0.8669899003609778	0.29559328355071796	
0.8687122758136694	0.3023880517537524	
0.8704165353983221	0.3066010802496674	
0.8728414815393591	0.3142364038123683	
0.875390625	0.3219791666666666	
0.8771093750000001	0.32489583333333333	
0.8785937500000001	0.33249999999999996	
0.87953125	0.33666666666666667	
0.8821264922042967	0.34416337454217116	
0.8829687500000001	0.35239583333333335	
0.8842930818719074	0.3611190395848244	
0.886391547850448	0.3688125455953579	
0.8873243257550705	0.3736067253791212	
0.8897738575716068	0.38396291064189386	
0.8912500000000001	0.39645833333333325	
0.8922652102382692	0.4066852606943292	
0.8924269808263541	0.4185527098475614	
0.8942604230017365	0.42592632101354055	
0.8943911989262536	0.43511857154175243	
0.89375	0.4454166666666667	
0.893828125	0.45125000000000004	
0.8944531250000001	0.46260416666666665	
0.8953125	0.47479166666666667	
0.8950546608337762	0.48110684620342703	
0.8954419850546831	0.4927064679821666	
0.8961480038299812	0.5038418044007404	
0.8942285046467635	0.5132697427857094	
0.8930593392505608	0.5248683074163085	
0.8915974504518459	0.5344476867479827	
0.8906051065499379	0.5404872690330643	
0.8886753256957292	0.5519436662748081	
0.8872142998421847	0.5627750752782583	
0.885753274385271	0.5744398185479286	
0.8839401494141065	0.5858791533815069	
0.882922153534302	0.5924292250703043	
0.8817130584679245	0.6036805879677518	
0.8815262551658346	0.6106607423442953	
0.8807814696678381	0.6199260632652803	
0.875994189945325	0.627205239280873	
0.8667585950729679	0.6261040036382891	
0.8612072069549873	0.6309847329611494	
0.859140625	0.64125	
0.85453125	0.6497916666666668	
0.8530267057285201	0.6558339447701579	
0.84796875	0.6640625	
0.8431250000000002	0.6741666666666666	
0.8403906250000001	0.6778124999999999	
0.8357355340735222	0.6845989852607376	
0.8307118399315335	0.6901026098816527	
0.8271282972629439	0.6947110390882539	
0.8220671978782539	0.7009813591332473	
0.8157540391923049	0.7074627177051733	
0.809003512600229	0.7132480549539523	
0.80375	0.7216666666666666	
0.7998010528721923	0.725960964257444	
0.7937098547501489	0.7313860647724097	
0.7858593750000001	0.7357291666666667	
0.7824296196925864	0.7388488338915573	
0.77453125	0.7426041666666665	
0.7704687499999999	0.7449999999999999	
0.762421875	0.7487499999999999	
0.7538281250000001	0.7544791666666668	
0.7490625000000001	0.7572916666666666	
0.7403906250000001	0.7614583333333333	
0.7321093750000001	0.7673958333333333	
0.7274579708807357	0.7705709498047211	
0.713125	0.7742708333333334	
0.7084375	0.775	
0.6992422347545383	0.7775254734090354	
0.6896775849642695	0.7805220231640198	
0.6843333698729653	0.781743793081494	
0.67328125	0.7842708333333333	
0.6628906250000001	0.7878125	
0.6570312500000001	0.7887500000000001	
0.6472864631007187	0.7917732668593489	
0.6378556359435127	0.7943600032407747	
0.627409299566592	0.7962159974458778	
0.6226660973728515	0.7972385333551898	
0.6122197709074803	0.7990943926863656	
0.6017734444998799	0.8009502512314075	
0.590936493096862	0.8034311097140966	
0.5810370416942072	0.8065369681918405	
0.5741406250000001	0.8108333333333333	
0.5634368490688442	0.8137356701116977	
0.5521570900871794	0.8160467714811425	
0.5471874999999999	0.8123958333333332	
0.5359842375424227	0.8117222269549277	
0.5245312500000001	0.81375	
0.5182909484726375	0.8134511223267122	
0.50859375	0.813125	
0.49796875000000007	0.8128125	
0.49210937499999996	0.8135416666666666	
0.48110694781555274	0.8144928605296486	
0.46988677357273706	0.8153732325334261	
0.45773437499999997	0.8152083333333332	
0.44656250000000003	0.8139583333333332	
0.435390625	0.8129166666666666	
0.4250781249999999	0.8116666666666665	
0.41968750000000005	0.8110416666666664	
0.40945312500000003	0.8101041666666665	
0.399921875	0.8060416666666665	
0.39414062499999997	0.8049999999999999	
0.383125	0.8021874999999999	
0.37296875	0.8003124999999999	
0.367734375	0.7980208333333333	
0.35882812500000005	0.7938541666666667	
0.34984730709326495	0.7898506747189638	
0.3415836726687985	0.7848859148854814	
0.332734375	0.7813541666666667	
0.3269123159746667	0.7787199004176899	
0.31898194345849784	0.7737254781077783	
0.309947483721945	0.7669589685041608	
0.30106916749405255	0.7602968056651556	
0.29421875000000003	0.7523958333333334	
0.289921875	0.7481249999999999	
0.28304687500000003	0.7420833333333332	
0.27664062500000003	0.7346874999999999	
0.273828125	0.7317708333333333	
0.26609375	0.7248958333333333	
0.26156250000000003	0.7190625	
0.255110707158419	0.7117960758753995	
0.24929687499999997	0.7036458333333333	
0.24390624999999994	0.6948958333333333	
0.238359375	0.6844791666666666	
0.23507812500000003	0.6788541666666666	
0.230546875	0.6683333333333333	
0.22554687499999998	0.6570833333333332	
0.2209375	0.6476041666666665	
0.21734375	0.6382291666666666	
0.21523437499999995	0.6336458333333332	
0.21171875	0.6254166666666666	
0.20921875	0.6203124999999999	
0.20625	0.6111458333333334	
0.2028125	0.6009374999999999	
0.19921874999999997	0.5881249999999999	
0.19671875000000003	0.5752083333333333	
0.19421874999999997	0.5626041666666668	
0.19335937499999997	0.5559375	
0.1919392638545471	0.5444625142140492	
0.18937500000000002	0.5339583333333333	
0.187109375	0.5244791666666666	
0.18593750000000003	0.5197916666666667	
0.1840625	0.5105208333333333	
0.18265625	0.5013541666666667	
0.1821875	0.4959375	
0.18265625	0.4846874999999999	
0.18460937500000002	0.47187499999999993	
0.184375	0.4666666666666667	
0.18686747591140046	0.45585306845612583	
0.18896971226647466	0.44531719494382677	
0.192265625	0.43499999999999994	
0.19390625	0.42666666666666664	
0.195625	0.42302083333333335	
0.19906249999999998	0.41572916666666665	
0.20171875	0.40812499999999996	
0.2034375	0.4038541666666666	
0.20765625000000001	0.396875	
0.21218750000000003	0.38968749999999996	
0.217578125	0.3830208333333333	
0.2203125	0.3798958333333333	
0.22609374999999993	0.373125	
0.2316847294492348	0.3655422909433041	
0.2343909435491342	0.3612852421465267	
0.24155074741060859	0.35192341808883537	
0.24394496313491548	0.34829071242680676	
0.24890625000000002	0.34104166666666663	
0.25492187499999996	0.3364583333333333	
0.26023437499999996	0.33333333333333337	
0.263515625	0.33270833333333333	
0.270234375	0.33177083333333335	
0.27593750000000006	0.33125	
0.27945112594657556	0.3299986880212039	
0.28554371333006345	0.3287783933648317	
0.29148011705602794	0.3275605588652922	
0.29390090104398425	0.3259262528278454	
0.2994466854492984	0.32429196226714874	
0.3046018448877156	0.32317850626733274	
0.3099132543287583	0.3239400503648804	
0.31514653877000937	0.3260557611368172	
0.3190516982112769	0.3280673052426998	
0.32092560765254574	0.3287246826819644	
0.32742187500000003	0.32875	
0.3327343749999999	0.3301041666666667	
0.3362756381633133	0.3295752972047561	
0.341171875	0.3308333333333334	
0.3465625	0.33177083333333335	
0.34937500000000005	0.33208333333333334	
0.35578125000000005	0.33166666666666667	
0.35828125	0.3315625	
0.36390625	0.33239583333333333	
0.36875	0.333125	
0.37470801861597075	0.33426653786136895	
0.3817999116840463	0.3346709794825044	
0.38576998724620215	0.3352831254982685	
0.39328124999999997	0.3346875	
0.40078125	0.335	
0.404609375	0.33447916666666666	
0.41148437499999996	0.33395833333333325	
0.41828125	0.33187500000000003	
0.42195312500000004	0.3320833333333334	
0.42953125000000003	0.33333333333333337	
0.4328906249999999	0.33416666666666667	
0.43968750000000006	0.3382291666666667	
0.44718750000000007	0.34239583333333334	
0.45578124999999997	0.348125	
0.46359374999999997	0.35385416666666664	
0.47242187499999994	0.35937499999999994	
0.48101562500000006	0.3647916666666667	
0.48460937500000006	0.3686458333333334	
0.49248353981642684	0.37309657843164434	
0.497578125	0.3794791666666667	
0.500546875	0.3830208333333333	
0.50609375	0.38916666666666666	
0.512578125	0.3954166666666667	
0.5153125000000001	0.40031249999999996	
0.522421875	0.4107291666666667	
0.5281890785912194	0.42018780858288796	
0.5321875	0.42791666666666667	
0.5353906250000001	0.4341666666666666	
0.538828125	0.44000000000000006	
0.5434375	0.44729166666666664	
0.5454687500000001	0.45062499999999994	
0.55	0.45791666666666675	
0.553203125	0.46697916666666667	
0.554375	0.4716666666666667	
0.55703125	0.4803125	
0.559296875	0.48604166666666665	
0.561171875	0.4922916666666667	
0.5623437499999999	0.49489583333333326	
0.56515625	0.5002083333333334	
0.566328125	0.5030208333333334	
0.568359375	0.5073958333333334	
0.57	0.5122916666666666	
0.57203125	0.5183333333333333	
0.5738281250000001	0.525625	
0.5743750000000001	0.5285416666666667	
0.5746875	0.5346875	
0.57546875	0.5395833333333333	
0.5755468749999999	0.5453125	
0.576875	0.5514583333333334	
0.5778125000000001	0.5539583333333333	
0.57875	0.5615624999999999	
0.5803125000000001	0.5689583333333332	
0.581171875	0.5777083333333333	
0.580310071545874	0.5856045913652314	
0.58078125	0.5894791666666667	
0.5800781250000001	0.5986458333333333	
0.5803125	0.6021875	
0.5806250000000001	0.60875	
0.5812500000000002	0.6178125	
0.5810937500000001	0.6265625	
0.5802343750000001	0.6349999999999999	
0.5776562500000001	0.6419791666666665	
0.57640625	0.6463541666666666	
0.573984375	0.6540625	
0.57078125	0.6625	
0.568828125	0.6707291666666666	
0.5671875	0.675	
0.5639062500000002	0.6827083333333334	
0.5608593749999999	0.6915625	
0.5571875000000001	0.6991666666666666	
0.553046875	0.7066666666666667	
0.5510937499999999	0.7108333333333332	
0.54609375	0.7172916666666665	
0.5405468749999999	0.7251041666666667	
0.53734375	0.7284375000000001	
0.53171875	0.7346874999999999	
0.5268750000000001	0.7421874999999999	
0.524296875	0.7453125	
0.519921875	0.7518749999999998	
0.515078125	0.7581249999999998	
0.51203125	0.7605208333333333	
0.506015625	0.7641666666666667	
0.5028906249999999	0.7654166666666666	
0.4950781249999999	0.7689583333333333	
0.4921875	0.7696875	
0.48624999999999996	0.7723958333333334	
0.4811718750000001	0.7757291666666666	
0.476171875	0.778125	
0.473828125	0.7793749999999998	
0.46656250000000005	0.7811458333333332	
0.4596256165736644	0.7805567335413153	
0.4561825517068564	0.78012934551827	
0.45031588224963465	0.780114926345602	
0.44444907560895075	0.7798918805451674	
0.44037913308748156	0.7796688114819155	
0.436875	0.7801041666666666	
0.4311718750000001	0.7791666666666666	
0.4246875	0.7771875	
0.41796875	0.7745833333333334	
0.41390625000000003	0.7729166666666666	
0.40734375	0.7694791666666665	
0.403490314784829	0.7675920682095079	
0.39648437500000006	0.7620833333333333	
0.39046875000000003	0.7564583333333333	
0.387109375	0.7525	
0.38148437500000004	0.7469791666666666	
0.37578125	0.7410416666666666	
0.37271412310217955	0.7381457181321212	
0.36640625	0.7325	
0.3603124999999999	0.7260416666666667	
0.35695312500000004	0.7228125	
0.345546875	0.710625	
0.342265625	0.7058333333333333	
0.3353125	0.6964583333333334	
0.3296875	0.6872916666666665	
0.32734375	0.6832291666666667	
0.32265625	0.6748958333333333	
0.31953125	0.6679166666666666	
0.31648437500000004	0.6640624999999998	
0.311640625	0.6570833333333332	
0.30953125	0.6518749999999999	
0.30609375	0.6429166666666666	
0.30296875	0.6320833333333333	
0.301875	0.6261458333333334	
0.299375	0.6116666666666666	
0.298671875	0.6063541666666666	
0.29656249999999995	0.5967708333333334	
0.293828125	0.5882291666666667	
0.293828125	0.5845833333333333	
0.292109375	0.5773958333333333	
0.29101562499999994	0.5692708333333332	
0.2903125	0.5654166666666667	
0.28906249999999994	0.5570833333333333	
0.288359375	0.5492708333333333	
0.288515625	0.5448958333333334	
0.28804687500000004	0.5361458333333333	
0.28796875	0.5286458333333333	
0.28828125	0.525	
0.289375	0.5148958333333333	
0.28921875	0.5125	
0.29000000000000004	0.5070833333333333	
0.290078125	0.50125	
0.28984375	0.4976041666666666	
0.28984375	0.48968750000000005	
0.29156249999999995	0.4814583333333333	
0.29195312500000004	0.47854166666666675	
0.293359375	0.4736458333333333	
0.29398437499999996	0.4680208333333334	
0.29484375	0.46645833333333336	
0.297421875	0.4619791666666667	
0.29953124999999997	0.4564583333333333	
0.301875	0.4503125	
0.30476562500000004	0.44302083333333336	
0.309140625	0.4333333333333334	
0.31117187500000004	0.428125	
0.31453125	0.4192708333333333	
0.317109375	0.41166666666666674	
0.318359375	0.40708333333333335	
0.3209375	0.4013541666666667	
0.32406250000000003	0.39645833333333336	
0.325234375	0.39333333333333337	
0.328515625	0.38958333333333334	
0.329921875	0.3889583333333333	
0.335	0.38635416666666667	
0.340390625	0.38333333333333336	
0.34351562500000005	0.38104166666666667	
0.3530468750000001	0.3752083333333333	
0.35687499999999994	0.37270833333333336	
0.36296875	0.37	
0.36789062499999997	0.3669791666666667	
0.37015625	0.3661458333333333	
0.374453125	0.36312500000000003	
0.37828125	0.36	
0.382109375	0.3572916666666666	
0.38640624999999995	0.3546875	
0.38859375	0.35333333333333333	
0.39265625000000004	0.35031249999999997	
0.39812500000000006	0.3449999999999999	
0.399921875	0.3421875	
0.404296875	0.33843749999999995	
0.4078906250000001	0.3359375	
0.41078125000000004	0.3347916666666666	
0.412578125	0.3342708333333333	
0.41546874999999994	0.3348958333333333	
0.41773437500000005	0.335	
0.421484375	0.3355208333333334	
0.423828125	0.334375	
0.42921875	0.33177083333333335	
0.43453125000000004	0.326875	
0.4375	0.3241666666666666	
0.44421875	0.31906249999999997	
0.44937499999999997	0.3138541666666667	
0.45375	0.31031250000000005	
0.45679687499999994	0.30947916666666664	
0.46382812500000004	0.30770833333333336	
0.4687499999999999	0.305625	
0.4714843749999999	0.304375	
0.47710937500000006	0.30114583333333333	
0.48375	0.2973958333333333	
0.4870312500000001	0.29562499999999997	
0.49328125000000006	0.2921875	
0.49773437499999995	0.2899999999999999	
0.50078125	0.2884375	
0.505078125	0.2871875	
0.509140625	0.285625	
0.5135937500000001	0.28385416666666663	
0.5157031249999999	0.2833333333333333	
0.5207812500000001	0.2819791666666666	
0.527578125	0.2807291666666666	
0.5340625	0.28093749999999995	
0.54125	0.28145833333333325	
0.5477343749999999	0.28145833333333337	
0.5502343749999999	0.28093749999999995	
0.555078125	0.28291666666666665	
0.5604687500000001	0.28375	
0.5623437500000001	0.28375000000000006	
0.567890625	0.2854166666666667	
0.573671875	0.28645833333333337	
0.5796875	0.28822916666666665	
0.58328125	0.28864583333333327	
0.589609375	0.2901041666666667	
0.598984375	0.2942708333333333	
0.6050000000000001	0.299375	
0.6071093750000001	0.301875	
0.6114062500000002	0.30739583333333337	
0.6152343750000001	0.3122916666666667	
0.6173437500000001	0.3146875	
0.6216406250000001	0.31885416666666666	
0.624296875	0.32010416666666663	
0.62953125	0.3227083333333334	
0.635546875	0.32416666666666666	
0.6385156249999999	0.3257291666666666	
0.643515625	0.3294791666666666	
0.64828125	0.3339583333333333	
0.65	0.33625000000000005	
0.653515625	0.34239583333333334	
0.655390625	0.3489583333333333	
0.6581252796175664	0.35488824124602847	
0.659375	0.35875	
0.6620062317136757	0.36423675601936073	
0.664984603613716	0.36961134409118923	
0.665859375	0.3716666666666667	
0.6690625000000001	0.3779166666666666	
0.6723167560579879	0.382663201423074	
0.6742187500000001	0.3863541666666666	
0.6766995595154925	0.3920696933451264	
0.67875	0.3977083333333334	
0.6804859271840893	0.4044781231091701	
0.6814283646596031	0.4070627230830809	
0.6825	0.41624999999999995	
0.682734375	0.4185416666666667	
0.682890625	0.42385416666666664	
0.68421875	0.43	
0.685	0.4329166666666667	
0.686640625	0.4374999999999999	
0.6877528591229868	0.4421708054180318	
0.6893629373767436	0.448595523562833	
0.690428448248277	0.4540813996399571	
0.6907910171498463	0.45842133593687545	
0.6911151068140329	0.46466253967755555	
0.6916724351386858	0.4714761909752686	
0.6921955239496327	0.47849180414027526	
0.6885156250000001	0.48156250000000006	
0.686193380967625	0.4915463762924624	
0.6854820491885723	0.49506126195033573	
0.6842195839000503	0.5011954907654868	
0.6833291051152562	0.504315434320634	
0.6818787084486788	0.5094696144622698	
0.6803561971518177	0.515154876764903	
0.67765625	0.5219791666666668	
0.6759475278499509	0.5287926706822383	
0.673203125	0.5371874999999999	
0.6706509082608445	0.545641596094529	
0.6685571746210697	0.5492136212442962	
0.6667304856189508	0.5570164764594113	
0.6653906250000001	0.5647916666666667	
0.6636518021456654	0.5678592921759911	
0.6628125	0.5754166666666666	
0.6608189970041992	0.5814017622461549	
0.6593709207111313	0.5881142341862364	
0.6566185646487648	0.59561006192549	
0.6546959327243037	0.597828876269484	
0.65234375	0.6028125	
0.649765625	0.6073958333333331	
0.6489843750000001	0.6088541666666666	
0.64796875	0.6135416666666668	
0.647734375	0.6192708333333334	
0.646796875	0.6217708333333334	
0.6453906250000001	0.6277083333333333	
0.6428402398699933	0.6342997639734616	
0.6412724669179015	0.6372835477090838	
0.6397918908423554	0.6455899645717399	
0.6390641303728234	0.6498123814787132	
0.6400781250000002	0.6505208333333332	
0.640115969100622	0.6547143677475142	
0.639140625	0.656875	
0.6384978015781092	0.6584635053240391	
0.6379462741967278	0.6614958550601632	
0.6368709000892182	0.6647639398114988	
0.635091874184042	0.6685530767894512	
0.6339931971138804	0.6703879774495087	
0.6323149854931046	0.6734230535123655	
0.6304477215043567	0.6773659174898282	
0.6248158599967576	0.6821716068850929	
0.624453125	0.681875	
0.620803537382221	0.6855086782608296	
0.6188281250000001	0.6852083333333333	
0.6171875	0.6855208333333332	
0.6146874999999999	0.6869791666666665	
0.6113553267405651	0.6891536514790099	
0.61	0.6902083333333333	
0.6057812500000002	0.6930208333333332	
0.6030071842767353	0.6964048441609081	
0.5996524728237622	0.6997062211748164	
0.5966780434169977	0.7003067991316247	
0.5920866342348734	0.7001814456671589	
0.5878125	0.7020833333333332	
0.5840625000000002	0.7031249999999999	
0.5815292940283978	0.703056332769195	
0.5758641629706893	0.7022872014900015	
0.5722702489712418	0.6999438782279932	
0.569229958814088	0.6984037228976001	
0.5641026428814585	0.6962084550010014	
0.5574797701065155	0.6940803330757925	
0.5530908216118278	0.6943060906550269	
0.5466482903600167	0.693266576900942	
0.5416946344474276	0.6925076560900163	
0.5379775566859861	0.6917026486157594	
0.532572083830097	0.6915068703659044	
0.5277425329525423	0.6909991019678154	
0.5253384100923224	0.6903293134508957	
0.5198874122321024	0.6891386916006423	
0.5144364143718824	0.6884689030837222	
0.5092197915116625	0.6867574479001358	
0.5061125436514425	0.6857751593832158	
0.5016476845127222	0.6822834081697652	
0.49591367293100247	0.6795397490160424	
0.49061892507078264	0.677515793832456	
0.48618355221056264	0.6754918386488693	
0.4833106793503427	0.6745095501319494	
0.47778155649012266	0.672381428281696	
0.4727211836299028	0.6715033064314427	
0.4697701857696829	0.6696876845811894	
0.4753125000000001	0.6559375	
0.4734375	0.6505208333333332	
0.47203125	0.6478125	
0.46906250000000005	0.6423958333333333	
0.46484375	0.6381249999999999	
0.46092012492448	0.633464929204902	
0.455390625	0.6273958333333333	
0.452734375	0.6253124999999999	
0.4483435314172164	0.6222554717970739	
0.4461290458328858	0.6189743790826082	
0.44375	0.6165624999999999	
0.44125000000000003	0.6141666666666665	
0.43874997384860326	0.6106456224797323	
0.4371093750000001	0.6084375	
0.43335937500000005	0.6035416666666666	
0.42984375	0.5983333333333334	
0.42507812500000003	0.5933333333333333	
0.42117187500000003	0.5900000000000001	
0.4194531250000001	0.5884375000000001	
0.416328125	0.5857291666666666	
0.41374999999999995	0.5853124999999999	
0.41117187499999996	0.5828125	
0.4098437500000001	0.5807291666666667	
0.407109375	0.5772916666666668	
0.40359375000000003	0.5729166666666666	
0.401953125	0.5704166666666666	
0.3979479596385084	0.5661571069361152	
0.39359375	0.5619791666666666	
0.39171875	0.5612499999999999	
0.388125	0.5598958333333333	
0.38406250000000003	0.5601041666666666	
0.381171875	0.5614583333333332	
0.37835937499999994	0.5599999999999999	
0.37640625000000005	0.5578124999999999	
0.375546875	0.5557291666666666	
0.374140625	0.5497916666666667	
0.37312500000000004	0.5484375	
0.3725781250000001	0.5427083333333333	
0.37078125	0.5391666666666667	
0.36968750000000006	0.5375	
0.368046875	0.535	
0.365625	0.5338541666666667	
0.364375	0.5336458333333333	
0.362734375	0.53125	
0.36124999999999996	0.5310416666666666	
0.359765625	0.5286458333333333	
0.35960937500000006	0.5248958333333332	
0.35953124999999997	0.5211458333333333	
0.36007812499999997	0.5186458333333334	
0.35976562500000003	0.5170833333333335	
0.3593335062577581	0.5143358253323935	
0.3596618732112955	0.5136397537029567	
0.360390625	0.5119791666666667	
0.36187500000000006	0.5101041666666667	
0.362421875	0.5103125	
0.36351562499999995	0.5075000000000001	
0.36492187499999995	0.5059375	
0.365390625	0.5059375	
0.36625	0.505625	
0.36796875	0.505625	
0.369609375	0.5041666666666667	
0.371328125	0.5036458333333333	
0.37164062500000006	0.5035416666666668	
0.37210937499999996	0.5032291666666666	
0.37304687499999994	0.5023958333333333	
0.37328125	0.5009375	
0.37406249999999996	0.5002083333333334	
0.374375	0.499375	
0.3753990545203819	0.4987389417225083	
0.37562499999999993	0.49906249999999996	
0.375625	0.4992708333333333	
0.376171875	0.4992708333333333	
0.37593750000000004	0.5001041666666666	
0.37609375	0.5015625	
0.37625000000000003	0.5023958333333334	
0.37703125000000004	0.5029166666666668	
0.37734375	0.5027083333333333	
0.37828124999999996	0.5004166666666666	
0.3784781886540851	0.49847169900859056	
0.37859374999999995	0.4989583333333333	
0.379921875	0.4963541666666666	
0.380234375	0.49645833333333333	
0.38140625	0.4959375	
0.38093750000000004	0.495	
0.38070312500000003	0.4951041666666667	
0.380546875	0.4951041666666667	
0.3790625	0.49625	
0.37828125	0.496875	
0.3778125	0.4971875	
0.37664062499999995	0.49802083333333347	
0.37578125	0.5004166666666665	
0.37507812500000004	0.5011458333333334	
0.374609375	0.5016666666666666	
0.37437499999999996	0.5044791666666667	
0.373671875	0.5047916666666666	
0.37257812500000004	0.5065625	
0.37171875	0.5073958333333334	
0.37062500000000004	0.508125	
0.36976562500000004	0.5097916666666665	
0.367734375	0.5114583333333333	
0.3671086383135904	0.5115787250224361	
0.365703125	0.5139583333333333	
0.36515624999999996	0.5158333333333334	
0.36328125000000006	0.5177083333333332	
0.36187500000000006	0.5182291666666666	
0.36015625	0.5195833333333332	
0.35859374999999993	0.5190625	
0.355	0.5192708333333333	
0.35281250000000003	0.5191666666666666	
0.34992187500000005	0.52125	
0.348046875	0.5207291666666667	
0.346484375	0.5222916666666666	
0.344140625	0.5236458333333333	
0.34257812500000007	0.5249999999999999	
