-1.0328542095517341
-0.9001159088982023
-1.1289914281465359
-1.1320421222680581
-1.0039483937181837
-1.0764421517752834
-0.5053950942358707
-0.46712207090004176
-1.0695451049032605
-1.4552452056043979
-1.4553217764071105
-1.0781152914658623
-1.1094269169944173
-0.9439415474834876
-0.8341499848247187
-0.8674753413245343
-0.8337279557751733
-1.2145428281196937
-1.5875206567935525
-1.4923407863484066
-1.4814305857129906
-1.3353450747309872
-1.2050525841458015
-0.9231089395700283
-1.113608400371472
-0.49996062828902965
-0.8249963442429274
-1.103046609861434
-1.5129896983934286
-1.0339024712934188
-2.0456760788140627
-2.365942693242361
-2.4637985424720292
-2.399865441248804
-2.519331355503574
-2.772189520369228
-2.549370530641742
-2.1056978790430363
2.9088117047148674
-0.23609750635696858
1.1215501364019447
0.1665013955654939
0.3330099364857268
0.43097306133488233
1.6857749548659924
1.5385403491828598
1.498145463311237
2.9486863431545185
2.86691592620697
-2.7411399168025072
-2.141305475074322
-2.7546455620205603
-2.46388663051859
-2.1805378544624245
-2.3726371095859244
-3.0602285738278114
-3.0605561949452618
-2.689024962405627
-2.6073002004215025
-2.1978731303050654
-2.1539983361372785
-2.1255083007817746
-2.099333825657822
-2.2637200033466875
-2.782456487159731
-2.385852702139411
-2.4730081407560003
-2.8385653297419045
-2.4060997893618596
-2.580201876543154
1.5677452214172005
2.9520172629425963
-3.0739693917834794
-2.975040625507108
-2.8243856428685916
-2.2524307752310477
-2.0909091519046625
-2.3185792931614464
-2.9350198287905402
2.531038118818185
2.3403140762830845
2.298387557603574
2.06954263606962
2.1556993069471533
2.2175210552263187
2.112126363862187
2.137597821268801
2.501810372076739
1.9677564563990408
2.826768619838198
2.2044292145317192
2.19684386701612
2.1043854491229537
1.9842782820675253
1.9082087960852425
1.94244790958364
2.0590307716941836
2.5541809366529176
2.3629200069633534
2.584786732092206
2.371424167402757
1.620605255484013
1.05858648567433
1.7060547403131832
1.4979237582277778
1.8203153911250227
1.2057434290859104
2.9316517520354006
-2.801382595233572
-3.0528931631563005
2.5419810281764375
3.036095799296797
2.596491013004777
1.7755683921203058
2.4536565245113486
2.146694337908756
2.2466199258839454
3.0055439539662956
2.7596915572371006
2.9017920148589718
3.037112583473195
2.8439206977095277
2.199349209244908
2.4220912937594186
3.0983247544230808
2.3770672207888923
1.804018609179173
2.069666623712895
2.137756150928245
2.210894517442871
2.3393380568101803
2.361051198917276
2.624402268150815
2.5067575968632365
2.71056004133858
2.5697795378180057
1.8027343961367481
1.285755891713236
1.778329063257018
1.4461731553995458
1.4654161412075695
1.435343746243339
1.304681756179927
1.6845655690556014
1.3833015388751104
1.571439744959791
1.7118459863060047
1.6232415252141608
1.4011337487228406
1.3369491147979335
1.306292836124422
0.9354953443069336
0.5677108761143389
0.6694801623495601
0.4913170967738453
0.5960829789049079
0.9444976543187583
0.5137096604165986
0.7348673064766222
0.46045222782739276
0.5258246286433278
0.7309463866858205
0.9793403928956863
1.0314229633103438
0.8668060953640782
0.5083881082296553
0.2500136261629171
0.8116407509747928
0.23561934558163164
0.6218165994216786
0.48634667062074544
0.35546481350335674
1.1696613788253334
-0.08323713488048448
0.5818878578291583
-0.04767505736038897
-0.1312425876545017
-0.015679373527000648
0.06432311554397858
0.09074800826922766
-0.4205693299644289
-0.42333202290338884
-0.4876979222452415
-0.6032549903591315
-0.688106354961922
-0.5576133796421644
-0.6444469157266406
-0.7781617040625176
-1.044693955782611
-0.56204709601477
-0.30782529479650805
-0.4437156503593082
-0.0025651698576933226
0.00625849939516191
0.7574309038278308
0.044548609229387956
-0.19891261386051662
-0.4785947975808792
-0.37277601150542905
-1.1531219194652593
-1.01987308785663
-0.9665612862869666
-1.2278408952590487
-1.2239598470236042
-1.2734244298208135
-1.515183693791233
-1.3126485770451812
-0.04844627878260651
-0.8701509158249919
0.08004127034177136
-1.4076325454553358
-1.335096113165778
-1.6635486675702396
-1.5403679261337022
-1.891431277000414
-1.079878527879573
-0.5877293580577687
-0.3988385228536723
-0.0017048700375671274
-0.7755949713128543
-0.731674823895779
-1.2687866138137187
-0.25531193491391363
-0.7143016755369135
1.232829706196064
1.194776208874712
1.3432401321383267
1.4118300366290917
1.3611866378538855
0.6122555038754268
0.3368003673508965
3.099721325185431
1.0717431594025297
0.8958391014895436
-2.511360398943216
1.6968234778185345
0.4875157279865256
1.2971620892054379
1.5382582503204139
2.8657037287660785
-2.7152310836138613
1.416395040947631
1.8803493297468088
1.8152489397310645
2.01497084651872
2.028924280873018
-0.15766058587920811
2.4425304294372774
0.40745326662985254
0.9944787505941607
0.8480955073043737
1.4915780345307645
1.003661226685263
1.3493535645077919
1.1157547862041644
1.1278000025733594
0.7858407004611369
0.32793813480954315
-0.9957600103539312
-0.05516804371079251
0.9106280797691596
1.0144336169593626
1.0395430304289
0.8903681874613678
0.9445773668886828
0.731641668678727
0.7289047466282943
1.3373382049096496
0.7183082014946002
1.0015282217233057
0.15032024285731935
0.41781333204195253
-0.14640399527761766
-0.2918858313711167
-0.19941515481459526
-0.2414244027435546
0.09586152254590079
0.23419757045600315
-0.22204823004955632
0.10558626466763128
-0.049501812303881336
-0.33216830547051013
-0.6007638383161532
-0.8052455912407892
-1.3274737573412454
-1.1730525556655784
-1.1777803136922158
-1.3194646340279703
-1.26997970849993
-1.1209192030888295
-0.8659050964589983
-0.7724451638925931
-0.4628425210224189
-0.16190994127750755
-0.7235824226728629
-1.1302094680317214
-1.8148776094654244
-1.8053476470547594
-1.7960489145439893
-1.8632030104091273
-1.6592106198429213
-1.0795529519431109
-0.8572504771575874
-1.271970060759237
-1.3848311309568477
-1.6394733665201073
-2.1784939087544344
-2.2549646536604606
-2.8764145783063855
-2.5743115073596607
-2.974251465873102
-3.1381729519026793
-2.39715189345078
-2.2897468608550278
-2.1968424421710884
2.0439974895927224
-2.3790744546440283
-2.916194360270972
-2.902003530029979
-2.9722249708116437
2.5203461170135504
-3.09804333590956
2.2891246655694983
1.1112870618142563
2.781745007214702
2.702722025303137
2.4988611280785076
-3.011372680408089
2.9046445834380834
2.2177194948600496
2.3074686996089038
1.6409648965619679
1.9266215854756183
2.0466411906352135
1.8181485279192646
1.842711347123964
2.0392567718905976
1.9312234196857725
1.8871007919665514
1.7193650976111716
1.5226566216834498
1.619895579144652
1.5648685672703244
1.873078736479407
1.4354617984527136
1.665738068892731
1.7366231838496637
1.4197583257582815
1.1251967612945095
1.3294808033746015
1.2158737252084626
0.9130876163358024
1.3884017289908226
0.8861722570993864
1.4364410978254099
1.438037666007602
1.1393528348033273
0.9285488039697966
0.8217816395470844
0.6430623664706104
1.0534258756332364
0.8616681230900494
0.8792219156052602
0.9100355940743294
0.8246569515077348
0.7006822143446159
0.9796012280596282
0.5614465009201868
0.41091917342149753
0.5630226242100625
-0.13891386248848622
0.06207241125790851
-0.08456453958563619
0.38752001472621256
-0.599732060352991
0.003912200245043473
-0.3207910845025461
0.08375104762642899
-0.36619107226397657
-0.5033383173815785
-0.5094668755383251
-0.4723044297675981
-0.4828447347343959
-0.43785058843856317
-0.9029178159905611
-0.23080868844115202
-0.2475398668840811
-0.46395827418367147
-1.085660970923327
-0.7589329047738831
-1.2572928030830177
-0.9155129564214513
-1.2935271429475086
-1.2257849107430698
-1.0382923150721015
-1.496997674473477
-1.004311913752431
-1.6683128384166679
-1.485225349918322
-1.3190396905361401
-1.2129025647442437
-1.2539061347349685
-1.2525772662744017
-1.1146651391963276
-1.1709894113647423
-1.720183658481913
-1.624462285898536
-1.8723296768707516
-1.9734670688370315
-2.683414851598762
-2.227364641320887
-2.3775050224275507
-2.091710656873351
-1.895017575450485
-1.6442818563959685
-1.6903838278934622
-1.8585093813222708
-1.715883774169599
-1.7896213778455021
-0.5369461168343409
-2.9454382661311937
-3.124505125699111
2.742086055567503
-2.5906122647411394
-3.0811042787690974
-2.5130355944440175
-2.1541739556483903
-2.474870582116143
-2.7630792576666066
-2.085021902194844
1.2225134394109076
-2.985090768724379
1.7907560803336235
0.9282685978138611
-1.7602096084310483
-2.346744688323941
-3.041563472625935
-2.79647989785466
2.661575498398588
-3.0390682659564305
2.969830690727411
3.0180865431348742
2.750912370697996
1.053051081480522
-3.0323979470091764
-2.2085557218936227
-2.0548822070789234
-1.1122618777833062
-2.7989230266438963
-3.0862847691370416
-2.9587566047296647
2.7923345848488363
2.4555048550728884
2.40647845156445
2.6996925322190637
2.802916238454612
-2.7885341213518093
3.0547081638795643
3.0209705666410045
2.932249778213885
3.0246670211559454
2.73709352312601
2.2438719991579887
2.048856290608507
1.889285093942378
2.080500465129635
1.984961981245131
1.9539858231346392
2.5183104849199496
-2.8322398410467335
-3.0077427225248097
3.086336649049071
3.06501976228717
1.646254219385254
1.184436001258192
1.7032986231722766
1.4404849423853205
2.119613938066778
1.9622654237045445
2.266362303138488
2.3457504600286643
2.2257604398573587
2.0698003666713145
0.3818938560043784
1.0204355393407458
0.4766328261493936
-0.8731130952635323
-1.6841826099799924
-1.4908399785654065
-1.8910832475186905
1.1371848895804508
0.43085824701627207
-0.3575362879941792
-0.5212758180653163
-0.7435702185807891
-0.7128581040400737
-1.5464072819063615
-0.7530646542912136
-0.4694131326152919
-1.448805043062516
-2.8082278305155115
-1.2534668074131805
-0.7564679497854097
-0.38196874998834607
-0.27781748309739385
-0.6454167449819063
-2.7097762855213974
-1.8267710494831422
-1.195343636456996
0.18631319667936333
0.7413688158451273
1.1409591867945255
0.28200881984215853
0.1886417314734821
1.5854570630496176
0.9161345941054895
-0.17772862473269632
-0.9467804942007174
-0.818561092247127
-0.4422693397732032
0.0787786724534573
-0.20649025694737166
0.27675716027373765
0.9191739248216819
0.09363366440831082
0.5866388070914139
-0.1692812158129274
-0.5641122650473975
-0.32128496771617493
0.056782208319986704
0.18203030215185373
0.19300505512697513
0.5263169797689858
0.9834775148384969
0.26873199953541643
0.03365661237221118
-0.25026327707166784
-0.45887957132478185
-0.2109781197669365
-0.2974191030305615
-0.34363180045407377
-0.5853092264225034
-0.15362173127209044
0.1571664784840177
0.019825770778383663
-0.25713573764795783
-0.40866589156777755
-0.7335725184789111
-0.9008827611818448
-0.9594643035688218
-1.0261055540168447
-0.9469176821092191
-1.378665024267032
-1.3300020003654258
-1.4097294769404929
-1.576129977309338
-1.066820896038096
-1.6449143897080805
-1.5353430664016203
-1.6942730505081003
-1.688135096594341
-1.7214062651785398
-1.7869792655320056
-1.8898023526829277
-2.2011978698429386
-1.997122190817372
-2.33788414998621
-2.2771236996642417
-2.195025502306099
-2.1972509759960532
-2.3745903733901006
-2.2018297604879833
-2.5580154889223556
-2.469160017799324
-2.7076434219240846
-2.5502359824489003
-2.622786550453773
-2.7706186931013628
-3.079043991810848
-3.034864428595818
3.050035891848549
3.0717152642402454
2.862480373067841
3.0777757035562887
3.024026184985816
2.589344882802741
2.7196401198450317
2.7505742798396815
2.8432286354982166
2.6002878129018816
2.7124185399843666
2.1983454704403784
2.2534126445906524
2.3388069351408203
2.2098614870060795
2.188551163961569
1.8876735176544155
0.5949329769120925
1.6975964663611811
1.3480565266209226
1.9122235764444042
1.8166874739838401
1.9165718078420917
1.9661777617431375
2.003942803312877
1.8311152095936725
1.6483857218051754
-0.30280362781515413
1.2391508525792911
1.046217164972957
1.149822080078596
1.070747347426596
0.9559874762755727
0.8935694382933892
0.8209755671215754
0.7180823124030471
1.143940837020297
0.6350725963595795
0.7035096705410502
0.34409071654453516
0.4865244083493166
0.7324919187929985
0.6895809228867248
0.8616060991144032
0.44091017618346573
0.5284851448029108
0.25754146808544925
0.11012089548555849
-0.16842274695064033
-0.2107629676046771
-0.4126083984824787
0.06896100838439563
0.2871930678321978
0.238481960216576
0.18877570877801986
-0.19565322721663683
0.03790985587463105
0.09038266355920758
0.5898165909212026
-0.8275961079193223
-0.15177212988251187
-0.19080406861830146
-0.3643091546094466
0.12743294850531153
-0.27165356661354184
-0.2640649312611062
-0.27160894789097967
-0.33299688195421423
-0.886085904017091
-0.6588645698217334
-1.0365939902748809
-0.8680417209993091
-0.3381033625815857
-0.6850383740260038
-1.2632365358246818
-0.971288113016631
-0.826400619426571
-0.8652284242616866
-1.019679725153834
-1.4342506006770415
-1.3369123960310134
-1.5857913376397978
-1.8358241698846824
-1.6416776043846053
-2.2965962925352126
-1.9330187015155953
-2.22801631958597
-0.749667677059227
-1.2601565054087727
-1.4064870730041095
-1.7925631899400183
-1.7656407656036788
-2.0222310876554284
-2.553348151349371
-2.4135553042934084
-2.3694426523477765
-2.4023085011301597
-2.6730802376873672
-2.964871108773763
-2.8548313945128196
-2.8811666052417535
-1.8240829401838918
-2.5675197197518536
-1.2767805090483537
-2.4015910146491595
-2.619531288377028
-2.827389486880334
-2.513294743981178
-3.0929934449583163
-2.8245252957505156
-2.9079816435645256
-2.9288460183004745
-2.4348820072431123
-2.724858764726008
-2.5721417430980864
-3.045405979401825
1.5544887421707432
1.3368437734471288
2.223805979315329
2.042484829726213
-3.021650425135094
-2.815624549463894
3.05751947745897
-2.983921309925792
2.553102146369994
2.2444164923502887
2.9071407409298087
2.2577616198341097
1.115361384952703
1.9808872573527267
2.1534857783632626
2.7912187662910615
2.65944147494218
3.127027841303673
2.702832429929505
2.7977993425417997
2.063558775944236
2.3402828448392365
1.6124338517195815
2.5046919243973074
2.0640427573177607
2.7162229886090614
1.8354339499569352
0.6175164700377305
2.5652493257920517
1.9860747704941197
2.089740291399838
0.42191650181942764
2.4920910333228905
-1.9357087080707494
-1.6977457247407979
-1.404197899677606
-1.631812058152218
-1.7339680806152746
-1.4928253183073965
-1.7832316351702473
-1.2765562214806756
-1.3992415324291658
-1.8790580426009182
-1.578146253523205
-2.7687974521493524
-2.438290423243105
-2.765061922497711
-2.1700966278436042
-2.3063645364479046
-2.0929320177448028
-2.0370706028787127
-1.9453760455523326
-1.9130569996081332
-1.3802863517656971
-3.022295914566761
2.8462097662665338
-2.983395069986053
2.5966843730146207
-2.8323498630551094
-2.4431091184623086
-2.1472462286375045
-2.365026915990501
-3.0421061979328714
-3.045191618912703
-3.056293972048098
3.039175681787431
-2.8052802550215854
-2.7975520309298147
-2.979685080864692
3.075973653982429
2.734990661669092
2.679271322607475
2.667997309935186
2.1437164251022227
1.961254959558993
2.040175338539905
2.0546459610698355
2.3790259367289
2.466379759788403
2.0131437735722213
1.8476133497812652
1.923534165752348
1.7679457868232635
2.43814760674895
2.055028061626511
2.1211084740960184
2.023458619497003
1.7505643863251
1.308165219308708
2.214622085294405
1.6900545589121188
2.05656474700186
1.9421092953082852
1.6937100212513567
2.305277706270541
1.8058930669419706
1.3071207021287534
1.5444138982636526
1.6375484180308228
1.7272457746658734
1.8585579443845497
2.0332399768863385
1.4586328897052614
1.5146016054996034
1.5245101512310943
1.7476863018491444
1.5639328668771841
1.090834855980185
1.2409813156052598
1.1827778944331384
0.9789671970854149
1.0117921470030573
1.078424855155867
1.4500300788061817
1.121673306603949
1.0267803438099117
1.0657982153658245
0.5573548927585007
0.965378796164394
0.44582259171907984
0.4704125964831739
0.6363967559172595
0.7572582034779657
0.5361971842762949
0.36827084915614045
0.48062559047637804
0.6259029843883497
0.11394091980949743
-1.0313117409718289
0.03664518517357851
-0.028558182353591487
-0.6742084164420769
-0.01177519850213474
0.20351706433775169
-0.35860675171524103
-0.14266248620583788
-0.1734584351470243
-0.750426717063893
-0.5786705660032595
-0.5777600582177501
-1.009917035294376
1.9030942314566024
0.9466392149684433
1.6338898473004366
1.0094114686046554
2.972822359477004
-1.9980827129368623
0.3574142498780572
0.2523103442171768
0.4986707517163532
0.9067705487415343
1.0756467765698259
0.7450155383795258
1.1539176306898156
0.5761481398709057
0.5506838939226097
0.13919455229260674
2.582325253812787
1.5939141407159179
2.2065377927646104
1.134698466141769
2.2478897274213145
0.4183418965477893
-0.8234183823097811
-0.10019547238875977
0.05425022680871619
0.5459372403274305
0.48705213816159154
1.356998114342999
0.8008475707539122
0.9247987949629013
1.2144731371885122
0.9229482645701487
1.4234942569554758
0.6324913768088798
0.4113084438294763
0.8859870735429733
0.5772512394001182
0.5760196192383887
0.5098062806489528
0.9274154606566329
-0.27248633846663434
-0.017578329466166446
0.42842814855640193
-0.40662058519922245
-0.379489810351755
-1.580057010498987
-2.299642769684766
2.1798887678472547
1.600893930451888
2.756816721519119
-2.8089801305022113
3.0978441215148513
0.7677378773728258
-2.504917331451946
-2.9784147746484404
0.6568495573739395
1.6062576539539035
2.0622564999010446
1.8935360887230186
1.9932436478088658
1.9355417863284725
-2.6918108874396194
2.318061457089852
2.275815347097288
2.219389278728797
1.0456673738549962
0.5605163634965138
0.8356829871191797
0.110956847064287
0.28602301064499913
0.7677634968661688
0.8968465849162788
1.380106246416289
1.456086226153323
1.6222073460575968
1.5959989974475768
1.0694612827923695
-0.5080171324662568
2.6777135760637
0.708463923118187
0.46544958821367416
0.3800973604812864
0.4946575960874573
1.2624057025864321
1.6671212938860582
1.3889772265177487
1.8086179242772784
-0.7045239174682096
-0.4309030879873384
-0.14939861066950172
0.9961996259062251
0.4197861424346444
0.7330659196208001
1.6231331250526595
2.4417882462817126
1.849788745399022
1.862790593607192
1.5919230796643564
1.0983654169675594
0.7034461419034848
0.47753715048386763
0.8236402331704465
-0.014269230887679965
-0.580239154596778
-0.4757449925827069
-0.3542276146606475
-0.19048325696041749
-0.5976137871468895
-0.4633970685776862
-0.975023729931563
-0.7369112083012448
-0.6729502032330736
-0.7040724752334135
0.05198581688950264
-0.2079279049135334
-0.0348632494419224
-0.12169643142922346
0.2363603202087329
-0.158707737363449
-0.002606038557553216
0.16610060404708213
-0.6296402120388337
-0.24466348594996734
-0.14699176942813236
-0.13770418678009413
-0.13171152019360813
0.012912389485133685
0.38286849870995054
0.24540063486215002
0.4336549692102589
0.6661098797589703
-0.3121919034104034
0.7295348048061414
1.4646916034873951
0.948960533009751
0.5716909086655725
0.5421776716194184
0.21329249668859354
0.03658498659512276
-0.03159298089442607
0.3678493200799802
-0.25036087837120696
-0.03813305184727786
0.17174657150130934
-0.42298519712903815
-0.40505355716735736
-0.3325414873189602
0.11296216373558608
-0.1345182446169838
-0.1830448598503032
0.23141683779014877
0.26565499162116996
-0.16532480065750177
-0.6351054742597251
-0.5085011222785308
-0.5884215107413082
-0.5762180055570516
-0.6140983944566468
-0.48798493182743474
-0.6314499709512336
-0.4322533297513023
-0.6421156795212063
-0.5590773055737163
-0.5246227275593252
-0.347173196558275
-0.5385381348509687
-0.5766344200345118
-0.6588243339974936
-0.617551718697619
-0.6738059972433933
-0.6097794182127236
-0.878414894837115
-0.5440780650192216
-0.4324486040429002
-0.6068716936299208
-0.6890370116563496
-0.5684352798197372
-0.5256563427610523
-0.3652707452194592
-0.7097431659201185
-0.294948147041018
-0.6255196308218987
-0.5214094896152944
-0.21259978100627747
-0.7472717598881755
-0.908670801114437
-0.6396406188366556
-0.9334396523304042
-0.6338991032046373
-0.6709368568250496
-0.6036238345032026
-0.6255365028745961
-0.7761843738697072
-1.0466805946103834
-1.1919520407785185
-1.2045556323034046
-1.3201229004960116
-1.3655670007004315
-1.2862564296210868
-0.848612728766055
-0.8459844095989597
-0.7031917825986027
-0.6302566497887676
-1.2015269789558216
-1.0830127873176332
-1.356393922177582
-1.375731063359472
-1.4570085672155921
-1.6499405368892883
-1.435242725181754
-1.0198376722200497
-1.1022308776239609
-1.1471358366315605
-1.412469469811441
-1.4026287348533086
-1.523169153078654
-2.198152964096932
-2.338147635794946
-2.4391045613097235
-2.092124747575156
-1.9658654298726552
-1.4814109225487186
-1.7385930165729293
-1.9158851053580284
-2.4568842389867105
-2.79373606237524
3.0754839616585214
-3.041572781140399
-3.091832276794176
2.9161104109585465
-2.743377580996042
-2.4810424030540434
-2.1140782940656955
-2.2765507026797493
-2.2226505711775686
-2.4886649377731
-2.980065315488505
-3.1167346552623725
2.4490001824180725
2.8935872568104406
3.137068482970586
-3.0138979664184133
-2.138501652580848
-2.242174692104069
-2.4128174628237695
-2.4564909757778937
-2.63130392266227
2.971041743025053
3.0376671114437306
2.505332157157416
2.137181561493716
3.109132126592515
2.8836237286466693
3.0496317467904075
2.5854477783745655
-2.7298379178733674
-2.057325651502367
-2.924316186083873
3.0016032644133626
-2.963635264154936
2.6589572050786994
2.5886742110429863
2.6575034182385364
2.8703282156638434
2.6132619128840107
2.5458269615112887
2.0322568763298348
2.0142478656358205
2.799225285432612
1.9304745835397794
2.359018127905079
2.8081654954286703
-0.022999731247849372
3.033811835456119
2.7565609938652806
2.6861769824584556
2.7826514144839187
2.779984029114906
2.8407602653586186
3.073825664279175
2.503071419378992
2.1627804544780482
2.178666592500635
2.342530861136511
1.764263248435972
2.043308810221418
2.1884419256727567
2.1528001420703617
1.884332820719595
2.00092485806255
1.7827097867202968
1.3977228141170868
0.8121139469789713
0.8608731439383565
0.1894426475193459
0.7255613013814386
0.6670026640399859
0.3558466686416841
0.5182533445906685
0.7668438202810942
0.4289664503081094
0.689236343100474
0.9166888314597289
0.535693466968068
0.7164922505026503
0.635079581415724
0.5421948859721021
0.3028450213317199
0.36961519377984503
-0.06703833680629763
-0.3284848857791968
-0.14579666513060063
0.04069699229122228
0.267251268862663
0.21385623531472267
0.3366718971102788
0.7026671455829552
0.8043211813214143
0.7690769267432553
0.9940685826028157
0.6240314091465774
0.324580957840749
0.9639400389149221
0.08648711543292731
0.7765898239136171
0.22936743741928586
0.43304161386149503
0.11149708522613493
-0.013863002255901648
0.28290293567778535
0.529518297614524
0.4261948496943858
0.06392089299163699
0.6838561311528577
-0.174685936633216
0.20930989284060497
-0.6399803681277988
0.1505036657734201
-0.6526959115802884
-0.4626841517522856
0.2632778692213113
-0.7450618312852904
-0.33888345149920485
-0.2623877697123398
-0.6882608209838724
-0.7157980183511133
-0.942093357440732
-1.4422018066216742
0.3012707181518287
0.164981556120594
0.3924517366666447
0.45213796545041507
-0.7431831444970217
0.1927823530239296
-0.3833852944051242
-0.46873604540783975
0.23154982968960872
0.8886227284616899
-0.024996950493972186
-0.13505148663670608
-2.5638585463223027
2.6501843497451754
-2.8782041321282623
-2.955106747117075
-2.8993774412218527
-1.4398484248441534
-2.847920543137116
-2.36229709790308
-2.8219122111180175
-2.626806058646735
-2.017294753130411
0.334735001441339
2.7035614717908505
-2.336369307287577
1.1038139400023714
-2.8813169415451565
1.5364471294403985
2.6802998779737965
2.544561581192028
1.8624291394067576
2.4788546648944996
2.2699384427879794
2.797361919948495
2.396689216374889
2.924811351670658
2.584012261445536
2.0881517687841225
2.398089413746028
2.957359501428931
2.2025339939080255
-2.591152899399615
-2.818638063371844
-2.359610149973865
-2.41466660944677
-2.9124997003118906
2.3879076092409566
1.9290199687431338
2.6436548958989845
2.7086074638032542
2.5606485048080874
2.5975764704877764
3.052646217905849
2.1032997593161777
-0.8752037474810112
0.726008771452262
0.8186094401273605
2.0229247065055986
1.084509488940577
1.2076565823784455
1.0575467145331219
1.560341020915818
1.2282106918277182
1.606415625927065
1.0686718600943415
1.6314355178826332
0.20296579956850566
2.5967271515468395
0.7278534531683509
0.6121975292006167
0.38819820256096926
0.676354508062869
0.38787423700141455
0.5614478094855335
0.7592190386942836
1.0676608969832215
0.9294274969082631
1.1640412494777952
0.32828908418024705
0.6039857667285821
-0.16212955865707984
0.0017866053600185787
-0.08584680730604156
-0.612016469265564
0.5683477202425378
0.22822316975340884
0.2764285062605189
0.6789276298974872
0.05111222471571652
0.26545242953592185
-0.23655929650916077
-0.44468958115612894
0.21854441662453672
0.023369658752324076
0.07332118348427813
0.14665877496109692
0.19884016929068743
0.2709690674360163
0.716543355259446
0.8917867384086574
0.9043374819718599
0.7095674069814245
0.4070954090040195
-0.0427199790297302
0.37945459522658953
-0.30415054920838036
-0.9594764194795262
-0.30851628245312424
-0.18965605404032063
-0.1112856399360584
0.3736361006198915
-0.07925379153419211
-0.08148542149757884
-0.8343688778556939
-0.47253469384570423
-0.6180224536069386
-0.15574457990925453
-0.4282170518275964
-1.4506488781617874
-1.1212862438505775
-0.572713507559866
-0.7939337867106696
-0.802768410189
-0.8727039019056724
-1.1106898079123875
-0.7637572196999833
-1.3168602271588699
-0.6682236338436685
-0.1476794148530185
-1.6224709331410938
-1.9350967641229295
-1.7099759421103535
-1.4168795060661263
-1.8819590349744095
-1.683863364341316
-1.6242591595245304
-2.009882289776425
-2.169110251323939
-1.642009192498332
-1.4855633629375278
-1.6650908073421742
-1.6395806440915932
-1.664011853548412
-1.5283538277924593
-1.2223090598223132
-1.6114898206107091
-1.6318281341781946
-1.7647418073030154
-1.696660858471256
-1.7324871481263762
-1.4224956248673972
-1.3160236805345225
-1.0045414014446248
-1.4049654695361367
-1.2977856109907178
-1.3738728443505774
-1.3622217289744818
-1.7203644186022253
-1.830635750754095
-2.3013711264818912
-2.4299249351031307
-2.7539106235998885
-2.6148399846869754
-1.425810061613926
-2.070788438162633
-2.213092819009415
-1.9933557650992535
-2.0322525688990796
-1.7383920051241721
-1.5949447994637493
-1.39684374596118
-1.3367579450658054
-1.8874549875039315
-1.8244152513807093
-1.8609220403670268
-2.558904479725686
-2.8968436491271556
-2.4644701290445687
-2.2051699763905055
-1.6533419483464102
-1.5080915716889578
-1.419176268724318
-1.4286746499972884
-1.5826316370540836
-1.8750925503635165
-1.7840069628121364
-1.9048501425852788
-2.095879059896354
-1.79765509132104
-1.7666473514607501
-1.859345752616843
-1.6865897389409705
-1.7392177743151667
-1.6040504628333137
-1.4857536401656481
-1.607765672852695
-1.7665165726657153
-2.0591623205434106
-1.754996372594864
-2.008891279540691
-2.264730821718252
-2.1678676230108893
-1.9844141050181905
-2.3971212025196973
-2.3175712143572027
-2.2298077167758708
-2.2965033177000707
-2.5814429894834983
-2.4229386655144727
-2.3380410102662212
-2.4814580824261667
-2.49845065140927
-2.5655873300080745
-2.4790945733174015
-2.948857840167014
-3.0817931721490983
-2.6620523659118196
-2.670273617869298
-2.5000359716939484
-2.5908296655997036
-2.5520518827203444
-2.5571620136769013
-2.767376930993585
-2.799126434578414
3.0679884630403165
2.6445528183520137
2.352090735738594
2.37146281326131
2.5961591141485734
2.884611004912797
-3.0140876574850064
3.0819364987461935
-2.699286233474221
-1.9515325744340812
3.0871602358037946
2.654077097335168
0.8641833067782988
1.6305468282324653
1.8548649388707374
1.8795581791598137
1.5749040622151764
2.185467607701451
2.563072869735456
1.8207091074054
2.025825224573958
2.346606181467588
2.0646078111219204
2.0132123495888425
2.064890291588727
2.104119670722959
1.7634508374304432
1.7954562650895518
1.8573703263486494
1.8553959601375913
1.8810395418668169
1.9220075317783205
2.0876392214748414
2.1429296286484645
2.0120339009247243
2.2058309072849456
2.066111785726737
2.2628396923104854
2.1754481993381907
2.1977836186861843
1.6901504188967258
1.6064856166246848
1.7803708233389843
1.6754478191558795
1.7904206691687745
1.8457971088246727
1.7716501553040054
1.767047868726775
1.9642270564915316
2.1607328438587605
2.220106827146056
2.103440818060106
1.9349021463801042
1.8051781111398804
1.6618929326390273
1.7414281480405382
1.6964384043711997
1.5864954248748464
1.613232926289029
1.7099986549929824
1.548879868131993
0.9618178412298564
1.9485249167656975
1.7415695732226406
1.045490413068001
1.549355977794055
1.4275986911210168
1.4941021998095867
1.5946204887416169
1.539909518064085
1.3770547441554777
1.2950876059211767
0.841168936816335
1.0268653704322224
0.9248937490659024
0.9994007086753494
1.1716370672988468
1.3036833443550304
0.5742157934468584
1.0150395868042024
0.5534452252112513
0.2067169035850061
0.9592466090822931
1.0632634884979508
1.8231230080488203
1.3580546295235423
1.1706663930131673
1.298101488584799
1.1078030106092343
1.0592344217629244
1.403925951800308
0.9256748275937087
2.543102456829927
3.0893683115004342
-2.41234555204019
1.0976966990309909
-1.4204724093672407
1.8506504371150465
2.7653231626575216
-0.729169847444705
-0.1794699874688848
-2.3914481928355107
-1.08851719934651
0.33937064522333604
-0.2577118799516429
-1.3035278759880857
-1.2860790618020983
-0.6579642059262663
-1.2604025483039807
-1.1964977062945843
-2.071908534229963
-1.4838071920711848
-2.1467524231945267
-2.1463675134161013
-1.8781197836236716
-1.203059580422849
-1.4081291600588213
-0.8929825145210241
-1.0700336207527195
-1.2792179865912388
-0.981129988537846
-1.3150350480548638
-1.4599304884653959
-0.7939541318399899
-1.7661856788902328
-2.359799060633332
-1.498483462806386
-2.0235263820062372
-2.1654874658140004
-0.23264334092096947
-0.05683947098515259
1.663683081298806
0.07187665697267186
0.01927026712287905
-1.8915023284610226
-3.010664160920799
-2.164139268712817
3.1177661541117563
2.8515829975565263
2.804339390446283
2.636842156626051
3.0579095053588556
2.6578317452584335
2.6204580088511302
-3.0309616401012587
-2.867418707612514
-2.6577224370709907
-2.284871402451526
-2.5876977207431437
-3.0347529454915327
3.008776473569977
-2.910026663914871
2.835339662734028
-2.604783285496729
-2.7679149111313057
-2.3994743314007714
-2.4917727781904557
-2.6036753929535528
-2.2630743830746387
-2.2533119337260112
-2.4800100301220627
-2.831536964881817
-2.4880853759231853
-2.651251142301219
-2.5584693664129623
-2.5792149415937686
-2.2759756478632323
-2.570981335883382
-2.7863565481145014
-2.271301395121133
-2.312613305549755
-2.1298384426521006
-2.4449909919775696
-1.9763492925423727
-2.366670188253103
-1.9398115775418752
-1.994105667842905
-2.116119326857951
-2.276201499655526
-2.2652772992841768
-2.318507757531218
-2.1803149695214645
-1.9486541806714726
-1.9812896176096448
-1.8041762125327274
-1.7806003191332693
-2.0003831441553004
-1.7752359080617126
-1.7304926572990553
-1.8344669801311384
-1.8283319366544761
-1.523358658381271
-1.5360896311894097
-1.7194845122311246
-1.8447900654057698
-2.0214150327866784
-1.9558928378107103
-1.884119209985401
-1.7252047783604447
-1.5843257606991747
-1.7445655528197745
-1.6451129565356652
-1.3617724418041175
-1.3582238006650784
-1.5067809186580736
-1.3715431685981834
-1.341324527329042
-1.4658540087330132
-1.5519013675924278
-1.4095818897480907
-1.2991267874491763
-1.360707358126721
-1.1631760649313818
-1.2407096964873772
-1.112503880233303
-1.1244426751525174
-1.2124237799982749
-1.2224513473315683
-1.1651454752224126
-1.0898849768846914
-1.114984579396834
-0.9995812537724598
-1.2878111637986596
-1.0342365675776304
-0.992036443731155
-0.8436150575705605
-0.8956945474676897
-0.9030410596341247
-0.7863657366509736
-0.8998628043511406
-0.8378685028475613
-0.7033306339057364
-0.8736177277018167
-0.890432281541593
-0.8142814140665441
-0.6896420612875164
-0.699246728938602
-0.545469454576576
-0.5416500709365851
-0.4880594881500218
-0.5713505631416329
-0.5425889463862822
-0.4793352293588658
-0.5331175466866453
-0.6276496834163606
-0.5178518759210214
-0.48604469493551383
-0.401018931675509
-0.4045594734252416
-0.23195255156521957
-0.006544381356380997
-0.07830815039713208
0.06657781918464813
-0.10949159178099425
-0.10747412154631601
-0.23605503422168414
-0.168023755900621
-0.11189890548923649
-0.20401340840304613
0.04209904025710195
0.10617745170499868
0.27461359219363096
0.4470741327151841
0.4189118183073578
0.3867240668984965
0.38452072503113033
0.23047244729800703
0.2533601840357072
0.2635507366302328
0.22080576075514988
0.2578430552081939
0.4604869181926173
0.4885669612277979
0.5794328954113676
0.4691062677917144
0.6663258638876132
0.6143032428344838
0.46833231069342834
0.532086854277091
0.59251477265205
0.7415357468714622
0.6958990975260089
0.8418553259041434
0.8192023991374797
0.8515375265925756
0.7786405791280764
0.8103986124788675
0.7620380120500466
0.8346246689866884
0.8152690764772854
0.9281891818546847
1.008776715399165
1.079288196420519
1.1959898137841904
1.2706811964346254
1.137567462138806
1.0810549891871963
1.044351466748794
1.147689147332347
1.1526929981555252
1.2104673534055383
1.3583440408689929
1.3574167642421044
1.4375764471567056
1.6047704021995524
1.5245451013893316
1.4950130097502805
1.5746463161101136
1.614625404099755
1.5440711270645526
1.5877122999862314
1.6740637882777194
1.7184604139398236
1.821852532102103
1.8270978914230207
1.7517135763754543
1.6488198416390232
1.858722232716434
1.673958032681444
1.835011376272035
1.76244287708581
1.92462592350328
2.260337231789145
2.158833278982196
2.0907306830296246
2.155227544277058
2.0848037433600917
2.0643679669107073
2.119206071051286
2.056673172243129
2.0447233084589573
2.1502346314738223
2.2496122348955363
2.4718530116005204
2.29502017605895
2.485495862768064
2.381163283820086
2.519589179827411
2.4472125941038847
2.550569344522375
2.4149940930210736
2.5785947766971233
2.6223553257642784
2.5501854781030717
2.6167718619749643
2.6852366980559665
2.740368894430894
2.6867876975830747
2.570613321972054
2.763486604124405
2.7331755273168414
2.855313167841434
2.8356928709201106
2.827272697376378
3.0015875279135362
3.0596291418028465
3.0096194593721295
3.0645323567397043
3.0362325863615527
3.13514735567774
3.0385341772329335
3.1038038153666445
-3.019880494624967
-3.010532654135576
-3.0066360920660387
-2.972062901591767
-2.918843884741043
-2.933327552004213
-2.7460338072128274
-2.8608517386332286
-2.963418842379876
-3.0716745954290867
-3.026034812451634
-3.064071290284022
-2.9944863631652776
-2.872021863882423
-2.656280373538027
-2.714361256870808
-2.7342248690495463
-2.757148797016766
-2.640311974478958
-2.6929459746782545
-2.744357950169154
-2.685676850884419
-2.813337844867216
-2.657012708842826
-2.5800887244256705
-2.7764151657329488
-2.5330936076341177
-2.6126292806689277
-2.4452029771259722
-2.5974109876282387
-2.5793003103783647
-2.541924824907979
-2.4970532505796537
-2.5661196736676333
-2.5852910486964187
-2.499652928468462
-2.3089844553488463
-2.478870094893204
-2.265305634829822
-2.472759320281528
-2.387298392323363
-2.3966344500171166
-2.374104718578866
-2.064298826515418
-2.309836297158624
-2.276113931258691
-2.2938147895201944
-2.226005829517605
-2.148766962161052
-2.0875559454638815
-2.085748713827026
-2.047941716880515
-2.091114250511698
-2.1907947015627527
-2.0646457640417766
-1.9987513605015088
-2.0032276115885685
-1.9739965145888871
-1.8222534927479415
-1.8565618362003666
-1.8296900743410207
-1.7512643191979589
-1.7930295043349256
-1.8727061571225714
-1.7161808653958603
-1.764572509340158
-1.6295267960666833
-1.520068118368943
-1.5108514871535121
-1.5708428226332312
-1.476368713984707
-1.4370353197905426
-1.4406406424779916
-1.48678197514035
-1.4546896259308242
-1.4599166376260952
-1.3073492752307945
-1.4005759381120226
-1.3430291086756485
-1.3917630642251666
-1.3452822400551652
-1.2087372234470406
-1.2594315504036413
-1.2374420247371583
-1.1969591430177458
-1.1358791351454427
-1.07347477067237
-1.1756023752966378
-1.2325673565827089
-1.1974758942266113
-1.1980394343020588
-1.0282569904770793
-1.0078774455588013
-1.0070673162111883
-0.9545470478997373
-0.8989976400025509
-0.7976982226899485
-0.6759235253605611
-0.769443885642973
-0.8298041863098451
-0.7646997328069151
-0.8542922800300023
-0.8853095617602608
-0.8853368114328728
-0.5928478594539246
-0.7501346599556852
-0.5802199594132298
-0.6484900188702258
-0.6266258494313555
-0.5713259169272834
-0.3928294572900262
-0.5317420887192416
-0.43810446844376305
-0.5045848473378419
-0.6092266657355047
-0.3711522069179588
-0.5707761019005654
-0.5563991673819875
-0.41158590307390586
-0.35358685755123775
-0.24672868471462964
-0.20803162860486
-0.19036084313847493
-0.26454826033974127
-0.21865222236337148
-0.1916379894669978
-0.22988839224714064
-0.43023397830094096
-0.2619530424201176
-0.3006300876157715
-0.23615396512349368
-0.2898166966188214
-0.07618523782187706
-0.08573352643868297
-0.10411539593769871
0.005053071957278151
-0.04057546692611022
-0.060398235941858586
-0.21264568664666877
-0.12514013171210853
-0.2108606200804676
-0.09301525474100053
0.1444636403417304
0.0815133980653165
-0.014506195196842767
0.014735860949241366
-0.0017693581503918448
0.06573632317424499
-0.0190915307956192
-0.07168470473049955
-0.011066738678446092
-0.10606195381242425
-0.004474043131036096
-0.1549790684809818
0.06860766466975098
-0.005034677091056084
0.0325484820734877
0.09014213932667788
0.1685618822981596
0.2174811730063984
0.05315412692143293
0.22663352422858674
0.1531625881229891
0.2565539815640052
0.2995555241917797
0.21611414622823039
0.30256884760902647
0.3793512641543192
0.349063441910881
0.37154918178695023
0.3692261535639516
0.3316582971744036
0.3254320812468221
0.3868482292117748
0.4839768864111193
0.40166388711387147
0.5325776837422913
0.7742817253292076
0.698688177698696
0.4815324524181591
0.5822152210365706
0.5974852049168017
0.6222295283226802
0.5543313658482357
0.5288358341087679
0.8100858580652716
0.45761819940569737
0.7930954515754738
0.6549794142938297
0.8977148218755351
0.8207849685781696
0.5372441665855343
0.6692082715265042
0.8533910932747353
0.42573202130596455
0.48484631023761016
0.7312060132272864
0.5695483342709899
0.49852307760502595
0.6974130174392696
0.8778311851935763
1.0540028133561012
1.1852124166264446
1.2843774268789712
1.4960191091041632
0.9904804030243425
1.1726004876018845
1.1558420185004603
0.8309969441628218
1.4814400545473725
1.2313647301397062
1.4072338082443485
1.4619686727227745
1.3993766112220465
1.3159467912757676
1.2138974726132494
1.3791337997910733
1.4063247048115268
1.464733138673318
1.5455700499933638
1.277465182974946
1.6143214192990833
1.626715755548068
1.5771067867534148
1.5120852814976955
1.5377319559943856
1.5897621375790236
1.572534140328691
1.5393647089251
1.706037199689956
1.6611366566278634
1.7484490435964466
1.8054742923244465
1.810219210740358
1.7041386837020016
1.6998285659951387
1.735353085905453
1.8341505545191403
1.713358466383398
1.7359970895617542
1.7266742195041052
2.19469500905378
2.2730004162347055
2.4296480574477406
1.9218897676015532
2.08978522052227
1.9784186029258766
2.1692771791044443
2.088646729310411
2.18153742459411
2.230096645061716
2.3258547880355094
2.3340022792487485
2.3176726758925033
2.3302037786230976
2.311856796593569
2.100571639093184
2.364926566914922
2.3247347132499088
2.582873436150302
2.466737401610054
2.633614072117974
2.5551305194478036
2.650260082926048
2.572571418651122
2.6197364607371942
2.6778697206680406
2.5097523255741807
2.5550293339977737
2.8260439003829743
2.936531642175135
2.8244189135085587
2.8388680495918224
2.8868494832159386
2.9199887612099276
2.7883185712936385
2.996425510833884
2.837320364707689
2.8797908342132947
2.934409036263314
2.9251312972666055
2.894029059613687
2.9246906165362465
2.861713485476564
2.7810066035463725
2.8852453874050847
2.8766054582552862
2.9933340870845946
-2.789968531257252
-3.045714147044944
3.0142231606876155
-3.109783538122134
3.091964214386041
3.070998682193915
2.964120723752107
2.99507311724215
3.0252868719750436
3.1247451427849224
-3.0223424622905437
-3.076134027462152
-3.0837832037516066
-3.105296378021686
-3.0704807100577356
-2.829222571381456
-2.980827125414181
-2.9330584633713572
-2.988095785509026
-2.8171622169711967
-2.7993226216951617
-2.7719198019534894
-2.6567304078560126
-2.824023299108354
-2.832285694227242
-2.719228542374964
-2.685523406655328
-2.6200610205823756
-2.5253935581596108
-2.525100941168369
-2.534121492293284
-2.4342908681257702
-2.4289769935974537
-2.512914861891834
-2.5008232999340927
-2.4464348901931956
-2.413319080291258
-2.3060484288540724
-2.247918357640857
-2.246646923946207
-2.156627514805004
-2.0915122228130447
-2.170938489789111
-2.090181555830133
-2.070887981488629
-2.128359955774808
-2.175301921163589
-2.042557985141669
-1.9650689028896977
-1.9550780910887433
-1.8417501274226347
-1.8742202951796634
-1.7909213125994008
-1.807326908122346
-1.8788012017614866
-1.8524978047578942
-1.7394667820733718
-1.7403808040087878
-1.7595667994215227
-1.6029666745184825
-1.5183086626142208
-1.363691253025236
-1.6615583576658823
-1.4350905322956171
-1.4848245446737478
-1.2895463269642826
-1.4969411680207152
-1.3338813304242438
-1.3682547793873938
-1.3271566759101519
-1.1563654614770584
-1.0792245342138265
-1.0496713621755933
-0.9984307859711884
-0.8464134887137409
-0.9314589512600921
-0.9922802320231876
-1.0171737312257656
-1.0345167816104595
-1.0386061734001302
-0.9530948824791831
-0.721345094460334
-0.637325081043892
-0.3938337371612633
-0.40369667691692973
-0.43132647524502243
-0.36623501240974676
-0.36673794036388435
-0.41450602291509847
-0.6398175683428833
-0.5255700459420111
-0.43743569806824967
-0.188650745321688
-0.03327377546641472
-0.023690360509186357
0.05160491380854591
0.2398326225778626
0.1928602456679396
-0.06313039416481048
0.14905621312674944
0.06490525750566507
0.09603166968533743
-0.10918714187685095
-0.20815281436658595
-0.17182675748078755
-0.13948034973644396
-0.03575422854732927
-0.021425710516068373
0.03909252462782203
0.0065127012969521695
-0.04835385388163167
-0.2279549466071674
-0.02759173632279984
-0.09225449553654255
0.12074661193628368
0.02114728811031466
0.1705597985414696
0.32024070626740303
0.35228557874422645
0.5275334565679977
0.5503112261230584
0.5384392545042179
0.4683773451272175
0.5722188123433041
0.38077598290872017
0.5515869716548135
0.6459538560484476
0.5596603130965605
0.5884861619180878
0.6994339278033498
0.7684378973927182
0.7591217025776487
0.7473648826160311
0.812483491225292
0.7764270261126864
0.8856180011456963
0.826861679181615
0.8692947140243126
1.0678413531369866
1.1909854274232539
1.1720876367809474
1.0475674502477401
1.14070441265028
0.9978762497179846
1.0375077106182775
1.131409680992101
1.1670849805120374
1.1935077979673512
1.320777303964226
1.396965642328509
1.4151827497802731
1.5199109891174574
1.4735163829554647
1.6435275385592163
1.5543650108510292
1.5187704029986406
1.607569106218098
1.617927867047386
1.6270751965392367
1.8666391236990703
1.6440287964845366
1.9022409424423135
1.815075368487653
1.8540450718148513
1.7572224058407209
1.891530816936207
1.902511765295909
2.0976854744183693
2.125721495989444
2.054381391219014
2.0994433032035245
2.0710415877401043
2.3136581261784293
2.2597372321792566
2.1990489715434935
2.3750997511608634
2.4221949712672015
2.4076678858127916
2.5137582378552876
2.3768336050350496
2.604883041105941
2.558142869977451
2.3634367235798206
2.4669005376969912
2.450804019644834
2.462058020098775
2.6944359789545174
2.785581199343016
-3.060551136831505
3.118482575841895
-2.9912107670678028
2.935083349494102
2.8195395883787246
2.9257376480544424
2.8764758208684147
2.848207918319037
3.010428444417807
3.0233454392049492
3.0896863510653207
-3.13320359911418
3.128741729209913
3.077079784899535
-3.0449020121146173
-3.126865368149166
-3.11840377797456
-2.916337229845158
-2.982371786972583
-2.879088086916316
-2.6138676726295516
-2.487692802515548
-2.3362017712060807
-2.400683741126822
-2.3968758099911702
-2.384863005839044
-2.424014548989467
-2.4151829793424473
-2.447924659788772
-2.4207120858916866
-2.2296044556814447
-2.2523506365647816
-2.210216033979134
-2.219376552261561
-2.15052287315564
-2.0246723202177095
-2.1438749770635983
-2.1740487799819004
-2.0576774774724536
-2.037126881201337
-1.945271075536254
-1.8441003584168156
-1.881963684353462
-1.7960388310050408
-1.8289594927019945
-1.7915043233948622
-1.6653294501057696
-1.7600382904902598
-1.7155732932490568
-1.7525457956324544
-1.7789863918195596
-1.6760621901152717
-1.5398170457350069
-1.689236966251343
-1.6312958749171589
-1.5384523147232538
-1.4092531093869325
-1.6750095663967153
-1.4527632667420733
-1.6394557739674593
-1.683617698580834
-1.7940974647134167
-1.5019949550014404
-1.2572315082908578
-1.5735973352670949
-1.439937836791921
-1.145255474097149
-1.210263732440721
-1.1963158272052377
-1.3036400258272236
-1.1510645768070238
-1.190257961530144
-1.2105626238689424
-1.2910736307587798
-1.3166343780190706
-1.3559345896689357
-1.2403985547506002
-1.060823424188394
-1.2239145876285342
-0.9483709139064858
-0.891383241344639
-0.5721506852583121
-0.6775718529248731
-0.7275351591879068
-0.6675921240963393
-0.5819439807328513
-0.5729573796664101
-0.7912517568852062
-0.4747812607701201
-0.7038687918647422
-0.7549218595771165
-0.6448232729489607
-0.6967791156210449
-0.6504869964097401
-0.6261350749033985
-0.69582024855295
-0.7273434191222785
-0.6105995428261917
-0.3241608273800858
-0.23376260303116117
-0.06373291441165614
0.03783787751374275
-0.03787971421747959
-0.11311368742488533
-0.3265011483834572
-0.42635565946902215
-0.5323840170756772
-0.615072142685977
-0.5290209423363007
-0.5839517755829904
-0.5000697141261261
-0.18840032766957354
0.10107953949796081
-0.1266673377262221
-0.23084400665515106
-0.2685803164153332
-0.39640822359974864
-0.2851478754452521
-0.38469046066245915
-0.38922312820916993
-0.37262297266737116
-0.10046005542280671
0.00811197650634278
0.009022886170074169
0.02027293768946868
0.0752615564017089
-0.09506819516927817
0.006849004378170091
0.03822722616215047
0.05292850684735718
-0.001474122699936433
0.44442581257083297
0.3101424977613643
0.36623799956123804
0.40022793315660893
0.27687862347270353
0.3205781797039813
0.10304406557497803
0.18710905571516762
0.3489451871565708
0.6928212841247282
0.8886360105019796
0.8496532370190372
0.8097012108863656
0.8227655150570733
0.6522012999851301
0.5003381703025491
0.4812305243915081
0.46323783886405434
0.5936886012984118
0.5729685078967047
0.7474243161615648
0.8026366464814582
1.0018297059323134
1.2396381204985238
1.2247971469749113
1.2712699879287912
1.1711760139970808
1.0355275379974287
1.230312966519385
1.0482851140490717
0.9665800516729358
0.9918499454512764
1.0744396342798617
1.2921852580589117
1.2909741839321074
1.272544587612775
1.4836899574097375
1.5783484222952857
1.4831250212872618
1.4043074957967292
1.2742166165749707
1.2805179537245075
1.4656750378299621
1.3328946300688367
1.470411223620865
1.4184264929193826
1.5215038041340379
1.480748208148368
1.3679596766322641
1.329183407984676
1.8181810928701077
1.8280403114464772
1.8180823187166748
1.962025860802959
1.9204400871195941
1.8340639820064775
1.9509935937072505
1.753597977891645
1.8205783663959687
1.8286156159542706
1.962957955078721
1.781064574261475
1.8705675400830164
1.9991150514468365
1.8370650767812937
2.0246353232345404
2.0161589818824117
2.0075307324439193
2.0380285022907767
2.0770239379015343
2.24790663235501
1.994109158580262
1.8225150087212303
1.6120272268048532
2.0545909438559007
1.889622287836866
2.097903037435763
2.2065735203558403
1.8199187926047409
1.8683916253769892
1.8418184457016793
1.2674136860952059
1.7462504684204745
1.9281159701018635
1.3230304103093562
1.483188347510983
1.4839121416661298
1.6014196671211334
2.6977778132508887
1.9705928148980552
1.9359403363556624
1.5201666660714737
2.2818672622832934
1.7612794022134386
1.4459507816574038
1.6641478230194453
1.673834718865826
2.3883228340997946
2.3360663053146338
1.8882462647070763
2.5252801627921633
2.630599670699667
-2.74991713819906
2.4916681602079436
2.7501097767951057
-2.786934314462755
-3.0856597897688385
-2.6122498816977036
-2.772165737030242
-2.9865054016538974
-2.870770561498521
2.934397485855522
-2.9302006418158815
-2.888658351502095
-3.042738241519612
-2.9021727259719423
-3.000712977057714
2.90720478620642
-3.052411737902405
-2.8039787070741795
-3.1305862349461764
-2.924123624327579
-2.7969527914725636
-3.0140820654220715
-3.0016097833454256
-3.022158653914802
2.945674161849131
-2.927331637459591
2.7765430394329043
-2.9480704740587007
-2.528730528360337
-2.23781985887339
-2.5889124167176654
-2.3168268578642954
-2.8049263194680636
-2.4017729235443235
-2.417742195984151
-2.0796654747688215
-2.9116470373792693
-1.867588023507239
3.1212235438243354
3.0084763758830397
-2.783845768873739
-1.8667031143935715
-1.868577166117326
-2.118571132319921
-2.8214793882992475
-2.9051963426671716
-1.2777946549406503
-2.676162752124747
-2.868028526004298
-2.474141034687229
-1.9143332339328876
-1.716890504509216
-2.657239947961658
-2.0727561652797024
-2.6626903169756297
-2.331490012616039
-2.5931083079393944
-2.875026790948515
2.927914788823188
2.4334000472967223
-2.306756233349054
-2.1141454550774927
-2.203879281634311
-1.9419519408372896
-2.174584513350012
-1.8929045827688462
-2.3103800119228683
-1.9478500867691966
-1.845266765435332
-2.291674091982111
-3.0885292700586024
-1.6683891067731969
2.738786597305679
-2.0929224252017895
-1.691107861605119
-1.6397262299299602
-1.429486175783401
-1.8625483174976634
-1.6278014053314624
-1.566733291241718
-1.638528931575879
-1.3682613972573086
-0.5504472096080743
-2.0775953103696665
-1.4678424541004473
-1.938066119621038
-1.1541904904025126
-0.9685116475263101
-1.0954160125660852
-1.0183781284548483
-0.9571033161583373
-1.129349387321871
-1.059017305473402
-1.3929176067713713
-1.2354959671560823
-1.872735192541072
-1.8456881883351532
-0.9255105317013199
-1.6950780737031803
-0.8328748287307142
-2.9195977257462227
-1.7862219482544859
-1.7592267887611066
-1.8634898031086884
-1.566570627944403
-1.4252597656542632
-1.383128577329646
-1.842241333664332
-1.2197399153802702
-1.2125517976564215
-1.079195210816256
-1.8149494690399688
-1.8648626407824689
-2.0218375250469176
-2.2096842419893146
-1.7907266846584842
-2.018173809781225
-2.643603989810427
-2.1895129926448464
-2.1369719426101157
-1.4004378201663281
-1.7405607021554161
-1.9517715155702156
-0.2965593098935252
-1.497205347676648
-1.7900591806355146
-1.519060425621704
-1.8336052386834443
-1.8819961547875945
-1.2138072132827906
-1.469064988596383
-1.7321259384884518
-1.8251932885517876
-1.992922828047703
-1.8967374048172394
-1.7879123487524855
-2.0740955213589802
-1.0990528807009174
-2.1108901716550794
-1.5943852366955817
-1.5187334753651565
-1.750361491840498
-1.7551289818574156
