0.013304334757381537
0.012932005309864728
0.02243382599672589
0.012082068693045492
0.01179211288323928
0.011180048661678781
0.010629817717171622
0.01021313203635178
0.00973649023425407
0.009299453690623237
0.008874239560346716
0.00846044286190607
0.008164872724972756
0.007460653876322582
0.007034469692918545
0.006735870309562801
0.006602760905517481
0.006672353600010665
0.006858493432963342
0.0069300223843832675
0.007143450564993406
0.007295591189627608
0.007332906265087551
0.007156055079409113
0.0071385201965904295
0.00713500995294471
0.007089544957835847
0.007245344966491062
0.007354953627676285
0.007690243471902031
0.007771604259752177
0.008014105884333074
0.008122287946156641
0.008283975573904378
0.008591501976290088
0.008837093966931556
0.009209639243878345
0.009218495144549862
0.009118859581752308
0.009081219773179956
0.008995671562990056
0.009048875848346306
0.0089259416033547
0.009144312334881315
0.00962697067274238
0.009984076237249433
0.010456645797488878
0.010655651860103225
0.010709584874427996
0.010469475589493318
0.00982118755710584
0.009268826044519422
0.008892691541531068
0.00853860795462045
0.008287911287584233
0.008026422096440302
0.00764368333929231
0.007208462166443804
0.0067361685778596124
0.006546748560429144
0.006421066294557749
0.006239550005886043
0.006059247386832982
0.006012863007661801
0.005992395689156442
0.006034600898461639
0.005915680358150397
0.005982328240102474
0.00591504943668626
0.005803282306789933
0.005538923234766056
0.005340668904315376
0.004992172580519235
0.004811682096231288
0.004517640987878923
0.004471292084879746
0.0042983553374827095
0.004511010896999033
0.00484296900606449
0.00503892941291615
0.005332089436975497
0.00540404271658116
0.005439902902399346
0.005479715772527764
0.005667564687480794
0.005782566436577852
0.006211095706796897
0.006339611322510095
0.0066245697327697636
0.006839348679263087
0.00694205928668513
0.006968431467422394
0.007089525871313741
0.007139211269693463
0.007167416001978769
0.0071463977899848385
0.007257791984126355
0.007379584331278633
0.007244732933532089
0.007353987199984896
0.00707291209302299
0.007010077009339188
0.006849074415831749
0.006589407348866537
0.006477117802565313
0.006300455239922197
0.006413707457897382
0.006356969281825714
0.006421739278728381
0.006096884589025974
0.00597678063730881
0.005618992386248498
0.005527162897446844
0.005602497782398207
0.005489557102014144
0.00547781181824628
0.005761328982679284
0.005826121504838087
0.006155645935049076
0.006250265034528142
0.006040663370569922
0.006013517340807515
0.005226674622310085
0.004952910344147402
0.004559734361776401
0.004459929505972704
0.004530596537875039
0.004645332857924139
0.0051559529796060466
0.005206467032858776
0.005105738014651045
0.004959099722281373
0.004656674675389423
0.004386872047346252
0.004302154608487268
0.004235042303634687
0.004230589689720265
0.00449731776041251
0.004628074322013834
0.00484249993435204
0.005020494745189144
0.004954385576524304
0.004814001420427478
0.004796158998864218
0.004732984080728168
0.004886046519914956
0.005027064605059007
0.004982287055970769
0.004942322959448192
0.004830792239396397
0.004544591961943519
0.004388745478244451
0.00405808893197617
0.0041236976442307225
0.004220633445860211
0.0043788997434365635
0.0046894555587181416
0.004799410908145776
0.005130179821114584
0.0051892194327526255
0.005241252014070481
0.005187142853453254
0.004806686966821768
0.004501238958258355
0.00408076789155661
0.0038041334654838623
0.003640238716373282
0.0035347618634901648
0.0036457510960076676
0.0036937825498165157
0.003986071242585959
0.004170524822015516
0.004327574107069325
0.004117746828866951
0.003952312141360411
0.003882644643925283
0.0036948089033384
0.0036481695529767093
0.003620314751605804
0.0035400095988346965
0.003303911232159422
0.002976057537233032
0.00273428679998342
0.0027255502832582708
0.0027107825878889763
0.002758897024394381
0.0028152627864611074
0.003112406964211956
0.0033765222672070654
0.00340669545662462
0.0035157465094577374
0.0034574809810166605
0.0033244069624118063
0.0032756474501857433
0.0030794616404255636
0.003068189927144094
0.0029658214988506648
0.0027822790469452952
0.002758044293517695
0.002825873024980317
0.002829070304136877
0.003008186636875327
0.0030163601145563454
0.003157137519072857
0.003191543155768498
0.0031300770054488157
0.0031073821341961643
0.0032218270454972366
0.0033184278493150537
0.003564231950641398
0.0036548304863751545
0.0038736027543596527
0.004070177099661751
0.004025758404807674
0.003971000344308817
0.003824660301969398
0.003698598517355866
0.0034237434860086404
0.003427129068413733
0.003487115962049986
0.003493042554390208
0.003512442260828451
0.0036447331613182433
0.0034809277284257763
0.0034043761557124934
0.0033785116181319075
0.003341894485242461
0.003375903721210746
0.003459729610172848
0.0036294677622105615
0.0037716467539915164
0.003850133824853122
0.00392563149928771
0.003908123416015688
0.0038327147908086426
0.0037791136151078585
0.0037587624285382606
0.003784070010506338
0.0037949501475961086
0.003992267603203393
0.004189107112828888
0.004373816878690224
0.00431212290302498
0.004129690527327511
0.004032153805115905
0.0040513060388344835
0.004098067580311995
0.004110608390649177
0.004120595608338802
0.0042350566138221815
0.004336277468278448
0.0043827303108638135
0.004190009915826806
0.004001150338240623
0.0036243766096499723
0.0033450016578944627
0.0030450562165931583
0.0026969996679313095
0.0026662896529078086
0.0026937131291400827
0.0026774714156642806
0.0026027833392943756
0.0025632084215122695
0.002309961899356981
0.002292429017570918
0.00227881589062668
0.002299666798762988
0.0021867165167127915
0.0021541699261429592
0.002097356419326608
0.0020306384352264976
0.0018460821071447984
0.0018037575445500544
0.0018594034267698273
0.00213442369881492
0.002402595086326971
0.0026337500176698042
0.0027138077056533287
0.002773234604325285
0.002726060618704858
0.002640672537886609
0.0024650671237575836
0.002367144750676378
0.0025153665229325855
0.002613262015880378
0.002922428096750879
0.0031401343319917064
0.0035300987239362687
0.0037120891819654722
0.003758574562531574
0.003708052667773326
0.003358466051222577
0.0031644316333567825
0.0027776178764348596
0.002606787359307005
0.0024015893207782035
0.002363491515901207
0.002432864270100528
0.002500610966033452
0.0024320419724024726
0.002457362080102806
0.002336437894064595
0.0021119123764818427
0.001973717286362445
0.0017775634080052622
0.001741729824847658
0.00171510578121346
0.0018143504524306474
0.0018857236302035024
0.0020204145388869237
0.0020982913940122633
0.0022010109789527585
0.0022451925718423925
0.002236402234546958
0.002182646419407645
0.001987583429279255
0.0018488296783871535
0.0017112150746047502
0.0016184969038791786
0.0015960857374506983
0.0015758636295273205
0.001603640758129836
0.0015803825871108916
0.0015472358141862888
0.0014840037320814777
0.0013383529107417992
0.0013029759808610548
0.001243922335383949
0.0012275061852745502
0.001155486177250322
0.0011485143612910693
0.0011392086266114629
0.0012938112926704276
0.001396591444405093
0.0015152674376868213
0.0017482130371587051
0.001835707665664505
0.001965745966078025
0.0019702313900266714
0.001939346446236484
0.0020307255721874144
0.001972222361525405
0.002062708167740374
0.002182139783524752
0.002256233350854174
0.0023801852875622734
0.002388993109813642
0.0022988873810985576
0.0022405214121715704
0.002161627246395085
0.0021308820924103053
0.002124929976288132
0.002161727785775864
0.0022269031139378515
0.0023310533579320417
0.0023582291721479976
0.002434274531972528
0.0024708652385977935
0.002481566407633663
0.0023695943922869976
0.002327028023385708
0.0022608143801080985
0.0021452053219216073
0.002023630791606923
0.00196355056888511
0.0019454448330054168
0.0018955502888853722
0.0019219730067867725
0.0018816309037434828
0.0017668384967160784
0.0016915284387553765
0.0016418202385393085
0.0015362018324745145
0.0014873121423724565
0.001471686136794916
0.0015419679632633072
0.0015169583437030004
0.0014929592054711612
0.0014285123272567547
0.001228298339103192
0.0011088104892082152
0.001070988903987593
0.0010431479861961758
0.001039991763314763
0.0010676917154301554
0.001110673763363522
0.001134490597150807
0.0011023925694042256
0.0010811466207261689
0.0011639547889718885
0.0011837375341042567
0.0012989330013289714
0.0013171059670079046
0.0013534531790296716
0.0014307710686641184
0.001250251918558191
0.001285808758331842
0.0013874926072059948
0.0014148028795711997
0.001705800221381579
0.0018279308841456776
0.0018701506607942322
0.001939357307222665
0.0020102380713911128
0.0019225927079350048
0.0019331334407483088
0.0018684489311534224
0.0019800075395820897
0.0020253340958313205
0.0020848796223833853
0.0021320999043471294
0.002185257068416686
0.0022291696452165157
0.0022443584745309815
0.00199120489728148
0.0018712347352745485
0.0017975418955472528
0.0017374791905059473
0.0017474147372260034
0.0017705151327388345
0.0018082298255568633
0.0019827204185918416
0.0021442968827612373
0.0021760433643621176
0.0022884470054745595
0.002314913104197146
0.002388784246987013
0.0023719242356922965
0.002335812866678462
0.0023916024222476627
0.002591669374072817
0.002678970365140875
0.0027598991124836826
0.003097049637451488
0.0031974672456500782
0.003534211047908239
0.003552000480868917
0.004046004713251344
0.00423358420242083
0.00439327182953279
0.004794889147002066
0.005039842563381807
0.005678892956843913
0.005994289078996804
0.00632639177019069
0.006615242477873507
0.006626690176440067
0.006776423387138188
0.006808808794953507
0.007000541075183217
0.007074262545090216
0.007195744880932059
0.007367501250227072
0.007458211728311209
0.007655812837085159
0.0075977268641410755
0.007444816109048162
0.007087133141387381
0.0070069352603032405
0.0069336495876560185
0.006837745319421511
0.006749779580583488
0.006276102988618694
0.006086314215118273
0.0056235333860475845
0.005455863221734178
0.005289856856581494
0.005366161177817537
0.0053686910098840685
0.005158620579939537
0.0048049020615118215
0.004784848735966621
0.004279560309612315
0.004042468390533859
0.0038532537006625055
0.00370102827944476
0.0036216069863027355
0.0036686515941762705
0.0034827277563720845
0.0033888643787974987
0.0031454156852833287
0.0027600922171337238
0.002491977935759676
0.0023505809125301245
0.0018394066020658902
0.001734104441921108
0.001620181627399131
0.0015231471290728543
0.0014774707008760805
0.0014759723121454352
0.0015929243082217729
0.0016879295887115321
0.0017600130509250037
0.0017645123918638057
0.0018128519754183592
0.001825323271798792
0.0018317888924207306
0.0019083290057635611
0.002022474173727865
0.0022284344558872226
0.0023870677045384012
0.0025234837294568204
0.0026220945094719084
0.0028272171525088397
0.0029569469792013244
0.0032161009302760063
0.0032289312814557944
0.003344825086993504
0.003546381261686421
0.0036107684984594754
0.0037487880584408987
0.0038883086439583854
0.003780149215588334
0.003665455378104999
0.003601136888755736
0.003380395763275068
0.003283164816017104
0.003225429132331114
0.0032281448134141464
0.003382412093252482
0.0035598046846137084
0.003595311894038515
0.003723957680378284
0.003834780638689145
0.0034504604499119122
0.0031780777967041264
0.002901733646257962
0.0028679812888423076
0.00283518535601249
0.003131607041296689
0.0035546837777235157
0.003757586104186138
0.0038567795451122148
0.003875355171418322
0.0037871963768589803
0.003630487511963225
0.003571114514665845
0.0033784361418358637
0.0031842768233925713
0.003161887603332432
0.0032163744759638097
0.00343622517069501
0.003567034865788947
0.0037556631493842
0.003678314606661392
0.003431244646798742
0.003133525961477681
0.0029575415360844426
0.0029142965164037963
0.0031208204409987057
0.0033530363473562004
0.0034447788430771744
0.0031031989778681516
0.003123574285846026
0.003237532210964
0.0032981898012678784
0.0034423620122427507
0.0034483645941615626
0.00358773830925596
0.003679119889801379
0.003705885648983323
0.003709731143160097
0.0037952002184542194
0.0037817640833585067
0.003917983183499124
0.004295676379270737
0.0046260338740983795
0.004859657544727497
0.004823494454842001
0.004674715439529018
0.004533225730186247
0.004543120661621467
0.004517256039122207
0.004795804734769228
0.004990909468804769
0.005317135293817941
0.005287577371618392
0.005216900318201534
0.004971696547038116
0.00491627300759936
0.004764592995653618
0.004773780581663225
0.005048877803797892
0.005510415070982589
0.005689856412159293
0.006148173208411786
0.006511060866133032
0.006630687935148595
0.006622640045692461
0.00631264324006036
0.006157592274755543
0.005971351103852051
0.006116331736740548
0.006377831553121634
0.006696229391631154
0.007007816241371362
0.007227978495748595
0.007597621044586366
0.0075172083141175645
0.007437635214320204
0.007292174435709187
0.007307199123269724
0.007232385664538339
0.007354016422595651
0.007560000911116837
0.00785723691518252
0.008173603235980358
0.008422497247089164
0.00855679238473454
0.008710144342905252
0.008710619911780983
0.008675171837292325
0.008803774351626398
0.00942611639602557
0.00993100358318425
0.010273939324648087
0.01040516002218709
0.010253383642444195
0.010360540397057371
0.01025964525903035
0.010359984813856069
0.010322747418599107
0.010296907349207619
0.010538264415742878
0.010683414236186982
0.010795003784475735
0.010996950786709548
0.011044888599507469
0.010907531158153563
0.010984470657894494
0.01110260214651462
0.011409262020214623
0.01173332858320006
0.01223170088538435
0.012327473071317735
0.012858023395206978
0.01289961336733827
0.012706971021358107
0.012868626540277834
0.012987617585948533
0.013233201949284257
0.013784164478466487
0.014407610062303011
0.015307782280450233
0.015618468477300834
0.016256703510086904
0.016638755188672073
0.016791240485862318
0.01680957444901681
0.016805743905264042
0.01700112265023611
0.01750844598622606
0.017808216440276102
0.018316648046458057
0.018443997383145838
0.018581349356426524
0.018597561463858242
0.01871103336017729
0.018968424163947777
0.01875943956129999
0.018883073969775895
0.01857865462567778
0.018064898851743068
0.01767760934000273
0.01722373009606156
0.016453861340660257
0.01561496235095664
0.014796964802314048
0.014561452643724082
0.01374598032388459
0.013166062988625002
0.012919262992161631
0.01252368466068617
0.012192596897767543
0.012105151354645672
0.012258358243524696
0.012406708056274543
0.012472663275303856
0.012734838540687363
0.012159352466078393
0.01185403035706278
0.011082078010115275
0.0106278849009498
0.010548661630723823
0.010455118957672205
0.010744548584767321
0.010648988415129958
0.010508119596151996
0.010045390101502249
0.009864048182015956
0.009399385782208784
0.00932197505091828
0.009187785033187372
0.009172287202061435
0.008845173761172375
0.008535656891133305
0.008302195082876536
0.008262073334580533
0.00809419871560314
0.008203624027001422
0.008320477984835584
0.008530682367110217
0.008671745683176094
0.00897142609411052
0.00925190587959012
0.009507538126179273
0.009725353885099037
0.009854121361413611
0.010116299039029681
0.010414947037407076
0.01072817493198772
0.011056943010210787
0.01153814063556782
0.011822988805657901
0.012320802499155504
0.012783255836622282
0.013092132232120569
0.013399293053677503
0.013479957138798284
0.013559191210863852
0.013361992494857275
0.013414128052485841
0.013475130914011637
0.013724304290553546
0.013850728895314352
0.013910381643420946
0.013855700344460783
0.013896721592456914
0.013919979127631515
0.013574916061587037
0.013392449592537181
0.013487525582028047
0.01366180035740495
0.013943282952291965
0.013993385918365969
0.013870918941513686
0.013754489575644808
0.01326746682622918
0.012560236204563946
0.012468323065229128
0.01236274683193957
0.012563886412407002
0.012553870744439418
0.012755815912404484
0.012791292138184246
0.01273383791915939
0.012692144040011658
0.01279911165538529
0.01281105553798052
0.01284752235214998
0.01271899169733241
0.012427009381289078
0.012212436709791049
0.011616264828692878
0.011517624519230222
0.011079663080197066
0.01082429298365786
0.010437191295014928
0.00992235040003019
0.009674895289723404
0.009135911659909079
0.008879652268037365
0.00880352319971554
0.008942886738496542
0.008974954971401727
0.008842915563824461
0.008582897908078316
0.00831835080327368
0.00803309394209831
0.00799539401509419
0.008055887602157375
0.008166551564440981
0.008468601700832433
0.009051093844303432
0.009533665371996802
0.009641869258266818
0.0096830880926063
0.009565316302857747
0.009345762091659205
0.008967556784248435
0.008545980907966
0.008239575063742312
0.008183688020910929
0.008250956020255286
0.008417742047628638
0.008635961383750154
0.008938135288086003
0.009139879277799062
0.009372694789415156
0.009557254128322524
0.009634822359063143
0.009923765678885092
0.01027841103056122
0.010430680499291568
0.010477360282147215
0.010356266279898102
0.010386342706639552
0.010307761456332932
0.010290956664319348
0.010404695370630488
0.010379212508840597
0.010712512211633123
0.011180977336428
0.011653236002152673
0.01191974291873182
0.012218295346599625
0.01248448768161512
0.012751056727701996
0.012940106262631593
0.013073884584927583
0.013207677601363719
0.01307133499105274
0.013015234388802624
0.01302305585748954
0.01306082971226026
0.013081005313576186
0.012878024318074176
0.012923837959625633
0.01317356344303324
0.013665379860427715
0.013988166296108101
0.014218722189047872
0.014778664746865029
0.014829666973150971
0.01471721900088307
0.013602527805272916
0.013436864287817018
0.013606266877395749
0.013772892992574651
0.013910005840473897
0.014148188267073758
0.0139699310815938
0.013776101559939486
0.013513902761958827
0.013417507297074287
0.013467927276582848
0.01368975283738307
0.013823474616119625
0.0144711156803669
0.014796156781817121
0.015167357964418765
0.015863523955222943
0.017321483992386037
0.01779419586560655
0.017828536201672907
0.017856476779616385
0.017876985252380146
0.017803973027666335
0.017852748695756166
0.017656717045710632
0.017245627413860914
0.014975216039496118
0.015261668807255723
0.01551218626374912
0.014873087473016647
0.015040718832958844
0.015449549541842505
0.017334899216665856
0.019727847161296334
0.02405652774443571
0.012451915694693946
0.011620850135305262
0.010623218763832104
0.009857547146753314
0.009470721749865813
0.009047327583432829
0.008452084189095193
0.008113809801263019
0.0075756974305271115
0.007389648450834561
0.006884259662101215
0.006693504819491418
0.0068379648763973195
0.007036840946348187
0.007445538198151805
0.007761924003249048
0.00846695107359073
0.008997413971160382
0.006981476957323829
0.007135837840396245
0.0075994866659820455
0.008082323148254187
0.008419670397507857
0.00927063975493508
0.010280110351480666
0.01088303373045396
0.0120652701051402
0.012895861911991524
0.012938740866578886
0.01290777358306468
0.012529552654860818
0.012125931602388885
0.012030579097954486
0.011976965689802188
0.012039239314807094
0.01234408525417257
0.012592390274751156
0.012639836780025216
0.012713806223897114
0.012632084568658325
0.01231381508474379
0.012245446378205283
0.012050294862590847
0.011885470323092227
0.011701290429438889
0.011712723043998797
0.011706956986455524
0.011222973164909816
0.010792862004041184
0.010671389543501202
0.009852738426933825
0.009337608474284475
0.008696795255289318
0.00844861923533232
0.007951165100266767
0.007263028654134296
0.0070632464257411945
0.006422426909744999
0.005965629880339398
0.005481335744924865
0.005145489391108714
0.004962384059954956
0.004823532781807555
0.0046681414456961135
0.004691868390070991
0.004624587119339838
0.004482908358627443
0.004247369052564268
0.004188261457171652
0.004018374099996297
0.0039434790612702456
0.003944982783079588
0.003912871304001727
0.004180031639131494
0.004319768870728474
0.004437102535624135
0.00449554485911328
0.0046909526876882475
0.004838996199093719
0.005219290031669324
0.005458543156995283
0.005603084945908358
0.00561999178734569
0.005690744499652151
0.005755040192394331
0.005712352897100694
0.005804476163342511
0.005952051525685368
0.005748047100061616
0.0056979128370531935
0.005769206872632608
0.005913564876735911
0.005918099224409602
0.006170595548848754
0.0063223676389224884
0.005913822234501152
0.005616330780071019
0.005173086295050674
0.004519633307545538
0.004174057166648251
0.0035034623153447396
0.002953285806358452
0.0025948816134824006
0.0024755330229908963
0.0024381741125755673
0.002556943819073514
0.0026080967257837108
0.0029463730720636237
0.003458984067785449
0.003820030036004375
0.004390271075597945
0.00469217082288814
0.005176226714332129
0.0056594139494264405
0.006330419835043341
0.006757800460097915
0.0071834998077492706
0.007441248182579826
0.007942760790004794
0.008252551723203232
0.008899708026065673
0.009425724493430456
0.009865113670843936
0.010474725907995544
0.011153121052675066
0.01138827688611713
0.01173612874942544
0.011706624549041717
0.011966301954231495
0.011987525475707552
0.011967423247921185
0.012083267376950535
0.012186702406019887
0.012091449597269441
0.011888737282892383
0.01149257542658684
0.011365406743133858
0.011119281784653979
0.010683831732838291
0.010537789312791484
0.010258869088393293
0.010104345033729013
0.009651275234977353
0.009181164557960319
0.008947809104342832
0.008730228239553783
0.009001275355617917
0.009147624505016319
0.0093772998703372
0.009538072394925092
0.009643366908744486
0.009638552681137518
0.00959486522204687
0.009557989698559083
0.009578078420937554
0.009439020844849452
0.009164064242006905
0.00886849108317687
0.008578075230315054
0.008274151876728721
0.007785496486740147
0.007519361436227533
0.00715341399422182
0.007009463874014221
0.0068347084803642546
0.006576186733833566
0.006650950977672708
0.006665192552370474
0.006826096448223839
0.006712709257514209
0.006335962533553921
0.005997267414819294
0.0056572937109172225
0.005509078666059068
0.005410720172975985
0.005527511353847403
0.00550714333522048
0.005575565952284733
0.005619186700790589
0.005717118514576422
0.00563902334193176
0.005059568267443285
0.004476192968714427
0.00407041925791134
0.004114120636993381
0.004189987979731849
0.004121230764348934
0.004094165178465022
0.004114576316778671
0.003939037651627598
0.0038603678274182554
0.003696166441124264
0.003765290308303043
0.004069408776763584
0.0042158961144713215
0.004675843250354238
0.005029023818825328
0.005324023525789832
0.005577582139190769
0.005608699686222205
0.0057964030838053415
0.0057802269929087945
0.0057978661544348985
0.005986622739958663
0.005972644604676521
0.006104018964052934
0.006419940351895348
0.006558238545282461
0.0070322045236076115
0.007504863004587739
0.007650109759659041
0.008297565488195494
0.008521679998360142
0.009210641396279317
0.009832212470570634
0.01004390399230563
0.01064856683610316
0.010900704210612145
0.011193402096683134
0.011408318226999276
0.011530476613543447
0.011378998455034331
0.011334309072700792
0.011265784966877647
0.01113179267077703
0.011152371283589502
0.0110090768550543
0.011034887888405601
0.011006391968908524
0.01105733772986357
0.01104284082186074
0.010835508015145889
0.010630904187034095
0.01046558508479092
0.010344023509550007
0.010113184963537945
0.010126505863439036
0.010073510457195786
0.009978849551107675
0.010154500568094712
0.010183821782840542
0.010180964504577861
0.010098447988088306
0.010037845463190451
0.010054762468953067
0.01006362890187673
0.010056763414752225
0.010090635096161626
0.010087625894037626
0.009520783339749067
0.00939472950382722
0.009588018566718134
0.009677324433832374
0.009778560140031069
0.009739244431943423
0.009584173203814158
0.009363901026653533
0.009303349335053394
0.009267402995556949
0.009348137630463781
0.009491703368220151
0.009693236501077156
0.010182504607288884
0.010424644326996671
0.010743055323691134
0.011065379609001932
0.011244441687112802
0.011590826281385231
0.011830551297956432
0.01208491688961305
0.01236693677224419
0.012451921311518399
0.01232598158844623
0.012416377972102568
0.01262466473414823
0.013043912213457414
0.013178737348439199
0.0134826368896741
0.013770814483689489
0.013850634456351554
0.014451078387381109
0.014620280288615058
0.014859468850978056
0.015099501542347005
0.015819782704018615
0.016659184477732476
0.016848505481948623
0.017548664698926866
0.01819966202789688
0.018519529626622223
0.018785238456747323
0.018977344252480884
0.01899776547968598
0.019075656058382316
0.018169879311445855
0.0181305163805736
0.018232888294847656
0.018475654718114836
0.018647183633911744
0.019088714411303283
0.019357036388965007
0.019915801408609553
0.020094382691929105
0.020517914100138084
0.02057823882333453
0.02091980644122341
0.021176637701780097
0.02174268623956989
0.022225032665622587
0.02116469713256076
0.02004019684353884
0.019764723725344886
0.018931054638450094
0.018510348995482467
0.018402002702156393
0.018339601716530728
0.017983788516368598
0.017959793502855214
0.017174070883423008
0.01675777002266272
0.015769133245409184
0.014727776821055208
0.013988218955436319
0.013183350664982472
0.012259346313546199
0.011971980781447792
0.011585578482650875
0.011571650969436664
0.011768080350688482
0.01160999905419099
0.011750250327562207
0.011605006240004979
0.011468669407594842
0.011267954778442462
0.010599866012972737
0.01013754866706097
0.009560014080119314
0.009215246521934712
0.008860192700439567
0.008561524220510802
0.008412704776593616
0.008212720230264762
0.007891722790843556
0.007730904149637831
0.0075050156668994925
0.007502717924582738
0.007422805103942752
0.0071892544155119555
0.007029587095854236
0.006863900076087714
0.006695737136621141
0.006862344635733817
0.007006343226717632
0.006797155040997913
0.006647434993558664
0.006300244089815265
0.005960932508593183
0.005895761503798136
0.00550686490801187
0.005540147062484959
0.005362751174209519
0.005213048841114052
0.005136333261532529
0.0050839183917556156
0.004875780153076129
0.004588797826440664
0.0045333816866915
0.004506577024846406
0.004391637576335737
0.004332557660994477
0.004330313795480269
0.004280341038906528
0.0043162929965540825
0.004120360295824467
0.004029996068213549
0.00396640190992045
0.003980622260274619
0.0040664326605511746
0.0041805199027228936
0.004424725635828693
0.004614334516891041
0.004628692218614933
0.004724230366568125
0.004833829589350018
0.004914409375217059
0.0050856398376953995
0.005114509185710127
0.005436616707499035
0.005836564691206876
0.0059538486047664586
0.00631709507396082
0.00647302114075961
0.006756526093673295
0.0071199084211826386
0.0075252577635313705
0.007802601156472672
0.008242181217995935
0.008558000281197072
0.008835163562280363
0.009245553972754625
0.00948009661134554
0.009879914117181341
0.010103277153475082
0.010084670499573591
0.010376519346946115
0.010483555491601957
0.010620933212733448
0.011088056273187924
0.01133866764419016
0.011569747718806391
0.01173768445663248
0.011903478241667091
0.011962610308497821
0.011982454833154762
0.011975000087207793
0.012034885175942069
0.012213495938393241
0.012711645660210344
0.013036524560814717
0.013700501650509669
0.014060910735732918
0.014498195037524914
0.0147336181961903
0.01477436902434284
0.014903020717671708
0.014972493305338109
0.015129507516245172
0.01541796941387892
0.015440615093095637
0.015781039710950757
0.016126515763599004
0.016388408835797945
0.0167384097014691
0.016719698442925278
0.016848686265034874
0.016940253490354183
0.016944878892476506
0.016766454736495122
0.016755126490841304
0.016870513292764934
0.016646515175280277
0.016345673801792384
0.016139217968194123
0.01577436838669247
0.015603515922480235
0.015209479915328502
0.014709421736966159
0.014302873262632581
0.013712268872423208
0.01346378530517757
0.013054240142187304
0.012655641380243169
0.012479521896870722
0.012237838681542237
0.012015151133225616
0.011910464489665878
0.011772729476797281
0.01178210211020363
0.011750658435524922
0.011501404452578747
0.011396596280088569
0.011178878538588174
0.010751010134272192
0.010548575129644145
0.010404834796093613
0.010442141815852308
0.010658813081275312
0.010932407217636353
0.011282940130452772
0.011689342014111696
0.012098033781755587
0.012299680627020458
0.012561241844111625
0.012536356562068071
0.012794730305585405
0.012860349550425759
0.012953687813976328
0.013167758007733957
0.013173177750188508
0.013057716373509106
0.012626874917737934
0.012491180491219257
0.012456420427969492
0.012169087182523648
0.012109058604687018
0.012066984584356667
0.012020091563014618
0.011996390074770033
0.011858856786400987
0.011324830877965587
0.010917125145829532
0.010414403981299676
0.010118413775037291
0.009579446348793878
0.009302716267210718
0.009181875333017116
0.008931261958492373
0.008710296628636446
0.008680202326493521
0.008573465138573707
0.008703664364182042
0.008640039836061219
0.008544518379675565
0.008121209709683212
0.007817573263794553
0.0077060636392529734
0.007565293826449293
0.007415466617302654
0.007375231692160765
0.007397785863652749
0.007404789033642528
0.007725119679794995
0.007862808797284213
0.008028825964166833
0.008264688248723635
0.007482473413283256
0.0072533929620148905
0.006996954177948303
0.006870983435910703
0.00641225334368135
0.006245550674523457
0.006391211433379529
0.006437989860576382
0.006410904234816295
0.006312190149529278
0.006018104092256812
0.0056614563774379945
0.005362520301287602
0.0048967602126637495
0.004463041032249699
0.004021187672949794
0.0034508965327129182
0.0030941567221820935
0.0028916445134961775
0.002885380030788205
0.0029713558063333622
0.0031985491673183013
0.00331134133093114
0.0035050700302415227
0.0036319951016651067
0.003640736238811652
0.003646215048564573
0.0037737238986316627
0.004030117634562404
0.004355793125209999
0.004755849900430613
0.00486443858502503
0.005407592412080565
0.00595468798387295
0.006437989688177553
0.006636660883134164
0.006656119735804581
0.00657453583231536
0.006407321820331863
0.0061027077350645515
0.006061933904565035
0.005881784749123311
0.005592581235336161
0.005331804104049346
0.005060130952679821
0.00495457542072871
0.004844689239144019
0.004661808852557231
0.004551889586736651
0.004572023157965887
0.0048631397806691845
0.0051648180187808795
0.005372717854738468
0.005720803972531161
0.006174731242115773
0.006400530261057936
0.0068025516617051095
0.006991137109166471
0.007139598389302395
0.007212458094182167
0.007393041946373147
0.0075408750348414195
0.007774556198775316
0.007933521316288538
0.008091234119503812
0.00798046899260094
0.007875369055495195
0.0077813562888134
0.00772292197001999
0.0076785295176803
0.007789833492315558
0.007927272924248907
0.008030695181940526
0.007935566293662353
0.008100947205604789
0.00822681520614163
0.008423967732183856
0.00831978666207175
0.008071145580325928
0.00777783436225149
0.007631099927017824
0.007443870455289635
0.007567427451678328
0.00760991591860751
0.007716186979087662
0.008048393769156819
0.008112347207870754
0.007905405828282055
0.007711887544201414
0.007188861212274682
0.006906948353807651
0.006464057006857084
0.006032276285389507
0.005814658220591562
0.005676655025400273
0.005461577325459379
0.005171726430474526
0.004606782967954922
0.0041655468178126345
0.003567350393613065
0.003347557967136187
0.0031114854202506574
0.0028341119987879437
0.0026419806286518688
0.0024216936964286404
0.0022044922992960373
0.0021313457657038707
0.0021283256423800688
0.001992100326888527
0.001956851908097627
0.0020299442449379936
0.002160064047921179
0.0024675837208609883
0.002715209846612222
0.002760651793888148
0.002803759882282213
0.0026913662409652197
0.0026003133210935644
0.0025133230071456994
0.0024271476752277714
0.0023850528934656573
0.0023072523479260696
0.002224972835851943
0.002134228205422876
0.002067357783321206
0.00209446293962882
0.002109899776071778
0.0022485512738085736
0.002377281028108598
0.002441178522752307
0.0025896048237436806
0.002874460117060283
0.0029196458888970595
0.0031380865439579707
0.0033841904805238564
0.003577084727857418
0.003952192843217598
0.004442152334904085
0.004729315225713963
0.005257333740140222
0.005775373064907003
0.006018261001116661
0.00616881647795242
0.0061120652627313175
0.006248441042936247
0.006181696953708147
0.006161090998127533
0.006300211966194071
0.006483843140800601
0.006684109813203508
0.0066903230655028165
0.006630919768229447
0.006474698984425838
0.0060621877093011
0.005775133528487521
0.00561143396739735
0.005589420045091581
0.00552069584458008
0.005445010647179208
0.005359520492608539
0.005167925623798376
0.00489165606184288
0.004841371007031446
0.004877815960326924
0.004842258775558586
0.004923019686703155
0.005001672641173389
0.0049959826196090806
0.00499882192677902
0.00499445425204968
0.005098673886684208
0.005256241325028338
0.0054170376267619474
0.005542275519310067
0.00581641042986226
0.005689458892164989
0.005627593461690438
0.005749742665240194
0.005656039532800727
0.005679034820419449
0.005597739074861793
0.0053087225562600685
0.005093875943466286
0.004878421003619468
0.0048702977170141035
0.004430668758198501
0.004292119718805887
0.0042867869226233864
0.004132888675380376
0.004093149886435594
0.004087190914900723
0.004178767185297038
0.004169257093165012
0.004200639214595806
0.004225715394539662
0.004286739923783255
0.004387164934416215
0.004400650884330464
0.004443154503240481
0.004525085405152433
0.0046433672893966375
0.004768209552996217
0.004914345631502277
0.005134354408766135
0.00521696741816593
0.005489087731389689
0.005776337742911996
0.005915805889412746
0.0063069844564317325
0.006747455092838725
0.007021948706514078
0.007292800717688905
0.007739247407328629
0.008207141103733086
0.008441395125695628
0.008875726801292881
0.009574453093250748
0.009799606743445622
0.010495728110808168
0.010912984026969066
0.010969363022469368
0.011145611019793304
0.011534064157052753
0.011942495204206264
0.012531765890805504
0.013082453706579612
0.01328386474857456
0.01360780528829259
0.013841144542131695
0.014306833143502683
0.014649180044159674
0.014466430748400528
0.014615762834217538
0.014851806880152363
0.014749579097928924
0.014720541652177479
0.0144559995266802
0.014181555424519543
0.013989304247970966
0.014086377992014431
0.014635057166435067
0.014969758054010133
0.015101447152875258
0.015163779568374423
0.014620997365983518
0.014329055426138462
0.014112217677804458
0.01378103853110268
0.013713538125235875
0.013394582409690667
0.013403101725813058
0.013219340878450938
0.013216607211708906
0.013229653812892293
0.013145604712661022
0.013087811244453424
0.012914741755164643
0.012784001277241861
0.012606084638031641
0.011984826185205674
0.01154322946820709
0.011383110165058921
0.011120724413789243
0.011000798977626057
0.01085143536536313
0.010973136551257685
0.01096533642717946
0.010808218583754806
0.010769733845711425
0.010715810957941139
0.010632824523032353
0.010588587750068471
0.010459119263850273
0.01057774575818542
0.010641236796185472
0.010646182687592083
0.01110873894539319
0.011503035191682954
0.011650624379966409
0.009622512621888474
0.009450696759337221
0.0092752579033142
0.008808030076104246
0.008750263705107484
0.008574708608972168
0.008372005061127731
0.008264404758976027
0.008371894480483765
0.008408611175854652
0.008440800311267649
0.008505860279658394
0.008599538371187442
0.00885394285658583
0.008959889733068847
0.009037424518487559
0.00922519194438774
0.009266848878204736
0.009469450704805324
0.00949801456134157
0.00957871706108381
0.009439701582724227
0.009291590045045118
0.009389679226516795
0.00947460950304751
0.009563619282071058
0.009668676197969324
0.009927877511387467
0.010115026764022515
0.010180489222109308
0.010192165808475682
0.010239968781002503
0.010109474343588967
0.010007860789477184
0.010157686352913645
0.010189779114995554
0.010458004465552655
0.010468963448659654
0.010629329245098944
0.01079447146623191
0.010810923666000366
0.010822874375976028
0.010879559949087503
0.011205208234867956
0.011302846023569632
0.011586066533242808
0.011798578121634425
0.011924756676875658
0.012107159105705948
0.011871054222820487
0.011775719548438415
0.011471733617593596
0.01122962448038535
0.011164498227233194
0.011221555371003205
0.011197202026722924
0.01151780066719485
0.011497855660098333
0.011612618171431844
0.011745077681630243
0.01182510272306388
0.011699133492251209
0.011586840334567932
0.011379767460414874
0.011145199112418212
0.011051358548126725
0.01110240981245725
0.011288389394414995
0.011302177699141209
0.011287740523526327
0.01109802995540634
0.010732389673749839
0.010733956580450888
0.010961476597572992
0.010757574895418617
0.010866716502607596
0.010902031141527564
0.010845986854745561
0.01049110908282699
0.010189741167238276
0.00961137988360338
0.008992041326645049
0.008893721963800836
0.008719508172742488
0.008769949721548256
0.008908745273307454
0.009136525433269082
0.009134383415761553
0.009055082907322806
0.008779924184920875
0.008602074457183067
0.008325343373800791
0.008243714547788921
0.008237045050666403
0.008161012896257796
0.007865101517634246
0.007788359911961142
0.00736771589594787
0.007254453726671062
0.0070779459174544436
0.007024183501228694
0.0070174048407065665
0.007288407090056993
0.007311540272202559
0.007590719212539275
0.007713189515277055
0.007869269398116826
0.007935087815525784
0.008004050335561327
0.00797395024197326
0.007944999239894652
0.008093406636978027
0.008088809435588741
0.008028283064009021
0.008330710250060214
0.008474669985634608
0.008772571454471275
0.008739609998999694
0.008671596612934892
0.008560101972458654
0.00833448241855561
0.008464363209572561
0.008423836815730515
0.00848070036681502
0.00859337857352017
0.008808768954844334
0.008980375711547703
0.009121164114604556
0.009094148697449804
0.008836038097029908
0.008507606265769107
0.008158410379508384
0.007820948998169024
0.007750649477859535
0.007779780500323977
0.00770787327683353
0.007826042663805058
0.007832826893178935
0.007658057539966153
0.0076421949150902915
0.007483210619436377
0.007365748257738931
0.007228913234099745
0.006946646799017202
0.006868235909640712
0.006741161231085013
0.006691025870009722
0.006740188517218845
0.006742019719306087
0.006793621634453392
0.006679998546606064
0.006849454453235246
0.006940303953504319
0.0069244618894554345
0.0068392221755609025
0.006803290360236143
0.006747117176767352
0.006778904553418989
0.007138654371281731
0.0071123796588866625
0.0072488399678351705
0.007729509110536772
0.007665840772337876
0.007912927299970039
0.00786619012760323
0.007838500164967696
0.007850370429305743
0.007883043542573503
0.007882047356515062
0.007904656341893343
0.008215579906110914
0.008603235798575682
0.00879247689890936
0.009103717190966204
0.00924711988406722
0.009403482092435338
0.009186209328228407
0.0088385682328025
0.008503594641893857
0.008376998073161342
0.008218129522363815
0.008274938967760732
0.008423357059741251
0.00871087702836039
0.00879944372872731
0.00881697947400854
0.008776032876096903
0.00819982307638369
0.007930890991350368
0.007542808188335817
0.0070101020024408624
0.006858353271294586
0.006697001377678695
0.0066691887219112
0.006728905664428064
0.006677116296806759
0.006590037381248186
0.006425137750112925
0.006315790814050632
0.006154469854364633
0.005732924556024023
0.005361729093768391
0.005295763049158225
0.005231162504760579
0.005216418673452157
0.005267130608397889
0.00529559653936411
0.005365978477152559
0.005496239527917496
0.005537062660864798
0.005381001296513569
0.005319474000451475
0.005187002762263994
0.005138525712170992
0.005132064235618712
0.005292159751579795
0.005380019325366441
0.005649122322693107
0.005773222934660724
0.006154209877520014
0.006375418859862909
0.006746151531768727
0.006848291154661584
0.006887885553643161
0.007073310706611285
0.007390086310044143
0.007587576695182086
0.007871916469890796
0.008017006095597592
0.008034481220004653
0.008117721752686156
0.008298912258151542
0.008381216407921506
0.008289224839547015
0.008238976358562956
0.008113004737458459
0.00810327788564327
0.008103784713610819
0.008108366703920636
0.008208208274993729
0.008269673237254097
0.00836558036193535
0.008465684943255693
0.008524864494315217
0.008363425728693943
0.008394321263594486
0.00818107188211919
0.008062891280669244
0.00813989316340946
0.008019053922079314
0.008075943562559751
0.008031620542152638
0.007998611648922155
0.007910740012874673
0.007942659131962645
0.007937580151952292
0.007844504504536668
0.007475325077366245
0.007383665887522942
0.00726249110170976
0.00695681108378165
0.00689752578709881
0.0068907363529759225
0.006916381959791715
0.006836587936777425
0.006649097576703747
0.006647037768486996
0.006457801296401286
0.006178540465241333
0.006141802523595686
0.006080057879823191
0.00608755961114071
0.006005693416534135
0.005974619683469655
0.0060464279387149635
0.006134580300265171
0.006061882334271778
0.006000711971905328
0.005953110643517801
0.006037225585084809
0.005888404568149288
0.005858088942186686
0.006020006015884164
0.006010215212559527
0.006168904074369886
0.006342080437391198
0.006251244454477225
0.0062503076834906305
0.0061307992579908025
0.006090166417766752
0.006124437317323869
0.006187533321461456
0.005995205321873904
0.006050168015215183
0.006120605858018007
0.0063199402549184895
0.006591488621570796
0.006761536406568224
0.006105725924676415
0.005968988689285266
0.005986518534017527
0.005906197046558356
0.005876005026822305
0.005738816934788333
0.005690025276455519
0.005891622818326452
0.005778328744388858
0.005814955604985804
0.005527955567807839
0.005468176813204412
0.0048774942598250924
0.004853477176819064
0.005066693380493299
0.005255816951619083
0.005375637200454696
0.005577802245862714
0.005669042085858087
0.005723130037896641
0.0059013476380464485
0.00599767417735003
0.0061451470466862305
0.0065063937889334785
0.006981951679710829
0.007464839260278381
0.007962855388659616
0.00829496097557389
0.008327599021397101
0.008401667215231787
0.008260323560292507
0.00821711765673792
0.008132419248477756
0.008148570365160531
0.00826148521848207
0.00830440724408389
0.008376551642347605
0.008478485617296277
0.008796349093086419
0.008752211899935634
0.008612308499843143
0.008717344950119974
0.008376397173640776
0.007970211572213651
0.00780465079298077
0.007609062423910058
0.007405733317385921
0.007484777369828427
0.007393986322164116
0.007350389790332994
0.0067647654793750855
0.006892556863600266
0.006667094549861486
0.006709822013894503
0.006565288127190798
0.006468552288061471
0.006491302297583247
0.006378228259583597
0.00636662305276503
0.006354746619372871
0.006510368007595585
0.00658432920032089
0.006552951858005749
0.005756992812301026
0.005448087317326796
0.005382307591686204
0.005493112475227184
0.005429143168275301
0.00542659329567436
0.005343358394264753
0.005341265829509426
0.0051489238441756085
0.004977936350697581
0.004869175451478738
0.004636669922152796
0.0045482896661815505
0.0044676835776792
0.004602816071050384
0.004642291892450081
0.004736086888058423
0.004797348591934042
0.004802220349484716
0.004701855215833934
0.004763994252839836
0.004672089270324437
0.004655323076812622
0.004568975763237123
0.004591070115341122
0.00467127057681617
0.0046695622716495366
0.004783119973607182
0.004864045042283011
0.004791819214050129
0.004663339785235169
0.0046480499303709006
0.0045929050147684785
0.004654458834622234
0.004751250782878258
0.004839506402649661
0.005030185790615526
0.0051830825115367
0.005323985458410359
0.005459195686357136
0.005538820545190869
0.00564603705613734
0.005614164096832548
0.005389712247503355
0.0054815299239418126
0.005526321083606811
0.005689169805167727
0.005874706246690143
0.0058662103227836776
0.005812270440549602
0.005865163015696553
0.005828215564808443
0.005773470605391585
0.005614095444399838
0.005554249929966484
0.005329770264138675
0.005291539867940019
0.005402610525533469
0.005518507499528593
0.00554667153901109
0.0055201156941628695
0.0054118831170926075
0.005347987884479639
0.005139879479370657
0.004999312719524432
0.0049737861861781155
0.004862621264941495
0.004796384073366014
0.004800883199855826
0.004767515944873703
0.004690907136279442
0.004450937357089804
0.0042706129611335825
0.004070497152126752
0.003982023663703869
0.003950488038451214
0.0039595205506240665
0.004064437298897844
0.004074887494131765
0.0042106651950755795
0.0041674728730679055
0.004090586601117845
0.004038270980062735
0.004047025509772649
0.004128502754995748
0.00404851942929552
0.004159292682272828
0.00412869394051196
0.004365480139113674
0.004502717230205483
0.004500145815771522
0.004448130159924074
0.004498073116614559
0.004630799113431237
0.004784415138018428
0.0049392350563748615
0.005115183589819221
0.005244387468097139
0.005320157744738882
0.005474811996266828
0.005466042476848517
0.0054157895247674784
0.00537126387042894
0.0056134108892939225
0.005832742644353605
0.005801128646457966
0.005817102063941627
0.0058266674262667595
0.005827107872582012
0.005781370782429339
0.005948812800783145
0.005880798710210173
0.0058893259369417195
0.005899562743040753
0.006028903241582805
0.006138337503339783
0.006249279195285487
0.006119056697631727
0.006043189319028281
0.005789620223349772
0.005737890002647737
0.005576839034325117
0.005528450056384521
0.005442208813111836
0.005607123596756799
0.005656930105537847
0.005490917769583097
0.005377212363095218
0.005320008275456202
0.005313775858547911
0.005424905271177654
0.005531547656614814
0.005510133538294682
0.005764805971281409
0.006151653164185442
0.00629273860223076
0.006810668422640299
0.0072646556088299275
0.007709845487346494
0.007893676834424034
0.008379177973610298
0.008671619091674713
0.008935044354487819
0.009229575436870342
0.009356652563672106
0.009328280799965501
0.009633668894080715
0.009639472859847521
0.009432643147266247
0.009430143437624623
0.009424225569613733
0.009620938693374513
0.009769606934321374
0.00982966586831219
0.00978218091251159
0.009361504447256001
0.009357463295036738
0.009193464877790738
0.008739156431147824
0.008363074876214505
0.00823672931426433
0.007963531334410493
0.007835353064346653
0.0074647956877255854
0.007262311069443012
0.006833613899214383
0.006494698224988234
0.006339264073164218
0.006384376131160103
0.006318088478027162
0.006187359090755651
0.005794627648948664
0.005667775178052957
0.005401638929634329
0.0052844151110067825
0.005424809455135255
0.005868210073645528
0.00634273289285632
0.006521292157393619
0.006482035048889188
0.006447652370455888
0.006197091654104931
0.006307661014168989
0.006328446420342346
0.006428982750193576
0.0064323124182007335
0.006418929835412489
0.006442136098319012
0.006471995945026443
0.006560834272340522
0.006877938829828427
0.007158169139333636
0.007486156310057446
0.0077919349421467455
0.007897027285848136
0.007925070949490041
0.007840603947916611
0.007768859935111383
0.00783929094630723
0.008217571375566175
0.009033186870924999
0.009279827400490952
0.010084509499816128
0.010685866028767515
0.011124655936466322
0.011336701390848325
0.011337145928206569
0.012327625279589078
0.012546157153676898
0.013157908803745039
0.013571257248176491
0.014014786438136783
0.014371556262684503
0.01461905676388724
0.014684283662491578
0.014727350633770283
0.014609299444082999
0.01445933372009527
0.01407127806354425
0.013939024527163304
0.013911911610857749
0.013895681233374993
0.013822491760617265
0.013670050959957528
0.013277404133385348
0.012778317995997731
0.012393656518916408
0.012045745923155842
0.011991575857341976
0.012021858383884105
0.01223362691165998
0.012550305441947199
0.012698074011313587
0.0125887408080358
0.01259694888729963
0.012308887050507606
0.01237654499049714
0.012455301196401753
0.012486104381004458
0.012367004361737953
0.012343098909259515
0.012301515956166255
0.012280752308527317
0.012656518200452774
0.013216784615291233
0.01379309564918979
0.014254108882031347
0.01309685616032582
0.013188020221374105
0.01347245931039066
0.013789050152385999
0.013783454086907333
0.014080745244641396
0.014118088951816215
0.014036894064415967
0.013671317365999946
0.013494258819652594
0.01305689821121225
0.012885014022418822
0.013002781917505441
0.012985599123135145
0.012901705765895841
0.012877284782938054
0.012973833814824328
0.012941014436889577
0.01289507565904285
0.013164848941294627
0.013277114335029112
0.013882022852763779
0.014173906809645937
0.014381285415494193
0.014903356200940304
0.015109964522341934
0.01536666712127718
0.015709416089931944
0.015766626686608314
0.016282032101578175
0.016331923255594058
0.016471538864253128
0.016561359375391913
0.01647581195614123
0.016481500622190372
0.01655034204621406
0.016619852554594115
0.016724185593427785
0.016818744998782102
0.016886527938201803
0.01699939913813041
0.017018003074413736
0.017019850502101176
0.01690036182533445
0.016762459464228104
0.016928845581976097
0.017273474384351926
0.017115026279471757
0.017288119978281585
0.017173263368967642
0.017164415347584023
0.017111969120592492
0.01679878270899344
0.016493799877544756
0.015894174521645828
0.015590462103995844
0.015320234295397101
0.015016096544970247
0.014664325925494274
0.01454625966290907
0.014232506973988196
0.014058600603769799
0.013768868687141316
0.013532289581626528
0.013572460026280824
0.013549892714776659
0.013711624807179273
0.01381643899578133
0.013869877442350279
0.013827177390657997
0.013664292916646703
0.013153879956196216
0.012949127749428477
0.012543357526770832
0.012112205296160639
0.012048709170035551
0.011813159135413703
0.011538827460480102
0.011539508319474947
0.01158760256256389
0.011557945426562041
0.011625530950717574
0.011854885790867518
0.011964045903231852
0.012079581564086306
0.01226558364979351
0.01237311744918111
0.01236144991317414
0.012562879229036534
0.012837370870539567
0.013083795036242527
0.013199415845088233
0.01346844918485735
0.013893508198346272
0.014104868958661712
0.014624639632076844
0.015474202809020756
0.01603581453001925
0.01652099887941826
0.0180674579787664
0.018950371700933877
0.01917319553341699
0.019464401913183695
0.01933902850597941
0.019260996356110158
0.01907203859150053
0.01867678383224456
0.01853466305462018
0.018159996547499682
0.01793008035479999
0.018070228031451682
0.01823217864279217
0.018077083593008518
0.017918236773346627
0.01736410587150166
0.016965873808500183
0.016702942185799784
0.016416601107182596
0.016250172304869782
0.016187360046773243
0.016365741831559096
0.01645623791306473
0.01642173890941372
0.015944530094772286
0.015928133840381806
0.015581994496861396
0.015184016484111298
0.014848312057720903
0.014647906601830667
0.014490550905107688
0.014153770998933743
0.014109405712127343
0.014239225886440762
0.014221414676906827
0.014532159311329113
0.014658008510391136
0.014654131101575301
0.014897770922148557
0.015261592355874033
0.0153731497016377
0.015710187836469415
0.015761085579431695
0.015563629061806106
0.015625051684912596
0.01567030477162666
0.01585135020451064
0.01573126195526213
0.0157853677612117
0.015806075516045896
0.01603161510421969
0.016617417345291548
0.01712872193265144
0.017803958347313735
0.01781177572614858
0.018733395289135632
0.018947664951398206
0.018682197902091843
0.01853833538483359
0.01847625830379055
0.01840922502857596
0.01841264707501638
0.01876140533607057
0.01932125093475966
0.019706693843999146
0.020289450889684695
0.020849551454056692
0.0211292607728002
0.021500039951292516
0.021798787101978755
0.02209466582198173
0.02205122893757689
0.022257807114288854
0.022474341985129213
0.022658443543343246
0.021874619443923608
0.02222383208530946
0.022221500023656672
0.02207325357859285
0.022206881451133937
0.022063868709354156
0.021851238388060284
0.022038181865556155
0.021725448113469614
0.021868210727143185
0.021813994238308574
0.02215921699392315
0.0219862772258621
0.02203629741313052
0.022207286682181204
0.02242011561433514
0.02272774243098286
0.02290815293708192
0.02266054811043417
0.02218126203879146
0.021624979830184042
0.021518919188292032
0.021274508755167794
0.02138646833383209
0.020887973013663744
0.020756602918263853
0.02081649879515746
0.02050462867834114
0.020068297539044246
0.01975575183972274
0.01971651559353928
0.01977091652519242
0.020094022861945542
0.01991190908857777
0.02036720932819205
0.020375880803893628
0.020509235564076814
0.02052854428157562
0.020730958434758136
0.020881572301672712
0.021253978216700577
0.021389746148845718
0.02198366720296257
0.022512875733493143
0.02318813656312766
0.0233629211094055
0.02364899598532706
0.02420463232698956
0.024612954734193854
0.024805384058715407
0.024716993123310074
0.024167724137636584
0.02386772888300352
0.02324506290761914
0.022796225096962535
0.022652841232467802
0.022592664747319777
0.02208065440924708
0.022022070345413113
0.02197743334816881
0.021912797326313623
0.02185875728580774
0.02151407892417534
0.02149256181294176
0.021192576088934573
0.02091794647370875
0.02032594625387705
0.019822477431259176
0.01922790026693112
0.018576195398400445
0.018300671179547714
0.01777720427837317
0.01719332157348784
0.016996474316386328
0.013431836803161967
0.012845726488797856
0.0126059928172137
0.012224990105255431
0.01205001661318627
0.01184503368971374
0.011265562026767977
0.01107393346422934
0.01084915797132515
0.010643864760061468
0.010518870580437049
0.01029055648489392
0.010062253707488662
0.009975221074483648
0.009716866361528192
0.009407717697652303
0.008976125976817177
0.008691844812754212
0.008507919452159248
0.008290354873221658
0.00801563700101256
0.007575163664880295
0.007373399893014272
0.006857038899762559
0.006254794233191077
0.005998883554119853
0.005361054115619242
0.005087332099563963
0.005070538757150465
0.004834244160241439
0.0046928638748360944
0.004527356759797763
0.004268366057043799
0.003964061549180089
0.0037806806189819553
0.0033133151817137433
0.003200089495195802
0.003017850720398253
0.002825547487901943
0.002793059120911525
0.0027822174331729125
0.002829243078425882
0.0029150085169279676
0.002850137207567496
0.0028624570953292338
0.0027281094049007313
0.0025736859226224307
0.0026107823900006232
0.002609695305424588
0.0026776530250912614
0.002966965045256785
0.0029940623845742024
0.0031334305674256594
0.003247480243812679
0.0033027754300290215
0.0033801070685688904
0.0034385232118267807
0.0034587165380382265
0.0034257102138101673
0.0034376200427753815
0.0032926148335654833
0.0033050683997865845
0.003307372600451186
0.00338766939413971
0.0034984984680043163
0.0035435217612659184
0.003646522384067908
0.0036451349825495187
0.0036357850435170284
0.0036902020003059554
0.0036844067842022286
0.003600551357657493
0.0035767588960224977
0.0033932584393085267
0.003400855031565558
0.003409557029513236
0.0034817839075047844
0.0036759727964134994
0.003800393234127899
0.004069898507489329
0.00427576596783619
0.004377751431353596
0.00440338373581622
0.004350452580223528
0.004274584660389769
0.004158570834448755
0.004081476674432335
0.004062145169927862
0.004075605876005315
0.004108796791740556
0.004282514322542256
0.0043381653271379475
0.004384376671068118
0.004607386116537372
0.004609488238078968
0.004697492669179215
0.004686090561030821
0.004745727686306426
0.004818356665890729
0.004949059521071763
0.005064349984939371
0.005489463165909214
0.005794462334813981
0.0063158717789686845
0.006667121704939145
0.006796839610588053
0.006947882444377625
0.007009532630741851
0.00703701182624131
0.007183591600677337
0.007285985031186692
0.0073643025797237695
0.007698675248200096
0.008058265481173504
