1.220965518109766
1.2980584171637013
0.05492282511670972
1.9907034783692887
1.8446302083788562
2.1800701715864252
-0.07354297094267134
0.5697640236800374
0.7268295627126042
0.9610008295407687
1.2772240442970677
1.021578896374884
0.9862475023793285
0.9374645037615109
0.8554454765555892
0.17551100937834097
0.35504748746713266
0.3391906755136518
1.0460497459980278
0.6678035652772223
0.565265172159651
0.6145882169428767
0.9095193705789715
0.6503860844437287
0.8864058849903202
0.8300668156805799
0.8536491570622414
0.4490713969342931
0.18363888166384626
0.22076346932406643
0.5830071930588556
0.307943784538148
0.10094257676917553
0.06253184557918913
0.4556170545383481
0.3176865002910561
0.3888244497144459
0.20317218028270362
0.04422333849975597
0.1369500597867948
0.06533229157122697
0.4993625932942452
0.49162955769582145
-0.12548324679359024
-0.18923394196707113
-0.4064623894102585
-0.7194140613322328
-0.41148694305075734
-0.37196884873239644
0.543173574114907
0.379545418205295
0.5470623357153331
0.2084311346536802
-0.336831686218319
-0.7698003233977855
-0.11614460346128275
-0.32694755932341535
0.371568780040476
0.6182805336090582
0.23288066609405134
-0.22830735023069768
-0.40841700533449876
-0.43646905816585474
-1.3248315237077453
-1.536419873904121
-1.4570195848135588
-1.2250558827323708
-1.3016063582453672
-0.8955063330153248
-0.7163323036086923
-0.6527391692439469
-0.4018372115211518
-0.6918894209401709
-1.3362022964469127
-1.6212364023641712
-1.9964696857078958
-1.8977877656486128
-1.8592735268855307
-2.0891570377413755
-1.4474584189114026
-1.5094379216512124
-1.3357321965338667
-0.8898786239017344
-1.408751989857115
-1.4200016150688508
-1.1991792246327475
-1.9424577098921756
-2.149010070014272
-2.262874923789726
-2.515282892837617
-2.5138475154449393
-2.3465460635508744
-2.366033700744476
-1.8671202217822331
-2.033935392624155
-2.003516114410901
-1.9226249637730437
-2.2604419399198585
-2.5119514029285326
-2.888532100538682
2.8323080552137743
3.055466840351789
-3.0886071384895835
2.6525517659090014
-2.975047220627181
3.0405760513382276
-2.966868326958529
3.0939211027450666
-3.0966567780206526
3.034377378158058
2.6672702717727272
2.590533011591764
2.8182834685337665
2.4857006170428133
2.521214243964022
3.0275819957833083
-3.129558439990639
2.97658119886957
2.9561569474220217
2.38504195328574
2.6127801486722397
2.294599504933336
2.0204604842765974
1.5136209340065023
1.8947696466520332
1.2827984649301207
2.1467187132100554
0.30951304254457207
-0.7750044613376911
-1.2525214950905907
-0.7991807897519769
-1.887896290441675
0.5211010567278328
0.17686566608240006
0.1813576728831315
0.23758062915673805
0.5736597030513524
0.06322776288982865
-0.18937739387472788
-0.27592139224485757
-1.114812255410427
-0.4937387706464473
-1.191351295693493
-0.8029791194492885
-0.08797012651747482
-0.05220991449048166
0.0437933318876731
0.31910347674818634
0.09331505271863746
0.23493928959591423
-0.01162857190403075
-0.14422808893263184
-0.1584579531964847
-0.3587345523972748
-0.5129290059049928
-0.2268940689811081
-0.4811731664566935
0.15545361071070418
0.1412571057371414
0.22927348963743877
0.10609924886739176
0.10655975535936076
-0.2309224641221996
-0.45345769534923097
-0.8088945100884953
-0.8760474671841789
-0.9207893679674517
-1.3305347896115967
-0.9399761538221825
-1.799747027424681
-2.5458301390086144
-1.520999788545816
-0.4674444782422852
-0.7606048380354585
-0.8335684463470596
-1.1089778628827758
-0.995235693146375
-0.9797175332072788
-1.128150138744492
-1.2858117510547435
-1.5861076402905891
2.9509166456550786
-3.063341444137783
-2.9956649302301344
-2.4867182798672705
-2.2469110780606227
-1.6636478816857518
-1.3336762695533173
-1.0642943552421689
-1.4354806538363278
-1.3797229588415338
-1.2858343168988362
-0.26258870032988557
1.4657288278150788
2.9209204466851673
-1.4518983534000278
-1.1141339067126559
-2.5913001864796144
-2.360218279533565
-2.1263996823387616
-2.243372711778944
-2.3502449461148345
-2.627739842167477
0.7571344496814228
-1.2828446659679191
-0.6742466747224622
-0.7017525893814728
-0.31891546766910844
-0.78397337719174
-1.7627913396735033
-2.89593175306985
-3.0807917218298866
-3.06022233286083
-3.1275486186623986
2.993729688753648
-2.3445893314896753
-1.8013428785052987
-1.7892696939293313
-2.0795803516410682
-1.3679932699286959
-1.8829744460428244
2.4337719752096776
3.12959182897342
3.0497905886675447
2.955113867947401
-3.0382609298086667
-3.043999579623473
-2.7196293218845677
2.8699210987886348
2.975717974630515
2.9259079761918714
1.8312235209222365
-2.272235037684329
0.616500260338092
-2.8458071052002007
1.8680497297723206
-3.0045898282322394
1.9577471596958365
2.322118715258756
1.9932778963748616
2.1428698848824155
2.482063134162965
1.8033065274231779
0.9665468420152682
2.1914750412521338
-2.361061101646516
-1.5774572400900333
-1.3164146981244362
-0.62345688029847
-0.769603761006552
-0.5689718158535276
-0.20979739065679662
0.36300000849217035
0.6214140369446708
0.9685386089274403
1.0798360636435704
1.3662203511223012
-0.6764862238065766
0.9917218273075221
-1.7054598258051812
-1.4926853000305322
-1.6828658774067813
-1.8816305687748245
-0.971576840450276
-2.7880038820959885
0.9101039599389515
0.9055567692795533
1.041539341918968
1.2973941566533054
0.7297790513304397
1.3745147350402032
1.8452059373505247
1.2971312062156162
2.2778228644820997
-1.8641861869893073
-1.7169802463654915
-1.8486871882175486
-1.7819571601665865
-1.885588308177642
-0.9397049884080152
3.119798406210323
1.8084610637945564
1.4900619388071512
1.3090894643982338
1.7499787598501424
-1.326105838963254
-0.34429583396293034
-2.4270817502083735
-1.9590126024774663
2.24578938988069
-1.9141708589451552
2.474519939530411
-2.656040997568879
3.1278305149016354
-1.4897978889864045
-2.5055944031715316
-0.718871014080163
-0.7706500257267019
-1.3075058070030112
-0.23091146192619913
-0.5525945798417168
-0.20655893929160643
-1.1461110771458156
-1.6265619871970354
-2.4471965601833396
-1.6413851912458324
-2.4590307715839406
-2.5576409372515987
-2.7489126515193156
-2.4559922214103818
-2.304280931138889
-2.2442002133436776
-1.789568767709601
-1.7860423602746907
-1.6461082970208845
-2.078777900883144
-1.6867578996907664
-2.137948414913042
-2.306929941189414
-2.751006466879846
-2.880768775105319
-2.660994441021423
-2.924271206529092
-2.7390492996620606
2.9719554213389334
-2.7717542847952172
-2.8318577455041165
-2.105479941486316
-2.486022404470081
-1.9512677763293493
-1.8675051364090562
-2.415148941341391
-2.0474545755037434
-2.7249118190133266
2.7527976770397555
3.0244491660638673
2.7109918751451847
-3.0536519535973365
-2.4914234733134393
-2.324347964885384
-2.9469663077896984
-3.0391246353546615
-2.9099803434228306
2.702074738097417
2.591936301186081
2.4842033954020333
2.3094612164612496
2.1309961310939785
2.3089889969931536
2.0947720232071596
2.2771350210477066
1.954751468015371
3.0317125751301903
2.6318078920696366
2.8618891756944898
2.743112746358698
2.684250165991715
2.620235104964308
2.513944010291579
2.362906700478306
2.1973588268254667
2.05943497884981
1.5590026068500311
1.5907318830554402
1.6265205567135945
2.156728850754804
-2.2957036464016323
2.5335322664825624
2.6503621197782357
2.4524741654495474
2.1441655470949956
1.7492211822909056
1.5624020339934725
1.4860792457440921
1.1864712542232483
-2.258998749679276
1.3950122105282585
-2.9431971140352045
2.587785254898115
2.58571271173576
1.6218725957456617
2.172741997000901
1.8227631623434202
0.9481514863334791
1.136351617826268
1.4134611571517919
0.5875007485479941
1.9498577027090795
0.06139175405531768
-0.8130052407602959
-0.6107416605964586
-0.061305358869956805
-1.2849492928898258
0.3297166542756346
-1.1890215927900398
-0.3182216248836163
-1.105315200251108
-0.7137409305836369
-0.6309803124747874
-1.726739001112259
-0.9359981027646738
-0.9364613559447845
-1.9987200882605705
-1.3959211554765378
-1.675132968335794
-1.5919618581803683
-1.5497652242830267
-1.2849873106394867
-1.317335959634268
-0.6053805532811911
-1.0702976643963809
-1.029769717224844
-0.6175384732790058
-2.8265093811961686
-0.22558755350948506
-2.126938884527144
-2.694039951615463
-2.0938216670965994
-2.39680276804281
-2.0588245458929397
-2.0463065736226387
-1.644806218306724
-1.352575785983819
-1.4888736253516213
-1.25955065854051
-1.536081602419574
-1.3595262482181893
-1.7040903116720356
-1.6927735161914461
-2.3394001985385637
-2.6829411244782118
-1.2354297864918304
-2.789742987291562
2.828121235501902
-2.262260747637761
-2.192926178561872
-1.9734255724667353
-2.236178871494752
-2.3418469008225364
-2.373819906980409
-2.5879718155065037
-2.919548926741324
2.0912360386280433
-2.0187766994478724
-1.639643446605376
-1.2685185928631129
-1.8185589701025198
-1.5419911289387958
-2.0174720462607163
-1.8342128864139455
-2.0198709529443803
-2.137360780237949
-2.328074218373693
-2.5061915081948154
-2.6676141596392373
-2.7930198589778916
2.9002941237342754
3.0234671118552456
3.1160669647615147
2.6376561610003457
2.6178531497815376
2.9864472244547193
3.1216986654446224
-2.9966268122061757
-3.0814016280944374
2.725068794465664
2.8969647323662717
2.8266552081599876
2.403035438057515
2.315701924696978
2.260841467315402
1.9248563346269252
2.10052568988444
1.8287667376899661
1.8106261198414004
1.6045719422719715
2.0253142064240484
1.645545670715873
1.7904257416920388
2.1519328349063347
1.7219478973404359
1.9530060302339138
1.7266669411174311
1.8169645153643854
1.8064850565845256
1.5818030122177158
1.4218135474229179
1.576635946556918
1.5643032256230607
1.5267885664973833
1.45917239447485
1.6353334195739981
0.7162967242892625
1.0957051095073822
0.9514934604421843
0.48032965948020967
0.7407323931373082
1.4299378052605798
1.865307024549539
1.5309070879305007
1.6331805569505378
1.2605994575035127
1.1938716075682239
1.2672684568636619
0.5308619532602034
1.2343972965089682
-0.537130446225852
-0.1893977880367103
0.565807985176136
1.7490094863771766
-2.0269506630829923
-1.220792303598024
0.08487495879914571
1.5887144357844198
-3.049164931510075
2.3215639463331645
1.4739710263808878
1.6913015670946228
2.338990969486913
1.9699886466511976
3.0446937271458023
1.6421427816535894
1.4645378136575937
1.8684199224689289
1.9525715143262494
1.894505472191857
1.969375497343967
1.843526256837502
2.21026370624983
1.3981251039857148
-2.7598188450069014
2.909037098859971
1.9068059689906718
2.4047004162197907
0.5776470543609001
1.8731145006154333
1.4498447530838088
1.5662679452732307
2.5340528682809023
1.2396357899351718
2.263700631524917
1.9766491394513075
2.4036089716884135
3.0142434868119783
2.1941181070016875
2.2148919143504524
2.3045258427623434
-1.9215615206217418
1.756933099026169
1.3562565031061813
1.4831955547304594
1.1308335651287986
1.3248442161615634
1.4202998085356466
1.084969098698003
1.58465633692507
1.9563755671934202
1.8715861872610935
1.7850150933051503
1.5178766678783144
1.256567287746516
1.2655020123389422
1.3338347982334018
1.3939894440330474
1.1042071081766125
0.6496195762407946
1.1077269211502234
2.1822200708369097
1.2363483724625914
1.4683960641006333
1.4212361591732574
1.198813646904538
0.9166030129477211
0.9658358623070187
0.9919916171606513
1.2130622962175794
0.7814589439154066
0.9871314232485001
0.5733055006000017
0.310191153420968
-0.5038056364438456
-0.21060768126515533
-0.5723175449368221
0.6851609662554393
2.019029043800446
-2.5296953430802014
-0.2347838188868075
2.4609944454129877
0.3746951277304441
2.1144709894087477
0.27911830740766597
0.3769247125627862
-2.861798568197563
3.0314944708742626
-0.29860811079361366
0.010234151948412817
-0.2913711686400696
-0.4035421218522214
-0.33118564935808925
-0.6168509328237387
-0.29653420438573025
-0.30493479398324536
-0.6843418819389736
1.310311986994871
0.6867558876843928
0.959342578231431
0.34392137365600717
0.688238517064402
-1.1315301512927418
-0.7959148328119823
-1.4517518129768463
-2.8845478355880303
-1.6523109816497006
-1.1067941962817962
-0.519905162475836
-0.5559797899419221
-1.0487395410717897
-0.7645681053646544
-0.2469341628480003
-0.4045342047496166
-0.5215309667420063
-0.48729251623706527
-0.9793162864372345
-0.8816594242484102
-1.2731283953755266
-1.1532385884685639
-1.1964831966573506
-1.3108311875335963
-0.9621198549801285
-0.5597379412742597
-0.14015115936177358
-0.7347113485619303
-0.1483182433112904
-0.2559764294679968
-0.09024709677037433
-0.09545942633113533
-0.36082822405647297
-0.5261316831814594
-0.5067973249921547
-0.3369237822213934
-1.0353112939181786
-1.098741698722122
-1.0936903762860923
-1.3544638870079073
-1.3836627619125417
-0.9630744549269039
-1.090276138909806
-1.0115295304186458
-1.387417843511932
-1.3802506527268557
-1.204387512537343
-1.1474373216342346
-1.2306232807673476
-1.1147943000127258
-0.9570193293534439
-1.1102266054064545
-0.966429179561738
-1.2100060481816863
-0.5680515330490471
-0.7112605914420009
-0.5142587495757631
-0.8561449774277068
-0.9050981621315448
-0.6547967202766767
-0.8215921599188915
-0.7803624868263517
-0.468729697076417
-0.05477566422398289
-1.1183058746336743
0.4130344783998216
1.3895342734271416
0.76734539859988
0.20573641817725222
-0.09036086689821249
-0.03196232030554349
0.36064158861291007
-0.10451832989757236
-0.8679749061973511
0.11708243612737006
-1.3517674291104453
0.6655547413463174
-0.6632485316869936
0.4263166450338058
-0.1603128348394408
-0.20606279142484873
-0.2541364037857591
-1.1037063670540046
-1.0714908168338513
-0.9865112633901468
-0.41886969280843966
-1.1677271314460502
-0.12661520474778637
-0.3545315272985576
0.19387767475543627
0.5997346603492956
0.17203500696032714
-0.24754730236214073
-0.11881006094628878
0.06064078838805878
-0.1039377676285531
0.7036379603490419
-0.037371090369086445
-0.26271754123706986
0.3814837699848546
0.22933990004979893
-0.08919546065385871
-0.07517430493129872
-0.5510010516063091
0.26187944122056994
-0.3650427433201065
-0.09950687404565607
0.1922094438350306
0.8188673574521026
1.3853831912026293
2.1755236183197657
-2.297789443600257
-1.5540438761900954
-1.565217500365168
-1.7000923688274172
-1.9180487908640778
-1.6597686153318598
-1.9503263676677258
2.34872944902783
2.7549970475786183
1.2213297515711428
2.576627145452305
-1.698489716601819
-1.2872563873594678
-1.3396833348969965
-1.6132950296303123
-1.7891853617444453
-1.7385471426463905
-2.023414090588507
-2.3895990970833725
-2.8559240631018206
-2.5299479962699576
2.974924259279302
-3.0865574657722807
-2.800978478694137
-2.847245306668667
-3.126649380237581
2.207723926011487
-3.1067290921178388
-2.457318504062041
-2.9772477421085757
-2.4169893235248567
-2.9172273613283894
3.0449939450561407
2.2817469404853457
1.8567774182314893
2.016197330152996
1.956267675167146
1.9851647766647298
2.069964726952975
2.587410330220655
2.874193403218835
2.637855726910495
2.527422580552632
2.2979625998162367
2.4259799463732867
2.4120306351019325
2.4617141300153027
2.779773197171152
2.5114494153937423
2.1652700593485847
2.1449604120426597
1.941649524214084
1.388261048392604
2.0602850495095497
2.3718903329244436
2.34400358610602
2.1778773067662556
1.9529775878809295
2.3111719695713164
2.316618417930787
2.1994580221927023
1.9068840627294115
1.988978852488638
1.9735521025689378
1.8735117099947827
1.9449362761016855
1.77841844723806
2.113773539769705
1.9633931594389105
2.0340728185453356
1.9123805765034994
1.637867429696225
1.833363901146004
1.771551409651823
1.6245793614852007
1.834918264808981
1.6696504871012021
1.5642152668034346
1.4645708845760774
1.1181327385554651
1.169972345490629
0.8262702842835907
1.237308287317093
1.3666712493709765
1.1933851678777907
1.183847149790062
1.0428396451114468
1.1699410155467955
1.0362483145593664
0.8492537769871872
0.6812544837595904
0.37027483044487586
0.1557970170275574
0.25737718069802196
0.2661088078409217
0.18390090795605968
0.29003530275207423
0.5731877219417871
0.7195950356578348
0.6356459927478527
0.6693555523409248
0.5962705583488938
0.3249170188712561
-0.1600968070368855
-0.0015198491911965527
-0.17320853847900675
-0.09052596041025696
-0.0016145743590706876
0.09315836120121868
-0.11406265218884866
-0.017245964396219726
-0.17465398811050356
-0.13316229146385905
-0.34911298010296193
-0.39291361528746743
-0.507561692520272
-0.371185510061976
-0.3551118214891031
-0.35445092969124564
-0.25224784014867796
-0.2941844657881014
-0.34205754344879197
-0.6460183768517082
-0.6020923720517941
-0.7070614732259224
-0.7627963952345828
-0.7122078495534583
-0.6653925515035823
-0.6117478073946299
-0.4685443593195213
-0.46073158964791644
-0.4261232650010728
-0.4593065407408439
-0.6624287637135489
-0.7173578353196998
-0.9240020324883765
-1.0956417109428387
-1.110977328074216
-1.2844557691255218
-1.305087357994949
-1.174288820879011
-1.3073902744320518
-1.2891457635514945
-1.199716437008275
-1.2050323850113818
-1.3421929390639968
-1.340567374260903
-1.578992109808256
-1.496301132474676
-1.722226848488245
-1.8782514950112272
-1.776076927449637
-1.8046933469287922
-1.8683571538444241
-1.8468299982678027
-1.8646568766013707
-1.611619696907011
-1.8309312243914257
-1.924758067094863
-1.9104117269091023
-2.091463517319484
-2.2304216147034004
-2.2211976403151774
-2.1515558220495157
-2.2627906407101697
-2.297339865393329
-2.297869157626484
-2.295139752810741
-2.329403729697477
-2.5255292657863704
-2.5577864760064215
-2.7747292189587056
-3.1367159294872744
2.9302219771060956
2.737560920862805
2.7883011808124474
2.9230910120978075
3.0771241033155823
3.09318370971984
-3.077162799342762
3.024674750357104
-3.1254691525124936
2.9480264719646647
2.8248243863058162
2.6359517830877284
2.6425148615534035
2.5716979545703453
2.5218264759624853
2.472439354133623
2.6170196089004834
2.544685932273316
2.8670383232567187
3.120576266809318
2.899868677389962
3.1024918893484923
2.6413319695631965
-3.0689282516081207
2.1797949428328773
2.280711156574062
2.6529210180606415
2.416097404048429
2.7298682416914537
2.8405687840390943
2.994421498108173
3.0216168203025005
2.7699210061229853
2.607202178369563
2.232500520096504
2.1240404623750115
1.9239978870626813
1.956708792212794
2.101929282636395
2.2008249477949366
2.3369939383913367
2.107875378077504
2.0766407056490377
2.0603808091526443
1.9206662568233166
1.5712239860067256
1.3688790596789258
1.458038959447404
1.3074318044605833
1.4183794448982079
1.28411490673956
1.4850118012735896
1.3858823642206168
1.4378428286803822
1.4359222266320917
1.1066825245776033
1.075643662359772
0.9139994541430736
0.9490447949561299
0.2591954269222809
0.7423827544564815
0.6020820191592876
0.6602306771429911
1.031299724041057
0.9626161413244705
0.7435747848783392
0.9607574394793507
0.8027746699658014
0.7346663366585351
0.8149559068767641
0.9511792398359601
0.6893520430250388
0.756777624574534
0.38739056935847876
0.25389778616794756
0.10968534302828246
-0.014142576932787457
-0.056600779333198646
-0.28019040628085834
0.0737140182496359
0.136158542852726
0.5507270000056388
0.27970234690033813
0.22675904989805631
0.1731936453116054
-0.3636999473963709
-0.2999804771939894
-0.6632980802515559
-0.7448363358688457
-0.8622985036243183
-0.7653215796960948
-0.31995733023395195
-0.5766642885495704
-0.5086981151402502
-0.2336062412196427
-0.4305256739870694
-0.7922512940936532
-0.7325350848253718
-1.2096406383712481
-0.8912768711901254
-0.9070797542610252
-0.5971932091950345
-0.31165069347680413
-0.3308423843658955
-0.8684673929169594
-0.8407102695464138
-0.8704275712488125
-1.0040401199836242
-1.3196857082941864
-1.0033211146176286
-1.2208633029367761
-1.3209698182233172
-1.1708965421344277
-0.9126242053780721
-1.0158268963520625
-1.378733164640262
-1.369109011049007
-1.507556611811194
-1.5065781044079276
-1.5612357566155175
-1.5992447818322033
-1.6673877095008487
-1.612704562400782
-1.7404240834228
-1.3464864950403521
-1.5742846881713657
-1.621086585128791
-2.2034000797410536
-2.1128341803890933
-2.077080660215138
-2.1446955766796014
-1.9891575510890158
-2.0541276196361995
-2.109676780127102
-2.2595040216635285
-2.6014564570706353
-2.6839018385949944
-2.817934633056722
-2.702120244550114
-2.5248539031849493
-2.4868778690678086
-2.5499722277487336
-2.367876966026244
-2.5695647707279226
-2.337187113960087
-2.5829066786470394
-2.720249017338665
-3.0483727084782837
-2.9178957136710912
3.0969566126857044
-3.0001175982909762
-2.9596441565679115
-2.7453017877731902
-2.900536175564288
-2.879156860786981
-2.9370407915411327
-3.036587518061003
-2.9738244115417083
-3.071163106452223
3.0073361563429826
3.0585980774955313
3.094842083098541
2.8105528132540223
3.0566164363055313
2.953094729220217
2.8841861413294323
2.971572550249102
2.8165560753759054
2.646914211359012
3.0442850312415284
3.012350648374855
3.0173317481123667
2.895923605967037
2.801955240989157
2.719892250063974
2.5916398075055675
2.7456467016427113
2.7110388648748915
2.7638169406890722
2.746020629190983
2.742361623594993
2.818928323309265
2.8432970199501764
2.665152626166149
2.7054164290060814
2.3902985367363248
2.295074495488435
2.0951977970071796
2.0486127706071393
1.998763768947271
2.0305481489756727
2.1297722519927276
2.175473839871757
2.0235881516940672
2.055715810032488
2.1650506957569404
2.0883647520088457
2.039388117909873
2.067742037082169
2.1570928422906506
2.179529429664837
2.1648988488943317
2.24241134746694
2.0433453628808222
1.783465700429266
1.4306652492586884
1.3442051964885195
1.308525808129339
1.40193461728127
1.3382214472036915
1.3579762597787193
1.548633529132277
1.4884619275644815
1.1260926638634614
1.387367945537704
1.0776174009855832
1.0597233397713366
1.1156644747463405
1.1705123568676792
1.0510712499046626
1.203606222616875
1.2072055180822079
1.1977286791562087
1.2108629104496818
1.12696142706376
1.0740209197467467
0.9718255993471927
0.9236860018630975
1.0657903535364357
1.0490722818867397
0.9347727025610956
1.060980697238827
0.9937463738810515
0.8722545369657091
0.892189830931722
0.9225914779526524
0.7543759156723353
0.9333939521936594
0.987951122935456
1.1958312545029253
1.1099744753914713
1.0456252953321363
0.8326368952669218
0.7783031547160144
0.6956283490798645
0.8346707574459836
0.9000399059714983
0.7801874490646226
0.9690323593000569
0.8975472544562163
0.6853286120470949
0.7406568763525149
0.5301220261781023
0.36004967608821004
0.43491609533644426
0.4691157796395716
0.46527546543071463
0.5199234606653178
0.5156365732038244
0.4056232022588068
0.21260477493833807
-0.09502536802852216
-0.21911041342224855
0.019460597202435006
-0.16904487088284603
-0.15394507531549442
-0.1605432090734866
-0.08120429517777007
-0.31875610567825924
-0.12700394195027165
-0.29427574359792696
-0.7007375528550006
-0.9215254402210339
-1.0411356155183964
-1.0676155297551544
-0.9450488826012937
-1.027119143624525
-0.9345688826785715
-1.0324834093482846
-1.014258208801175
-1.1871538958998606
-1.175882417971155
-1.635586973332146
-1.5609392082087126
-1.7188080071631449
-1.541416312198243
-1.680725795215044
-1.4269890540555354
-1.4853386030081994
-1.4151466525138192
-1.4687713626601089
-1.5711045808270498
-1.5811039624537486
-2.1545994356241467
-1.9937208047926347
-2.0873287837574446
-1.9834453023773533
-2.0787610635306644
-2.050046963856481
-1.862193635743536
-2.2635538322086464
-1.9915435021783578
-2.052501157146312
-2.6521287288806263
-2.8435363962189317
-2.908008067147261
-2.5195251303419535
-1.970875855601358
-2.493730984426542
-2.5403581151112418
-2.390800488443814
-2.37447543710048
-2.418172769205171
-2.6724374973117295
-2.613509594855862
-2.871914805161533
3.011527070200325
2.7393408032612783
2.939113656350098
-3.0970052829859225
-2.935075088269269
-2.96205283086622
-2.821076575443724
-2.9238142611303175
3.040737842412651
-2.9301970384423233
-2.856068837742494
-2.9464641043333204
-2.7553669229103503
-2.858423386073752
-3.035858100020522
2.917890362907484
3.012508036458861
3.016864399666927
3.0078068631749164
2.9018773121974504
3.0835978047671206
2.8950714080470012
-3.1134925326744423
-2.9490442830299717
3.1292005302028363
2.373578992981541
2.3400930908873456
1.6958363906827263
1.5027085477334476
1.8078851573456403
1.8162697998892914
2.6067857266511796
2.9672786117800665
2.694373530373395
2.4798729662023424
2.649729521937424
2.1119068971707087
2.2187141632913385
2.17249873059402
-1.361152566187304
-1.2786948628480106
-0.5617974489463915
-1.4483505157121421
-1.8134633460623157
-2.744369114588838
2.969529942638535
2.032467015226832
1.8552837689122061
1.732349435343023
1.818488233990375
0.8649616437596311
-1.27473459776213
-1.551188879871624
-2.1188661815937633
-2.318777366765557
-2.491552201814581
-2.649597528914333
3.130547518110325
-0.7757239130357566
1.2490269701956662
-0.5050891186003714
-1.019522616548522
-1.02181677742576
-1.098612864075233
-0.9917711136205982
-1.176908501633437
-1.138542059618595
-1.080994782514729
-1.0091416986148491
-1.6191848400168418
-1.3975722680484992
-1.5363297996428738
-1.1793272726399389
-0.4375867790222559
-1.153322255384495
-1.225110054861135
-1.3290074250036072
-1.495353814495414
-1.1892678057060941
-1.5640429701738072
-1.0677699461165497
-0.9204851024876577
-0.8599757012999204
-0.5111086337415632
-1.0618225911644097
-0.6930119976777953
-1.2061588140062207
-0.7273684815471115
-0.7067449991846602
-0.4976644749152732
-0.4728550844485445
-0.6524869435856887
-0.6189642379247982
-0.20946380562163466
-0.8327984676493508
-0.9917962384076572
-0.6400918283714173
-0.8636109793476646
-0.5115092974612991
-0.7604264299049537
-0.6148234883941901
-0.8320233667571153
-0.6739036982729937
-0.7608816952106098
-0.6936667435421615
-0.665912779449576
-0.6787927400805406
-0.3138581949166999
-0.5877476561399397
-0.6766490655392302
-0.6102305347894003
-0.4363862121392277
-0.5214338291434047
-0.658508657946114
-0.5765707126838832
-0.847598038286286
-0.5394981476687873
-0.631745265872992
-0.5440986306657642
-0.6287564081062111
-0.5682378598003586
-0.7057173428678328
-0.6559282246141624
-0.7124309541629208
-0.7881447296471006
-0.5082134474540514
-0.6581069098016566
-0.7884020584976887
-0.5195265963165059
-0.7021238866018472
-0.25301202609049844
-0.819459630986433
-0.40713165684246955
-0.42537466119545136
0.47735875043641135
-0.25383077174682106
-0.4817601138472563
-0.32487300652098394
-0.4270808035692986
-0.6731124929183017
-0.16798950675625865
-0.07427343366809865
-1.282974462247423
0.16021659226625803
-0.28476830041226575
0.012292562047305612
-0.16383907816153886
0.045431143017787716
0.3079480664254125
1.1271810201176753
1.094584181023603
1.1946113513417949
1.0703495554504283
0.9590480692742671
1.0976074362145245
0.9397296263666548
0.6535281516583206
0.8946621333998144
0.8847945657601493
0.9890893821662845
0.9472287204454337
1.0237670936412333
1.0463670546608481
1.1531138349567236
1.369637055728635
1.3386097014100646
1.6010732365365794
1.5041366754088632
1.4322136858426342
1.3908646891722907
1.4477721112109276
1.5222333943580513
1.826122268915127
1.6167454598250404
1.6718605253403063
1.7287470763294963
1.7280553053517846
1.7340012929211805
1.5775338019988803
1.6135711071343826
1.4484816009257278
1.5143166643501338
1.3291606511340583
1.4257112058313641
1.2616398135810842
1.450788680021765
1.647409719142118
1.536723037530347
1.7023414545173423
1.5682582589978173
1.6579401922372106
1.5096924196917494
1.4101273101065608
1.5361161237033214
1.5065440252359144
1.5770642504040029
1.5884324051647492
1.6260253923059287
1.8449098278120561
2.009177790472537
2.1765196889040386
2.162075018386192
1.9925647034146317
1.548663493824656
1.4490333111098577
1.5238254910460047
1.5780414411402888
1.690517130724576
1.912020953375404
2.2126764627623507
2.2713486697264917
2.3294906726272466
2.6131567124505533
2.486440184362109
2.438049650513283
2.937492363696287
1.9417209515745306
2.1093067070564144
-3.053611770659176
2.7579725899871272
2.7491877307327965
2.687833494461317
2.751548023357171
2.5331076351909965
2.50527763803922
2.552336976345337
2.5731931580337077
2.49700571782442
2.6556158813767192
2.728244314542363
-2.6507797225023357
-2.7760341624175906
-2.570810523435882
-1.9954367224234577
-2.1815783730855087
-2.81448031562241
-2.280143657172545
-3.098952054876869
3.1312721434233755
1.8814511379818843
-1.8928204192250462
-0.3602296647248362
-0.2796802132314878
-0.9244419267373207
-1.0599137482011278
-1.168477228818928
-1.2167712984876768
-1.5192632539130877
-1.3938534003250946
-1.6174118095649284
-1.6309981125098958
-1.5383782449025418
-1.3757567411703318
-1.1806540027598298
-0.7093907140114603
-0.9773842295105271
-1.0884220739556039
-1.0932474765875293
-1.0626051417561697
-1.3996041431587125
-1.828277009379844
-1.7009820848832629
-1.8541068504876055
-1.885768585692933
-1.3582177070627057
-1.1112622916099753
-0.8911555446645589
-0.6972522069807953
-0.6159371995428328
-0.5974568010707698
-0.462165396070863
-0.8178236693873076
-0.8599315990883435
-0.9740607902275201
-1.8862451282192538
-1.4743983784621946
-1.7206836562740997
-0.8192281346624168
-0.1525656559979742
-0.01996139585097866
-0.1433685793104161
0.32477105328701
-0.502059771550625
-0.6280038491235505
-0.8160486999217818
-0.7277124196171507
-1.259451920967851
-0.5558652749773954
-0.8512391638487561
-0.9149809949381282
-0.10536292799343629
0.14260591142825194
-3.1256469593423164
-0.4140723635854067
-0.7540171519048289
0.21855957556685382
-0.6983015028278508
0.20212913486843626
2.636506884776644
-1.402950417208967
0.9782708298000845
2.3814128112394912
-2.505761606645916
-2.2372378648631948
-1.2004240838940916
2.411195789517894
2.33378368993522
2.4330157524546356
-2.88864006993613
-3.1290490655402965
-3.1105520013347494
-2.6923269706938306
-3.0247345727660853
-3.10851244050948
-3.015428767975429
-2.991327775384453
2.8708843070264187
1.8227520557005155
2.1727576200184022
2.3618583827555515
2.300040029615267
2.989958471576079
2.970921777122502
3.0984496753957753
2.689486468013885
2.478730549853669
2.362562002905418
2.3062362217456065
2.2250314003886635
2.4326964503028834
2.5327994669766345
2.713165124782227
2.769402285049113
2.7909892735617285
2.7049538425007893
2.436441131774391
2.671975749217225
2.6868993515656903
2.6117049068727036
2.4949266648033874
2.6137891367158788
2.739084168763738
2.835499315470223
3.0430496882233973
3.0722859447967608
-3.0722867406563577
3.0201088973828485
2.9691147211379763
3.0350250524623488
3.0292200539424012
2.7554512213253313
2.8261159803753864
-2.914161448095923
-2.6324491248120974
-2.309274663959521
-2.2510902595157427
-2.2955237889185263
-2.470395463380857
-2.1618854312049103
-2.064046733707727
-2.4270781492667357
-2.0401054443375743
-1.780193182008021
-1.5793874822255025
-1.3518825049314693
-1.4086698318363065
-1.2105790866322903
-1.1001317163185689
-1.4527924861594212
-1.1814211906000098
-1.3396760198469817
-0.9940833058148538
-0.8416667188452052
-1.0305267854401594
-1.5907192298478063
-1.1572837123324566
-1.1179185084101562
-1.3192005084554241
-1.4099511392122206
-1.3954527941403865
-1.2857979678703306
-1.3758092919778762
-1.0254532457634362
-1.1685843225325565
-0.663644790669563
-0.9574907526048915
-1.1034212829797723
-0.7064353242525552
-0.986997722545716
-0.9923450341349551
-1.0229940246291538
-0.9652651474927041
-0.9041258355661955
-0.8230961772011203
-0.8132205131980408
-0.7872450921320028
-0.7639707663389258
-0.8590568317704781
-0.851339949419001
-1.0078232737602675
-1.0592734036317324
-1.1561390891551517
-1.0202560698540815
-1.0114480446407919
-1.1109587657648223
-1.0442836138645362
-1.218650432392267
-1.0937293499281073
-1.1326949996209654
-1.0168915633486384
-0.9953898647693398
-0.674132863660896
-0.6278329184639306
-0.6531841229210993
-0.6627072218938198
-0.452901058204699
-0.4617844333482523
-0.41833096097689215
-0.4589771009966475
-0.4734301945608545
0.005080719241887214
-0.32335558030471234
-0.2110167937668533
0.03559852853150058
-0.2143641474904081
-0.1614106545623665
0.08395198680873785
0.2357963427416892
0.2232198464822279
0.2641416987672061
0.41856852503432973
0.8634244088120148
0.518287059196002
0.4130733548370572
0.713840117388469
0.5862377806689617
0.7725307219376463
0.8786106774300253
0.8254515561592327
0.8344062791591306
0.6982763417087423
0.9751342683914523
0.9548298576280412
0.8681730216814626
0.9644181395346191
0.9967483069814871
0.990179903832747
1.2565540238377306
0.9601686633988775
1.2915431920839178
1.0709232043182704
1.0986618823504457
1.1916954957384116
1.3472438043594148
1.2433759858578464
1.0540107748986733
1.007578748209371
1.1210720693061875
1.1412679060842066
1.293135550323455
1.263473085352517
1.1970321275149145
1.193772336148622
0.8780943733568898
0.8037647447225436
0.9437958847867753
1.057644045895384
1.478374470411128
1.4755402585037862
1.4813648131291717
1.5953838114035646
1.1940667022002602
1.0335479486666326
1.353874172297119
1.0474736252860228
1.195916635104387
1.7251430543388317
1.4796643803493732
1.7952075617970058
1.757422450695285
1.9944569797273612
1.921415039271051
1.6958499803342026
2.023148189309757
1.8301219774758175
1.774209976814769
1.9681524751148702
2.1766703376194183
2.124753942186058
1.7116468435118628
1.3216597788472024
0.7867016024121289
0.6863297305758349
1.0665999470439957
1.2435961967459026
1.0729425345223533
1.8218557353588638
1.6854505341293518
1.5601995307116372
1.9051525986832651
1.3950693463907713
1.248623248201232
1.337024357049616
1.493061484486176
1.25486661010766
1.5578934964093483
1.6959175135458122
1.9857167865152565
1.9802909699313742
1.9866125410502566
1.9231744080707098
1.7405899663404099
0.9637216618242861
0.24023058248039747
0.18083563191241733
-0.8599153282526046
-1.1950381756850987
-2.0389418032296254
-1.6677222362461428
3.01771564253619
-2.1900973805633077
-0.12365368163026083
1.2333554992503375
0.8269368566278668
1.0126803449727868
0.755698308800917
1.301173919779605
1.0080971793617426
1.7535302566668092
2.6875635124015527
1.4084190379822816
0.09120549777122641
-1.170031116304097
-0.9871475322299486
-0.9468762965175612
-1.2859090215080968
-1.4323266197813183
-1.0241737570494582
-0.5005243969202239
-0.08401822580339796
-0.7260757145346828
-0.9259175720379329
-0.43829100515143105
-1.48834125599307
-1.3227914489555124
-1.6446000957495048
-1.186341619472941
-2.04439681744978
-1.9570080555910283
-1.9881928439415646
-1.7943273569625586
-1.953612561736111
-1.6488251199213735
-1.0621813484765177
-1.7294574012385955
-1.6218073949176255
-1.347461390509986
-1.3733638814681277
-1.5761072031179637
-1.887224200590916
-1.6324859548401667
-1.7311676156032412
-1.8058333237420132
-1.7391699802995928
-1.8909638888895186
-1.5474586395557663
-1.9982061424997806
-1.618658703327281
-1.7540074713129
-2.0121984384963723
-1.6511791719059703
-1.759937756395049
-1.727033548565919
-1.807655252125582
-1.8325988196110197
-1.6254078345375673
-1.6560453652614093
-1.5024979640568528
-1.560970334469206
-1.6527710704259755
-1.3882274912548307
-2.1387323516317385
-1.1861175504051995
-1.4603380361118952
-2.1268086133689246
-1.1911239802466995
-1.8272663008775765
-1.6375127756042553
-2.4630858233787984
-2.0070400504641888
3.0379624095368625
2.6175061141876137
2.4095425306638174
1.5545247340851023
1.6489964751182038
1.6670690223722737
1.7859265653556482
2.301178786505575
1.0917712968179403
1.8006062764807265
1.8156624879356393
2.161543799419143
1.7542661955691399
2.2769517787769322
2.0389643371804484
2.3037146524714447
2.0617507193695035
2.0353517683987237
1.9332217473655309
1.8654360777657348
1.7245346151152303
1.5760383875362212
2.044892466111575
2.0832123607358697
1.9951123532174244
2.2022422830349573
2.274469367742593
2.387448035541286
2.2148702213391123
2.2756561299998794
2.211691643749542
2.2608632529176
1.9528834842823763
2.1301680008431
2.1470108702952966
2.240059529953679
2.302222323153448
2.324090290914238
2.269849081390453
2.484854627237331
2.3692881825506227
2.479982299124143
2.5970665317287853
2.5586846399679994
2.568316339980175
2.641099425610808
2.2788109944173116
2.6864795061450466
2.6840271358989534
3.0502181856688475
3.111945435655415
2.4139572472458823
2.50944269303643
2.3783300945624304
2.3044643136497456
2.7953011835123536
2.784150554148635
3.1396900213223766
-2.6208353917917795
-2.4933835804081683
-2.4178831105657914
-2.5043902490510064
3.1225518767807894
3.1227370955442058
-3.0853109253979443
3.037780289135085
-2.5863287805741235
-2.825453516595803
-2.6918769712085067
-2.954609161049828
-3.0628962032180915
-2.929469960876921
2.9842346344819832
-2.917567715141513
-2.5134337172548227
-2.0490932784288876
-2.0931105787008355
-2.3573707457640714
-2.1855252181916116
-2.3829364896331704
-2.265875690273709
-2.1641025406539427
-2.190016996559037
-2.41251174437448
-2.002990461748127
-2.076892815993751
-2.1895758758864394
-2.346621514491216
-2.453460455695782
-2.412223014218109
-2.193719959212906
-1.8294800616234224
-1.4899185646227424
-1.6433720628915687
-1.6425754981723517
-1.8604389485500394
-1.629217408788088
-1.584052113569657
-1.6834801108136883
-1.6258421139309076
-1.6215696118789316
-1.5749660424643588
-1.2145922115032153
-2.0346111015500616
-1.8730451361924625
2.79671330935646
2.96910006031014
-2.9109486094915713
-2.93742959094213
-2.681517295155447
-1.8263782402823663
-1.7397215584938348
-1.7475273412358394
-1.681564142313924
2.877942921724699
-1.2576169763903833
-1.209252599714991
-1.8263317942947217
-1.889592891925277
-2.7066977317246
2.089782615438231
2.3218538194874268
2.3288955269683065
2.3819145287110772
2.8064609811776218
1.108421271269655
1.2762081562645577
1.2559437366509953
1.4648584005597483
1.5267618252286017
1.6120343816348313
1.3146808192672619
1.2635644178749266
1.1691626894386835
1.1017714040955762
0.9016472293223912
1.1119193049622997
1.068545130474972
1.07824106138433
1.1115930671200207
1.0650073055211373
1.3434150912791354
1.180552666596726
1.1158569497707196
0.8208493205424666
0.7108052671736812
0.594000149777879
0.7977108045342718
0.9839657803036739
0.8392942545972568
0.938450862761805
0.860134584144493
0.8376228721256813
0.916090438603172
1.1042446073177836
0.751665037173243
0.648138439339508
0.6649550718977014
0.7321793207859429
0.5786453407530651
0.8129221453451332
0.8596188765276711
0.8367519309196532
0.9338827263703425
0.32934390541755754
0.638368071410138
0.27614606589141777
0.3997577743584844
-0.18336849028294375
-0.32994915672977615
-0.8579228318518469
-0.7338753521879947
-0.7038557746590377
-0.4892332380127034
-0.8593574088857492
-0.7211259569062128
-0.7902430966624436
-0.8019454641846643
-1.0157024197618674
-1.1852192824323304
-1.250643180912126
-1.1758947633838734
-1.0355052695942966
-1.0253260017504569
-1.041880180475282
-1.370945686607852
-1.1022437786471062
-1.2722472656421477
-1.1776239248101326
-1.3000666481376986
-1.2620132731504072
-1.290072752686155
-1.1843084831812876
-1.1982053611311394
-1.2960374413236497
-1.4567960949583734
-1.5417957641827569
-1.6227691438268907
-1.1113035077705902
-1.3792675100935656
-1.449431336520519
-1.5738513166619117
-1.0508139235129603
-1.320848684178108
-1.1573615618261957
-1.065870774015009
-0.8791260581258605
-1.051001359024876
-1.3701003168785382
-1.678629637159199
-1.9854878327884127
-2.1569621040626967
-1.2106759402011282
-1.9460660254076827
-0.942031168403622
-2.018562521100301
-1.5208910372983175
-1.6959578688422574
-1.6914592644786182
-1.8353586600037362
-1.732310183161204
-1.8771630387807512
-1.8840566449637857
-1.9046494650372816
-1.7660657205171768
-1.701057830691134
-1.7355507806399553
-1.650805120865181
-1.8986194002164498
-1.712867760641058
-1.9808737787747472
-2.008423163931442
-1.7636709574167
-3.0640726706797765
2.612200308130944
2.8161403636408324
-3.0962160902724207
2.8288628285397395
2.5703957566435918
2.598510458414334
2.216280042122545
2.2209735095992618
1.9315217480073537
2.3661947598537574
2.2983455737902023
3.0838265220253342
2.751774529916995
2.817471043798888
3.103156148437403
-3.045298291622699
-2.7687822752356763
2.7330951216764094
2.530815765261033
2.5412965207520597
2.4068581080249576
2.5947516631708005
2.81362532227166
2.891995936217545
-2.9559472841407066
2.895287350401
-2.7585316349601654
1.3912784000466478
2.5914202831280706
2.7273541711406333
1.0647641132138181
2.1166927537569857
1.6324195750527897
1.8499708189417443
1.809639985861763
-1.2173749290845306
-1.5277992379949084
-0.3361740030879296
0.2477023086168627
-1.2500612955582466
-1.4637015855863043
-1.22291248062033
1.737372347917819
-2.361738940716792
1.3563119914732986
2.7829286294226985
-2.184631020862662
1.9444563966555415
-2.1929170138550007
-2.4547247652182493
-2.409303732630356
-3.010101173882363
-3.1011904359485984
3.136345724497158
2.8638527009204897
3.1210876780666768
-2.8596982543807044
-2.8047154993969556
3.10996679232583
-2.5965165644440966
-2.8460965301435657
-2.425578481904162
-2.919488544803243
-3.0315772195774917
-3.085182988279809
-3.0525572890765487
3.0253587374864903
3.101527473848684
3.078256572542677
-3.122467029085317
-3.1017876246094747
-2.9465129857788668
-3.125278690073251
-3.011040474037275
-3.094936128949569
2.924597660748184
2.78809127125692
2.696879226645151
2.694200509250174
2.811474130368713
2.850295557076197
2.8065692282332466
2.7333210895759774
2.611080038223962
2.4526741348032566
2.2191509924073696
2.031942962365548
1.9737605386354984
1.9396585127103148
1.8645856544003756
2.320656127979947
2.327067404221984
2.135064870935582
2.0865250943135742
2.0237583280279803
1.655206918944722
1.840222152753935
1.685402173606141
1.5818371608313608
1.7629388153365404
1.5859224255627298
1.4374973492889405
1.3331746661560002
1.353908194108745
1.4556483413096433
1.4029628795598097
1.4630882553933595
1.2740218893601307
1.1797196844469833
0.8782710445762224
1.0113505862114773
0.7584383991727346
0.8022367046063897
1.0638327860699006
0.9574421045601824
1.110393710623585
0.9916991371724933
0.9015817261255229
0.899569337277298
0.7147064231403857
0.68763224888602
0.6059446624764331
0.6479413695012382
0.682838739264133
0.6009546190224071
0.5699599274974506
0.5215889163543301
0.4449374992227466
0.21703713839210625
0.35196647132549086
0.4622767469300136
0.4856669134043616
0.3842486401350774
0.49512301270579345
0.2127082723585909
-0.06886707763431293
-0.07061726802536669
0.1756231135307316
-0.16772106034352252
-0.12852369737198216
-0.14493007142657588
-0.14548924305558794
-0.17125442791166914
-0.2139339428097156
-0.26458528185325586
-0.4289526852267467
-0.39342848997994934
-0.4775007863517152
-0.5069398649780905
-0.5928671022238617
-0.5396386138782845
-0.47330180457759596
-0.5790912460879191
-0.7873501616724975
-0.6214549971796951
-0.7345620773865026
-0.5152226635493896
-0.5724502897649106
-0.9112869988075134
-1.1143618206675403
-1.0836190577570959
-1.0809199977789665
-1.0944466717527934
-1.0287218327754466
-0.6147903445818241
-0.9285863035998001
-1.1795002065828337
-1.2346770768831645
-1.1883197251858901
-1.2238326674218987
-1.0285336196151744
-1.1459770336048045
-1.30027583160314
-1.202477389009995
-1.252364682591685
-1.6058695085636636
-1.4766096657502348
-1.4967388238600494
-1.5449391755639825
-1.823733633595709
-1.6789008215217136
-1.776346627009602
-1.875716970420357
-2.981366060736048
-1.9607390125987296
2.5682138428074492
-0.8311929743773135
-2.598327618620581
2.5390302781132985
2.985200714911147
2.217070937943594
3.077748606069335
-1.8486615101494368
-2.2500468686123893
-2.4035103704282017
1.7818107315898397
2.4155560945649026
2.6998112723326297
2.4255717486178963
3.0067234217844123
-3.0273948139239963
-2.4578264259381197
-2.7780818503880407
-2.8267036058421255
-3.0476158657332655
2.421817846745964
3.107052487700779
-2.5596007581573823
-2.3792428448925245
-2.3401930830860262
-2.5120404772161384
2.8890879574134782
2.8685515868440583
2.4902254289109855
2.853102059193241
2.458552907774951
-2.9558418624569804
-2.382174800040162
-2.106328922103137
-2.3899407821785523
-2.303455558973442
-2.2986647514406267
-2.7033523570480775
-2.628781729906216
-2.4026704864738453
-2.534051677747561
-2.1653393261701983
-2.0494038554389578
-2.029012727750463
-1.9023405246223484
-2.479818856865451
-2.6686036790627443
-2.380678457034837
-2.127819907421704
-2.1515587453131366
-2.1362771894436836
-1.923329940721043
-1.9966285140642914
-1.8525013901277245
-1.828585797481531
-2.5862906820121117
-2.3602652617807514
-2.0140923732853953
-1.83932975974378
-1.9506873056010314
-1.874725855496344
-2.0541978592450336
-1.8289690941045489
-1.6566609868294282
-1.6017128388161712
-1.6571226224923226
-1.6460179289180106
-1.6507756962803193
-1.6836557797655327
-2.2473294829334898
-1.980277107284209
-2.2942099149994517
-1.7429594732751172
-1.932042148122257
-1.7716832372754097
-2.1702798486972057
-2.2422591177252755
2.524147242551895
2.112965519747203
1.6517200832986942
1.9012517798989692
1.0798309783581541
-0.23576009371492793
-0.5299274488039406
-0.7799325326399988
0.23612165146825428
0.1466047398391092
0.12272292631154305
0.7693042165109244
0.5526968070072408
0.6592044474219567
0.6758632598357304
0.35989083106281333
0.5961526500963423
0.45282561933186777
0.8348730685332293
1.0513384766500808
1.0488864047680238
1.1493717370542285
1.243308909634621
0.9752755703357298
1.225322414523511
0.9964955395159849
0.8616255416129529
0.9468005493828922
0.8921598605865109
0.6427156632688739
0.9210730495328361
1.0179259396944915
0.7811291481891068
0.9054993501393083
0.7532681039223055
0.8281393889122679
0.801467095135269
0.7171171047923065
0.9732842803982082
0.7153695355654726
0.16771684316084365
0.4216714769927128
0.5375013022939165
1.1913045411739172
0.5617431671548863
1.3820715207598686
1.388453454167724
1.3089414921515619
-0.10927442842517546
-0.2895531439046407
-2.1178627930707807
-3.0301517350452625
1.9210715509650205
1.9612105680498628
1.8913178276330442
1.905371459562514
2.172059392902445
2.0981785864945253
2.1834938730249136
2.1159343163941426
2.0681020617870494
2.0643431808261687
2.1555716701574132
2.2910804279990993
2.0642360821986574
2.1335840995982736
2.1905293895446154
2.539912296416687
2.5022144426197257
2.202104644935473
2.430598414418007
2.4601925270315737
2.5218374431902624
2.6758278680278527
2.6992123664711003
2.6116962391849077
2.9072047853126466
-3.053965121286585
2.658392983653783
3.0265987018443794
3.045345990019483
2.980968648129316
-3.120126907645439
-2.8785009311150622
-2.7726645946791577
-3.005083609745009
2.615371209132446
2.6082380716163223
2.587344484938015
2.7678184146568454
2.875071858138634
-3.0433670368800816
-3.042463293625499
-2.934002341317154
-2.951634198371224
-2.72225916895621
-3.022993986577936
-3.117309818772929
-3.0567132996235107
-2.839694302751132
-2.806052298701059
-2.6408000916507604
-2.714841211411234
-2.689947934938087
-2.716092191406755
-2.8685887472180904
-2.6220801319837053
3.0000658548053365
-2.4525504610813287
-2.4483338093486906
-2.3475345702026944
-2.0727989307847237
-2.3578724013547347
-2.4844788567171348
-2.1297889110967363
-1.4961673869873504
-2.6901450220147174
-2.4922712715838653
-2.507867289056375
-2.5165046535751356
-1.938146503395753
-2.022484944283436
-2.013617206291103
-1.6792429207281274
-2.174035985913111
-1.4952412416305183
-1.3248242079613315
-1.7383097860241288
-2.113601751534912
-2.3196112422343234
-2.684937843625449
-2.7688090675927137
2.8374573666966323
-1.7369690794011101
-2.1056613560018933
-1.8999557444354467
-1.5854201953941969
-1.1967859744614147
-0.5330374124504874
-1.6947983309674834
-0.993975276815429
-1.3583360163089326
-1.1393638813914562
-1.5996417084487766
-0.41416856667600366
0.3464865248728868
0.1430239674069066
-0.013713826701427926
0.05231887823514502
-0.06448645588869138
-0.12870945692619143
-0.3225394693226632
-0.29232607788782355
-0.07017296229489904
0.045516750149777054
0.22333287196375629
0.15635960887512235
-0.11954148926438526
-0.3032991176648842
-0.19574048125902493
-0.06981519609478343
0.035380803299650446
0.15831967560590895
0.21968137316038416
0.11659428787519986
-0.06893565479245005
-0.22176248316936117
-0.1758937398181756
-0.23892402932257326
-0.18742556526916346
0.10805036767746477
0.15759097734321542
-0.030994037352238622
-0.1394654147177304
-0.08064501697838902
-0.1580812887801657
-0.06104648415328379
-0.24722365004323293
-0.07941038934076709
0.08404714255011092
-0.05801360461835193
-0.20533155813479007
-0.0990240854408906
-0.37204394142408426
-0.23002074963005448
-0.06040339529724711
0.05843528424790188
0.31736228844830067
0.19822926414063446
-0.29759465223997567
-0.5588594724474437
-0.5639692916754101
-0.8951969144144637
-0.8814048223403828
-0.840891954888438
-0.10973703215747256
-0.14890307792353336
-0.9532933548619639
-0.7496460847672741
-0.726628662309682
-1.2732827718409527
-0.7335516088638891
-0.9872886618536427
-0.240682323888614
1.2512780073723955
1.6248326459774964
1.6850506969942887
1.4357224105333686
1.4808206310820102
1.1781466968556773
1.2230754927761933
0.7229131446008392
1.082012557825297
1.955420348176874
2.156241072125103
1.8002461075807725
1.512341794025305
1.672062999115132
1.8060253822084138
2.3357948221121596
1.9910512689748503
2.231627108683319
2.3171939555859313
2.797661849127964
2.5508669415572847
2.541257799103588
2.869227035849677
2.5299893740202917
2.425949038333523
2.409494835350235
2.8971810273473038
2.5295233151674985
2.3639390318013183
2.829993685094649
2.692876998905777
2.803741718381914
2.1861594295712083
2.45571302408223
2.694430551420912
2.55370024362488
2.812395551658348
2.9963969309270335
2.7311646945685437
2.936788829414345
2.661771267448601
2.515944208880107
2.6434829734035605
3.023293318674876
-3.036914921805918
-2.809902340473615
-2.983448356446726
-2.874935124052299
-3.1125290000381978
3.109287465441067
2.911802962016721
-2.981835554739978
-2.570036122892359
-2.398245440271856
-2.3233821370755754
-1.8817657274085249
-2.568856119635086
-2.677158602612184
-2.4524379185154412
-2.144742927219099
-2.5405426636550263
-1.7561168933687037
-1.733122332864202
-1.96715428377244
-1.5446914101026206
-1.6408633041375975
-1.843831068175319
-1.1519832372976784
-1.6585383250423562
-1.2864303826374983
-0.8599605634744528
-1.3687853787206234
-1.172990168688865
-1.8513952434368648
-2.368698485675081
-2.358306894447552
3.1209080288973974
3.1081996780742416
2.7566128640751475
-2.911043524290962
2.5662790513968288
2.1583450512649587
1.8123464504240863
2.20759212359025
2.2930340987104527
-2.613907885156615
2.9578227702303366
2.6503376318120178
2.9717278338683513
2.4740372074794
-2.82958139020595
2.4245667653405416
2.62760084892713
1.6413944072258073
1.8392486086069948
0.8945533746730882
0.6937684154221143
1.6824606021883612
0.8795080690102157
0.4756579660886754
1.3203525842122976
-1.483070197480883
2.091781522782916
0.9010480098362222
1.1301087967423504
1.4698540005685323
1.288904760362012
1.1837635831785116
1.272743817410539
1.0769594903631332
1.0128260385768217
1.0121452541991873
1.1437543388393066
0.8335242059263746
0.6810722663672072
0.8458562331791079
1.5839540094189442
0.6794764262994141
0.8922654802328326
0.9443604539135021
0.7494262468964407
0.7538956584540428
0.9189528493962743
0.37476042796592973
1.0050164491657407
0.9965464343822825
1.3115960740364123
1.1241422988342655
1.0450195711501917
0.967370460553604
0.9577506227961666
0.9231111429489929
1.0875027950892455
1.449376159029023
1.2608417291334912
2.0455642337661386
1.7057093499980625
1.9792406165991683
1.1329424835398114
1.5334107315124295
1.2022587023524403
1.3755069232166044
0.977533827911253
1.1824677356464144
1.120906555905061
1.166951362715143
0.9935035535005775
1.076062853688477
1.218704177260648
1.6142356759388377
1.2209275024107686
2.0732701321974267
1.3616062570609542
1.232313430050451
1.0067291122981248
1.1088984379655527
0.9598319620033743
1.2233522709841245
1.3640356248738426
1.2126661310360027
1.7035720200155455
1.3685741478282334
1.7924613627171586
1.273954876078661
1.9497098592372843
1.3375523485735112
1.7505200566276404
0.1801993071405644
1.871750767772366
1.5121920553341879
1.721467444838232
2.7499729745570165
-2.3204486093059487
2.8380084681462088
-3.0803397299606434
2.524922935867627
3.049538800441461
1.7884059160005976
2.196347238446599
2.555271099893037
1.7336560463339434
2.5849758549645245
2.7280460933897075
-2.917535547657494
-3.120375640216805
-2.5948128838367945
3.071499217234323
-2.9303986878587773
-2.8734797056658032
-2.569189048517868
2.701425886645869
-2.8680145727477258
2.5160444650719658
3.020473046459532
2.3224058670991976
2.9672155231638713
-2.7138506614322138
-2.9431540538644128
3.0786709887233523
-2.7537107141693586
-3.1308895460606005
-2.7177263437443697
-3.139947942228673
3.0803558739875125
-2.7568555299444997
3.136280358436138
-2.9993064393703945
-2.8229446219757257
-2.873933718534103
-3.0363805761729754
-3.1094680356312456
-2.8490471928910743
-2.9232581308161207
-2.93749850905058
-2.887121703574637
-3.0049848046988568
-2.807442081346838
-2.94797139150412
-2.880693879729403
-2.653277625878109
-2.8052305990804864
-2.9502056877920437
-2.7870180522867267
-2.9089063632304817
-3.085644940517055
3.0979459923343304
3.127402626841662
-3.0206661433326505
-2.736191182138572
-2.8038926181781996
-2.664432187813932
-2.6864313772294977
-2.7251357532876783
3.11730997673147
2.9741384524267787
2.820558491354114
2.8376185068608195
-3.0247655404865386
3.0001899078702046
-2.698913972329368
-2.489436619950908
-2.226212157532776
-2.551642343103124
-2.7027062880859414
-2.6231611361548888
-2.7768380900983805
1.617069126788966
2.3167783308235435
2.908665959136838
-1.3462588735649537
-1.2266284186896463
-1.2279951256259447
-1.7188966992892458
-0.7106133977430256
-2.173158362265288
-0.6726702119668169
0.192783854523287
-0.10256381921922415
-0.1762497052009302
-0.33613365249025057
-0.8627941979947775
-1.2499702288098937
-1.1878689593169152
-1.3629776255408965
-1.2429203794370645
-1.2284745017151555
-0.9048107546619549
-0.9421979044425413
0.07786660007060145
-0.8080472782861218
-1.144785788280735
-1.2519764440343129
-1.3712346465875291
-1.6473058282057542
-1.6121195001719177
-1.7481700495943542
-1.4644979664602962
-1.920046473382998
1.044917981191643
-1.5620995242775537
-2.887791255952113
-1.63182072670791
3.101092098021198
-2.3943136061792982
-1.8240380090621822
-1.909438688691261
-1.8371247377961109
-1.8801928825863172
-1.4036956439758548
-1.877362886800375
-2.668435151425097
-1.9928891640663546
-1.935969826332553
2.9832741444390427
-3.060898471386051
2.837025623651004
2.052505465640605
1.5992363047196645
1.7515095914752496
2.6040059340959307
2.5428826666986266
2.028642613513379
2.110352777306481
2.759511446169568
2.3932186726214772
2.1063917740876983
2.6412962194456853
1.5312719150735774
2.4629894002096187
2.705919813122599
2.700818330489335
1.6553533983195745
2.007390689067886
2.5121739807692895
2.9849603055233107
-2.2015897624357925
2.4785226270628318
-1.8200322042228043
-0.838154923557266
-2.106355920839379
-2.494647849799529
-3.013092262756263
2.1848142391978285
-2.495335391568887
-2.359193362609465
-0.7498708942377847
-0.13057178110629164
-0.5805906435166801
-0.16780871315263537
-0.9240288920236233
-1.0101735707304582
-1.5853561518788333
-1.286726911771674
-1.8029139213002265
-1.325073020976465
-1.6484620565812547
1.347241226284316
-2.538106964516518
-0.4688190647563097
-0.9631850768385928
-0.37964812701101597
-0.1681889501689237
-0.23323682196854836
-0.5011856939755582
-0.47808345512047573
-0.7751276499152626
-0.547772194004652
-0.6041929744080812
-0.9158598666958392
-0.3094015128170603
-0.453725357535204
-0.564718739344586
-0.7778456410328203
-0.8129670751702925
-0.5325932564486517
-1.0872627751303667
-0.879183112159499
-0.5850237895831579
0.7819859369273751
-0.3532625895334768
-0.6687496957101517
-0.37919337695966926
-0.2936963141189538
-0.6679357148155597
-1.3249955229593653
-1.8679260784883431
-1.4051927641865816
-0.8632263421389532
-1.17508177350153
-0.4232805843060524
-0.48347522050327635
1.527916287226812
-1.5686127585574074
1.2577275814561253
3.0382715073503777
2.4641019384085627
1.9493548899598139
2.073125563248009
1.6732425476536918
1.6103576394918064
2.199449344509399
-0.10039978849958116
-0.7123197499748987
-0.9564146514065249
-0.9146317836841737
0.18010756605317937
-1.0962411655083006
-0.7474888739659546
-0.3765246095819386
2.1976453632052033
1.6879935892487472
1.6965042657774099
1.642715273862382
0.9911290755126333
1.5099643640999256
0.6885041160185763
0.6489559434247826
2.2415614622710853
0.12878873782602787
-0.13040041952028222
-0.1155778563428025
-0.21924743714356784
0.06649302117250887
0.05278172077734574
1.2430095968792996
0.9199715420529156
1.2542541262334648
1.2579564194421906
1.754028638914947
1.1517039015811303
1.039935910923381
0.5213950972841296
0.48295760337937477
0.7526493863570383
0.8026795493480331
0.8220088382294617
0.6438169489642572
1.2094018637213713
1.754772651281635
1.5679100664791032
1.6444528992942185
1.5943554842385756
1.352499570569951
1.1087361590207927
0.8865769994294772
1.2615782367396757
1.3677445967994173
1.6627575780841497
2.6731820671107194
2.77644668529326
-2.8915488240607576
2.7903182537414097
2.624673724011057
1.798887030222226
1.9309654790696165
1.7763674242407823
1.6924857447978459
1.6012061893537097
1.62477694231449
1.8048362746316242
1.9613700539677679
-3.0283153891500687
-2.408859990346079
-2.434104637461893
2.4591478064413654
1.6828560750589348
2.1194071222803452
1.4089400722811887
1.3021111678179578
1.2038145282990382
1.4600118932761987
1.5367908639828505
1.6345912010374315
1.9049172943243453
2.1983757351451856
2.7223543262027157
2.752354840802146
2.091765929309492
2.0830554228412668
1.959492696553002
2.1991876066053853
2.4580331204371566
2.6148163730736473
-3.099447238966748
2.8334447939283454
2.773607984598311
2.701667384339785
2.6548756161525287
2.4812894524507674
2.330202533569294
2.1815873618540174
2.3591554734500138
2.6321493174323995
2.445530786848929
3.1118392421993546
3.1348664404692337
-3.095547516883681
-3.087008249597125
-2.981604630002409
-2.99673981085821
2.5821292636211055
-3.115439460427752
3.004638482999019
2.793567453162392
-2.8581128400853073
2.891794417294966
2.8128270696461413
-2.0346609905862505
-2.105267450386788
-1.8729004472414592
-2.601854016259716
-2.705441389001917
-1.784183013416084
-2.820764624749937
3.0267034674524638
2.944587853385004
-1.14102988044439
-1.330493357546218
-0.4192473491733468
-0.5551945088022464
2.7508771574839925
2.230809620069224
-2.9017057417149
-2.869981235908802
-2.437941795141274
-2.58064655739008
-1.9094170323147217
1.046055622169065
-1.0918841755199737
-2.8350267254164483
-1.0827421114906137
2.377868209923938
1.8083080489433023
1.5041562667129091
2.145769274411393
1.868852630830662
1.2942400647217893
-1.6895479916793368
0.3599240693700762
0.17130486401411624
-1.5812843984297922
-0.0035411646688169453
-2.4051218716803664
-2.74111192146645
0.13554051453930763
1.5869669949542011
1.1927888561620492
1.2393726101783629
1.5062175620672884
1.1252968365917624
0.5225856558409169
0.9830538965299668
0.31714672277921657
-0.9751989317603971
-0.37867743211149524
-1.097829747348826
0.22662791192518014
1.5166567221766751
1.4137979891239911
1.6466281314820217
1.281608536106453
1.5811282217233729
0.6926398565784985
1.461252846312845
1.6251582163225893
2.976058305486436
0.5520210652975677
-1.8989294957071527
-2.0249843496196993
2.225305113650027
2.4227531025907196
-3.116759809195695
2.699563099582101
-1.8597877653084662
-2.2848495930177224
0.8091943074863384
-2.8396687243204313
-1.3256011662354066
1.7208342761764996
2.580323185547551
2.2959612316349576
2.6257995748294354
2.8220956434961426
2.9584240728656273
2.3725951568834467
2.400691238741769
2.318560948378692
1.0633986520991436
1.3909692680498622
2.659821271081307
2.7720169765104044
3.032738067550888
2.95680294047236
2.950614069945342
-2.8843859065905
-3.058284648274978
2.805122887428045
3.097215255972837
2.429152279544696
2.34145778561016
2.7020194418278294
2.779713886371745
2.6950643658585878
2.5783234796941343
2.2877946619343126
-2.7093164207135056
3.0336776146173157
-2.469197325525553
-2.81950117038795
-3.0219008624057637
3.063973011587847
2.873346863477685
2.925952364053183
2.84568479267974
2.630767074561575
2.7685314159639285
3.0047172123687678
-2.7939361941325367
-2.701306242094165
-2.248719561036641
-2.4777112197159505
-2.265521600326299
-2.5457667583403607
-2.66010972838801
-3.0050085827761803
-3.0087292192389885
2.776452484378711
2.94105680449151
1.9803977677709492
-0.3531161447339633
-1.7834997496944347
-1.7679399489802061
-1.0557667811670801
-1.8447012320161251
-2.089199600191401
-2.5435964386194683
-2.5066830954250796
-2.879359803006421
3.0721345942883036
3.0607662964446813
-3.099939969378081
-2.0685491311887416
-2.180666922235131
-1.3419263371120835
-1.1993907435961466
-1.1478423043884014
-1.4453933688464136
-2.435538962223339
-2.411572583640418
-2.6036466927654587
-2.4477275070776776
-2.384133555431386
-1.9902016004694856
-1.5501607670344213
-1.7549948439844099
-0.8659114633705269
-1.5023254766877514
-1.5075609550131335
-1.9025382492960887
-1.9821824417229774
-1.3463801306277852
-2.6348964348428865
-2.186515071831988
-1.398904656655066
-1.420371714437367
-1.3851595888937889
-1.3179272029813023
-1.3100185785968592
-1.2087323313559486
-1.927290705017551
-1.6940347987608395
-1.491189946476815
-1.1166442523609645
-1.0398199336521396
-1.116411725511294
-1.0167415543700626
-0.9365046971040013
-1.336431862166082
-1.1038530107066111
-1.1145531512178528
-0.750590255977935
-1.4250695119917178
-1.0904913797925597
-1.5312426228012483
-1.3835886916298432
-1.4952222723152702
-0.905421469047951
-0.9586298293328777
0.06116415067131265
-1.0242965035800047
-0.9243534599723692
-1.2949277220585795
-0.8860690502750338
-0.8726330498374388
-0.7485508448529872
-1.1238407067243417
-1.024122281359598
-0.6303714766180295
-0.7517490082169295
-0.37711441552738306
-0.42798776620614554
-0.05792460879028567
0.19426784030758817
0.1314649916800455
0.7758710412800265
-0.9433712858567054
-0.8839511713208364
-0.5050506431985943
-0.5707707890794855
-0.41501246465622954
-0.029230653944028955
0.024640714080253447
-0.15717969057915615
0.14436011336933793
-0.027260548197168225
-0.7539783149127618
-0.443533831098148
-0.21096044497661287
-0.16147357630784231
0.20535289676214327
0.1209229117398363
0.16152172193660738
-0.18453031032819975
0.13580177144646435
0.15787195823062988
0.19108673181131103
-0.12113157799881305
0.4248633464096933
-0.041021720280990166
0.4039098030067178
0.4764442642696706
0.47291626478567683
1.0568510056517768
0.2789271641536876
1.2277693358490036
-0.17381484916373985
-1.5522541898067341
-1.1515131872418691
0.8249393877240245
0.5462988962354318
0.6317366184521397
0.8076013972316458
0.7802337733732464
0.8624550361514572
0.7686399914807883
0.5424607486994072
0.9672185830883344
0.4352216884499869
0.9967064931892472
1.0462399020997961
0.8911753146228616
0.8702595648277061
1.2236569528532444
0.4429507346035024
0.29034737551727074
0.05332176793294615
0.22967163605191368
0.770056600234989
0.890128610176425
1.473750648797859
1.4220790903461578
1.1744183662724372
1.1524270447555147
0.9606757129606442
1.3547093543544944
1.44162812398712
1.8761331883039376
1.755796716653821
1.7989957606564808
1.8863266561612593
1.7531704460467936
1.5746614522392712
1.2306702763140163
1.210636087830895
1.2394070904697776
1.7944798660725942
2.1074403849000336
1.8213978158500381
2.2116140046517816
2.418704781496025
1.542902760593588
2.1254981951358203
1.786033098692981
1.7674542702843228
1.8285684163368747
2.2636527084288973
2.2732764886906405
2.3165607362908394
2.2531517128605847
2.135713996698157
1.9966093437878925
2.643492212297069
2.2640354407782963
1.4425692047509329
1.772426560459747
1.6856537083380019
1.8410560241383134
1.8477191709560505
2.000349440885915
2.0933579464872794
2.197078813875453
-2.851438664195162
2.3280523874233072
2.032759485498647
1.9759040454311199
1.7032995919256868
1.5087702955771467
1.5839700319756538
2.051896523692169
1.8879698373220966
2.155642265327716
2.1991000456892777
2.57945587018966
2.33790118162214
2.6588226549879446
2.198284303287643
2.3286879696088696
2.186778751665845
1.8887662202042779
2.3951576545853643
2.8962917896054603
2.585359148699396
2.2092908603753134
1.8817530809971705
2.1294477573748685
2.306911531248042
2.541400320957178
2.956273894398508
2.852677635145768
3.040016635988284
2.9927140460568973
-3.097778328916894
-2.943485306805305
2.668559811946891
1.9105909697525685
2.4710606477059653
2.1941826942459812
2.6711968083351727
2.76987091994071
-2.7499754173323847
-2.8209547649215603
-2.5694701952431855
-2.776800539563298
-2.830778590309178
-2.8147568239582714
3.0970439343800336
2.5729160050010784
2.430022309572422
2.4468764446619127
2.2513881679270478
2.981210543312949
3.0244581350369875
-3.109736502838955
-2.9512825542932517
-2.9651322720549307
-2.889490862478317
-3.069596952732405
-2.8393497854549605
-2.5453802433459014
3.03188924860764
2.8349230137909553
2.7632141405290116
2.731862777682446
2.5527620937355664
2.993127460231309
2.5675796709513503
2.800879027532851
2.4534771008985232
-2.5885738355517725
-2.8932118700442135
-2.6680129527249274
-2.6281890082244965
-2.585361846015531
-2.9529700848866263
-2.9384268966324543
2.9467120149840746
2.8235132644358227
2.500317771382636
2.3687461612417207
2.4731651250164655
2.411072617032945
-2.6815047459165564
-2.3631388437708716
-2.3781819760562395
-2.1847052691844535
-2.2440761965734186
-2.2560955178792756
-2.6072638750806956
-3.0174727772536722
-3.092905967703367
1.8475279468798984
2.0383799638058147
-2.551183997410679
-2.6706030665528306
-1.631939661286487
-2.2140422813331933
-2.3169207082689853
-2.6591786649663263
-2.169013712394922
-2.293398837333322
-2.3188804604790922
-2.101923940134136
-1.9634716270148806
2.932940919042173
3.026422919208497
-2.699267070863136
-1.9268048116290204
-1.7550641962884561
-1.6051462261691436
-1.421405793541497
-1.1206412426849048
2.9516901573877017
3.054102398504452
-2.813648751202154
-2.768774801537276
-1.8977492527984288
-1.4266997629238773
-1.3947716255726978
1.585018854974643
-2.0469545764835515
-1.7962380368331312
-1.814077148098641
-2.870515221167818
-2.0409818138829907
-2.2442147809061512
-1.0156007144221562
-1.3817078246503431
-2.1178168474734695
-1.3480179750578327
-2.292746310284282
-1.5038839524183645
-1.2092729782148064
-1.2957308520435513
1.8844112486416331
-1.2652130138540683
-0.2612355439083013
-0.3519830822976564
0.8617881626671143
-3.0424939663319117
-2.275389425714077
-1.7523795851802693
-1.2410021228452652
-1.553763741470312
-1.5320534976266578
0.4063916384366231
-0.05285269796155216
-0.23066472353043427
-1.3652989980536177
0.7560748645240087
1.3251572903921047
2.2243640102804143
1.76316711138215
-2.7970574100878873
1.8473995939293586
0.17361116844131502
3.021260469107438
1.434213676072116
0.028387251803648154
0.34765971716117233
1.1323370777461255
0.518794367561141
0.9836288948568456
0.4432828993539828
2.364697779625886
1.8172614061472263
1.7891658926829377
2.010914200640139
2.19002489040381
0.966989335449201
1.3333896830264038
1.3576641577580821
0.8629062210659542
0.7220203883140872
0.48887249876128414
0.29113392262545507
0.3845623075467125
0.7245291162167883
0.25906716496649007
-0.7152697571834123
1.658940323854879
1.44268692089623
1.4475667306306215
1.2840309007067856
0.6689752336917144
0.10573488094469514
0.8357151717432703
-0.19453834574036166
-0.005658025487328648
-0.10918663896186369
-0.01585914899703464
0.9258806548513404
1.2774115182001986
1.393462850660768
1.2788618462705077
1.3785367240042474
0.7045114522852975
0.4771963604543226
0.5796804543276985
0.26992224611070104
0.49581802984429174
0.6659095004501274
1.366692061947638
1.1939269139776443
1.4546987002850398
1.2102150071795437
1.1412131529757148
0.3464277918470405
0.3371662172161364
0.19635321786036133
0.8918838500638357
0.36140653312376997
1.0830946521056504
1.6973689665141727
1.6109164541150072
1.5603613465220807
1.0576350041942657
0.9074784746650716
0.6094493599859312
0.9914271792482747
1.0485099515504657
0.8281531702603594
1.8002601015114437
1.4120062100070303
2.04113582660374
1.2518641130523729
1.1683641338573483
1.3950194041034492
0.7847473766706705
0.8220829367332875
1.2429396943535482
1.2485139357044939
1.8623196601618177
1.8824056360148873
1.9876050591015393
1.6342680321197005
2.109563353700757
1.1996428117065747
1.253973391353343
1.1768898029432615
1.364020223867351
1.411492613617473
1.4572797339063222
2.0266145150633945
1.6704012444519145
2.068882017799021
1.813513743863758
0.8909682769663145
1.5163242730246616
1.9015356904299208
1.9914513410551027
1.7117214503519995
1.9893689458894406
1.535875627085416
1.7430669129120169
0.8663945090008313
0.8613140355757903
0.7497001665948713
-1.0665047918979083
2.346340822263681
2.0701610949156204
2.6986724986377872
1.858195013261059
2.5234007449371902
2.1028668473134786
2.5304533584666826
2.181638459051621
3.0033102619230845
1.8919385572287404
-0.7364042292263353
-1.6367005254176223
-2.12858948556476
2.5171332534680686
-1.9923900724016128
2.11889290163131
2.0396817076305003
2.412789646489513
2.956690652870162
-2.9842383441059672
-2.4989865360435553
-2.8490924265544364
-2.5109494111468966
2.4154074689094074
2.9335475332428773
1.426269511405358
2.410947187914819
2.587969326505345
2.663122297626632
-2.9562872841906818
-2.8784641952361896
-2.379760798290682
-2.5617118184334697
-3.0314243368790588
1.3415545880482147
2.8249789389051205
1.9952686596350304
2.1353858639112997
2.0388952592713387
2.889296047804
-2.7548287163747807
-2.491195564101485
-2.303460876805778
-3.019959185706564
-2.4733768932058897
2.9240148605139913
2.7048111047936465
-3.1040577845205
3.053695293722234
3.1095058649655334
-3.0285785274742945
-2.6861275102774167
-2.065869702543703
-2.7523579027396146
-2.8386102668043414
-2.580772179795462
-3.0059919891062625
-2.748316051293082
-2.708098049198528
-3.0134033636230177
-2.6203651119815126
-2.6651505287570325
-2.330716949844805
-2.7335817665550732
-2.046257600103717
-2.357726097402091
-2.1203945147908505
-2.1706089376052113
-1.8788040960675387
-2.4502323299418554
-1.51188341848089
2.876140650199887
-2.848444871210287
2.5399856080701806
-2.0648731763892942
-2.1561543104378473
-2.1423521902251497
-1.0652074149826882
-1.57642401726544
-1.6612911830761359
-1.565758609055862
-1.5083133701710214
-1.095687011888144
2.5277693636413874
1.4377840285458487
2.394887408914685
-3.038951362725394
-1.6163298400375916
-1.7598118989294589
-1.8939709237409457
-0.9936389499515331
-0.9287724088824081
-0.8534849209138412
-0.9982067874809988
-0.7573344642660217
0.2236786414211828
-0.9512764680639194
2.917462271992837
-2.4087523745535586
-0.9517624519651429
-1.5806928027531728
-1.8276484344583979
-1.4957152622328334
-1.1264598358798357
-0.5858529762619694
-0.6477445103889954
-0.8932582028116032
-0.7415787541474638
-0.8962182915688232
-0.3630226779770437
0.06552478532433888
0.13386895410913782
0.6515827071213226
-1.1297118018349272e-14
-0.25064427050986626
-0.9976204936229733
-1.0894817934576289
-1.0379274245976353
-0.21664772726255754
-0.07233905114874264
0.08108219832397152
0.660287151214203
0.11140176093347466
0.40712789696086926
1.1140696505358487
-0.5026414170051492
-1.2924848023141444
-0.5110128462315727
-0.6086402260915038
-0.007803299096964548
0.19049672380524227
0.39147812348645267
0.48242614874322887
0.8150978987309788
0.7427583642791927
-0.8530129366568348
-0.3489383444662399
-0.844382898311944
0.5260722271486767
-0.002243645867256138
0.5578391071036777
1.0742276467410383
0.8242733909186569
1.0019501502543002
0.9419177109494836
1.388817343196359
0.4939497633099703
-0.12757964633702984
0.19235698622320238
-0.16502595340187082
1.136770570222674
1.2207038730068172
1.1361979841296324
1.3857479690178889
1.5133141384183826
1.4199877201795097
0.47704150683576263
0.5998999968443847
0.8538095955166923
0.7964882575323184
1.3060470443720038
1.029034212613923
1.4446719916788633
1.5978739181101878
1.3841352245786112
1.4958993231109972
1.3177231554264104
1.2194349227066148
1.6409910311305276
1.373586413920369
1.0606357482036908
1.436717782141402
1.272783120854255
1.2819576940618107
1.4135114902074526
1.3861145570324007
1.4268759678319176
1.578231882774276
1.3452182690687444
1.4603850789833588
1.8449992225654601
1.6568505535800973
1.5184090072132967
1.558904366470644
1.2654917805018544
1.4209458398473958
1.3026771864106288
1.3564928892645718
1.2058211979636877
1.5702884741599876
1.3426114092841217
2.0938867410445297
1.9635969938079838
2.912598492009109
1.526729051126965
2.1840001272425043
1.7664467193700666
1.5311711295743047
1.554381976010379
1.2795361488912123
1.663377979903083
1.81745152199028
2.6296921680006617
2.8477306358533103
2.789367937060069
2.8362186299677736
1.9426824648552143
2.227158514826708
2.0651590126822907
1.9770753977018487
1.8276603791683634
2.5761036070961825
1.94110958689212
2.7570050289246377
2.5972029108892114
3.0093953054917164
2.686439984318656
2.801150374735166
2.4983151382671402
2.227909195666457
2.2196030370434556
1.8028162193291155
2.4999491809239918
2.696287784960207
2.8853521509518947
2.817711388914997
2.83915561595437
-3.1385255320496275
2.9557591698490664
2.724918268932967
2.608279712160298
2.6765222716271535
2.3624512698939757
2.5185193547809406
2.934541962778791
2.750764091043039
2.587595181884618
2.9168286003961796
2.7047095306039886
2.8519495549069807
2.3365633362558214
2.6394777815774657
3.0670600485514288
2.8131984260295813
-2.985272333183221
-2.9258504771811884
-2.7196095146977943
-2.818029488366738
-2.4201405930028
-3.041428819298192
2.8773986393807855
2.955385148706696
2.9732508560743938
3.0734944374361612
-3.1339210683795877
-2.5363389707489667
-2.3991421315175345
-2.175812420016346
-1.506806167712589
-2.848851274869429
-1.604702912069003
-1.9305299820582886
2.6115285394622174
3.057071025531825
3.0468734350598905
3.1313821510947397
3.100050308176453
-0.9237618357170734
-2.2490518326011033
-1.8901169642599032
-1.1061196063991832
-1.6023164667938854
-2.2133245192003135
-1.8496179049101322
-2.047717759908896
-2.6068023576455803
-2.361369673417296
1.7138753779856273
-2.014715703333484
-2.7560413755366024
-2.2951416980133232
-1.3451757990446966
-1.3880413695966591
-0.12839491164925887
-1.453255153732669
0.03648477025160737
0.05514757700035558
0.4376970288302095
1.6873096036487891
2.1411948366560414
-2.2200784966912637
-0.6285078742697884
-1.6837040392848717
-1.4287886492996842
-1.0936001799900996
-1.1493535470879814
-0.35874783995955345
-0.11284972671562488
0.944545952867903
-0.8664881617272311
-2.3824917682660005
1.6065849865001491
-2.0933077851611617
-0.9677440856738088
-1.8041709101084622
-0.6530961071751596
-0.35022717847572327
-0.5767639550611838
-0.01987138832482454
0.870204759767296
0.4796238980581883
1.4192609851029763
2.1874543843102425
1.9387290636889165
-0.14980380855382264
0.802882260401232
0.14094757708686423
-0.36409585204396494
0.3549923661140185
0.3926490369637991
0.7374059611635689
1.1922183835144256
1.6856912794978756
1.4035624052041784
-1.740209184856748
0.1994405972155775
-0.3270679719761867
0.4285418016187537
-0.10320636728359611
0.3639148518596785
0.6460448494110086
1.3496750337022758
1.146594676119271
0.6774669812089777
1.5074985774408183
1.629195980619377
1.3456863276469109
1.1953411184793825
0.549842250129703
0.4147230148844075
1.3661760943303851
0.9251670352574254
0.9361757713284777
0.9079216075714978
1.0616296112804382
1.2005849454904551
1.8916355482558949
1.8543313828513952
1.788662135500112
2.024611989917909
1.8221992841818555
1.5533582893100562
1.9029546573270262
1.7086449012971818
1.9670506903406377
1.5350483780484274
1.0337889917855576
1.2913719495084937
1.200266035801322
1.1134826359812362
0.9812383252452243
1.0124719500222925
0.595998070668032
0.3222280337594583
-0.015047621061449721
-0.24389552847874268
-0.8886384070328486
-1.307753775780887
0.4376300250424081
-2.3445020611893814
2.1831296026147986
2.7037857715351414
2.786156881583969
1.9720495481566487
1.7774270796268536
-2.8381488257419782
-1.9890468839148485
-2.036414508399475
-2.0648178443244487
2.4466601271559982
2.239474293253286
-2.885495814873068
-3.1164849140465463
3.0891781937968488
2.6789100725158583
2.605146689012606
1.9852097480639241
2.5545599064837607
0.979227441985456
2.407599074213688
2.305816248350287
2.0751000751955995
2.2854219260490822
2.1431447175896152
2.4303125690136342
2.448952450840513
2.336420936400223
2.748297618430121
-2.7845240487313516
-2.3056949346725863
-0.7695740668672106
0.9822539110865846
1.0098312531990807
1.970105942093281
0.6727635485378107
3.0520327789367694
-1.1431657973308478
-0.6617747403583769
-0.37268595106616653
-0.48734328029759777
-0.11618958296872475
0.4884356412398231
0.9578914720079994
0.9413017051952854
1.0723786782800468
2.846124532929125
-2.539584552131891
-0.08570277023074048
-2.184912564163811
2.79566134015337
3.121389077287465
3.1402760002071273
1.99555815587783
2.1895610370519756
1.8316407238733394
0.03586336090958834
2.414600056204505
2.9646117481880245
2.3080072201181485
2.586864502140074
-2.6073176599954246
-2.593022204998332
3.116067386339056
2.876519085432492
-2.4674794728278293
2.0777041210038347
2.4213866675949594
1.7903305205562288
2.1919137796662707
2.9748859757587547
1.8831039564601315
2.4051718732058074
-3.0147398054456014
2.9046377419359013
2.4168677130448586
1.776728216307029
2.015418873358394
1.9886180219815557
2.4662842897050794
3.135782096309229
-2.576796077214689
-2.6489685331318484
-2.141072066598026
3.021310689124021
3.049873485253465
2.32657255628345
2.4461229773418594
2.3514840110096604
2.303166556600401
2.5686796863963313
2.3089733605991882
-2.683174201420489
-2.135993317854918
2.4217287713936395
3.0614106744398852
2.9813014452784974
3.065885469806302
2.7806549949798947
2.5822875538672974
2.6122850338544894
2.4112196745665484
-3.054416013596869
1.822130745822661
1.204539956049179
2.411280417960486
3.047229579449721
-3.105674420313082
2.9208465094671476
3.113833483881852
2.5416480038607654
2.718179589410351
2.14645852860943
2.1126747514034347
2.277847261951934
3.0118539834421214
-2.5886615860290365
2.979591562113154
-2.9481537767373944
-2.964294819070562
-2.990558032691758
-2.8480160365610403
-2.255629640436485
3.0115064759080465
2.133079243431716
2.69509013781489
1.6223362151927083
2.935086998321988
2.6731846916750635
-2.1142535756314724
-2.0751546358745157
-2.4805991184280307
-2.1885962675667274
2.6923952251283305
2.8115746363384395
3.0359648930985794
-2.954785267399796
-2.667706278316284
-2.505507038604549
-2.0793346216049002
-1.7710273043977771
-1.4595486038803858
-0.3869567158802042
-2.128728473200978
-2.1739881327459702
-2.697077592206026
-2.6609623606487367
-2.5082711804937716
-2.7412891311938767
-2.3303340478233836
-2.7620429459894145
-2.2446163832711683
-2.445471708571871
-2.5253266236367127
-1.9700884937406449
-1.6896052616767294
-2.001247081986847
-2.0617478942459884
-2.0473526942514604
-2.28013223968848
-1.783330976116534
-2.1950125506627365
-1.9620648123289512
-1.8151200920928352
-1.9755314662325256
-1.4895074013495073
-1.5303663607443918
-1.142968164795334
-1.2183384252291807
-1.4001636544360183
-1.725006096341975
-1.9402821711210658
-1.8438716334596785
-1.7185123434787637
-1.5891940702013616
-1.5040959374941254
-1.4633766127851124
-1.3282003168441656
-1.2195983722625785
-1.0015803858129257
-1.191084867713988
-1.4452554908876016
-0.8291169016113995
-1.0530377368908153
-1.1199029979200723
-0.3044642427828772
-0.3590244871794851
-0.31624965132370175
-0.16675088147124176
0.2381906654953983
0.5034913209205772
0.21262276792982135
1.2659573577242353
-0.5733189644835098
-0.6559089108388474
0.015260530987275096
0.27544552191207244
0.3287630514161529
0.30929569357100883
-0.6569907679516194
0.023263870697346166
-0.12324301230360385
-0.0930297476764318
0.17717695980320528
-0.9883488044424416
-0.15763595753823942
-0.028995590454657733
0.619024591458476
0.6598541105343052
1.1280602764200043
0.7821870975240904
0.09588693773291955
-0.19472913611723203
0.034833537757480555
-0.3486696440234472
0.1482944973032614
0.9135511223924937
1.4560387415268188
1.1894691878643222
1.1298502067675316
0.6037048629176842
0.9795557512032664
0.697412416532195
0.22708544860829813
0.4665889465979992
0.5561101638333582
0.6567937366006897
0.48649091218672724
0.8381004156449425
1.0704889573850944
0.8422341544366264
1.3211169403588252
1.2387511744942876
1.5891935655750191
1.3079876754032334
1.2902186510607931
0.9945596450315535
0.8991112721047926
0.9447915212778979
1.024925377978577
0.8248491362052008
0.47713162680675447
0.7382054780570056
2.9961619994901416
1.4864804603971964
-2.6651957732702645
-2.7026428375569105
2.8389077766257778
-0.6295355554651205
0.09718964789747958
0.4172377558578534
1.5075633143703686
1.3137166419817097
0.9370096795197916
0.8249469945917317
2.767618212298443
-1.647602775659043
-1.8400442184089862
-1.458989829381646
-1.0716583614996864
-2.0698894240271977
0.6445042927251017
2.0111815009453173
1.8852849953218564
1.9302923893245223
1.5915741208547474
1.2421621934601568
0.35084279942765806
0.09412127967586335
-0.5979056258564474
0.011888881260357885
0.03238311233739737
0.28703423243252385
0.7898916321760908
1.7314949926028662
1.379267090493237
1.4569731592992023
1.2676758837399276
1.259628496591593
1.1803383067485984
1.3576099949240796
1.5551152863084092
1.8810325690274565
2.006007528416125
1.690946322212947
1.9151389859385777
1.196063290864002
1.1225492742568062
1.385899520009212
1.713033890832861
1.688437554942559
2.057944607703281
2.004833366721212
1.9649048550309545
2.388185077457571
1.856496822470687
1.8830299924669889
