0.33494997697277107
0.32981296702835206
0.32756773012959084
0.3228157887707431
0.3181491284416638
0.31425404872220297
0.31083690259004576
0.306825678217604
0.3029376762734511
0.2993589199286604
0.29610211253700286
0.29430873720616607
0.2918757511725957
0.2842758090833949
0.27733288869627504
0.2727667705715219
0.26831776414960345
0.26522891721393826
0.26581882440468296
0.2660982864311485
0.26719082026213326
0.26681659968931204
0.2669542800646839
0.26565821716179927
0.26329964136395817
0.2592316890828884
0.25670477209700465
0.25519508105101607
0.2545136619588723
0.25539048368448797
0.25826012604766946
0.2594633323725585
0.259718015135416
0.25890642342986836
0.2543039990937089
0.2527289803088665
0.25052742475036727
0.2505489489880947
0.2523267887146551
0.25512503488878124
0.258047007259104
0.2614022086402717
0.26325282036689834
0.26423128043219773
0.262507881353811
0.2619379191043235
0.26108529240900824
0.26118633467541824
0.26493729258972065
0.26812484126260766
0.27016107536182454
0.27320711216976756
0.274822536762475
0.272932978530736
0.27027921646388786
0.26839723473228816
0.2673180568310344
0.26786060067267065
0.2707870366817582
0.2726962390770078
0.275027347253448
0.2749289744655508
0.2740102813150671
0.27402792953715094
0.27232062858346584
0.2711854514305559
0.2713159000943075
0.2724463604249864
0.2729271146645359
0.2745506599889612
0.275330126268147
0.2751849030078874
0.27376270125607605
0.27263765140653506
0.2703901212748324
0.268159846191634
0.2675250293768405
0.2664787903978806
0.2664242916131312
0.26573142320377696
0.2649140123836291
0.26427168324732864
0.2623635748643201
0.26239554509217056
0.26197156162510354
0.26161184400873777
0.26149647045119373
0.261523380584867
0.26259317287019196
0.26190374073996725
0.2623096571024081
0.2607171381879
0.26042842143596
0.26132037947948816
0.26067607849669006
0.26282251444325355
0.26420732965506744
0.26443737822637764
0.26510851159919613
0.2651576975825544
0.2656761381288183
0.2660256040677901
0.26558148146475946
0.2659138052484181
0.26669625637957606
0.2669966902659737
0.2678946044998548
0.2687958411202279
0.2699515481381166
0.27114280696560866
0.27163439518441174
0.27275446340522863
0.2733908442180521
0.27323127305155315
0.27310901987428093
0.27307312465888806
0.27309503177084016
0.27263933701562404
0.2732664788187712
0.2734701267160089
0.2733420360486097
0.2756913697763731
0.2774438054716305
0.28034268061056633
0.28129012129261666
0.2833310095884384
0.2832867113112408
0.283195697748001
0.2829052224761648
0.2828531066540962
0.2820534508715752
0.282246171294562
0.2823200134425515
0.2831767392336987
0.2838169968341887
0.2841884455779744
0.28368070638336446
0.28246587812948803
0.27967561417732734
0.2791545056778468
0.27837920344027955
0.27673078892827274
0.2769407509219691
0.2772386578904481
0.27822823890549236
0.2788417748873438
0.2793071318215702
0.27850649660889315
0.27693679452216563
0.27547232843221325
0.27197735304381704
0.26925864459070736
0.2685906545938165
0.26790232026989014
0.26725576521856237
0.26774586936756983
0.2692272787992844
0.2698025976764463
0.2703875686883039
0.2689417460156357
0.26775297308390267
0.2646491681649961
0.2630000643464143
0.26030472407138733
0.2574197358852192
0.254589789825116
0.2536847139602134
0.25483322086950866
0.25517390540561335
0.2548970438521953
0.2552408730109858
0.2532261086982474
0.2512203924334426
0.2506096064010287
0.24653398761303116
0.24515058421393468
0.2434102387468522
0.242437272457198
0.24256136295535757
0.24155661407685738
0.241861587132352
0.24002818575319881
0.2384019658213743
0.23763836762342455
0.23530255021538277
0.23500343156990322
0.23507138370644842
0.23531889066957828
0.23655386918432136
0.23704911227661754
0.2379205978833586
0.23777547807711877
0.2369637682317153
0.23719237795889486
0.23606134664608297
0.2354778146374156
0.2355899368105852
0.235963616384264
0.23795594993611716
0.23980120138281918
0.24182547141824906
0.24346610745799196
0.24528979927135808
0.24553036781089985
0.24567777371635816
0.24610975834521565
0.24787489127740817
0.2481474511210066
0.24877159286632625
0.25034476652363213
0.25123721485872746
0.2523262911135159
0.25459701283294023
0.2561231030825293
0.25776574430862287
0.26054842112439214
0.26362144869595106
0.2682482334829432
0.27119436808229497
0.27319378804008576
0.27515864659538297
0.27484537604990467
0.27557160450376333
0.27591814126725644
0.2785609298530138
0.2815911778365485
0.28478457745341135
0.2902011498951869
0.2928057779784874
0.293326904541792
0.29335326665096034
0.29173561891874344
0.28981025021561
0.28889760635094797
0.28839264320369423
0.2893934897663764
0.29018908706243235
0.2917417834696575
0.2938588771691573
0.2955073523160603
0.29799443587289043
0.29958923926451664
0.2991579330905031
0.2992120482084569
0.29853657309020554
0.29818893358488574
0.2974959081860246
0.2967514099913331
0.29676521562531477
0.2975579726322922
0.29988043925845737
0.29999757970632823
0.30146050886703246
0.302707525535579
0.30330719592097904
0.3033966884302346
0.30436237684233647
0.3048896906363117
0.30528524986550565
0.3057204195058383
0.30624777623637245
0.3077240424554903
0.3085520529374475
0.3092759437122422
0.31004994124030727
0.309510516829332
0.30937264411988574
0.30893517667180437
0.3087212341351707
0.30872568946474493
0.30926876056801744
0.31008124192938463
0.31211202954136974
0.3129216433462484
0.3154684293664286
0.31625741739766866
0.3158766166764637
0.31534530672984984
0.31401124932280544
0.31217574374023743
0.31134843346857133
0.3100266675796293
0.30907091150050486
0.30941673076537934
0.3092703748034102
0.30925158756852167
0.30833689537266606
0.30784902354226024
0.3072183149790736
0.3060910675304975
0.3049051521130341
0.30349704047209003
0.30198899820377634
0.30189190608065425
0.3002341057395224
0.2989735153788478
0.2980989444986149
0.29680557476478026
0.29622683739221933
0.2958860491550085
0.2959739593502625
0.2953685162260192
0.29504051463015346
0.2949354326079504
0.2942904684382025
0.291879518833965
0.29107496645760544
0.2877580390505797
0.28661383531474344
0.28222719168040566
0.28095797867504885
0.27902107569686135
0.27726094436724535
0.27634514365436247
0.2762214156196524
0.2758529845440365
0.27450413669375245
0.27365111156288524
0.2717011779488427
0.2717652443063817
0.2689693158134067
0.26676183844311896
0.26594456556615087
0.2646010992438558
0.26416282779143707
0.26307840589964543
0.2637124000321565
0.26353727621797
0.26540566076779937
0.26662219936784176
0.26705378528057305
0.2668758532039518
0.266899825412954
0.2664639378798401
0.2661266682498755
0.2648462764134148
0.26453670604003654
0.26489057024971485
0.2649060053866365
0.267564117642928
0.2689181964951909
0.2711290075065743
0.27133476056899086
0.27180527767696766
0.2698750949458052
0.26754797964983845
0.2656249158256364
0.2634724185300501
0.26218786909866265
0.26053783855481033
0.25990598337399007
0.259737853794996
0.2601151846523649
0.25957164063546306
0.2590906960985092
0.2576816425267648
0.25534005616853256
0.2536533208484868
0.25164558952468397
0.25067520187855163
0.25014148996838065
0.24978191904882996
0.25015955595513867
0.24866104019004615
0.24941679450578652
0.24998641020367315
0.2518948246800269
0.25134312874390063
0.2528210829650649
0.2537347416250958
0.2549854590080576
0.25535958370834094
0.2565395094143912
0.25714400631807277
0.2577214561371691
0.2570988707427929
0.2569000598150157
0.2579980398458881
0.2589842943871012
0.26037443630342116
0.26246654892431265
0.26261535252661233
0.2634384364442248
0.26508974970842203
0.2645398009165721
0.26529849376719744
0.2640066603931121
0.2644229102940462
0.26436101609282003
0.26614907613081124
0.26670937945250833
0.2694013646172014
0.273455741478949
0.2757664177223787
0.278025943381804
0.2817318574354828
0.28308562640951634
0.28459104299596
0.28606087981615286
0.287186456148831
0.28845058293598685
0.2898545609481692
0.2913308024700689
0.29306798039600607
0.2950712331518449
0.2973056286678451
0.3014287569838329
0.30397917885649145
0.3071634131497693
0.31011511983006274
0.3126402365281954
0.3153974556442841
0.31774565489637735
0.3188925846588137
0.3192528962061293
0.31984650103517775
0.2979115417011211
0.29671148646160084
0.2960233313066728
0.2943778356350249
0.2920301765082278
0.2915324391141334
0.29103481063426856
0.29169530497700025
0.2931223328860142
0.2940441867800791
0.2953844927497081
0.2970800702374924
0.29751781760129814
0.29774069737119885
0.29783005999948114
0.2963292986647891
0.2963291408393924
0.29684482625042224
0.2969045935123774
0.2968542471739547
0.29721421008888593
0.29768484493961267
0.2972629850308348
0.2976596582960737
0.2961893639062675
0.29467966760199893
0.29365663205488207
0.29215936349489213
0.2900292279093256
0.28871353689876694
0.28598435015603024
0.28639399136593513
0.2868331108103968
0.2874000164113605
0.28778196418550517
0.2880630527191196
0.2880118822460004
0.286472218557699
0.2847218971382598
0.2836140088796949
0.28174022495318674
0.28049249937683746
0.2792930524309683
0.2781105080650744
0.27691394774897204
0.2754473062200528
0.2750536611791066
0.27488038888438904
0.27507665794554603
0.276001742025053
0.2755340064030043
0.2749673142594982
0.27272097725214006
0.2719532184532568
0.2714340685889877
0.2710689493253443
0.27022524659187414
0.26953123787788924
0.269358223576028
0.2698582694586883
0.27086413935474285
0.271702960984852
0.27305165420057875
0.2750151752193355
0.27568080191005756
0.27733237083397383
0.2782594479110213
0.2790984827360814
0.28054145306295253
0.2818882942391992
0.2834346809635644
0.28459146901462384
0.2884450844630136
0.29070741656425364
0.29148395833118923
0.29241695942938806
0.2923072023158889
0.2930397140668724
0.2936824999809494
0.29581595793698934
0.2960448628361999
0.29793069309707954
0.29934567071466744
0.3004590672659604
0.30289005852019873
0.30395369893510826
0.30397965337379235
0.3029944340193923
0.30284092118978484
0.3021467786608172
0.3019321287382996
0.30152085780041604
0.3013074308063846
0.3012302650422663
0.30303563112458504
0.30396558489654224
0.3062113487931983
0.30724671054372765
0.30826759804471116
0.30838284986309705
0.3064908266941622
0.3051287504380632
0.30281742612279705
0.30212148287117496
0.3005657128952101
0.3005640596765003
0.2992926829591349
0.29910002277592046
0.2987912843847844
0.29847358537747914
0.29905456446379974
0.29926881269995353
0.2999713788057405
0.3004930367798078
0.29943147589311947
0.2994353111490025
0.29926024779221144
0.29783627515238453
0.29840139366898527
0.29656241592616617
0.2943131825256202
0.2931151174142301
0.29165535040559964
0.2888875128290024
0.2877667523841937
0.2862339175380636
0.28447995620991307
0.28370004552758826
0.2825095947783033
0.2826673084103116
0.28134811860662823
0.28123183911930427
0.27711225718634536
0.2752637423438659
0.27382702755277094
0.27164671152498715
0.2701718138019129
0.26811732380432785
0.26643094393263317
0.2648416595945763
0.2623132492138175
0.2593706623235691
0.2580093401606281
0.2572394324229549
0.25520406448994476
0.25419290999907174
0.252573500041988
0.2500935498635333
0.24722311384072154
0.2459943786922592
0.24255989477641302
0.23973135868294126
0.23521449625665264
0.23278022371812096
0.23069266188964943
0.2251724332402334
0.2217487693743428
0.22113065088336276
0.2191196557193817
0.21585494554304163
0.21465779747853206
0.21362892789832447
0.2119980414877145
0.20930758989238935
0.20760686568486858
0.20542531992308607
0.20349633851183263
0.2018752792682575
0.20018287884611707
0.1973314663260803
0.19723464878426053
0.1970454354260287
0.19693102721954484
0.1962953107863142
0.19559626809619363
0.19433512814832316
0.19267881179140295
0.19147925980266586
0.1893265813504665
0.1884868095298655
0.1882011600356459
0.1859905331567556
0.18570414469305893
0.18590106059828956
0.18564119935134824
0.18616706838020705
0.18674332340648378
0.18616326568684313
0.1849056295358933
0.18475617671744954
0.18420575383719934
0.18376060131995114
0.18341782750388766
0.18117005115100376
0.17945741662110462
0.1774250930718084
0.17693411694752165
0.17647717109639086
0.17603042609596578
0.17600278109819856
0.1774804353319761
0.17783799905923828
0.17870235490852565
0.17962825800355897
0.17877260622987395
0.17848669378226661
0.17806296250405867
0.17893693097635338
0.17957107578683335
0.17955323207542706
0.18080406311403396
0.1821520151592599
0.18361972827886922
0.18498096973935768
0.18538606142545924
0.18661951524730028
0.18737868675849106
0.18960451367687753
0.1908303778427452
0.1953004328874135
0.19736970644230062
0.19893060982649402
0.20295968574410722
0.20531643348488018
0.20818297521246093
0.20855595861705784
0.20959121938768263
0.21008447882169143
0.21131914263058965
0.21121410917404781
0.21084722138073714
0.2111179371130763
0.2117255274588552
0.21133312092030057
0.2121510065833339
0.2119810952774115
0.21123257851640118
0.2100855826961491
0.2089457639624913
0.2083928169816085
0.20849698698480723
0.2085543034897895
0.20873479484956253
0.2091341774311562
0.20956240967023504
0.20933854356848575
0.21134602318328657
0.21221321506625315
0.2137839352172873
0.21510975508601465
0.21499564780036776
0.21498361357094514
0.21503330586900143
0.21437997711633816
0.2153303354106229
0.2167156361974179
0.21714859884920004
0.21756391549037235
0.21579986031290654
0.21369880848073616
0.21329010621804936
0.21240187995964382
0.21335129598647234
0.21227788725302252
0.2124753193359238
0.2119567222977134
0.2123755053618551
0.21135227537478568
0.21102329108137124
0.2091840388141387
0.20682377396896676
0.20640270790655552
0.2048966099237496
0.20352722264975992
0.20289279609135485
0.20365268824530833
0.2041499181380518
0.2054721639798262
0.2062715328012778
0.2067555552355836
0.20711020158156446
0.20750189829996332
0.20705842335137206
0.20717601607301178
0.20746406676264523
0.20727999168351435
0.20786412587338005
0.20870797933958177
0.208868032819508
0.2093906837968181
0.21039994650233207
0.21144882288468217
0.21193588414235282
0.2124060584071489
0.2135301025742594
0.2128924996955935
0.21275568785504206
0.2121816006210032
0.21019225791921614
0.21014893677445784
0.21165856034674632
0.21410865364634651
0.21681825719040054
0.22035718729861112
0.22193141482840434
0.22437407750973387
0.22765372692215094
0.22945829793272038
0.23128708726363528
0.23185906476681586
0.23444356134123537
0.2381399152382258
0.23997583062348005
0.24795332240590992
0.2529873809616789
0.2576735450063885
0.2600900922772984
0.263215539960315
0.26526097972580776
0.26656952022085506
0.26901509536194684
0.27018718262554564
0.2726100336455871
0.2755780752582
0.27827328888098796
0.28022863890392324
0.2811224922140709
0.2824409426173942
0.2815448144273332
0.28000458787699467
0.2793866843474872
0.27722317474837005
0.27604266428054813
0.274233164451791
0.2731348979671976
0.2730129085730867
0.2744999912497477
0.27522230503199224
0.27529813939078146
0.27549422275590435
0.27536976392374524
0.2749995609199369
0.27425064384498216
0.2749005214799252
0.2743931157692364
0.27423357162821244
0.2742319544557984
0.2737413143595275
0.27355689433231933
0.2731682568713565
0.27413469448404143
0.27333889053289145
0.27294348444679317
0.27165911257948805
0.2687436595094902
0.2665720129638571
0.2639919334855766
0.26181880854242034
0.2596415755380198
0.2574190396320673
0.256337589960523
0.2537821830503153
0.25112468807067645
0.2510494543905687
0.251136952217886
0.2521887721954813
0.2517639605329703
0.2538912346656823
0.2538306196848022
0.25447528843863326
0.2546369523219826
0.2550675861904448
0.25640149018882896
0.25732642139508605
0.2577980838713506
0.2591000629545449
0.2607990909111364
0.2634278193048071
0.26458647580801264
0.2670230170002314
0.26954774530983083
0.2696503883178633
0.27129620598031173
0.2711515478388358
0.271797985066109
0.27146974579294536
0.2710888339257601
0.2730625242599989
0.2757959538843969
0.2769286148489692
0.2791473385409839
0.28182545843509355
0.2842903650635585
0.2860326033686488
0.2871664187118755
0.2887104277697987
0.2910724087500062
0.2920442693009061
0.29437336842150136
0.2948297360414141
0.2944040315017003
0.29403327649699273
0.29321892899310675
0.29274572293162093
0.29199852646392327
0.2906646097935048
0.2908735727726177
0.29196235615945537
0.2924855406837485
0.29204419008748495
0.2920804083142229
0.29150176646319215
0.2907519158421583
0.28905398630431806
0.2871176240298115
0.28421872640384316
0.28268390490660966
0.28052880389559787
0.27868045152407317
0.27779841832484964
0.2780718285973677
0.2787985246506998
0.27942872222248794
0.279527824910349
0.2785208971952732
0.2780646552887148
0.2775202402951845
0.27817908325218516
0.2769520079749377
0.27659122198372066
0.2766945219331732
0.27682979573194716
0.2763167912452216
0.27464740515485353
0.2741467374410651
0.2743207248753814
0.27523193145954555
0.27534011150779936
0.27550218114964176
0.27618109374912897
0.27630652850949955
0.2772322458322351
0.27778114658073033
0.2770136604136478
0.2778093934745495
0.2777633374308835
0.2774780692769999
0.2771865071666152
0.2776081101373222
0.2777420906746846
0.27849756426358196
0.27961007683963873
0.28010031955824144
0.281218369940838
0.28248717669853596
0.28352341267171854
0.28815611685663706
0.2912721531328851
0.292366484798091
0.29377750511006817
0.2956296302000806
0.29818700879857546
0.2993473697787038
0.30216615371013955
0.3049099471445779
0.30807088568568664
0.30843628349118324
0.3110565483365413
0.31507971702553833
0.3171502916738803
0.32057273767784034
0.32421296586748155
0.3251002276895355
0.32708368820706235
0.32757745067615185
0.3278410241399675
0.3271714196487048
0.3274575793833373
0.32708207001605827
0.3273251165220615
0.3265777984604467
0.3267764850619991
0.32721096644720693
0.32622042868341394
0.32648612358595275
0.3245401936545392
0.3254469856822378
0.3260703727941978
0.3269061514800748
0.32620128222362615
0.3267426817063569
0.327295592845037
0.3274983212342023
0.32813133296666813
0.3272503565197981
0.32712428380597536
0.30719688395597916
0.3046683911649057
0.3030133790601105
0.30019187954805965
0.3019602343782607
0.30292497403950247
0.30442765530217786
0.30648883334015004
0.3083769636525114
0.309749142972875
0.3099597647616128
0.3085546728930996
0.30879917594256795
0.3083783500820976
0.3095715654796185
0.3103549042682603
0.31217767922321604
0.31530554811125966
0.31624637557523705
0.3192776926139691
0.32137451751305945
0.3207484141438886
0.3204920196019825
0.31819977029797475
0.31806117012109364
0.3173698233795727
0.31774286287873965
0.31893582266265075
0.31910196912016725
0.32046605275967516
0.32182878487420125
0.3232754688495187
0.32367884746348297
0.3230446969059189
0.32141323550855977
0.3202699962076451
0.319382698644633
0.32056215456121395
0.3207475212335668
0.322858154130263
0.3260964282665789
0.327982505559892
0.32995726944429227
0.3307860592649484
0.32894180034143133
0.3284207536357725
0.3276365347285352
0.3273501727828092
0.32716377163490307
0.32827620742694996
0.3294704746603727
0.33109540146544575
0.33220167116814125
0.33477056553961165
0.3359410571100193
0.33707407065439327
0.3376721207271332
0.3392140446803339
0.3418557231537117
0.34228270587403015
0.3433744864028627
0.34435124280845264
0.34522371116216577
0.346153152507513
0.3462623510707218
0.3461928677295876
0.34643952026389196
0.3472277079771922
0.3487171072963018
0.34921146938717396
0.35011622020693534
0.3523061494021344
0.3531984694151705
0.35362857861627084
0.3531703778124528
0.351147017269576
0.3505553742428934
0.3490242825074951
0.348864363349385
0.34794691625000185
0.34896203124020647
0.34912929562838535
0.3496285682708445
0.34931852546423514
0.3499636585721951
0.3501021143806223
0.3499448397453917
0.35027923350787515
0.35032270230862483
0.3490418271382655
0.3497839734313296
0.3493362971245483
0.3480358022336499
0.34635265505707163
0.3460649047557794
0.3458501694279479
0.346930775687036
0.3470513500061377
0.3477230592958744
0.34850770285452465
0.3479313676402823
0.3477609591555978
0.34588414872430395
0.344711343061905
0.3429761087598765
0.3426147651424961
0.3424216742559968
0.3427546942005685
0.3444655542713739
0.34479421187026665
0.3452967092073802
0.34469772193607146
0.3439980254947176
0.34201114867010385
0.3387132884918992
0.3375796432304894
0.3366698947994928
0.3371077676128203
0.33682743920193875
0.33757414202046865
0.3384953269048411
0.3387446806605875
0.33901264748841814
0.3379825051835464
0.3363443791505668
0.3349705870081216
0.334214723826063
0.3336221128517869
0.3331149706207138
0.3340656145546099
0.3335716164402748
0.33413718758230215
0.33336433508315577
0.33331125526408095
0.3343166836477608
0.33502249594045497
0.3343890163562771
0.33528197740223326
0.33525845486226935
0.33516224211839224
0.3345589529439362
0.33428256122608413
0.333626390348997
0.3328845287729435
0.33239502656947384
0.3324881877490319
0.3333412347200324
0.3346885243116714
0.3357074711736239
0.3379806201831926
0.33919158913063313
0.33890835178719325
0.3378245944623696
0.33711815355103275
0.3365848804674133
0.33673637553312974
0.3377369835235305
0.3393014552547802
0.3423083508013753
0.343154171826578
0.34476289785788483
0.34748431580091477
0.34840535062917455
0.34838699551800467
0.3482885568758303
0.34755114535224946
0.3472284149097701
0.34653010530504835
0.34649566535342424
0.3471924749705218
0.3464524774397623
0.3463477035319984
0.34580031344230355
0.34504239643381895
0.34364829085580817
0.34327123142398297
0.34264141611487625
0.342172180812174
0.34212377565764357
0.34112507820878263
0.3408524531303433
0.3402339268258231
0.33968379736185117
0.33883925956061056
0.33827924783559465
0.3374634653947077
0.3356270949546542
0.33425416274215924
0.33448795892205196
0.33543960336415496
0.3347933223297058
0.33671793143323125
0.3352715294382088
0.3333042156415373
0.330603348791925
0.32719578530608295
0.32557958926683683
0.32268143596028953
0.32000987483778637
0.31891867691206766
0.3193921508530862
0.3195402374103689
0.3192636250154573
0.3191213903876745
0.31683210202371476
0.315423066820522
0.3126131450387236
0.30965861173976245
0.306346848222098
0.30259564054706417
0.30105192884780063
0.29851306082168455
0.29814588033631084
0.2980150872136327
0.29691843661467643
0.2955547267162511
0.2946810828475845
0.29134346853610943
0.28768115376173264
0.28136527947653156
0.2750988149090901
0.269099997796563
0.2643217658592879
0.262304968880579
0.25782085862139287
0.25534636285622314
0.2524433118742153
0.2507761286386929
0.24618785291877962
0.24470707401593214
0.23873226177451742
0.2337376751502017
0.2281402209082306
0.2225519132128988
0.21826271710443373
0.2167467520447101
0.2144763967023294
0.21228516080122342
0.20965287279926245
0.20918631590275663
0.2069664831659018
0.20650353248290956
0.20436439589023309
0.2023057203407146
0.20025460676432502
0.19944464983408003
0.1964965274218369
0.19489620985497352
0.1945801562056372
0.19463178337534784
0.19509965841997995
0.19677877866887922
0.20027647217635702
0.20255665509942905
0.2048786865736582
0.2069635468652245
0.2079123014125789
0.2103547678284289
0.21147925952744778
0.21117755157443235
0.2107817215608688
0.21175197207961113
0.21364744679600428
0.21430680690117976
0.21809153645325888
0.2229434464309513
0.22849249470446797
0.23023655329780204
0.23339218324700353
0.23534606691559654
0.23591036408881125
0.23561445301264533
0.2359042835596581
0.2362834498815844
0.2360127218798259
0.2369845249735532
0.23973930232427473
0.2438254147655922
0.24854980798721882
0.25061472722134076
0.2528411835621904
0.2560077126229884
0.25727841814352254
0.2577707238636069
0.25789380175500864
0.2578169182338499
0.2572549838171549
0.25696105665313745
0.2579096409681611
0.25831899607616143
0.2588658357788925
0.26049894224548054
0.2621387965184413
0.2640340486968023
0.2672887655585162
0.2697650057045936
0.27234694773396906
0.2753761472457785
0.2759301064128078
0.27901504944468275
0.28150548109170803
0.28307431720910864
0.28781011148991575
0.2890282118687994
0.29073001604327586
0.2926073561394992
0.29388581524991486
0.29401806811048803
0.2957909962946079
0.2968672360427237
0.29862295072028144
0.3002077627767169
0.30193260919053194
0.3024899278316501
0.3023645560732873
0.302954738832233
0.3030226069175195
0.303991712236252
0.30538501090020126
0.3084377416976368
0.31061121168855027
0.31331170847333084
0.31586966730700944
0.31665353204702407
0.31734295318486644
0.31708571948118663
0.3166945207906002
0.3156921721381124
0.31622566925120443
0.3165091192590664
0.31923241423796667
0.3209061453755082
0.32363585436815434
0.3258835667535592
0.32639708015476293
0.3281667124100169
0.32944174027752576
0.328510112345597
0.3294600431745689
0.3277826313756224
0.325591269957375
0.32532362425620315
0.3234223076381064
0.3215383233643744
0.32111491173205875
0.32191463399591086
0.32202605132566636
0.32122661158082244
0.31887788178553766
0.3157692108835763
0.3121976837440822
0.3111878333292041
0.30736557017851185
0.3059242071588353
0.30617362005292165
0.30668841522572166
0.3080108221980148
0.3102232329945537
0.31199991738381017
0.31414980504021106
0.3137723747063905
0.31348762873108854
0.31294823271983674
0.3127825306608194
0.3119115827231619
0.3103522884566252
0.3095487110315614
0.30856924056794666
0.30686399503595924
0.30695948207816726
0.3072866393668092
0.305466256106665
0.30375134632455175
0.3016317706640822
0.2993432912457082
0.2968725651430835
0.2956768094026616
0.2923336521579084
0.2893068673177819
0.28782670379158004
0.28737967230820566
0.28605615301246157
0.2852556350342076
0.28393305069988195
0.2813585633720184
0.27838209522235885
0.27659440611237185
0.2744834453478526
0.2738893934871252
0.27260211859925754
0.27137420924927363
0.272166315249173
0.2731905653567611
0.2744695577944657
0.2757677577532367
0.27605624087280906
0.2762286272793714
0.2760259371029206
0.2767509860180963
0.2782438959144983
0.2799846868894426
0.28255393546633706
0.28448904550531806
0.28572296046444207
0.28532014045636594
0.28655555622846923
0.28815458542208094
0.2902430118713446
0.2893343170461798
0.2891332099316172
0.2895515823631038
0.2903777456830889
0.29227511703483794
0.2933693716304265
0.2955589712569274
0.29705696299458106
0.2982698477494893
0.2988298126508372
0.29905844918263524
0.2989117662827232
0.29821969630026307
0.29759310332957023
0.29772805251885626
0.2971114047013386
0.29631488717289084
0.29552618876335474
0.29514759795299805
0.2967410277941951
0.298292509663424
0.29898033848638034
0.29851726769069664
0.2978956388576904
0.2977821836995283
0.29781317619058495
0.2961430993638127
0.29509768135978537
0.2944747708088022
0.29376905341012616
0.293763584340364
0.2947254646200147
0.2948138851261436
0.2953327732962561
0.29596809872002783
0.2964150882679738
0.2966006798826235
0.29694664524556774
0.29723142978531203
0.29679986908710426
0.2953840206924229
0.29461126971644985
0.2939428473367607
0.29408573379156866
0.29364640784444507
0.29392455936079304
0.29430101497945593
0.2955853666085207
0.2946482501329162
0.2936719082684295
0.29284240049071275
0.29218512131525
0.2926739256966644
0.29345578107559245
0.2939483565083981
0.29396912527229124
0.2937126718858196
0.29422304106160896
0.2931221621304034
0.2915580671783199
0.28804413365366444
0.28432642989859463
0.28081617992554375
0.2795243085725251
0.27728293360705364
0.2765129671767458
0.27675356328370093
0.275344100253137
0.2735367159724275
0.27274990685699774
0.27005514120478724
0.26665619245621985
0.2651037435521042
0.25968593383390653
0.2544080919070853
0.24782364221800196
0.24252336371757893
0.2392429614014533
0.23805460691970654
0.23489240966763963
0.2328160113873327
0.23209671210338145
0.22988214899973486
0.2262924583319225
0.22231060326222218
0.2158742331110648
0.2131693498550853
0.20771659233661616
0.20394127115048302
0.20293699468788073
0.20361161894795554
0.2032213006932831
0.20475692919870422
0.20589869584561704
0.20692557570124706
0.2090186056257246
0.21005648554130532
0.20996631497864532
0.21019679339772193
0.21099712963417935
0.21131204032280304
0.21326959016637675
0.2159324596735485
0.2202567576950875
0.22386440087763057
0.22737624032316575
0.22911249999898028
0.2326880701306834
0.2384051945542686
0.24165567014613432
0.24789655978059918
0.25354009246454157
0.25823193431904123
0.2606415514851576
0.26453921344349507
0.26683392989571986
0.27120040374220655
0.2746601332268999
0.27669854911813163
0.2803760165486276
0.2856656079491182
0.28865421512965633
0.2956212950727805
0.2998957942316213
0.30226769296644823
0.3052838065943392
0.3063102600477042
0.30715337366986756
0.30899286162879547
0.3087029795425259
0.3100347395812455
0.31071969836454794
0.31244750617907185
0.3131297640149666
0.3165053362540914
0.31740038874718113
0.31839024012432776
0.319219325332943
0.31938719304407337
0.31970318303194967
0.31900749593129957
0.31975672542354877
0.3212647798158465
0.3224419226043881
0.32581937751338547
0.32655579092552534
0.3284365038225083
0.32890703973201135
0.3319064728522928
0.332903490535569
0.3331531089334316
0.3338980603367524
0.33498497045728487
0.3363447645801964
0.33801873639116786
0.3392716109366428
0.3414084932840009
0.34422913825576823
0.3465804716144132
0.34668010852345943
0.3467525592029251
0.3483895379445231
0.35138891767680674
0.3532985033324671
0.35380529325179444
0.35651064079489575
0.3575510826519273
0.3587596553236162
0.3582493749887524
0.3590046066470235
0.359226293425979
0.35983765249101224
0.35957825829550827
0.36027515402313365
0.362983610370097
0.3657284839379143
0.3676812313451419
0.36756765437748246
0.3676117457361115
0.3668326365643487
0.36688878677908193
0.36661349529283704
0.3656211320806483
0.365888162216254
0.36674427957427513
0.36896824657955934
0.3705878978640179
0.37104045476265257
0.37004694194778864
0.3693714627820147
0.3698655000568432
0.3688147769398579
0.3691934271243834
0.3680155076115782
0.3677692290852839
0.36660267627955156
0.36598975608524015
0.3663389237961595
0.3658205680702279
0.364314363168629
0.3642016320968661
0.3636639671588239
0.3629299560078244
0.3622292833968473
0.3631603170630175
0.36272506922348396
0.3634265882296855
0.3633137243664983
0.3625622876629716
0.3616948435056117
0.361918301489304
0.36229528324012444
0.3617300762100614
0.362933630750926
0.36375552225822494
0.36429675465594535
0.3643711547653568
0.36425875001466207
0.3649570203473731
0.3651613205387402
0.3651933469298493
0.36432880536514434
0.3649260111349139
0.3651742183821816
0.3669723565533118
0.3680386092226027
0.3679451474965307
0.36818295886716523
0.36702373952404904
0.36675150921076777
0.3671210069017553
0.3686154973380225
0.36977085936123044
0.3690986246212934
0.36937734205297856
0.3711153854797564
0.3723513427122688
0.3721275231781362
0.3714496992309969
0.37159235915124655
0.37059029646571007
0.37062977437410066
0.37102121167251667
0.3711396314256572
0.3697799436026124
0.3699681114976999
0.37054363612878716
0.3713935917951077
0.3711662124461704
0.3694374197488637
0.3678191214761563
0.3654583026657005
0.3642814446271606
0.3623916714760743
0.3588400803921503
0.35592583392977384
0.35329567433946474
0.35249830786212205
0.3504622622094645
0.34978761529186303
0.3481958244105306
0.34519415025182665
0.34130310934226255
0.34011253778270734
0.33635429161837455
0.33352347421509443
0.331623258346023
0.33128414780698967
0.33092341301583944
0.33229729040601624
0.33503087953882527
0.3363832352715412
0.33769063511327707
0.3379198388413704
0.3376485922627589
0.3375513520977681
0.3395937432281837
0.3404134712819635
0.34212840607747674
0.34543092098908407
0.3488097344294661
0.3507235671819712
0.3542015807167266
0.3558153008056489
0.3557159877479119
0.3554007821049116
0.3558326043011704
0.35608491972590794
0.3568000886413804
0.3578708971836916
0.35825744687963385
0.35725564329371184
0.3553965037885599
0.3545600854805215
0.3502049122187577
0.3487010129190075
0.3446563663803797
0.34139578503108314
0.33861862410169374
0.3373234469515744
0.33501627322103417
0.33168183901016113
0.3296745936235623
0.32644310144855104
0.323316422805585
0.32117379657330947
0.3183307942970637
0.31529950093593445
0.31352852009899623
0.3116962756466711
0.3096511620627008
0.308825505431963
0.30750289084505655
0.3070327885800317
0.305856867036396
0.30543287062187785
0.3052321119920191
0.3049663715307755
0.30512163727233366
0.30574392850231896
0.30635494510195715
0.30833125514591564
0.3094935181380519
0.31185498203759837
0.31291111841043445
0.31636586823692325
0.31758896469954767
0.31870601076820143
0.32141886187773794
0.32365265839495705
0.3255552744394351
0.328946031548743
0.3307783133040675
0.334711212943969
0.33681051035534376
0.33888362962761104
0.3409797653464279
0.34314541574852986
0.34459000328558365
0.3470194365734404
0.34364017105355893
0.3440312197044956
0.3458666164810319
0.346288396592119
0.345087150808197
0.3449972197463612
0.3438411228971635
0.34263496004568716
0.3416930097219749
0.33963106071610655
0.3384802143152368
0.3385232379400124
0.3376006519071136
0.33729750139457493
0.3365606793331307
0.3364068566903068
0.33621112437892176
0.33658777670674744
0.3366401036017166
0.3361697831084314
0.3360436681916419
0.33470930294833656
0.3339288718958504
0.33148545829619824
0.33026759880222034
0.3277228086861391
0.3245635078845833
0.32427317315244636
0.3224222663570938
0.3219231091057013
0.3202208761546488
0.31783043943075323
0.3160263112453466
0.3157799578798514
0.3147974822018949
0.3126870508561331
0.310042449138533
0.3085149745987305
0.3079189105617587
0.3088058038861575
0.30921011145995153
0.30980083968933847
0.3107902947697197
0.31183022343736183
0.3133122715570755
0.3137880438047544
0.31419214314139676
0.3155323409644548
0.31593602150031436
0.31588981920733367
0.31612028492281424
0.3162558380763893
0.31621252852579385
0.31604363656070494
0.3168226058342326
0.3167868468738281
0.31735683876306936
0.316165981630009
0.31355526634907077
0.3125026329635525
0.3091806625182575
0.30565788155963836
0.30222358928050685
0.30003676823190367
0.297349622614897
0.2930382352732036
0.2896264474226517
0.29147425305170666
0.28985206185479034
0.2880927292673788
0.2871103838558695
0.28393873924304003
0.28215058328780335
0.27813551662830777
0.27633949758449705
0.2762871038377488
0.27779635955854753
0.2781427479828557
0.27919318005559735
0.2798539595694278
0.28059523289599175
0.2814330863150932
0.2816107111281609
0.2826777187588124
0.28334545232961117
0.2841699687997827
0.2863759585737967
0.2875199861287899
0.29121967227595685
0.2951175590851451
0.29668427325482755
0.29941778783346845
0.30110197999170435
0.3021310666173173
0.3031819512599605
0.30580816100228037
0.30927899884363624
0.31232559866160886
0.3137475679951375
0.3143469211396558
0.3150318589420202
0.31550513018759163
0.31574933378552644
0.31534624711581605
0.3154741837160441
0.31512634678653184
0.31506917261846723
0.31577327537479827
0.3146273008494473
0.3126576758067432
0.31192441671146526
0.30960780641429536
0.3084269337171341
0.30798041235150403
0.307926599402313
0.3071901113773711
0.307616408875701
0.3076894121082404
0.3072444016693743
0.3048409551167907
0.3018338025811147
0.3004146811579651
0.29686582852306714
0.2935372561834891
0.290366109889988
0.28814754686757416
0.28747897388657445
0.28631914619569226
0.28558932153199446
0.28467491171488196
0.2838495610272017
0.2820656212418492
0.28172350466268736
0.27131201693796625
0.27183509211220674
0.2722121342853055
0.27478345250536307
0.2780064519908861
0.28022248137467665
0.28215785345551925
0.2831301594646621
0.2867040516616479
0.2893906091407965
0.2914969976198757
0.29444094413730737
0.29845615859320385
0.30149222769571443
0.3034884969888832
0.3063036210618587
0.3073277046338651
0.3080673063593077
0.3102115502725482
0.3123030214847995
0.3147649024111783
0.31690987557821965
0.3176204716370583
0.31829826041992015
0.31733376062393026
0.3163582731910746
0.31703468023317183
0.3175369194898462
0.3187964817313601
0.3205251950532077
0.3227115364543139
0.3249254526777121
0.3257399466461351
0.3285442171274757
0.3299066642063161
0.33135645442208406
0.3327980374234552
0.33601874238598745
0.3380226098589284
0.3405718939168659
0.3428066299962039
0.3449886618091181
0.3479917454155156
0.3510047185921524
0.35387264913417693
0.35700401567056
0.36073092896590303
0.36411552615770604
0.3664906563016288
0.37037680792498806
0.37473307601267625
0.36768693251439244
0.37830696608226444
0.38106901861980097
0.37993015420995807
0.38190606049233533
0.3810945206607683
0.3649066867143439
0.3653145796609535
0.3659619454598538
0.3233564564019037
0.3225074912493651
0.3163283350833541
0.3148880885578089
0.3155280480893516
0.31365608213638907
0.3159998554346412
0.3350960194172778
0.30367458833810534
0.3032529510389378
0.30326304768434154
0.3045491825201135
0.3051887735482557
0.30527756639206605
0.3059463029812959
0.30589323424143267
0.306125906118658
0.30395736470354917
0.30441587636604994
0.30463243801555867
0.30506995521782654
0.30645014467925175
0.30918966701643985
0.30967896345095025
0.3112677360734437
0.3119780784501144
0.3144764430977299
0.3169072594346838
0.31744647661947234
0.31826002014951343
0.32028030049518474
0.32267788693990396
0.32505154596355706
0.3296360322294562
0.3309300601067201
0.3344235795644519
0.33617222460839424
0.3366985049030812
0.33766293299796113
0.33911805153926267
0.3387270717364373
0.3402366910806273
0.34086697272661637
0.3429276006032538
0.3428521228667672
0.34405152396802086
0.3442039795898534
0.3448650012592557
0.3456718741817471
0.34697075553669054
0.34767953009143493
0.3482296218559878
0.3478386467562687
0.34689767477973665
0.3464479503693282
0.3446502803105792
0.34452050153445724
0.34176050422634696
0.34077552341252176
0.3390096303171585
0.33783670425955337
0.33525744175728517
0.33421047964215134
0.33039167227457883
0.3265055745785414
0.32290727333703395
0.3206822500046316
0.3175177826163791
0.3157023313087352
0.31242312988416854
0.3096782821577785
0.3082807382148075
0.3044275273908378
0.3011530102863134
0.3000643995890737
0.2964351052384248
0.29334232849057
0.29280865837340353
0.28937131568036645
0.286324075874686
0.2850391645710983
0.28300513956036666
0.28197001022625906
0.28094159656125417
0.2790551223233544
0.27789943536048073
0.2757112172039442
0.2734275335175548
0.27258810365678876
0.2704268539991382
0.2696512922798897
0.27076741832271256
0.2706404550972007
0.2726011602122396
0.27548981504170067
0.27695692533614413
0.27757681777926047
0.27798858579919655
0.2782964497694353
0.2785787267117759
0.2793943503602106
0.28007656939101777
0.2810293677689279
0.28313573928526947
0.285954124103177
0.2883460497206715
0.28229854449881403
0.282767626058145
0.283599326018341
0.28453848453874386
0.28573595971306076
0.28540691400328383
0.2851906027979363
0.2848145465432614
0.28569525475099705
0.28582580963261733
0.28743281988768943
0.289140689686886
0.2902280665142071
0.29063286471486977
0.29117768701785346
0.28961234570143984
0.2892185546270048
0.28980122817707127
0.2915032383106466
0.2914211359871662
0.2895857064650781
0.29081316057467455
0.2887726729342335
0.286492025686652
0.2841508150958021
0.282862108792855
0.2828497548057461
0.28347250472414015
0.2850698281554386
0.2873318933173725
0.28861989361517704
0.2920017099643063
0.2944979107493353
0.2957131560375082
0.2946572906414756
0.29374432044113025
0.293512125107555
0.29284261921516547
0.29239072302914365
0.2929674381538368
0.2941594726274253
0.2963436317302143
0.29919439050557184
0.30107243374645976
0.3053059385178703
0.3077228226241615
0.31036458606394934
0.3089542204932805
0.31020583907027593
0.3115761639107929
0.3132715071622146
0.31657680786680026
0.3207690234958132
0.3231685507536984
0.3283613417598265
0.3330035164573947
0.3348121791967035
0.33815232723805694
0.34027891590408377
0.3419449452729018
0.34502550461368475
0.34816828565687696
0.35136431380487737
0.35530334393614466
0.35699426295646547
0.36159567316268226
0.36548297672315694
0.36712268620109384
0.37047422653821316
0.3732350934574524
0.37426681678985735
0.37610268378856915
0.3777232163187946
0.3791989941110013
0.38193265419809685
0.3843794731986314
0.3866388163214709
0.38859743529602836
0.38971930286956685
0.39127126810499424
0.39220035402996156
0.3919245128484531
0.3930541122803192
0.39460385188754304
0.3951930191109642
0.39717771815382646
0.3984084342464379
0.39936215283001253
0.39985988184447374
0.4009190806467763
0.40071960728144235
0.4024344147979275
0.40190223377712775
0.40324036593836177
0.404120023254003
0.40442429782916783
0.4033052724499008
0.40241131186434254
0.400281404359452
0.39834138482159703
0.39832026021769146
0.39709793202915955
0.3954575109924604
0.39532854017525115
0.39499367368353283
0.3762694562911909
0.3722754464709953
0.36920707553526294
0.3648628936302979
0.3601545762037676
0.356847490043636
0.355783534137463
0.3526213227566114
0.35012960202637844
0.34847890339795595
0.3455014653983738
0.3435413670578752
0.33999310687021767
0.33468587675122896
0.3324514356519442
0.33063009062511983
0.327253386734742
0.3236073046699946
0.3214085144343054
0.3198491443135748
0.3166045711893889
0.3150200450479391
0.3133402392295765
0.31092357633329243
0.3093340667795791
0.3091051066415523
0.30903815398883305
0.3087875505969051
0.3087334914959582
0.30619222640768695
0.30461959075445927
0.3040088016337546
0.30137376946522737
0.30074191080467527
0.3006489430801127
0.30216408925125426
0.30324936407198205
0.30358192217047786
0.3037815023807823
0.3029224680811497
0.30130526817551095
0.299903389409497
0.2994784327128095
0.29940002842392144
0.30079973067004323
0.303353487494574
0.30678011183310094
0.308052589924871
0.30932884566647384
0.3101597179206225
0.3075650345967481
0.3081473448586972
0.3091701846432701
0.31138685113796727
0.31393053048363945
0.3109181365552838
0.3123522180531992
0.3128619150197491
0.31297924935098675
0.31365052121349046
0.31301792007132273
0.31234233344326845
0.31213419095223316
0.3111343564750435
0.311370961960321
0.31078199585852795
0.30979851174071815
0.309909999392826
0.3107768240233401
0.311010657240005
0.31123702566167494
0.3112100449903023
0.31061220211620494
0.3075778464608242
0.305988562791341
0.3053047365381655
0.3048801283150875
0.30536426665222005
0.3059844412010052
0.30466993569540646
0.3039084191874319
0.30307342131349796
0.3026519783279712
0.3028931430332996
0.3024304268473414
0.30192107446798
0.3011255461727261
0.3000520065874753
0.29903610995721186
0.2985872704606324
0.2993662657954565
0.29931790853247286
0.30016630668723165
0.2997874900225569
0.3002374345222833
0.30017522648605843
0.3011903456821586
0.302275896743437
0.3038565111391308
0.30622258909822037
0.3088774196779335
0.3116373890113073
0.3129828083911241
0.3143645146146411
0.315618632757022
0.31652668103983117
0.31847571064552255
0.3223154519300703
0.3269436137083099
0.33163984806835634
0.3333152134802303
0.3361878912223134
0.3379160985751967
0.3389153920756132
0.3411476936308225
0.3445701374154563
0.34715939472827295
0.3520755199552249
0.35626453227500765
0.35812504920359267
0.3604162535247885
0.3631584276045863
0.3642140889628006
0.3658376170512407
0.3672296328673639
0.3694234147074925
0.37038567696508384
0.37174600323173845
0.3745432759081151
0.37432338596633397
0.3746841002808884
0.3759406202897152
0.377192096779846
0.37994858968234096
0.3815568356236859
0.3825246991005029
0.3835260397359076
0.3836826917896028
0.3843431410654046
0.3833314724269601
0.3834964615311727
0.3836928932639146
0.3836540398428958
0.3822765556515246
0.3813738013017414
0.38004953227744276
0.3795136617741143
0.3796141195399525
0.3792528764615729
0.3769696965816766
0.37613442283122145
0.374509291012327
0.3737531249080159
0.3714522830957342
0.37041885707964595
0.36926990087154415
0.3675964995099673
0.36501362196903836
0.36283795921171597
0.36210338100928796
0.36134322956474996
0.3611996368955824
0.3608657962811873
0.3597023493964732
0.3567785174188377
0.35341002368046537
0.35230579958913133
0.3496249427799495
0.3487821179111753
0.3480079101623461
0.34749091994385006
0.347967416548322
0.34910031335381353
0.34907970975227537
0.3488772099013452
0.3485647755139377
0.3480796420843813
0.3483619316362411
0.3504012678485822
0.35205857574793076
0.3534239686416767
0.35505824515375367
0.3568417770213643
0.3582762008292812
0.3588820541036517
0.358021071396405
0.35643773577893445
0.3553837662201394
0.3558498209873181
0.3564934618510358
0.3567866310911297
0.35761942391131496
0.3584822159556217
0.35933458473682056
0.3603531130492025
0.36027205440761967
0.3597630940095859
0.35810980257939706
0.35760690412252877
0.35663126164162623
0.3566390864651965
0.35710238775762676
0.3583564681171926
0.3603501945547574
0.3632067478579032
0.35124229892451186
0.3512264161608557
0.34773565046961996
0.34371363297669155
0.3396708889514167
0.337954353936718
0.3371429672545464
0.3351339267785098
0.3330135331143501
0.3330985676418481
0.33262698372396493
0.3308736749966328
0.32810709551072265
0.32336740181723067
0.3186579961644989
0.31625366934749133
0.3151270184098259
0.3141206143703556
0.3153311908283229
0.3154388525043297
0.3144022498381381
0.31416947194761474
0.3141253524093577
0.3154453905087448
0.3161850737931074
0.31802224928509515
0.3194747788294853
0.32121003082021543
0.3220176347141053
0.32133346808599395
0.3211671877729751
0.32002483712620977
0.3197292272599924
0.32089581151498237
0.32289380370479015
0.32583913163953504
0.32993333500037153
0.33404597370954114
0.3367480294784924
0.33898505917878463
0.34075910950701266
0.3428872579415032
0.3449848897829527
0.34819185892131466
0.35023828629977455
0.3533496984460704
0.35627948115907576
0.3579682179572485
0.3591703342196997
0.360254595107091
0.36028857433000266
0.36048621164436867
0.3614255239007367
0.3619764194395617
0.35146511372176364
0.3480864597497389
0.344068189059901
0.34259467860999687
0.34301258214877184
0.3468540887865824
0.3456393217992483
0.3422072395700336
0.34002700415309806
0.3376867161556044
0.3345878205070879
0.3299022697266907
0.3260502043228209
0.32312726836842914
0.3189897249969594
0.31530943070585915
0.31224978371461776
0.30949778690568913
0.3081832937071566
0.30643641717345604
0.3028903591045253
0.29870198187728486
0.2971575026835881
0.2936926400499459
0.29160517627630245
0.28941108346967953
0.28817251706123614
0.286389943982911
0.28441958424681857
0.28334077456153756
0.28063483461756034
0.2803404066086571
0.27965640389376445
0.2774505022005608
0.2763542816290458
0.27552405517195055
0.27597568992531407
0.27556750597530705
0.27728671083218503
0.27994279297964353
0.28172467364569037
0.28257488417538534
0.28405282710408647
0.28510061260231395
0.28553645458185095
0.286328844920587
0.2870071339278741
0.28858357650965566
0.2909773535350843
0.29160275192534096
0.2943652774649383
0.29645860179671873
0.298658747317904
0.30172713468705625
0.3024933256792163
0.305042601541841
0.30761935309795757
0.3097015342645614
0.3120500702020978
0.312239101964132
0.3138965162914279
0.31536405995724
0.3158073160895273
0.31588091116821226
0.31604172344539294
0.31670295466078147
0.3168258654676158
0.3194202682754108
0.3199049078701362
0.3197833348015643
0.3186274090593465
0.31796207878359645
0.3157920805117521
0.31071537193154
0.3096917251061553
0.30946811305825217
0.3084648225901824
0.30723434338680317
0.3054666627781506
0.30316711546901765
0.300713567475158
0.29711731235387007
0.29451432341174766
0.29212099851804246
0.2899296965107412
0.2892334715130514
0.2864497905926067
0.28335956246900873
0.2802587497657582
0.27847107662042914
0.27617010464870384
0.2729109722272284
0.27267945944592925
0.2725697173238355
0.2719639136975753
0.27187129298960133
0.27178887260164736
0.27271628265398257
0.279490666886125
0.28334359631956724
0.28774440986194116
0.2894131972303076
0.29474714319264633
0.29834158046118
0.30247165283170124
0.30430537010752523
0.30770125763168243
0.3131621990678284
0.315695869535651
0.3227796523811302
0.32826114484684416
0.33131189616560036
0.3351729179668207
0.34024162991988993
0.3448196772780016
0.3482200164372113
0.350809231006053
0.35632608912581676
0.3628044938928223
0.36893929441470136
0.3711481735093925
0.3739281320242159
0.37564196803528127
0.37687824798175945
0.3788126777572696
0.3803529616530928
0.3827156375440396
0.3864383974480533
0.3889779778560845
0.3921271298129643
0.3939283045887598
0.3944416562473877
0.39468176831524754
0.3954748944796113
0.39570335528659023
0.39688761525083166
0.39738536559623083
0.39710434003786915
0.39569277341929754
0.3945400137821726
0.3932359099169608
0.3920213192338111
0.39103496256148584
0.38973526392467156
0.3870145810239357
0.38631330998067365
0.3818668025181875
0.37740542447023184
0.374996651059211
0.37094526312042936
0.36778769789050453
0.364595351472942
0.3628247602578855
0.36003866579899213
0.3562556733734905
0.35186106594227673
0.34611303907336965
0.34073126674132015
0.336104598294933
0.3322396844613393
0.3304364277241509
0.32857109339362456
0.3253419586644349
0.32385115083319105
0.3211855033697425
0.3167633168196181
0.3151195766304213
0.3125480354289034
0.31032628055423345
0.30951763013255873
0.3100568325978931
0.31062567070939423
0.3125787216107655
0.315123275345654
0.31729946272569776
0.31854193180862495
0.3198307460632837
0.3220879831357545
0.32389217776463913
0.3274990248667339
0.3311663570325925
0.33427041087777254
0.3374743636299885
0.3404996905913674
0.3426801721191725
0.3453846678522185
0.3478923913938484
0.34914599663086143
0.35195988317394167
0.3536744560934026
0.35589780497561907
0.3563600717573966
0.3579821465697536
0.3606749070105046
0.361127206215451
0.36339725389758326
0.36457379852470684
0.36465700246493976
0.364523981345898
0.36487982589236756
0.3645025158189922
0.36503096524462586
0.3651030124149558
0.3650226273063817
0.3669778396812247
0.36836492575149293
0.36901292991321966
0.36875025630838226
0.36832656504236544
0.36771996609043667
0.367055350455897
0.36614628277984673
0.36638673129229904
0.3671702406261429
0.3659022686397731
0.36573670983925777
0.3652314184526088
0.3652300024833496
0.3646711526044714
0.36497738910955285
0.36383134706985687
0.3630964365068986
0.36195886839042674
0.36115404587499933
0.3590174787426711
0.3574561194847628
0.3570488136781985
0.35656313504958725
0.35520721708574604
0.35470598789783125
0.3528881343530923
0.35218777766416626
0.3486334329960471
0.345516466054145
0.34387219319025536
0.3429368122390849
0.3407070401874831
0.3402450616685344
0.3389241725548533
0.33924072091914387
0.3379588276018838
0.3355170669799029
0.3343611988678827
0.3326763328567398
0.32976216209416737
0.3283090739795894
0.32740885283807764
0.3264682710870598
0.32599568915109056
0.3267637438476727
0.32695789381976964
0.3268898271694117
0.32609399069155337
0.32415910454515
0.32370595922676265
0.3221391667292842
0.32206937576038397
0.3221132867090275
0.3216852729048509
0.32158674451216673
0.321920871763823
0.32201584754877144
0.3227272195856533
0.32263566957497347
0.3236096813335506
0.3240261106976411
0.32438081154059606
0.3254921513884019
0.32643775888166804
0.3274112450163674
0.3279485651942639
0.32972225993091336
0.33041446888304726
0.33004768716684135
0.3299986654270434
0.3287899215620303
0.3284814894640644
0.32823628313798703
0.3271913907893366
0.3285496297576517
0.328316759563992
0.3292168529856101
0.33047446201629743
0.33163890038573507
0.33231726536921835
0.3331617162492845
0.3329480420624868
0.33211467913536147
0.331193860782733
0.33050480996326337
0.3303259023358799
0.3293961850077581
0.32924774309911997
0.3291736770833561
0.3305044234497168
0.3318321646717677
0.33346623246003065
0.33318051566066853
0.33429718283818666
0.3329530327322622
0.33311249545673977
0.3327550558831551
0.33120012507224467
0.33001300913454074
0.32971656676194305
0.3288552997020407
0.32902706388811653
0.3286409984751908
0.328976994851674
0.32951693353167244
0.329551587311172
0.32904700235955814
0.3293965713380465
0.3288088983490724
0.32913327007931553
0.32837877758964895
0.3277703661857413
0.32683017299760736
0.3261671814074445
0.32551625341588986
0.32402649960403707
0.3232378789650199
0.32140004359333074
0.32066259910036626
0.32038121355728355
0.3192124025734028
0.31887343165976145
0.31886977612923906
0.3195788792875531
0.3188239760283035
0.31797844148459165
0.31634973490651
0.3150541867922531
0.3122552437550068
0.3107052867359776
0.3082501712357706
0.3082803862865763
0.30818470771667994
0.30806398678101454
0.3072973167470917
0.30821367410250033
0.30893896762592254
0.30951656449538456
0.3098861498013488
0.3088201800329714
0.30811058412614156
0.30575449277304506
0.3028177153569244
0.30159554085392737
0.3015306180575177
0.30100185120213513
0.3010123506204986
0.30101715160269965
0.29959407716999403
0.2997404201092138
0.29812189927179433
0.2973399891304985
0.2972701605946024
0.29660497386387397
0.2965371247522664
0.2962565859098352
0.29656810110954546
0.2958683949365756
0.29535587126769164
0.2966036530013786
0.2975907340543423
0.29831616712840725
0.30084262610052465
0.30224195452060015
0.30314976705218133
0.3041873897385671
0.30462359389520766
0.305468414574859
0.3052897601772165
0.30595983918984093
0.3047735628125442
0.30475516707011796
0.30516697528179704
0.3069063078677323
0.3079091279613938
0.3085472629100078
0.30949149290612143
0.31011853825028457
0.31074237408523986
0.3100396944296456
0.31079339504878556
0.31200650803337054
0.31259787022132157
0.3133123513183793
0.31424813344157965
0.3142781106330212
0.31503155231526536
0.31393594924492685
0.31500730902073826
0.3154941022664653
0.315612531000878
0.3150010820966985
0.3141241200144066
0.31323918618348834
0.31236791924451285
0.3109162909855148
0.3095799334577302
0.308642586946227
0.3082436916228754
0.3068820841011248
0.3064679327787604
0.30556850141447056
0.30455276915169127
0.3034756802249931
0.30291075146407836
0.3021563228078344
0.29981137318708406
0.2993420611869921
0.2984773090857637
0.2975109747898012
0.29637255892181413
0.29596398825887604
0.29350139517770446
0.29377061215891487
0.29390142420944737
0.29560828214768925
0.2964087454300097
0.29672457888936415
0.2973298994432593
0.29734024886858995
0.29765501512208786
0.2984807346564651
0.2981150996348134
0.2978735900075469
0.2972596319698786
0.2981113806289771
0.2988304629814913
0.29819985190400244
0.29885692066805036
0.29901264268188144
0.29987925540588856
0.3003997181153514
0.30130248204347343
0.3006709167366438
0.2989478538576045
0.298975526562407
0.29663282355747456
0.29437256448003596
0.2945627641034581
0.2943035510168692
0.29560809940609756
0.29643801430863287
0.2970647758136402
0.2966813827051428
0.2963944903405502
0.29546757175000216
0.292847280473185
0.290024150356995
0.28907208690982766
0.28862809669059164
0.28827713428351226
0.28835023491204287
0.28951633689548495
0.29039717874873905
0.289221889147511
0.2872305364184919
0.2843786859380183
0.2833772708824473
0.279512700608648
0.27572151355608254
0.2750208866360776
0.27568798450576953
0.27789008219206063
0.2786828921931757
0.27976407021140276
0.2799827955219597
0.2806513028863492
0.2830198975998282
0.2838533534261106
0.2849951119898103
0.28644249290750656
0.2873365025461972
0.28849015882852747
0.2890421590489093
0.28906489774834004
0.2890451219060296
0.2895157588604826
0.2906304778874098
0.2904092402360595
0.29082625983592497
0.29120422702630727
0.29237820688060934
0.2918026432723159
0.29146764385670176
0.2902025803559121
0.2896281539573642
0.28874247307339623
0.2880074035356165
0.28783655198931807
0.2882761260366232
0.2888899901512767
0.2892004404563326
0.28990849212303105
0.28792171024997026
0.28667845330778546
0.28612570052738084
0.2871662584367924
0.28839823349654503
0.29092155912025364
0.29462900672562836
0.29612541222185385
0.29900844533676474
0.3008992308775017
0.30161408618542485
0.3037177167231749
0.3064330204310313
0.3075979887588408
0.3088733142199761
0.3102535552214613
0.3113294413951957
0.3105435531920132
0.30988334549019086
0.3102171640309136
0.3103447238341383
0.3115364477226358
0.3108310936008224
0.3114058069783652
0.31291459353536666
0.31439198993800843
0.3153279289340514
0.3164528583792052
0.31832272689646385
0.3199538450418815
0.31964272208311206
0.31926168613375233
0.31887275400366677
0.31971974566236977
0.3204547382068329
0.3206897573408093
0.3214449786145851
0.3225791581935948
0.32382462474669055
0.32449566804077656
0.3252651450156157
0.32530288523965434
0.3251080620111593
0.3243786650708142
0.32371856891501105
0.3244442616071898
0.3237711181585333
0.3249368562443464
0.32492626325330465
0.3250186651239719
0.3256629521105321
0.3256751642147273
0.3257506032861039
0.32503491554106456
0.32385738639664885
0.32331045428050004
0.3210928888153809
0.3187015692113368
0.3157648843733195
0.31478058024290434
0.3124546853795453
0.3096607483707961
0.3100280120799792
0.30821325293173285
0.30684275841693454
0.306112430303738
0.3031712764934082
0.30065964509980536
0.29921106386374663
0.2975091051813263
0.29610569091652117
0.2950371657769846
0.29589696628430523
0.29678260504348597
0.29748025912672255
0.2993070310539002
0.29951932834400125
0.29937653337124004
0.29682839445357123
0.2947345577010041
0.2923803392719454
0.29034475255473324
0.28855848546360735
0.28816075261167234
0.28917249280480534
0.2915927501290489
0.293666149646313
0.2973304292202749
0.2988747384987388
0.2999895894538987
0.3004921577469483
0.2995414514699729
0.2986449077312789
0.2962407416862512
0.2943444187586217
0.2934429969640302
0.29313855661359145
0.29398062485875515
0.2962521000318642
0.29812801468380734
0.30003693101204804
0.3010006011368819
0.30106056520849017
0.30159706998212454
0.3014369076158595
0.3011493005379892
0.29959918419021603
0.2992165420189691
0.2982090038156104
0.2974830305689131
0.2965437903212257
0.29732976989173177
0.2983109654062269
0.2993686853251946
0.29908939248720146
0.29794923089226644
0.2968977230050475
0.29454953908889986
0.2922008710328685
0.2913429015365817
0.29112807155375303
0.2906780020373877
0.2901945880479805
0.29007712661565555
0.2904222319704632
0.29022425055822937
0.28999727585841073
0.288404208120849
0.28673035568072336
0.284105485997273
0.28145911280663305
0.27982887596834843
0.27721636204647665
0.27583296386139233
0.27246664598333764
0.269565141944286
0.2676808892246012
0.2664011189888703
0.26458274432221657
0.2631153497735787
0.26214096118742847
0.2612304705071324
0.26166116336556866
0.2623529590040124
0.2632883620162603
0.262573778882896
0.2616127168316007
0.2606285908780074
0.2590436339119786
0.2587884537493467
0.2580122265163381
0.25783928153674307
0.2585254029476901
0.2599183330361317
0.2620660273528109
0.26330733319936234
0.2624385909452418
0.26309477238370316
0.2627341660311312
0.26278743236907215
0.2629026122622887
0.2636444301090589
0.2645250082638986
0.26496015948537754
0.2652869682587798
0.2649146740695095
0.26457521160438424
0.2628791819012163
0.26170905455167237
0.26130110501576137
0.2606091931142158
0.2621000256165895
0.2624887010745551
0.2636323083529409
0.2647723102225996
0.2653206576654833
0.26494423457826094
0.2644898851501911
0.2641506953496812
0.2626073602788865
0.2606759060252513
0.25947158132733594
0.25941133425026347
0.2605780872631321
0.2630886777101523
0.26540783638399124
0.2687468683467847
0.27221526093796455
0.27402579592474263
0.2744351825859074
0.2752554835168432
0.27518627083325564
0.27459547740012835
0.2746764273961181
0.2741748844313486
0.27461501029841406
0.27844450549334493
0.280504025304465
0.2829334506591942
0.28645817723717876
0.29061051150332096
0.2929532348276283
0.2934104195471988
0.2956229951215037
0.2972727356912492
0.2983274096606331
0.29989379009935574
0.30208673101148004
0.3032555407707026
0.3063542207219513
0.3090179613200858
0.3111088873909556
0.31293319025373506
0.31314528600959957
0.31342886058487396
0.31454853453291626
0.3154878827478155
0.3155173183753627
0.31690944679583166
0.318005363722058
0.31973233838588705
0.32074040714076685
0.32203896944427585
0.32247838620077807
0.32241475602205305
0.3219368164708825
0.3191501089668606
0.3179107695944542
0.3171074664635433
0.3165445350869576
0.31674891893879237
0.3190927172681529
0.3209073561516024
0.3220271096456748
0.32308244905959943
0.32254974861533653
0.3218871474668129
0.31952256647138816
0.3177982332394838
0.31456270600722835
0.31237908162607353
0.3121889256704812
0.3112391584948059
0.3112147732319613
0.3122820105210769
0.3138464390593391
0.31390839743399795
0.316371170434462
0.3169609802248364
0.3172532163247739
0.3165452527993763
0.3144936256456178
0.3133376543350562
0.3114246094854618
0.3104546705339009
0.3100943814386809
0.31006777016326975
0.3111374798926697
0.31155205395970686
0.3120675285110299
0.3132993346913887
0.31220985420418595
0.31197477877005547
0.3112964338276091
0.3105246424036393
0.30859616555823105
0.3069991467219982
0.30619913741100413
0.3061795385967914
0.3063724889751628
0.30725497105695154
0.30693880157415865
0.3073305921962611
0.3065590676889669
0.3057501661131153
0.3054394661325043
0.3048983928259624
0.30429311701197703
0.3032682864858903
0.3014313715178504
0.30040925026474635
0.29998886333664887
0.29959711237730213
0.29981943581829784
0.3007896862407847
0.301477039174074
0.30251229837478366
0.30294440165059144
0.30472910714170803
0.3049148318471471
0.30431402730648677
0.30414767148209165
0.30293906695099554
0.3006812552950059
0.3002104407966569
0.3002224690263887
0.29956593414982247
0.3006275063371406
0.3015613087507567
0.3031756050333455
0.3042338365286727
0.3053394505062241
0.30582808989372623
0.305980570014353
0.30540170604256345
0.30454255331325214
0.30297475291351794
0.30175308052550076
0.30147827382933395
0.30263973762102053
0.3030815289149755
0.30410134824293156
0.305209111678172
0.307918385313071
0.30925377804398146
0.31043954064574425
0.311512201882185
0.31157917161876847
0.31061899608729215
0.3103635396563068
0.31019630825578737
0.3106966906727115
0.31081430791189
0.31147063235877287
0.31254283364320384
0.31352354277619365
0.3165686577723426
0.3193116970791111
0.3199547721734437
0.32257595075149437
0.32315956435295856
0.323246045652601
0.32225921793432477
0.3208702875316115
0.3200487966388118
0.320655107937169
0.3208059557220909
0.32326431884856
0.32572234837883307
0.32718261790890996
0.32981933198597113
0.330567497837185
0.33031909560185807
0.3294228178386247
0.32822232725433076
0.32611885628608894
0.32451548888697235
0.32300438561217365
0.32273509195467637
0.3241674595814264
0.3259238971252703
0.3261511825125519
0.32770861960950776
0.32841332092773123
0.32840625246582694
0.3281753345099256
0.32805960819467955
0.32841250403444044
0.3277477315880462
0.32777801232138126
0.32850172089060375
0.32873690561977525
0.3311288891492324
0.33171787796487034
0.3326752306517982
0.33443972118854165
0.3346724206131827
0.3366988263323791
0.3369055675399316
0.33731726950930413
0.33642910591567315
0.33577653435066834
0.33434054714243083
0.33440266598574836
0.33475491580776884
0.334370464791938
0.33687941095896223
0.3383249839300516
0.3384915588307553
0.33712415526744577
0.33703567458239647
0.33563448781862165
0.33507074033405876
0.33413699116102313
0.33393034962867796
0.33429880879320883
0.3352865454244584
0.33600271887318767
0.3356940626222985
0.3361755835004181
0.33524841053532134
0.33490602216838206
0.3341522729695968
0.3332986110351056
0.33371688772564745
0.3331153162510371
0.3332269848111098
0.3330489990102104
0.3318190578667156
0.3314032154122034
0.3302098731355314
0.3287596345628011
0.32872687396736505
0.32858682929570593
0.3286307352607269
0.3287519854759157
0.3280843539142583
0.32268785046475634
0.3202933987609651
0.3168391183996394
0.31422031913698023
0.3155950131962955
0.3178449528206019
0.31921154170907584
0.32094799973375404
0.32250720344116524
0.32366790957043884
0.3245339224498546
0.32355112772157935
0.3209729353359725
0.3199523582795347
0.31928663990632894
0.3188310410177156
0.31838814435326124
0.3170745318550005
0.3164412725153335
0.31564365714851117
0.3139844999911129
0.3159091372762355
0.3160539534224588
0.3169388737722058
0.31726960620765576
0.31749163232788014
0.3174026881782372
0.3184997620583416
0.3186637406353209
0.3217337511152887
0.3222590828703111
0.3248337796128665
0.32671665700419394
0.32904025485962396
0.3307771346923903
0.33274689009891767
0.33455589720405726
0.33528086237696286
0.3370080166732111
0.33884228480530665
0.34086265427379303
0.3231894975003858
0.32335107183378087
0.3244665738549762
0.32539402463640305
0.32559233257016784
0.32535734569530467
0.32488486649250903
0.3233179847079297
0.32338589732898
0.32364841021260216
0.32480702440592457
0.32616242435406056
0.3283025717113103
0.3297062107140766
0.33133273666644864
0.33340932446830646
0.3341252188507878
0.3342090241671754
0.3342586012217338
0.3345437394176146
0.33486532395706453
0.33545010952763193
0.3364955688318979
0.3391712565454621
0.3414907814615919
0.3437802624868481
0.3447379316369911
0.3443331183614403
0.3436470755095648
0.34204891073233745
0.3420507158528478
0.339982424238439
0.33972434711432314
0.3414525828377514
0.3430214815624861
0.3448930963943353
0.34515212645176224
0.3455446628838116
0.3458958827357267
0.34447982629814283
0.34291008405219664
0.34255460765590495
0.3417466039081212
0.3427066131268075
0.343801854801152
0.34555293362934714
0.3468570841817204
0.3477944245135175
0.3476445277328134
0.3480739901114213
0.34659194488108397
0.3465902987155579
0.34511289656030397
0.3437211925173578
0.3446102527565291
0.34529934228671577
0.34831636147243533
0.35205374024082964
0.3534547530017233
0.3509156229569515
0.35005775806874917
0.3499402580445794
0.3499980527932542
0.35052044180960296
0.3505286985014048
0.35139272198468363
0.35165749897704346
0.35526850343039434
0.3586354508772351
0.3598469823711038
0.36297619063545256
0.364211505697601
0.365999238876347
0.3661153749896505
0.3655872166173295
0.3660470815746634
0.36699457364795723
0.3684063812713158
0.3699174539136634
0.3715069315699184
0.3736247907089604
0.3749527182799089
0.3754061942872845
0.3760665821978366
0.3764943775141626
0.3768609993999882
0.36664161185953287
0.36814733869113053
0.36830985837631025
0.36830931919555737
0.3690939150515923
0.36905125143839373
0.3700258561625965
0.3700718645437179
0.3702082919641558
0.3698771475807868
0.370179341381514
0.3722730751385631
0.3752406906075533
0.3771235541217308
0.37994924668764857
0.38086839467211947
0.38150639188234164
0.38115869344482683
0.38085687647380106
0.38022535066581065
0.3802594424646481
0.3803979975813549
0.38147477497266374
0.382024571612409
0.38206267109196707
0.3816730972819471
0.38309432083911227
0.3856540632201243
0.3860594576118714
0.3871052139741711
0.3870795082005235
0.3870825477886134
0.38635498068487134
0.3845485285354061
0.3844039116521978
0.38486809003855765
0.3847615679148103
0.3861776009522503
0.386078346010405
0.3827879686369469
0.38198639251247857
0.38049997815697656
0.379153638149764
0.37924977302730856
0.3783566831777631
0.3780608410776527
0.3774341093834615
0.3773720180024175
0.37617367846803357
0.37588369601513466
0.37561764479843546
0.3756076595076286
0.37482391087231265
0.37513492469677734
0.37484894384448003
0.3741242338134344
0.37514596213839607
0.37473039925261575
0.3748820339194979
0.37306548064736206
0.37292925847147607
0.3723609464468607
0.37127857983180607
0.3717392081375133
0.3714283185892527
0.3700030993399354
0.36833715460599803
0.36671968012789613
0.3656795081916514
0.3655041355508807
0.36526944043865367
0.3663646010533252
0.36694964274025993
0.3670206271802159
0.3662282362614786
0.36551139372825864
0.3625581468705901
0.35983211393617953
0.3585819775264726
0.3575603261224737
0.3579532024553736
0.35774447551103306
0.35801996210794956
0.3590584247718371
0.3582982115969107
0.3586953907018483
0.3572042983793216
0.35477600400028975
0.35450968850310827
0.3538128975108351
0.35314900195844434
0.35332462578334367
0.3541962122840971
0.3530973562864044
0.35294432898267064
0.35112770351838973
0.34802285553453327
0.34542240953820136
0.3446075002127584
0.3434143451493181
0.34265189307341876
0.3427245273006985
0.3439247774391388
0.3446291084528971
0.34523188788578385
0.3447716993864122
0.3439105848517375
0.34208815493489836
0.34027465283770825
0.33891146163794345
0.3376152333371882
0.33586060392389055
0.33683677538711204
0.3378650526935889
0.33830973999412955
0.3396738671335886
0.34015955764605743
0.34116652997541064
0.3407434776309629
0.3396845663545351
0.3389043887304789
0.33847319609599935
0.338068292290448
0.33781946382004674
0.3378215802374292
0.3376587030199382
0.33715908292784325
0.3372679258670684
0.3367029502878912
0.33629037762428077
0.33685932904601257
0.3374167945088301
0.33791672574303117
0.3383322718800683
0.3375187964763891
0.3369627965590333
0.33648289540722476
0.33463613686694016
0.3342857189773797
0.3343134824321394
0.33452909151131077
0.33535221772417984
0.3366409817279045
0.33724405517286893
0.3391999513199611
0.33977721664948046
0.3399268286838072
0.33807882550385493
0.33738443630994025
0.3358423747938985
0.3346281388632727
0.3336617245802427
0.3332706162907853
0.3326907399471618
0.3327328948866473
0.3315947350106113
0.33188489214413963
0.33212298046757477
0.3317518732021579
0.33148973828694445
0.3317005859849619
0.33178664441038347
0.3314349946183511
0.33054354325637963
0.3285429148594481
0.3269897021987671
0.32609293913801596
0.32573151908202297
0.3252664104622258
0.32510746350825453
0.3244260176485796
0.3249136159404398
0.3250795921622761
0.3240809212949764
0.3237444544439111
0.3221297104081442
0.3205679719735378
0.3190080319415861
0.3191386478782878
0.3186357001731531
0.31923348687767206
0.3202687428745309
0.3197567684178502
0.3194079013338168
0.31869179574692025
0.3166858819179578
0.31520882689135477
0.3144324558283582
0.3152060034939683
0.3169517440115839
0.31956115402048385
0.3207328994970115
0.32150048378513535
0.3218234015017328
0.3217916474894215
0.3206220454987548
0.32050707906715864
0.3190089708169318
0.31870720500358063
0.3191707514925509
0.3196015162514689
0.3204609702029454
0.3208475954947306
0.3213759365752819
0.3208815743569698
0.3202817488021425
0.32048989595269817
0.32096407859141374
0.3207544444273338
0.3211958197000627
0.3203625797746095
0.31942756046011167
0.3192998686798276
0.3181741879476332
0.3160369220430871
0.31613826912119924
0.31576034278115983
0.31636043739555536
0.31780332823162294
0.3193000521970844
0.32040450697585776
0.320808028766282
0.31940334209368587
0.31755090870600194
0.3171764391592937
0.31518740771302833
0.3148544331509082
0.3152050640730992
0.31617193943822486
0.3165009846407626
0.31751428880494464
0.3200199192735059
0.32115621717973175
0.32266024279612376
0.32314550810158904
0.32372316437723897
0.3233435437587305
0.3232968459478808
0.32230113246584136
0.32307809702803214
0.3222438080347031
0.32289231688819536
0.3230249407421565
0.32340131705471736
0.3251914576025011
0.32750769132156593
0.328150882740602
0.32976709152347183
0.33065267008570143
0.3301632397614103
0.32969758380841174
0.32859665234550134
0.32781331499929167
0.3266730118404897
0.32691000415363347
0.3274538486812138
0.32936010243795055
0.3307899838903921
0.33155557297574373
0.3310505602890773
0.33089032388331774
0.3303259795474805
0.3292779545075183
0.32850252809374275
0.3267009087555127
0.3268814386717073
0.32683305229843335
0.3270993375322155
0.32844947506000255
0.3293075790512543
0.3299325914687393
0.3275733647221365
0.326098642678598
0.32336381517303764
0.3214032865931456
0.32090344456584385
0.31985905657292407
0.3207125305043204
0.3212153774965848
0.3235484720115772
0.3254738290259333
0.3263753087394442
0.3265939029465589
0.3259168515056471
0.32546040650319336
0.3235722682854506
0.3222345215864285
0.32227758431087716
0.3236771848156575
0.32457550429944676
0.326320978920767
0.32674011638504796
0.32854714572255206
0.3293321118687476
0.3300141477984324
0.32899536308178096
0.3287952164827475
0.3282759044206256
0.3281498145329804
0.32839541859523
0.32906621063083064
0.3309102190534385
0.33097700720641854
0.33217076056800415
0.3315873337479578
0.33146628521900584
0.3313036858468713
0.3311553208972806
0.3308915947244468
0.33154207704354105
0.3310126091595611
0.3295770434082859
0.32851925665516946
0.3265614043729895
0.3263797898161893
0.32442104326113486
0.32353612402406096
0.32354763910196727
0.3245673093534621
0.32564091682867125
0.3255564739898797
0.32569272370868807
0.3243158157373411
0.32311461921192725
0.32139772933072036
0.3195224969169136
0.3187809479121933
0.317428262252108
0.3154975649898457
0.31545201782800436
0.31574377000238946
0.3170660090090761
0.31726727134903376
0.3174967832002958
0.3167616249575319
0.3162237387313308
0.31513215945104406
0.31389361233455837
0.3131655257159523
0.31333773625387934
0.3127230043294752
0.312656036643355
0.31299671996445266
0.31297688238937965
0.3137592698406438
0.3144155459087397
0.31380000087783044
0.31548702178249
0.315197834412022
0.31522296240909947
0.3142029558527504
0.3142626878221078
0.3127317634260251
0.3118679049433456
0.3110858657207344
0.3106627963369098
0.31196306326361417
0.31369394444251286
0.3154712395496642
0.3169473780010535
0.3174032142010027
0.31753588636686947
0.3174156959255655
0.31674424198369944
0.31663128968957654
0.3165637403829779
0.3167611451712721
0.3175891007168939
0.32052608938998034
0.322597898199321
0.3164280279954357
0.3135996389114088
0.317454752920613
0.3173649379400534
0.31666563734694647
0.3159980582064863
0.3146705658671709
0.31350131232326406
0.3124862943884982
0.31348919545182224
0.3138364297828672
0.3170777336175993
0.31841794908624604
0.3209235514791434
0.32228344055524805
0.32200704811383446
0.32256033176849497
0.32257699516136595
0.32297620876536537
0.3234739835439894
0.32543239396610624
0.32784017510622254
0.3287638753449303
0.33082568317065136
0.33069136909096136
0.329958651849395
0.3277998538013096
0.3259663225428294
0.32539706284400777
0.32557888193635176
0.3263633135024005
0.32890443480273807
0.3295384855185436
0.33153947284161933
0.3324152963099706
0.3329841736130394
0.332435548011582
0.3301913191762198
0.32690101704252184
0.3242395707786587
0.3239873525175516
0.3245475540869985
0.3267823836726721
0.32840494392662944
0.32935205775326065
0.3311477378452831
0.3320667914509655
0.33184776222797235
0.33196348765916917
0.32980691855902844
0.32878722844774744
0.3273410970263225
0.32850587936135806
0.3291000099354714
0.3311336227257555
0.33336652436545766
0.3344288012460194
0.33502299378820116
0.33469963290343296
0.3338312299149039
0.33301400993888175
0.332263852649689
0.3319795405472175
0.33137126123316685
0.33168993878774583
0.3331884128710203
0.3348665663596432
0.33791087731342034
0.33957064148475047
0.339838648612067
0.3382395025894357
0.33768359359712424
0.3364474974284249
0.33534286786917067
0.33496500501228677
0.3356205153250932
0.33663116216934746
0.33822162065541583
0.33994980286657617
0.341917275003789
0.3442937920815239
0.34544830447231645
0.34641689994738467
0.3452448934541058
0.34343297556733715
0.34255286745367997
0.34004002883495643
0.34017602916336426
0.3409896298353269
0.3415415011538552
0.3434524331059877
0.34493210665971114
0.3476335742527298
0.34959340566678127
0.3495623445131078
0.34912521408940156
0.3473107965881876
0.347079645252124
0.3452193433205326
0.34478346402948323
0.3450816013621015
0.34662129702894345
0.34848399130720636
0.35026618401054266
0.35237941214143287
0.3535776338138554
0.35380657522929193
0.3524378650007366
0.35033137517912444
0.3486929523348462
0.3467644789088488
0.3463380915550414
0.34655968230700757
0.34814299865995346
0.34967862140005634
0.35188835822175973
0.35256187209051515
0.35289241239434055
0.3530834890859931
0.35166901689252755
0.3505477608308753
0.34956813436657075
0.35019572000677707
0.350688314168859
0.35417071055961435
0.3551804042537035
0.35718435960389094
0.35772214165658645
0.35796208779925276
0.3576450214890946
0.357327603637278
0.3572462092127802
0.35538139343061687
0.3553115461387554
0.3554818041665409
0.356875049901904
0.35846953626177347
0.3591974997016645
0.36026033168490407
0.36101033779527875
0.3625287746533885
0.3633468139626577
0.36397864590882756
0.36423498532173354
0.36262428053733947
0.36182870497583836
0.3608752013890549
0.3597647643022025
0.3605836454194256
0.3605346962743625
0.36101843534069733
0.3608154745750485
0.36019582943047385
0.3605919031723876
0.35978332690076387
0.35682559510734063
0.35330768526347567
0.3519047565679718
0.3472007173306929
0.3432940748282504
0.33870717540756473
0.3354785533457133
0.334919999707176
0.33322156568949374
0.33358545499559694
0.333803736495014
0.3349262102450242
0.3357417830940947
0.336466659835733
0.3354766930523679
0.33454847679918365
0.3323197673733491
0.3322042064271774
0.33142077592555885
0.32941571465291164
0.32883254144418217
0.3288389678282833
0.3300653532984399
0.3312486969376557
0.3345537829956006
0.33729886011422483
0.33998225588476216
0.34124435641919926
0.34325780795032956
0.34433231143128973
0.3452927475835478
0.346228073899027
0.3474697560384227
0.3503823637069698
0.3523473149786994
0.3546975515936025
0.35721287335249363
0.3583854102548144
0.3590618142566893
0.3592516310176039
0.3599318520835663
0.3620271968824048
0.3636637584150293
0.3662505484339198
0.3679221136542738
0.3689567154960078
0.37008593576098925
0.3716028121060744
0.37331476458339685
0.374668140351322
0.37577221048034803
0.3784482390929439
0.380166310436724
0.3804652078967926
0.3820195247751798
0.3822600354572763
0.38204402283733596
0.38338101843234806
0.38369796967482833
0.38477882627102555
0.384399157094533
0.383444316502959
0.38357505058439434
0.3823520266385646
0.3819854295054107
0.3820264928530951
0.3811159855532546
0.3825557445976023
0.32437037412178354
0.31242583596850415
0.32014760078407595
0.31858018299207036
0.31715988142529683
0.3147075738204249
0.31456489553003514
0.31362663416118874
0.31281703072101097
0.3137256027692862
0.31350717111739346
0.3127374779850186
0.3112759344468759
0.3101049088247025
0.3082902415616342
0.3086410761628104
0.30766384149360954
0.30708510618702106
0.30843268270896185
0.3084443585358014
0.3108296616249102
0.31133901605695935
0.3109751739839101
0.3092748482910901
0.30748271311953507
0.30553546212123617
0.3047954275629917
0.30585905512972195
0.3057749240956782
0.306129285346932
0.3070834991784488
0.30695699460934994
0.3068363006060689
0.3056527014311147
0.3049852883791643
0.3042443472908182
0.3033076280702828
0.303857484887178
0.30422970503723573
0.3062002578804095
0.3068334750288896
0.3074430352507104
0.307297315412329
0.3081478213026661
0.3083691967773218
0.3085725775330074
0.30894378575577164
0.30886851034564355
0.30866830111058846
0.3091582505294929
0.308527713940365
0.30758372197570316
0.30664400684051946
0.3060091552749773
0.3056408272909201
0.30524361233037617
0.3036539049772136
0.3019708661320305
0.3006752547277303
0.2982388568093481
0.29643016087934415
0.2930497097351316
0.29201064292728535
0.2905785447425191
0.29069449196690966
0.2909859222894488
0.2919986275534905
0.29203921986023235
0.2917756372627049
0.2911904743095275
0.288883474431127
0.28860134938434256
0.28822880243198307
0.2876786759713504
0.2875990137133025
0.28861914375649644
0.2894532505117305
0.29022759725944275
0.2910890204404436
0.2903772612874772
0.2891871877622382
0.2858631803832791
0.28429811685736545
0.2813902525503006
0.2799950119413964
0.27968984629389976
0.27952989129400746
0.27930997630693716
0.27922639611672556
0.27866359948348846
0.27691423438664353
0.2737917678303293
0.27236598971099724
0.2681270862685749
0.26494836486991324
0.2612048663616603
0.25792717751555605
0.2560280549894284
0.254544616863377
0.25385939934919977
0.25253779891023564
0.25056581720625093
0.24897423817213654
0.2467494085318705
0.24306003939576018
0.24035942731025933
0.23562855162460736
0.23037170534840343
0.22728155486573218
0.22339374625140565
0.22051304084359807
0.2181767345946485
0.2175068196840642
0.21696076113508456
0.216163262109824
0.21459126992177163
0.21227592219373528
0.2107531884271495
0.20902139046134355
0.20703227865609652
0.20588821716135564
0.20468357655980096
0.20403063942366662
0.20461546487851115
0.20559540912548643
0.20580369252883896
0.20490303349584754
0.20457975784430812
0.2021626021220558
0.199683190672848
0.1968979162552206
0.19441028945280273
0.19384307794829758
0.19344770873079298
0.19410429373672677
0.19496864107005565
0.19510802528722127
0.1953478532300605
0.19457172260763575
0.19325271583742876
0.1912580279536996
0.18875737506277934
0.18795248382398838
0.18556072123225315
0.18444684388531485
0.1840318006099393
0.18442614808000973
0.1852352605472913
0.18557337726328574
0.18578974041721272
0.18521842165966945
0.18388929546024854
0.18214632467918185
0.1820472969710015
0.18062887827360097
0.18030843781493006
0.18213612309305335
0.1829291409332976
0.1840275807615259
0.1836644311530786
0.18281636306239255
0.17985229005261116
0.1760731720733465
0.1729865475934626
0.1710880631987372
0.1708442113345822
0.17221405189284672
0.17281822076372994
0.1739666792412105
0.17360751633745877
0.17252634521526905
0.17166471948689555
0.1695688339723656
0.16703226698678092
0.16627177646280974
0.1643467109173329
0.16370653736156923
0.16415196926136552
0.16549700625953692
0.16687532607518882
0.16626865102208127
0.16483310863366923
0.16296455854991185
0.1616690930010729
0.15996747516589027
0.1601417409817067
0.1600261831953766
0.16092168288139505
0.16088829664049076
0.16289413311982817
0.16419417278855092
0.16504014101001507
0.1634652631581952
0.16251174830930792
0.1596543743493912
0.15945667476478168
0.1582530222565252
0.15903047400391165
0.1586955122693996
0.16031447412443417
0.1608433307422184
0.1611679378303109
0.16115635856240884
0.16035839666307125
0.15983850583622244
0.15720928880726695
0.1556894107835372
0.1550106543889003
0.1564001748888056
0.15649594883522572
0.15684176651327525
0.15787655603030495
0.15754484894773121
0.1571447188706695
0.153659496994886
0.1527276606332164
0.14985391159328693
0.14863001067683498
0.14861226107005104
0.1495162464057252
0.15248519681912395
0.15433413893482043
0.15558901988974239
0.15584927443188049
0.15497165015229591
0.1544912194697169
0.15447541108152643
0.1538954149449935
0.15390219024498056
0.15418902194192324
0.15470396589516427
0.15577143123001364
0.1564611098198701
0.15713187728399586
0.15667414875453006
0.15596497924170505
0.1549454665578386
0.15363276109679513
0.15161829930839033
0.15034428904772673
0.149921678909063
0.15025503401474188
0.14951444502021513
0.14973362772257887
0.14943779180011635
0.14883469399129967
0.14931251612848018
0.14968172630132592
0.1518050051994369
0.1525729543716046
