0.20379213036583352
0.20378557498202543
0.2036214180681762
0.2004293359123157
0.1968624464318415
0.19210452179412302
0.19023338193161649
0.18920437274942753
0.18949173608434322
0.1912916540706398
0.1919693423778262
0.1913382453083899
0.1892045060499784
0.17718247487834457
0.17143388148442423
0.1676310662835001
0.16745913836303433
0.1682502927717321
0.17043607126141036
0.1704762932887534
0.17416042295459738
0.171791403485995
0.16805995346412703
0.16412247070995695
0.15995587432819375
0.15662551158566887
0.1543356032639749
0.15298234941491992
0.1531851708577247
0.15274635196076108
0.15343555005852655
0.15322465690350354
0.15183821313121676
0.15027665949831187
0.14655171580188672
0.1457485198733139
0.14503911261952845
0.14595099176748633
0.14657570622776384
0.14788957821483698
0.14889611712730216
0.14963970390000192
0.14976348215034957
0.15112146228839018
0.15027050608378892
0.150790080280951
0.15025575175192943
0.15245431419406802
0.1548545394785747
0.15538799546460744
0.15521862211025544
0.15619818631425664
0.15757909940876413
0.1580494244206017
0.15704687409299598
0.15820705892489834
0.15754119486006282
0.15718936454908727
0.15846171480836618
0.15753957410512448
0.15727566427156653
0.15550515051304253
0.15302178446195863
0.1533291521822425
0.15146148685304398
0.15101292848674028
0.14961437900354438
0.15018912678695623
0.1527823613295941
0.15513119392980582
0.15854412451919847
0.1590841375624429
0.15835791253234274
0.1603522652204424
0.16093517358489415
0.16271018263352297
0.16442030202914523
0.1635203890596739
0.1625624037213271
0.16274887673150862
0.16178669067070267
0.16145178373695673
0.16040026128347984
0.16104951756309088
0.16254236774444458
0.16277554265525843
0.16376570993114808
0.16513492184610276
0.16782446217989785
0.1687289794838309
0.17012552119929375
0.17150927598671156
0.17499478971627086
0.17794449355465317
0.17968458375849244
0.18411814112918531
0.1858049983676629
0.18502276700123058
0.18191075493517408
0.17740228100246885
0.17301594161719386
0.17163258456404312
0.17077594954956593
0.16865119175504578
0.16892131269483973
0.16579885515590073
0.16475487185778181
0.16515281660669517
0.1672118636507392
0.16905876489775734
0.16981628511795563
0.1696849187830831
0.1678386031742994
0.1660902742539915
0.1634510251361866
0.16257502634916637
0.15999794610366344
0.1587561051252669
0.16145901674437754
0.16272485366334488
0.16449637624356914
0.16809583178193435
0.17046492211308037
0.1739870302712822
0.17336533562167533
0.17592763532036643
0.17354485645144227
0.17265749444928796
0.16984526109325299
0.16953175228338763
0.1618933251336612
0.16237680968052234
0.15899816514091958
0.1589405614086114
0.15932580766970053
0.16089814655030377
0.1628331870277379
0.16385509448737726
0.16344446255225573
0.16435549191861606
0.1641248029721472
0.16370365781923446
0.16210431894413796
0.1618218598055196
0.16326374087704504
0.16195317411792778
0.16230299559133327
0.16240771916285232
0.16048710661528054
0.15826997607899954
0.15306689105373797
0.14896585341973215
0.14964690144739717
0.14963394636255364
0.14979242554046973
0.15125122356287785
0.15243700888157408
0.15262513790561813
0.1500091260848087
0.14838851697495814
0.14665387505695865
0.14532316124369982
0.14539189031030786
0.14653415948974996
0.15078001192476134
0.1550731812383405
0.158300639959701
0.16128300123966444
0.16200182087873355
0.1628278791426255
0.16213895565041067
0.16056086477543777
0.15885278166781938
0.1580131770474882
0.1572839096786351
0.1576364720179365
0.15681746369700242
0.15959147233815227
0.162090192628415
0.16222708804074687
0.16176440972885642
0.15895663257321752
0.1584476200075973
0.15724425737966746
0.1548933073631497
0.15318751125563845
0.15075329839975438
0.15055508457218808
0.1478900746093265
0.14710163191513898
0.14623657601559806
0.14390410796033984
0.14269064940849413
0.14324074829899863
0.14299942817791597
0.14468781119209004
0.1463059839337131
0.14882629600930844
0.15222566989197883
0.15811353492649638
0.1608408401488473
0.16610956469178917
0.16735384511342474
0.167382100619718
0.16387706029295984
0.1617596932567687
0.1568902955964043
0.1557137653670593
0.1557332383956111
0.1569123923452583
0.15730124236838272
0.15822921752356384
0.15694659526935217
0.1564499786656407
0.15646295299061402
0.15583778395261882
0.15632647721351323
0.15874326986500215
0.15967278106096888
0.1606329081392445
0.16154555594525402
0.1626679073312681
0.16379743501611235
0.16407887584707126
0.16351290023960302
0.16236665165384143
0.16371685184579357
0.16710061151303002
0.17013929786072374
0.17186019954727388
0.17362701168598374
0.17256834751957695
0.16902135629107953
0.16638743057063032
0.16573288070779
0.1647288677107826
0.16457088882756768
0.16410256118524988
0.1651240226001936
0.1676876039357925
0.170769295033324
0.17510129954237216
0.1765098983983696
0.17420749634810767
0.17506570368688248
0.17502272530837032
0.17419879211982467
0.17081791197456705
0.17004589086072322
0.16945456255385904
0.17047338482314564
0.16962795346100876
0.1699256477953594
0.17116542512144986
0.17214702933966955
0.17310117244627654
0.17305483037752728
0.17360211083014174
0.17467518474403984
0.17525970571535654
0.17466432460940032
0.17315335872665139
0.17146674314518506
0.17163067955991584
0.17103857344796983
0.17412952582523436
0.17503447246163556
0.17771846884906153
0.18058265618114233
0.18207947485553996
0.18335049836488435
0.18285076437970185
0.18338458095177684
0.18396150345575943
0.18385279071380112
0.1818373226841139
0.1820095190236116
0.1802125862486578
0.18002129461019828
0.18124987472790194
0.1808973848733891
0.18088116779456587
0.18286441574035323
0.1847774346461875
0.1869810748497544
0.1883297126759448
0.18873607955379496
0.18816502636339053
0.18379036390557688
0.17835685053366662
0.175502149069393
0.16969867365979857
0.16497271969822117
0.16274698544065108
0.15958963333051004
0.1601681088318899
0.16217572205010916
0.16394772788694462
0.16529332099353908
0.1678366028590334
0.16858073123875494
0.1671105711996959
0.1657646427357333
0.16414091616348805
0.16289339542196196
0.16163247286419846
0.16228699087492698
0.15968835047923335
0.15846666097108175
0.15763715201459463
0.1563604783118138
0.1555084160403574
0.15483652233282458
0.15495353631891465
0.1546181868377711
0.1533241769376012
0.15231905078479563
0.15138610315898343
0.15061428525498993
0.15051959729023479
0.14880813223282907
0.14626271506369734
0.1450727802342395
0.14348506675403233
0.1444732099098121
0.14348776554772402
0.1474084728545622
0.1470207015283938
0.14818489630517165
0.15151954956547858
0.15251358431402598
0.1527854160980114
0.15245575863536168
0.1527628288609308
0.1502659865814378
0.14912749242069667
0.14976292792615736
0.1471468746213615
0.14535939768587275
0.14474487833566413
0.14362393538067483
0.14342129732934522
0.14259137197693467
0.14179695435068476
0.14074387151829262
0.14226419163630294
0.1433934400977534
0.14724939104827944
0.14796625919603673
0.14995254280332845
0.15111572533110024
0.15603217553798343
0.15636676130000166
0.15903976066610584
0.16143927878699865
0.16513121378112272
0.16864864692727216
0.17144656321914414
0.1730996569057836
0.17357131001261777
0.1712765973552493
0.17006275383724673
0.16783560050288723
0.16453160702307434
0.16459677444903048
0.16511319612538528
0.16635560995311963
0.1658601235938904
0.16606872548547194
0.16546771318957051
0.16543819858022749
0.16410468348138757
0.15994352414416338
0.1578002738312239
0.15802195210656514
0.15899161781080154
0.15914256736122498
0.16224211302650532
0.16595939751631397
0.16762020403939365
0.16884242078073955
0.1680624302307505
0.16845103627058058
0.1700247413318195
0.17040208035089585
0.17321469163569908
0.1749284796904051
0.17768022878802395
0.17805894168642583
0.1812064377083595
0.18112603580486208
0.17955875253740033
0.18241581938698812
0.18357675726262926
0.18445376980114178
0.18408782870797116
0.18614466879929256
0.18539382143868338
0.18396886711152088
0.18382777369976513
0.18709393412159242
0.1854020121091915
0.18812652113973105
0.1901027096928127
0.18885047994638532
0.190041294673355
0.1846979932224525
0.18613129123405686
0.1855736217148231
0.1867843140868242
0.18911588456918413
0.18818666960625136
0.1902999247027271
0.19059063165381038
0.1951686528064808
0.19896830032891935
0.16934573227138405
0.16982376408659092
0.16872084938824206
0.1676155717446859
0.164628171203755
0.1636903785535851
0.16351583671870526
0.16374587641436894
0.16475937112911987
0.16619251347083905
0.169034157920973
0.17322484135463262
0.17554627624588642
0.1798263689141151
0.18259077640267188
0.186063791741342
0.18782678780910975
0.19110112930688444
0.19294564572313266
0.19793920682159633
0.20000446670046346
0.20121812187676805
0.20043745334462332
0.20231035244784418
0.20420599550009202
0.2045555549429981
0.20555543091225234
0.2062065514513943
0.20633847313647338
0.2056531662488834
0.20390260225821155
0.2021523752124605
0.202238805132977
0.20174821259062395
0.1987923649202303
0.19752171332327695
0.19618705317927046
0.19471998425821704
0.19470850174031293
0.19479694990482818
0.19564530160005128
0.1961904785187436
0.19546342345385842
0.19479168304452993
0.19348062375885372
0.19204933146578657
0.1900196446088326
0.18961905128481008
0.18721142506943886
0.18311696116604786
0.1815386835580817
0.1807304541162238
0.18026378165566967
0.17893837686713063
0.178244172540698
0.17888737557413573
0.17839218592789127
0.1801157379346633
0.18150474470059125
0.17986726440983078
0.1773887029422702
0.17637666004892832
0.1781952537575592
0.18006780792046068
0.18198067904609397
0.18338040101342667
0.18509111393123706
0.18786019752933836
0.1878924805534436
0.18670467076387637
0.18496303866802027
0.1847306934027831
0.18517870476568735
0.18584021913882695
0.18616662719279903
0.18345094750608973
0.18188490067961421
0.18123791272093162
0.17945133875360453
0.18085166256918658
0.18151970576645127
0.18487357383118952
0.18712429888729376
0.18937399087102885
0.19217007116721949
0.19657780795144789
0.19902780405336423
0.19974860693324528
0.20013408437914043
0.1993057334861374
0.19925038568214126
0.19907511054057653
0.198619894507581
0.19794332715192015
0.19966544691546645
0.19914352769854377
0.20254726516108815
0.20389800411841913
0.2044109712266827
0.20528504533587041
0.2070109127970461
0.20928902155128554
0.2071737995451889
0.20661491886551495
0.20200169345132832
0.20046111001228892
0.19822123807905828
0.19360345815899613
0.1911014961575869
0.18865486082377209
0.18586704303544202
0.1853046321627968
0.18430763194994706
0.18297633455015266
0.17976829685811796
0.17775709808072887
0.17297693850726029
0.17017451720317667
0.167661221883153
0.16376977415558994
0.16186691209462767
0.16099780894358012
0.15991660995435222
0.15919495695298644
0.15886700269697826
0.15726046628080692
0.15545415169699467
0.1536397196279304
0.15348109095193094
0.15349651605779827
0.15310478958695128
0.15519278988246296
0.15045639854004655
0.15095809071023122
0.15267175386428466
0.1536009821074221
0.15356276194001808
0.15347821080908416
0.1531247011747761
0.15294875076752007
0.15269096689836908
0.15121503480468818
0.14929912355684044
0.1490736558511762
0.14867717776464984
0.14982212804847328
0.15046335194502009
0.15043400280767777
0.15449920916440205
0.15340269958739944
0.15258224167509193
0.1513129253951091
0.14840670975294432
0.14800322370698543
0.1470421258397551
0.14469885724619275
0.1434443292504861
0.14287355763645881
0.14278006317909303
0.14060526892887193
0.13977411223486855
0.13899992542490605
0.13598953200228783
0.13212589370101413
0.13039761104381348
0.1304695834697164
0.13028711531627682
0.13059394705711358
0.13145227187364789
0.13104363989573944
0.13103187756252802
0.13006669006903798
0.12983458042125293
0.1294232454958749
0.12830379630594713
0.12573501529689604
0.12157479892057357
0.12031394991515762
0.11654789678330839
0.11507451258867865
0.11417135185771114
0.11428733533573525
0.11490532848274773
0.11491634982684448
0.11534256099398932
0.11872910221367008
0.12130183933716612
0.12201156122467323
0.1214889539473086
0.12354467922968068
0.1256063030656599
0.12690413196123423
0.1274482589458425
0.12904597084140967
0.1280292330082869
0.12777233561039564
0.12881830716675532
0.13012731378533143
0.13038988563432366
0.13044598598251755
0.132647765497048
0.13277292304797356
0.13504901389635632
0.136526022485527
0.13543054452169717
0.13630651634790217
0.1340902989619719
0.13328638231955328
0.13336371885079107
0.1298009718821407
0.1235621772678523
0.11654327276321481
0.11273509015027279
0.10968907756516129
0.10876304672866913
0.10790968608329865
0.10716135876459032
0.10770646289026224
0.10925233375526149
0.11453523660747525
0.11666640447975032
0.11976456249600334
0.12476851481103526
0.12649412188553996
0.13080255823592057
0.13282349060071647
0.13081950701229794
0.1265345047536566
0.12114986515628881
0.1173219696902448
0.1139333065075101
0.1054850242062344
0.10375541621957521
0.1012671055043485
0.10005339458862592
0.09852186368562957
0.09767412553198965
0.09932798946755836
0.10238442867247835
0.10543850100530153
0.11021677865572096
0.11272703511999878
0.12010967445682974
0.12313492527517436
0.13414399348039693
0.13675282679581466
0.14278235846183382
0.1463376142498959
0.14708925293359937
0.14602693090285326
0.1444682770027952
0.14138408646493555
0.1393050422502451
0.13701662083547675
0.13446505888628105
0.13323881134180754
0.1327669916404823
0.133296320087861
0.13449629466929414
0.13389162552893494
0.1323894817934816
0.13048665763105288
0.12971458220929205
0.1275952251925435
0.1263248246010656
0.12731721727031017
0.12749600306924103
0.12648621270174457
0.1257017852736266
0.12240553617888435
0.12089091785705972
0.12135526515622615
0.12106320158333242
0.12157813923006269
0.12181750653023579
0.12277841151979327
0.12364573947341931
0.12612113777909154
0.1296514274801227
0.13388315886440455
0.1370458183976348
0.1358345471714821
0.13445202095804784
0.1338555570729864
0.13389798201867595
0.13383617814186605
0.13534492911765783
0.1367130176441783
0.135890266984552
0.13607569419829169
0.13836641345236872
0.14089983787649002
0.14213445049151144
0.14202741022638407
0.1420445921241526
0.1418594581151031
0.1410255963933089
0.14036509622345386
0.1378725863439063
0.1371313184019977
0.13889864906387234
0.1415755503229555
0.1447443488391072
0.14572795378610665
0.14642405851183915
0.1483780288687518
0.15232796610842206
0.1539254424116186
0.1546898991405383
0.1543777619246151
0.15632035209634626
0.1559241381889853
0.1555807605404929
0.15583973245468444
0.15583116973930738
0.15338315476473502
0.1531404181405978
0.15343468216196515
0.1531547668137226
0.15391940173237956
0.15513536951054313
0.1571772447282019
0.158481986920754
0.1600595574145703
0.16030273385459487
0.15921168760183077
0.15855582491558456
0.15961483361894702
0.16218028509709775
0.1636834836219936
0.16618369927644303
0.1684717965838657
0.1707980117781884
0.17174906458656863
0.17101975009700748
0.17005991425283415
0.1697098376685821
0.16522907337606058
0.16160412359358536
0.15844361828571668
0.15634415923864062
0.1513163566248046
0.1481442954761621
0.14815594649378103
0.14796544568429726
0.14785240955552217
0.14946261858029855
0.1488600189674376
0.14882720803129043
0.1497086837399882
0.15381915087139528
0.15780275945375538
0.15819062881774468
0.1565781574159093
0.1574324037924743
0.15787401766518588
0.159621530565581
0.16051472584182738
0.16284970726627726
0.16662060724764777
0.1672118066023804
0.1669513668670311
0.1679784759981093
0.16832372267342555
0.16691914143847048
0.1642178182785143
0.16403313210159648
0.1651437420585526
0.16543719108483754
0.16395858584795311
0.16447584109646177
0.16271681335341262
0.16133929573521505
0.1595315961278505
0.15746015283690326
0.1546065928231411
0.1512435232877188
0.15159107366287095
0.1515398136993986
0.14969615692139568
0.15038989325072152
0.15102011924153852
0.14850953704835484
0.14740267515807592
0.14492367124812316
0.14031804248215302
0.13932679041938384
0.13728348058289522
0.13800939160464404
0.1381519361921913
0.14047991319431935
0.14237227102897537
0.14474206295189865
0.14652860837192463
0.14827832833795296
0.15057853417058512
0.1524930237195374
0.15157890726031847
0.1521985115373662
0.15135194550837805
0.15058185227106927
0.1492050371567337
0.14967877679727012
0.14929753768211262
0.14855152294878207
0.14720682850062516
0.14755046094269272
0.14897650646369273
0.14758425229794542
0.14606201949826741
0.14616473620766857
0.14769755922680156
0.14920274116507592
0.15235586919365804
0.15285064786437655
0.1546222199034257
0.15543938120063627
0.1570995834281913
0.1591338248112864
0.15914672338924624
0.15904268984748826
0.16154212783841126
0.1615951978579071
0.1632830996953462
0.1654042199683081
0.17033904398842337
0.17253172139241074
0.17332591522370427
0.17429984444230168
0.17276058184187346
0.17281428122634063
0.17201190703494124
0.1698306484381938
0.16666024437977664
0.1641081712826255
0.16524741747217808
0.16495291877067692
0.1646866292995265
0.16466334126263965
0.16562556239467713
0.16578544786689287
0.1672530655017973
0.16903243079827227
0.16824957073273017
0.16566435846754518
0.16475177791767512
0.16068085672137739
0.1563899426201223
0.15781181321625598
0.1575182901360834
0.16096311537858826
0.16237727907290977
0.16189710164007406
0.160221049105913
0.15805087613664232
0.1578822368387682
0.15726140298621558
0.15638987986618197
0.15584627392829414
0.15556979672265642
0.15674925827894715
0.16042205679206528
0.16149073245029644
0.16207265155641154
0.16127139530489637
0.15644648339548856
0.15450812376673762
0.15279399867536272
0.15124791925047854
0.1516316984830561
0.15255194133858369
0.15565016144088498
0.1565064976145696
0.1587905795032542
0.1604277968192343
0.16176704901080566
0.16722012026849792
0.16839351369792005
0.17179541266946158
0.17520737248105006
0.1785526015777751
0.181125078681797
0.18616003035153025
0.1890685641595506
0.1917832400486703
0.19306246879255512
0.19713400015777477
0.1988861569403352
0.20284048084384496
0.2055573464814958
0.2086886480568598
0.21266903019718134
0.21420419677995955
0.21767531605034582
0.22070232402269876
0.2235746968906623
0.20018271483234593
0.20250709028242503
0.20502791404397985
0.20059150771521894
0.20507117715529014
0.2048131247660676
0.2030139946847201
0.2034241058281899
0.20163763027446566
0.1998108346698869
0.1988322446659883
0.19938405381930935
0.2003330534324192
0.2007881035408113
0.20072321683961594
0.20148152717246698
0.20110960522130722
0.20415662010635144
0.2043697478672883
0.2054315680835189
0.20530740022043345
0.2041508308252899
0.2046018053654842
0.20433711376774907
0.20417572102852496
0.205242973268167
0.2047110317840522
0.2043054088132435
0.20453472790931615
0.2057435486294649
0.20694602977676047
0.20638268855555317
0.20605172675413153
0.20623093885672286
0.2034216351751749
0.2002580255716609
0.19970457956278878
0.1978178168247221
0.1982461791928921
0.2002684367281206
0.20369670292487313
0.2048531740116047
0.20590402771597968
0.2043402618874242
0.20155563338786261
0.20062349865428702
0.19789161855961446
0.1955394065515445
0.19242054247299265
0.19135608304478408
0.19197996203279116
0.19326271252912536
0.19558181873936642
0.19599632584778273
0.19486014587441422
0.19188754546402778
0.19033153287668994
0.1881187406248696
0.18579099829917003
0.18489308882405162
0.183491873745648
0.1825599078398395
0.18323198648444927
0.1825553288292357
0.18324703811120066
0.18185079068907228
0.17920962386218994
0.17827814593116773
0.17463766557496307
0.17375930785131877
0.17328953369847835
0.17222689147114406
0.17261655604515955
0.17216726876742483
0.17169814711388248
0.17064811491493453
0.16876025304440745
0.16560511727244404
0.16271987347425693
0.1602147454822509
0.15855957335722268
0.15900851418535142
0.16068981263269536
0.16157823828976273
0.16347762596602178
0.1673941961390696
0.16734498426151945
0.17001377579574864
0.16926175520916456
0.16679961898566373
0.16450200949628013
0.15944823326726942
0.15620691861623412
0.15403897367156788
0.15475409844148
0.1557448343450785
0.1577914018208085
0.16013589849672258
0.1613919154170887
0.1608051740957363
0.16148453596475312
0.1609819374442651
0.1615522539390153
0.16036423062039465
0.1610771966925864
0.1620830769100028
0.1629247843950212
0.16430276106345015
0.1638597431950189
0.16394825499807086
0.16484849059677772
0.16668253813920236
0.1675763417678614
0.16782699240624196
0.16895472223531152
0.16952719943899122
0.17089218585783894
0.16887250671318074
0.16816900247919428
0.16594719702321498
0.16367898559041932
0.16335272162357112
0.163948918713195
0.1642863691602056
0.16624636944413174
0.16781832405771152
0.16868177497058873
0.16852551015385192
0.16680369987980803
0.16402887036754707
0.16165805386748383
0.15980713477506195
0.15887780100299537
0.15763714640590415
0.15832411561099027
0.16154207641036694
0.16405681819194823
0.1660537657032886
0.16691121558914396
0.16634559297103488
0.16532654122321455
0.1638729339946376
0.16280142881506476
0.1605200183156273
0.15958751542107927
0.15970917801722137
0.1589410717431897
0.16087006142708848
0.16113854457247354
0.16343710630539227
0.16434674373618102
0.16661444716125579
0.1669213806461089
0.16529904819141028
0.1636502525001482
0.1624990314737188
0.1614971103098156
0.16120435974703992
0.16175130424627226
0.16203498492808552
0.1616166164567974
0.162008972115015
0.16268592159424872
0.16287706431489338
0.16408939565001285
0.16383611869609888
0.1644664948240955
0.16433342469893902
0.16418480267301588
0.16470416452126785
0.16411415184985378
0.16355251686692956
0.16215688559929603
0.16028982678821221
0.15807550007842233
0.1563149808493851
0.15582283606453892
0.15532780828506063
0.15460934374847163
0.15255075134987223
0.1506266408466568
0.15032745777454992
0.14895243921970494
0.14893107671203595
0.14915422323867267
0.15143793843837744
0.15362453532440928
0.15349811508685604
0.15734818728479935
0.1605432097889317
0.16361572965920806
0.1679880884478508
0.1720123498448868
0.17578825969065087
0.17877251814494227
0.18159113685403797
0.18201468323432654
0.18170409395070541
0.18090530337289934
0.17911626908315542
0.17848813458040652
0.17731026749374673
0.17549420875073146
0.17497631758225565
0.1717541291337576
0.16939818145299207
0.1669309470237405
0.16636541445594363
0.1698004068244008
0.17230882160441535
0.17452076181339046
0.17772771769917148
0.18067310689113372
0.18253709934191972
0.18466196855721478
0.18491045784937538
0.18559795696104162
0.18345709406894803
0.18146139739619951
0.1767464503550308
0.16887858709537398
0.16236542952961017
0.155397945266804
0.15344603357755776
0.14831807300630637
0.1472923638972125
0.14764985136595113
0.1490365067855447
0.15042686999725333
0.15060323706794623
0.15076036769493487
0.14742203806822776
0.14296393871858068
0.13978659499595464
0.13638725655378853
0.13505123221966675
0.13362497208819762
0.13089741540210978
0.13018267247068796
0.13121366940959422
0.12810197966757994
0.12736028130583035
0.1262437250742681
0.12473274356103951
0.12219013857253314
0.12246365451801504
0.12271085551641872
0.12217644091884113
0.1222604734516809
0.12066459637231253
0.1216590170265259
0.12051726820687336
0.12231669308750996
0.12341608422765193
0.12351345125879058
0.12305434271910029
0.12342035598514951
0.12299807177126225
0.1235916078612646
0.12630016186621978
0.1277815093542593
0.12946294092074712
0.13121529808952462
0.1317903028060874
0.1337644189629105
0.13524131836146866
0.1362933623883102
0.1375099364845485
0.13878522156134715
0.14030134306036904
0.14080382182439044
0.14274701707286924
0.14607617944847978
0.14695465672845792
0.1500227919642273
0.15238599791414817
0.1547633501643499
0.15558472149646865
0.1574011907727048
0.1568046318864083
0.15809662805184774
0.15937562803033845
0.16115529387367059
0.1625540709067256
0.16278379254263592
0.1610998020504707
0.16109559387168626
0.15969938527814506
0.15987677485686363
0.16050243001561404
0.16078140330166024
0.15999743398287633
0.15713597572524268
0.1531437239188987
0.15115669594427783
0.15217663706149864
0.15383192005637003
0.15766302268923207
0.15930602000052071
0.16428131567834775
0.16698153154154685
0.16764356497983796
0.17105593754699097
0.17148421693282487
0.1732202935804009
0.17523597879482694
0.17876551595948384
0.18477607997606732
0.19111251057121706
0.19423953791775653
0.20008983623297535
0.20577945171375034
0.20998312619009374
0.20556804500567355
0.20181942924871152
0.19670467947888065
0.19148260994921945
0.1904588376337758
0.19025700165371612
0.1909860785109686
0.19165283122134144
0.19098591312649665
0.18757359853373684
0.18662321084159003
0.18395121475304235
0.1806353609188755
0.17844232366179708
0.1761769308492705
0.173400389107236
0.17236988262691527
0.16599130920809907
0.16501883560723565
0.16431564103824506
0.16475327113796098
0.16415000603117463
0.1634801897877761
0.16334134556522467
0.1625603110421499
0.16215370872888807
0.1631064505080035
0.1638310757934999
0.16430834109581643
0.16298872282959898
0.16245992964623196
0.16326808278898663
0.1637350729488038
0.16294656531115573
0.16075924603810915
0.15857987808757876
0.1524039979550485
0.14858652593629812
0.1469612803887119
0.14413136711202382
0.13925882061787234
0.1362026480518917
0.13459320841854586
0.13316340410225894
0.1327013239503479
0.1362539982324405
0.14053551455002317
0.14384210156624908
0.14762762351559275
0.14850837663124758
0.15065490549136257
0.15348068792149788
0.15623151679262468
0.15842265912017947
0.1654865393175414
0.16911926685981174
0.17081216641727154
0.17357134076308461
0.17450862655815683
0.1741484219408364
0.17205768873146038
0.1746262323527145
0.17676392909097435
0.17801791414033605
0.17997017837785903
0.18053090361768823
0.17925457237671094
0.17898083726422645
0.1768099669943636
0.17438476698692829
0.17150734896128247
0.16806312674810284
0.1647433972872306
0.16266614859582595
0.16259026808185245
0.1627975927912507
0.16427332177056758
0.16697041972288693
0.16807925671601653
0.16739473236523753
0.16818096106405836
0.16941359240889176
0.16995229470314033
0.16837959667494204
0.1672244812704545
0.16435162864422054
0.16149857736982862
0.1592005991096564
0.1571197187627932
0.1558593552160174
0.15557221138014274
0.1534140397590245
0.15287720081036418
0.1518875729289376
0.15090476609002829
0.15095807154960367
0.15041396207896168
0.15056743168551043
0.15040325890656087
0.15005520516045695
0.15169013090913755
0.15453057523023989
0.151708271975678
0.1491536343123629
0.14364132669074542
0.13982058407076353
0.13799650416170753
0.13424097321451947
0.1302508512787776
0.12930159765793797
0.1294394468160903
0.1302132699205718
0.13091333129440758
0.12780447149665997
0.12210072149103768
0.1202241456698667
0.11524346731412347
0.11306609613234149
0.10658469883098798
0.10270516584465425
0.10056603006854874
0.10022972641112213
0.10049017728325764
0.10337253178375816
0.10865556655339614
0.11419422820959683
0.11762364903343006
0.11406963323010991
0.11000388831560262
0.10941592151546593
0.10898507486032796
0.11204425420698731
0.11785627097016885
0.1207975510494405
0.12399590381496339
0.12395956820071012
0.12207424610240067
0.11903152586705124
0.11673795028368446
0.11751124346707945
0.11886004257097446
0.12083541399747491
0.12439546102265657
0.12392017707052867
0.12501094317107533
0.12457123911767351
0.12365244631458183
0.12281729882840431
0.12297051259160793
0.12414450118326144
0.12668872910908083
0.13080374384529445
0.13292381280889048
0.13912410853345294
0.14246329425191281
0.14457629353360812
0.14643513228956723
0.1461210901348838
0.14707317278356727
0.14588977739996936
0.14557135089524245
0.14604456994797804
0.1479714695799709
0.15063707913355937
0.14992091355346898
0.15076335752525322
0.14685698719954784
0.14441815084446014
0.13861654079171343
0.13359548668801785
0.1322243072322522
0.13059816487051693
0.13007365437099228
0.13062754204560895
0.1295262584281676
0.13192781947330398
0.13123572999696556
0.1313270863643208
0.1312604959657327
0.1312652118657412
0.129874499931261
0.12918647143941708
0.1270044168592453
0.12639847665113765
0.12732245411335558
0.12866390017705004
0.12958931633487272
0.12977997151264473
0.1291979015856958
0.12828941615887554
0.12778490188602995
0.12871861168584572
0.1298068627274481
0.1337153744043797
0.1369640557754338
0.1384830593611907
0.13974105474984932
0.13937956246859803
0.14059127139801852
0.14419579929908136
0.14915350872651517
0.151091099544573
0.1502248117459188
0.14846499260765444
0.14816521495038584
0.14720761320363746
0.14707341555112496
0.1481202078225205
0.14858321730672125
0.1503547683610353
0.15221526130780333
0.15596135394957483
0.1597676511785773
0.16165026408331312
0.16372801994797886
0.1674653192825024
0.16981759421344253
0.17375152030906413
0.17606100198744343
0.17691955382914146
0.1766028182312229
0.1746621729622505
0.1740051578231994
0.17294628374006743
0.17021033024791993
0.16828415143488715
0.16779833991941803
0.1650912331959717
0.16278292582736892
0.16284586439823884
0.16486747243896008
0.16685768121882294
0.1697613503104624
0.17352259701799366
0.17522563836353489
0.17904028243958497
0.18369879757256463
0.19083007905257027
0.1924781396288534
0.19805096339790745
0.19981012441100834
0.20238834948972065
0.20232635441888305
0.20006813159934592
0.1967196526182965
0.1927734604629799
0.1856852715770447
0.18057122669438302
0.17650070025848033
0.17563542677902752
0.17324243428960612
0.1735295714137467
0.17427245982234402
0.1819809345844032
0.1819263683868378
0.1840755217978663
0.185229504331954
0.18490077810485708
0.1844201726545373
0.1843896337665985
0.18448619129140809
0.1869856581722681
0.18947212876992453
0.1895644482810686
0.18899197906972162
0.18864563187010852
0.1830079228023541
0.17568303605972374
0.17366863229790877
0.16926556731277148
0.17006445323035044
0.1735110590835781
0.177294317622746
0.18169019309539639
0.18035867576038905
0.17512747736939996
0.17307664988956983
0.17049932557055378
0.17047015432544152
0.17151614408883964
0.17491838104397484
0.17675928261375978
0.17673533667605193
0.1770015234655546
0.17982202815098247
0.18227505410076378
0.18552064013338226
0.18725399365710346
0.18532283609456612
0.18604634554703797
0.18575492302273006
0.18511855658687737
0.1859953224465425
0.18548231729421055
0.18553533134010497
0.18324712920752304
0.1833696939905537
0.1831166038548072
0.18266714402565615
0.18220704797221995
0.17993202403715838
0.17685479272962856
0.17909134242576477
0.17775208614260946
0.17735301367207565
0.17727612605182325
0.17644553499712265
0.17475460740375676
0.17365283671828094
0.17407480279279267
0.17539697448238084
0.17729911210759075
0.17871223845573297
0.1808907706586175
0.18060532621246764
0.1803635106092748
0.17785207018162705
0.17725065388410005
0.17767918941988795
0.1789417523271623
0.1772589768529097
0.17569132231724696
0.17538460037906956
0.17416091523283678
0.17570629391879938
0.17544173302696367
0.1767486691658573
0.1755180065832357
0.17401325812098012
0.17150625758548904
0.17012037642881073
0.1679118158563985
0.16704436889109803
0.16363804205543672
0.1630989881601121
0.1613688789365719
0.16147644090072544
0.16165234636236572
0.16099797469318453
0.15824807380738498
0.15688453669295535
0.15376392496488275
0.1539837690164181
0.1555160888616392
0.15723038442218834
0.16025297987637974
0.16414978577198672
0.16534146382472112
0.16684775419380288
0.16692249610396415
0.16737931941880005
0.16796989256366746
0.16723763249488463
0.1664977656965844
0.1668553923384561
0.17065823041585762
0.1760966379195328
0.17926425684131037
0.1809846765978162
0.18376378854498562
0.18889350103587035
0.1930773479780497
0.1933089191098545
0.19545542631271412
0.1957184715179548
0.197753477986634
0.19698590413625944
0.19563863185088537
0.1958304170895273
0.19460756208092125
0.19516424823853903
0.19499761634823248
0.195203289648127
0.19611412910236187
0.19421992553971384
0.1948239240764532
0.19627658732188785
0.19878521307287828
0.20342096297605744
0.2039448137789826
0.20056071834242323
0.19909937892848345
0.19838524725064785
0.19367695767845478
0.18802473785790488
0.18457671881562882
0.17646116951245447
0.17058030643212369
0.16744920549846715
0.16182129817348176
0.1584430694500923
0.15295604333668716
0.1459523047156345
0.14103468957297635
0.13892929937750828
0.1331708201075727
0.13114939030673384
0.13161196405105108
0.13297677052522605
0.1380941129590464
0.14215359107006026
0.14843084585178332
0.1465702751519216
0.14548354132043725
0.14125279523987866
0.13757498336664037
0.1459245321523602
0.1521209462297865
0.15639085875117095
0.1638134330762666
0.16913287081874556
0.16950209063735783
0.170871659619872
0.17190849317853857
0.1734365204385841
0.1768996372837777
0.18228871099447017
0.18486835547585195
0.19149192426781436
0.19707373543403212
0.20289756903240358
0.20084921389161758
0.2002670651008835
0.19840465379518557
0.19686292634273722
0.19711091537031342
0.1957382256457314
0.19613451436000667
0.19876837553089022
0.20045165411297955
0.20254752527678713
0.2041622569054992
0.20624332044228705
0.20915430513846894
0.2101155613360511
0.20644081651802257
0.20788174707932366
0.20408394957556633
0.2005654531001074
0.19926409862868183
0.19594290134736378
0.1924593760799859
0.19031433245846402
0.18641326059345298
0.18521888970338798
0.18431327447062967
0.18758107446520167
0.19651114939106545
0.19902958751925176
0.2037299361128894
0.20468327236199615
0.20085661911981606
0.1935997377903147
0.18940247911622118
0.18770280059530328
0.18491103696921482
0.18412604904288796
0.1841396889799148
0.18272651883084165
0.18428071539128008
0.18323370464637145
0.17875323773311244
0.17866472667231398
0.17404986680379744
0.1728368368640752
0.17317626275795706
0.1711190070958643
0.16991776789607654
0.17068953692869238
0.17023263371178682
0.16802990068768692
0.16749353679075188
0.16692523349631888
0.1665121111710226
0.17011387706217057
0.17207818579561748
0.17602336781345249
0.1762583434373751
0.17485884301353835
0.17739794190984998
0.17936630565386308
0.18203291233893676
0.18719983052953992
0.19148816045903327
0.1899504073924008
0.18742157310860116
0.18498198077770933
0.1843309478345153
0.1798353451117949
0.1798328919941423
0.17812151399528342
0.17814357131701855
0.17356758516006204
0.16680246902661497
0.16218279558950638
0.15479717007970545
0.1517975001548349
0.15225995636698597
0.15164653871633735
0.15212880609280827
0.15344601772190652
0.1602320966655489
0.16877182311465747
0.1781377466730278
0.18394379611470676
0.18612389096896337
0.18736028278252842
0.18815468768011626
0.19095418384161472
0.19377460714074674
0.19418956134719337
0.19535063518276902
0.19758153493750932
0.20069432880682125
0.20119750913665788
0.195884977062545
0.18933202155864795
0.1843560355478745
0.17981351852393931
0.17692857358379618
0.16926736347460397
0.15892162140404184
0.1547900450510989
0.15016521601211005
0.14735675625597178
0.1454170852871949
0.1422752709802986
0.13984056912857273
0.13437956033390602
0.13193546453851668
0.12843379265221586
0.12696896947725922
0.12676206280640132
0.1277284573119566
0.12932376899516604
0.13220097483492127
0.13397235625497722
0.13380429801147062
0.13213259488462473
0.1341744330582247
0.13663937842296944
0.1370712219183323
0.14010065558048485
0.141461236207295
0.13855936013911593
0.1383217256393599
0.13603599833768537
0.13669276373353054
0.13757155416402378
0.1384685887987789
0.14184403348301458
0.1416197018004433
0.13954407745856398
0.13964428546225993
0.14027768404891167
0.1387409426431406
0.13775304246184503
0.13639651553939214
0.1370467986851363
0.13996678830629034
0.14601527081640292
0.14445820431703044
0.14308297685812693
0.1398071917826483
0.13788044374022312
0.13668037327526078
0.13676724236837795
0.13807070348365635
0.12559353406919854
0.12647770327397598
0.12967650501252778
0.12427331235771015
0.11881472653736631
0.11452211942721138
0.11031521196156473
0.10990034718817743
0.11706717232473167
0.11707791829718224
0.11890951635377897
0.11999015169689345
0.11767384770138767
0.11430962616762703
0.11168280468207567
0.10840128596971514
0.10788895460341966
0.10936129764586577
0.11347835831671194
0.1165459203511966
0.11937567572133376
0.12100678653528066
0.12461484174300894
0.13037931985821827
0.13725412156546285
0.14824787436738004
0.15999857007606996
0.1688000187902488
0.17586521808765704
0.18016489776959635
0.19222935553167156
0.20568036598314804
0.2080836566868252
0.21451393044557085
0.21865157032839916
0.21981250816455172
0.21852186767042023
0.2174495452848145
0.21639769667019443
0.218404498317421
0.21777760280576533
0.214782655933127
0.21162071612778316
0.21011795657973426
0.20604210144522467
0.20298354170301844
0.19722659372970563
0.19288977158844242
0.1912652482907464
0.18790502420076136
0.18693504855055249
0.1863563177145748
0.18824403817433974
0.18733501043248196
0.18594264720062006
0.18611413563336582
0.18976376050588822
0.1957938943390319
0.20225903626140224
0.21098205057498104
0.16538783317255373
0.17388113440371672
0.1872988004853769
0.1908402866009513
0.18456969599066794
0.1862962002568724
0.1916334474525334
0.19118906758589527
0.19091698781795113
0.1902318629388542
0.189540538416943
0.18898749324973294
0.18598375509173548
0.1812263105664827
0.1758837115852943
0.17189338351159372
0.17262874712512938
0.16968021690081914
0.1697854524078834
0.17009935143796712
0.16865749284304898
0.1685072444030295
0.17149186064491334
0.1728438817198714
0.17661601333031637
0.17933234562322484
0.18821828399196738
0.19727826285700578
0.20169417462740377
0.20545246267082398
0.20930473862275772
0.21039629549622285
0.20755964406709176
0.20567598597531508
0.2034728061100018
0.1949870109905553
0.19040750243996513
0.1879278985401395
0.18344035234405845
0.18020637226442354
0.17849202819611015
0.1773714855282441
0.17430025197843918
0.17428398856585597
0.17388757160374052
0.17531749988711726
0.17915695882042101
0.1832937585989088
0.18450209926889866
0.18620259232567182
0.18652650633444148
0.18421634441289975
0.1804587427226672
0.17525682466795237
0.17291112211943963
0.17076863491014824
0.1707948252766522
0.17051077715116963
0.1710784190851998
0.1722900720663809
0.17375430780216675
0.17284781048761455
0.17349958934101378
0.16691513545668074
0.15763413101871981
0.14904279489617137
0.14457029297569815
0.13771100793737245
0.1349069839798637
0.13326419566822262
0.13271194454866775
0.1351356972262364
0.13766504622275427
0.14243017886157547
0.14550278950177736
0.1527945121259356
0.15732570097748777
0.15972380126380462
0.16157409172402498
0.16238350434885068
0.1629944304032338
0.16303758853847408
0.16154343240194818
0.1626405714947204
0.1632395317508552
0.16346091688659659
0.1625338387572839
0.1625475542588927
0.1650175741346217
0.16489415595302082
0.17621711359611897
0.1785498382480386
0.18095739776190922
0.18198439371965508
0.18233284756585516
0.18273908820915274
0.180280569574197
0.17726938355006389
0.1746022784727422
0.17398902446042733
0.1716280766269717
0.168993758400437
0.16699378499253617
0.1674798829611838
0.16649582453579936
0.16761466604619185
0.1582229259529364
0.15896176724053684
0.1632581095151346
0.16914666960134997
0.17697701011238381
0.18109723016297113
0.18465582159188526
0.1885107651012854
0.18924568164222713
0.19073645663366637
0.19152037747192943
0.19139230139094326
0.19258097725388884
0.19323296110511273
0.19463810084158867
0.19475870157731456
0.19530954694070388
0.19598907498577728
0.19596890258995275
0.1975058838776539
0.19937699191578548
0.2017071206005398
0.19671053010268685
0.19161544105342637
0.18640721563806692
0.18193302459474697
0.17534449667775345
0.16890332172645955
0.1620215004870753
0.15806400031835416
0.15886412385653
0.16064722903542325
0.16546614852339814
0.16959407985191594
0.17274409294268395
0.17743612645901602
0.18019731163794186
0.18355055754903332
0.18772889920305072
0.19414064993199415
0.19853940367349082
0.20719431574992755
0.21673350779862618
0.2188498257730737
0.2186380865195238
0.21805145610815738
0.2140448907873677
0.20524677079066747
0.20362544821041112
0.2015217115209643
0.20224978017278467
0.20303289736106436
0.20311387282867543
0.20285584229074086
0.19877442506957244
0.1926225284195839
0.18965528607992804
0.18428561369481464
0.18075890180846896
0.18108512174253624
0.18235745967632952
0.1876514268577478
0.1906703771623899
0.18809526267492868
0.18705742249248844
0.18637196723914368
0.18745668481584304
0.1867698425884156
0.1902547097913131
0.1942185437588864
0.1933304255028434
0.19166470610521044
0.1897774662592571
0.18831008453689244
0.1901979531534641
0.19316236809202417
0.1955481479320587
0.19746853864217945
0.1985048733355124
0.19712320061959626
0.18989468021689063
0.18614003789672678
0.17962469231700448
0.17473587501736654
0.1730656568119826
0.17318551900034113
0.174526701756406
0.17883304736277797
0.18306140039867355
0.18546169983407315
0.18908212077338493
0.18950703153104015
0.19020885524921274
0.19193022144420402
0.19415606602928032
0.19429758226100696
0.19523899035506592
0.19656185202205564
0.19708391614671728
0.19305923326207203
0.1920308368107865
0.1881285094651693
0.18771594056080115
0.18704115828745177
0.18810539310904148
0.17529905024389955
0.1782363695306974
0.1588576002560457
0.17884606750647106
0.180880525542141
0.18186918819214418
0.1824117865855809
0.18248112590213458
0.18319201109667613
0.18289616448962334
0.188723337426507
0.1890604820421777
0.19124941239288215
0.19226142679942976
0.19218460180460864
0.1954798649095128
0.19630620760617817
0.1952481370092412
0.1963423773612586
0.1956178615859643
0.19570661342419132
0.1981645071524435
0.20126108785172173
0.20386666907909698
0.20767628716101277
0.20940663932406633
0.20958559721977982
0.20746151107156768
0.2077724606319038
0.20344244698308772
0.201582775656854
0.2003082930635427
0.19626860830327056
0.19451772037137033
0.19385451383778063
0.1927208544784798
0.19038214666985404
0.1890314288975254
0.18567360472553238
0.18574627502657082
0.18497845098459817
0.1854142268965015
0.1843984439733365
0.18357526514053674
0.18302374753586306
0.18311281383099942
0.18497038851465078
0.1861862494514692
0.18721769812879102
0.1891072545245215
0.18427880219186601
0.1863004756111046
0.18957985493425605
0.19238104593519295
0.1952560523715355
0.18433260446272384
0.184064748879965
0.1854540856216083
0.18312518328557403
0.18430623316950562
0.1854119017019496
0.18818302739413287
0.18992896748535495
0.1913071204706825
0.19424102944461347
0.19426938399890256
0.19635531732638217
0.19666889545193839
0.19614933315684516
0.19543106979419533
0.19593633499363566
0.19629820959973063
0.19833675253571012
0.1985801160454797
0.19894245245962766
0.19720477304948159
0.19499073263258063
0.19417611200015739
0.19285380567613425
0.19011759141808465
0.18903352799112955
0.18979448962121365
0.19112605114069164
0.19326600335154198
0.19486094539112897
0.19731359241007718
0.19661235297996577
0.1933900714175159
0.19098626202914196
0.18722840497389864
0.1860879865001201
0.18589969658026398
0.1878529499988616
0.19285267779930226
0.19478292852322382
0.19544038787953028
0.19672474789157457
0.19501620136697048
0.19412011313993455
0.19301874743553496
0.19404116018939702
0.1918609767606246
0.19151493797371338
0.1902776493337449
0.18961185184839527
0.18981587465342692
0.190996989159507
0.19332481697254195
0.19619478964063877
0.19990190159659094
0.19910813922388118
0.19665416100763905
0.19313631854888758
0.19152298546602609
0.19070659210576332
0.19108626319376648
0.19055525955710992
0.19139233049046536
0.19194442338211076
0.19243017277237348
0.19179220576886533
0.1887595642378882
0.186794291399349
0.185934774437145
0.18425235833155187
0.1848992107715844
0.18533465781484393
0.18587639756137303
0.1875612058063632
0.18558895068905495
0.1809840731108091
0.17460449497189878
0.1722390076013498
0.16999964391077488
0.16806586030263135
0.1673277962112491
0.1703828234666044
0.17099217422050098
0.17223254478907504
0.17286998034546963
0.1726123221488294
0.17307688125442044
0.17406444950256858
0.17479270508934458
0.17700032052608505
0.1794158006023956
0.18310347806953062
0.18656021739925105
0.1878138749032802
0.1858637002088804
0.18608745910512578
0.1893934696672135
0.19263386315401693
0.1987914226353335
0.20190719439435326
0.21138715853286008
0.22070704894883067
0.21796669886252934
0.22410588446485447
0.23088432422987962
0.23385052771507406
0.23845565477081196
0.24178060965322273
0.2422674962448114
0.24270574174862025
0.23720809475979143
0.23565251194417564
0.2312652099973714
0.23289125686706283
0.23162744604398222
0.23527740719520632
0.24318003745874375
0.2491537583546517
0.2523441912435552
0.2583128197557868
0.2588084537667174
0.25931677691685207
0.2590192123204026
0.253984137562256
0.25132654145209976
0.24376506520610133
0.2385027396311173
0.23486565367072304
0.2342984143275446
0.2317144831992431
0.22522100470083295
0.21796767305932244
0.2134246724109888
0.204706903183946
0.1973290380927159
0.19077673585342017
0.18931773763530152
0.18973150519205012
0.19335250787454436
0.20063496409566745
0.20438316451388006
0.21160681616869423
0.21517040191105496
0.21546405677883299
0.21458486228264043
0.21259410992507327
0.20872986688051332
0.20952871876971196
0.2107559817777544
0.20765335824119294
0.18498603422934215
0.18388691867429313
0.18553459779453674
0.18826643895813583
0.19369350816311995
0.1986315160619105
0.20088117934944066
0.20711175313725252
0.21391896121327975
0.21791178753043067
0.21690112687297053
0.21060015471061683
0.20672828801222248
0.20527471469735387
0.19879660221986534
0.18600398784584465
0.18047642093004457
0.17265572218454192
0.1673053039572068
0.16695233675292226
0.16977649704434905
0.1714887444815001
0.1777720098434672
0.1841442601314032
0.18550030023221387
0.18590562864980403
0.18102196259649816
0.17425629055015485
0.16904864339321346
0.16889174747167368
0.16888759123980904
0.1710022870874276
0.17405058230093176
0.17676444286165002
0.18108264847580843
0.18516950079998476
0.18870354304707596
0.19126408040871906
0.19326655888424799
0.19466465285851217
0.19580375977958958
0.19794156604015606
0.19916212571700573
0.19867812661734757
0.19841511857727326
0.19441890343327597
0.1890618841805698
0.1818877334156554
0.17884906407762696
0.17303548145914602
0.16728711012399472
0.16528505313590633
0.16629797128591992
0.16939309950295506
0.17939749951960743
0.18712593440746705
0.18737640948618567
0.1887130603113523
0.1819374208544329
0.17497124828005167
0.19633764210440047
0.1919264133685123
0.19056231462725887
0.19530314385756203
0.19832186012262867
0.2017076673689188
0.2038614251044791
0.20261168463534612
0.20314768726339177
0.2017876181039464
0.19699881223893162
0.19333052893464314
0.1924508819262752
0.191868476753497
0.1876095885850559
0.18292757773135385
0.17922383562133026
0.1721480802430834
0.16729981437166602
0.16223915497332936
0.1601812717492767
0.15846835751925364
0.15847074504713227
0.15898989084723045
0.15885083940463957
0.15794647801973064
0.15698808587621876
0.15728143817077805
0.15756454985989227
0.16151424722008179
0.164198577663625
0.16396549359032547
0.16136916408161434
0.1579232828098916
0.1542861553494332
0.15346511287675207
0.14884397075890046
0.1456533411338406
0.14280540045289905
0.14027967873611008
0.139401617986846
0.13727826516253788
0.13719198059075677
0.137789032229929
0.13839546209190703
0.13873923892600973
0.13819821815419217
0.137652409642653
0.1387546431233513
0.14369026421467124
0.14984846652053102
0.15563237973792274
0.16454977940931906
0.16869765564618416
0.17404246728970416
0.17373960197204796
0.17094802175505192
0.17043749100198724
0.1666428870350789
0.16281640958513502
0.15891849113110368
0.16201316710939234
0.16353040398247154
0.1644032601377848
0.16209882925546332
0.1613085820265455
0.15873258514540708
0.14802276602811076
0.14096241820487365
0.1397120144180872
0.13758398465052146
0.1380896917658897
0.13981759035411995
0.14384455694177453
0.14849737964003157
0.1516388689106834
0.15753691757210483
0.1575183726334572
0.16438295554258478
0.16540233052085715
0.16436224303308805
0.16199182646736845
0.15950463528361195
0.1576173234549359
0.15701071797622362
0.1571968894587618
0.1540169219848636
0.15123201293851618
0.14792617481671455
0.1461927253178232
0.14723558722567076
0.145749452173584
0.15681178229479495
0.16101118986757426
0.16051354856596153
0.16115329200458978
0.16265551235577105
0.16546679899826794
0.16645840887209024
0.1635901784207287
0.15989730363079419
0.16160313109622843
0.16153368643687527
0.16041652317410876
0.16386312347734402
0.1678639869219994
0.17140242603863493
0.173928747531259
0.1728660949214819
0.1666837083976495
0.1631458783404009
0.15753049295238863
0.155140486914836
0.15636408465337884
0.15745241549345673
0.16140831452281953
0.16382373407637082
0.16378948217682862
0.16324392073555655
0.16301018539403692
0.15910081378642746
0.15724582728902328
0.15536705681309182
0.14894745752690708
0.14021223673546948
0.1368057203792412
0.1362427382084105
0.13666585413215865
0.13886885150525693
0.14506182158160388
0.15369420374338788
0.15922695764440606
0.16227865922664741
0.16638549834373548
0.1691217495472395
0.1717927831729547
0.1754436926441498
0.1780442970199046
0.17838545277338408
0.17998136096655987
0.18025993902510412
0.17998155984885056
0.1796716502272835
0.18119699045537035
0.18316291009591112
0.18674018388148217
0.18797204394494027
0.19023945506311252
0.1931255818689157
0.19496339011467595
0.19618574330192973
0.19703019580102418
0.2000757155390962
0.20217138020686112
0.2029581529399663
0.20688740723217575
0.209824115858396
0.21288247843459698
0.21422534817823413
0.2108743529629494
0.20849809184924756
0.20196927989307262
0.20005028680238648
0.19731911761732737
0.19786847275633185
0.19728065484845986
0.19721446247359778
0.19738439663382407
0.1973650421049559
0.19560355973096563
0.19237531610153863
0.1894331258873244
0.19092863535005383
0.1850124134836451
0.18132494317718834
0.1817080237693135
0.18327209715681678
0.18455552398682395
0.1849031442954332
0.18342832094901768
0.18126267359083853
0.18083299103897427
0.17801345586726253
0.1784334504409464
0.17536706893791779
0.17331014797693206
0.1716527351582515
0.16733596189276523
0.1679852289250207
0.16591312310301
0.16580982329527397
0.16669386623748617
0.16378629019265806
0.16335636400263134
0.16316273560099456
0.1628665543867988
0.16436760511824935
0.16599552792798083
0.16813055328185905
0.17056952808124745
0.1718092039935687
0.17283552565233537
0.17419686826077008
0.1737248436367068
0.17296020645838492
0.17281470127547643
0.17244944274487814
0.17399406567806336
0.17518006444493078
0.17634023531211734
0.1772995582617434
0.17719817465602788
0.17720956740243216
0.17653543286519413
0.17493274263450198
0.17473079589412405
0.1739953137562073
0.1735135307438953
0.1727484315950288
0.17115389904134165
0.17071114991192846
0.17109328136492735
0.16800653260213275
0.16725805538470512
0.16770480906278998
0.16737363823561574
0.1639464118493465
0.16103356371509428
0.15939883615528194
0.15963313665166798
0.16088691196947144
0.1626939408318704
0.16241839653795895
0.16288184880709317
0.16302034582524608
0.1645644385009548
0.16452415164747003
0.16448230622934545
0.16330889391055664
0.1614323442377199
0.1606640934221636
0.16005607669458002
0.1597967141660675
0.16150894083720652
0.16241666872784177
0.16290065494326322
0.16496561758540992
0.17039385786615624
0.17149679017631445
0.1741073121153025
0.17587355767500087
0.17664800973558817
0.17620899425402994
0.1758949997833054
0.17506913191990597
0.17398039132924845
0.17637285663524782
0.1779796234251231
0.18320468817579977
0.18677053836751317
0.18694322585329182
0.1883906838671639
0.18465151565658236
0.18223402114603557
0.17778955949532563
0.17460356040298539
0.17339270333455362
0.16748488283772506
0.16584348027805199
0.16338927918401866
0.16270671208056392
0.16160652739463519
0.1661685948511825
0.16913435845586972
0.17005340703437233
0.17029878559474543
0.17211597430128833
0.17341701312180519
0.1752322335505453
0.17511025326358173
0.17572594545941148
0.17378640219186758
0.1730275336954225
0.17027237778079604
0.1689405665746088
0.1663824125133858
0.16423122149509772
0.1641316221957791
0.16249682309278174
0.1622957711501528
0.1604284873615972
0.15976946034522907
0.1607848681423964
0.1614054392466248
0.1630364241303401
0.16545300014790523
0.1666422277213294
0.16524889995003234
0.1635912877329876
0.1610396059069456
0.1596128204655979
0.15862856925073382
0.15687345585668086
0.15722743117444554
0.1556719744615159
0.1548217762535124
0.15657086077937224
0.15694725200682907
0.15986371785022846
0.1597100091422797
0.16179416090947404
0.16304962737996778
0.16474048169618002
0.16847260724233998
0.17234446210729132
0.17478945825364584
0.17503696888980325
0.17417255150352853
0.17344724201503772
0.17198863881502904
0.1702737917917631
0.16827950666381664
0.16397943527357234
0.16182792382950867
0.15995418696346606
0.1588500363768219
0.15753389956292035
0.1564084143431699
0.1548779488747412
0.15019750969088913
0.14783552402039762
0.14552540258078397
0.14131653994206153
0.1402006770061937
0.139099484260584
0.13945609958561808
0.13952145213102402
0.14029037823094648
0.13989544043994542
0.1398940883990467
0.13803154054283717
0.13547749436308026
0.13393277652150506
0.1346501179249966
0.13959608145531727
0.1423622755773325
0.14547281079061417
0.15003045569583437
0.150778662448102
0.15139891199926886
0.15139960644568745
0.1506516243535722
0.14995791929184416
0.14986490219238702
0.1473829620076291
0.14732923880552468
0.1473518272713394
0.1453351176365992
0.1425141599589566
0.14190510889240218
0.13974663400129908
0.14062107696634862
0.14183148569141596
0.1418910154327418
0.14314321906425376
0.14397304604438715
0.1454024339469778
0.1490294496526045
0.14924779480360062
0.14736226642989866
0.14741819878440238
0.14742516152834642
0.14919806973828215
0.15097171584600008
0.15257128321531113
0.15745485506014012
0.1595962547738385
0.16278796515810628
0.162051668509116
0.1612007890594871
0.15826996586651762
0.15796150219026525
0.1571568148923288
0.15503048352885146
0.15318708264374137
0.15285877934576814
0.1552555133456522
0.15717992557790222
0.16183306249880572
0.16737346064412734
0.17090084399925495
0.17533257672991923
0.1771112324709335
0.1787819340304174
0.18122238259303453
0.18007321953385547
0.17808005466991464
0.17568035266380325
0.1680207350234812
0.16354868983678145
0.15895172401468655
0.15747866543750483
0.15600488680422664
0.15648148568834652
0.15738600682630188
0.159656686845497
0.16347254288446036
0.16520175128957576
0.16982275617820147
0.17013520861131043
0.17057207937126054
0.1718828064432742
0.17212463057053706
0.17212036299194736
0.17142580668148474
0.17125541537734298
0.17106663548798245
0.17067808813477456
0.16744076688774473
0.16680195911356305
0.16860359181512335
0.17060179783550664
0.1710688667798029
0.17525243802878201
0.17847733217415856
0.18052158270127933
0.18112238696473665
0.1835250758144322
0.1833439500965283
0.1831749849399848
0.18033122573228855
0.17858933364282856
0.17238494626350442
0.16694231622472971
0.1658646102168998
0.163869971598618
0.16372204496183357
0.16461808116707832
0.16188981970344835
0.160610971183414
0.1599028711566485
0.15889936450772688
0.16095370599622463
0.1662472656724067
0.16588153228878416
0.16707463681919518
0.1696013995004423
0.17097882289138533
0.17384502680821834
0.17415925741174668
0.1765937838018864
0.17885277240144593
0.1782823301933405
0.17330773341026698
0.16878034092895355
0.1643076444255193
0.16273447104219216
0.15876554722402392
0.1558895592123656
0.15616776745641087
0.15667471538145133
0.15639614540418875
0.1548899296095319
0.14992456034111684
0.14519625338185632
0.14365865461394978
0.13875734162010553
0.1396114667268992
0.13840842372275303
0.14269226653857964
0.14215829854635978
0.1418239869028372
0.14249439525508534
0.14299736707405902
0.14418455270579605
0.14536155285025026
0.1457565057905156
0.14603007504996549
0.14535750482696508
0.14528518006850105
0.14438414233394947
0.14450314448107615
0.14527232069650844
0.1453440664837633
0.14620739666155969
0.14799719489681057
0.15029040956683765
0.15179781998064168
0.15282033704189818
0.15458469439463218
0.15436724945727873
0.15472381967375032
0.15405241079171172
0.15481814269548733
0.15609589141281266
0.15775674609577692
0.15884243729477948
0.1584898976816474
0.15965903227701833
0.15954867758943825
0.15997588822231737
0.16130880178760704
0.16223920921301796
0.15939966921466148
0.1544007429070171
0.1545137869756689
0.15182783205911904
0.15119967272166962
0.15219282804859355
0.15200861132376667
0.15424795288950627
0.15793093866534397
0.1597336992241982
0.15907378788496537
0.15555005784291587
0.15096151226939883
0.14500437164792496
0.14190871909371813
0.13783049154765872
0.1362499949713364
0.13536852685483686
0.13193851571101037
0.12814179590923058
0.12418555020401711
0.12305277650441507
0.12307302897928456
0.12577567685688434
0.12984639484994326
0.13273544267227044
0.13418217547626898
0.13286683980123995
0.13382832931831934
0.13347419503703523
0.1346791106736736
0.13760464297640987
0.1413465317571024
0.14572257941172828
0.1483863518792778
0.14806248811948322
0.1472304534900582
0.1444124013449633
0.14136077686641216
0.1392646678256063
0.13801495807111683
0.13876157057450383
0.13992851958944957
0.1423271997675479
0.1437483464098899
0.14691207337198026
0.14952048597438425
0.15031027956299628
0.1506035385422711
0.14891609425394087
0.14715821385568026
0.14665996797348738
0.14691666547170698
0.14916318861885397
0.1506239550894338
0.1529478476419261
0.1537128147083475
0.15304849605655618
0.15086085526431164
0.14801195156277516
0.14496114726300446
0.14319465931633563
0.14042502352749323
0.1386008974782334
0.13706851179389315
0.13499649854643767
0.1342167285547665
0.12999340920116467
0.12618038381897606
0.12427267001167994
0.12020702448556016
0.11885086258661556
0.11902619774022219
0.11897485978931455
0.1207425615535324
0.1226468271210988
0.12410970214403086
0.1254560078761571
0.12492231396771299
0.12414623295199192
0.12216316735389579
0.11943571905856716
0.11548438223713749
0.11399917971762148
0.11314435225215902
0.109565002954359
0.11015619792518547
0.11209769110491315
0.11428396665286238
0.11616129048254838
0.11760679907688713
0.11761835876278266
0.11956095999971854
0.1222109237662226
0.12391666468784304
0.12409559734904403
0.12570649873556203
0.12654128455097438
0.12901467491940238
0.1285316261613151
0.12993226176254363
0.12975740787321405
0.1296913580233992
0.1289687952913478
0.12872390141788986
0.12820402562648803
0.12818800347223833
0.1286986998004354
0.12761917929493424
0.1273135595341747
0.12734751820410942
0.12683365989366774
0.12799467467806008
0.12944890049103477
0.12963067506054807
0.1292693271464552
0.12804336815494682
0.12829306674663774
0.12813866185041795
0.13112036826249393
0.13087051895935897
0.13299226026796546
0.13449253126872387
0.13560624769218388
0.13627396373508596
0.13909609923465513
0.13906383111416137
0.14148720570839413
0.14159648263036395
0.14116922807966456
0.1396991081479733
0.13859027566525647
0.139572996518737
0.14151507592735862
0.1392532990972286
0.13929398484055597
0.13776928369084027
0.1360361998191094
0.1360491813563625
0.13339556681612302
0.13008808690479337
0.1297005241411024
0.12977682656728254
0.13144847397567808
0.131396260970285
0.12837919566428022
0.12649037687067272
0.12554677494736158
0.12470291648638925
0.12352658204354301
0.12139922397323924
0.11889156950121146
0.11911284785601446
0.11764363981117401
0.11875401264776797
0.11995484819093624
0.11970989924107123
0.11994858217156097
0.12106269246512616
0.12275361753301058
0.12333972638223004
0.12294851510349873
0.12401416867643092
0.12522183627347716
0.12689000706248482
0.12912966726027947
0.12838492358706932
0.12869649648014517
0.12724321792184018
0.12611266719302877
0.1260077694750344
0.12676394407658112
0.12785268144164053
0.12755817327594987
0.12748732730024723
0.12602890219985266
0.12647069590429272
0.12818343799465584
0.1282277684281729
0.12860588976898416
0.13069731435483808
0.1331030941418634
0.13513978219920636
0.13624368912093632
0.1353813209169161
0.1324742963639795
0.13208605937490714
0.13201609882429155
0.13332334768279563
0.13468770758500848
0.13652151003426835
0.13603738109536095
0.13618553209794942
0.1358016021727707
0.13501503173736493
0.13264788589635873
0.1301745507058606
0.13042246725688705
0.13324868592512698
0.13484121759254272
0.1355846099426044
0.13521298212379335
0.13679572372454177
0.1355929191589895
0.13688333111141562
0.13751703346288516
0.13688755747748987
0.1374175988293916
0.1376501045740842
0.13610431194710176
0.1362308339639697
0.13531691629990364
0.13472649118015512
0.1369594618658547
0.14086386265722675
0.1416957076308288
0.14261512837430282
0.14437725668769302
0.14481400921161577
0.1458558145552556
0.14632141660265774
0.1483944022425846
0.14930104871132835
0.15085341658470552
0.15376165768359978
0.1543100174196763
0.1567807516221623
0.15614228427012702
0.15658696468553682
0.15593289790959947
0.1555406477775234
0.15648525138778677
0.15601252654169334
0.15680707175910885
0.15941535575726032
0.16080713899998733
0.16598917249460005
0.16789740493021027
0.17032885763972586
0.17017148528131937
0.16855130430686824
0.17006324101384682
0.16849634448735054
0.1663825254668227
0.16494717361478095
0.16542711655427164
0.16663200693161306
0.16810654747498718
0.16866487896743337
0.16958503902694078
0.16989035810629136
0.1688764812034131
0.16637941552351934
0.16358632032174775
0.1626750358547579
0.16050469381738836
0.16034283608299002
0.16097698632800006
0.16093631593086016
0.16222567720907793
0.16162710948789333
0.16144968258048603
0.15901823002494542
0.15619170481642755
0.15436100363533967
0.15361883624049738
0.1528897943172363
0.15132042902472323
0.14879235652444867
0.1488729251454135
0.14679997470042921
0.14809428442100286
0.14896687228534622
0.14965260369474848
0.14917292282645947
0.1499522994335331
0.1480510238780542
0.14705500537548505
0.14741237083008857
0.14608426016685366
0.1436413439325363
0.14272114810983846
0.14210604471475835
0.14239446326656244
0.14574880979871177
0.14603632281017026
0.147965537218763
0.14942821860483863
0.15011081023998069
0.14975863595891156
0.1497155488082497
0.14883689129329664
0.14767136902565653
0.14793165610364584
0.14910184321529626
0.14994759869535224
0.1511725417579553
0.15163817034868776
0.1528282903297208
0.15309018888723955
0.15383553686496781
0.1550198931117835
0.15421636393322802
0.1539201951896356
0.15337151284752054
0.15346303495690017
0.15336978417751962
0.15461199177301133
0.15510992729588285
0.15469916440349304
0.15562017948138243
0.1538947948783284
0.1545925713029769
0.15533640492370177
0.15485413820879518
0.15644047225240315
0.1567490235132809
0.155882569661421
0.15495720434380467
0.1548508662894708
0.1554423106695123
0.1566347013612356
0.15562950007986426
0.15532405981976669
0.1587662793185292
0.15924019427242825
0.15848012550542906
0.15934100645521443
0.1598358742761124
0.1615374630739443
0.16392487635941697
0.16448868807029496
0.16628497058897454
0.1676841444675637
0.16699708931067936
0.1663069648994134
0.1671893172002781
0.16701568837607833
0.16509145468766215
0.16592288213436476
0.16604724177189886
0.16731909551716567
0.17119408293557908
0.17283331844444413
0.1749112994885437
0.1761760127416802
0.1766606630033662
0.1746731049589832
0.17241889938049343
0.17140429408889865
0.17078510115391674
0.17424550075028858
0.17337295819391527
0.17484498927214565
0.1782078743106041
0.18009069686198018
0.1814304923675356
0.1814493305408854
0.1810185535195813
0.18013661133685824
0.18087216051233063
0.17923549133144512
0.1799090909819768
0.180450263323925
0.1798045784270556
0.17870520580166996
0.178188200734246
0.1776396632084355
0.17818598814655226
0.1787240123312909
0.17917128978880928
0.17876716674101095
0.17743689247172995
0.1765501695795202
0.1763444942256513
0.17502025803120677
0.1751475153183532
0.175879060251592
0.17591110006971336
0.17559089366768654
0.17508878108492656
0.17783904835157566
0.17710722211442032
0.17906309902300668
0.17957184013665234
0.17969980257400778
0.17939377896857078
0.1789893035820856
0.17851979601387644
0.17745276839648388
0.17507835069770222
0.17463764552731528
0.1735425960756715
0.1714638645406546
0.17153349134932966
0.16982099375008095
0.16791825980476657
0.16786659294778625
0.16677080569695407
0.16558425464722876
0.16600643461546188
0.16366006756754511
0.16371087470801193
0.1633420867635049
0.16325620973610494
0.16225201800458233
0.163167462951679
0.16463140431132445
0.1644282987922382
0.1642937177636115
0.16381847620095127
0.16206333052903274
0.15987045011801398
0.15933526475159396
0.15911466025759788
0.16031082692804471
0.16215523692766465
0.1664818897910168
0.16831403870616998
0.17227923291968533
0.17360279964946507
0.1749727908724696
0.1746634493925848
0.17538497299825465
0.17453417700004964
0.17630803516172344
0.17740323630324567
0.1800283789909998
0.1843924877402433
0.1873877435120303
0.1887919461461327
0.18923659510303842
0.1884251044851706
0.18817411702793232
0.18889411859435382
0.18918006816449834
0.1907041013007787
0.16504053818699077
0.16658622016627783
0.1682017772700827
0.17000777681196538
0.17107941830861245
0.17159904628980402
0.1714869623218735
0.17061699878314684
0.16958308034422975
0.16961271476111378
0.16980964915823812
0.16997190392896422
0.16993426934032013
0.17027193020517517
0.17011987005144563
0.17008828667830656
0.1691147465342992
0.16850495903202373
0.16851379367558922
0.16853560326699973
0.17024990051456648
0.1706757002972831
0.1693996404182272
0.16996885336404577
0.1690094874256883
0.16969890765847784
0.1701330365715758
0.17107044261804613
0.1694498514595738
0.16895836973349482
0.16759469498687635
0.16679524691187125
0.1655247186330979
0.16646427067074904
0.16977614412555603
0.17176022398286478
0.1735439009989334
0.17492865033347954
0.17529213981311492
0.17517556206398704
0.17389043989946398
0.17444203676216102
0.17369003772870537
0.17328953106604153
0.17277242278464716
0.17376159347541997
0.17465482493880805
0.17461643930295115
0.1741608743341871
0.1746596572700621
0.17355443367165072
0.17377365796986885
0.17210507761545066
0.17172274135185098
0.170432434692572
0.1706708384183258
0.1733423632098096
0.17592397478351493
0.1795148012292046
0.16919259116084265
0.16954173621675978
0.17212472243092733
0.17377292117500795
0.17480267564278923
0.17661742360844587
0.17595939009625647
0.17591592702347883
0.1759779805119945
0.17892820133007106
0.18147139037619936
0.18647850292298562
0.18904413420144706
0.19297843998557385
0.1964150867140168
0.1989786926547489
0.20167093939418454
0.20262587042655295
0.20510820736279092
0.20745602371652822
0.20888667378905784
0.2129591964564698
0.21426820700988078
0.21516769330327518
0.21710835935456735
0.21804065423521396
0.219735106317479
0.20513554830853037
0.2046836303723024
0.20322536383599593
0.20195709038470738
0.19909438953775865
0.1972255340755102
0.19575077409940736
0.19524140138510962
0.19483151133379203
0.19624564020311036
0.19748366379191656
0.1979876227721038
0.19610430671958648
0.19561852236930372
0.19373622285838776
0.19466394196926345
0.1970443408640971
0.19759353234217034
0.20060114387000377
0.2023010462547527
0.20412082815757118
0.20216079401225043
0.19818844601633484
0.19868788314048536
0.19866183141611257
0.2004330442906883
0.201736438588045
0.2026412746906457
0.20284303497571293
0.20308950062440606
0.20450269331028226
0.20583527218811062
0.20586876026522738
0.20408122584194266
0.20196974012421592
0.20167744666340542
0.20225060348664853
0.20491215174764008
0.20572896529564355
0.20471087627561926
0.20492196554074238
0.20506453804595032
0.2051959067367357
0.2046016853959788
0.20441869086855946
0.20276066208847823
0.20224032793278934
0.20355405735468923
0.20425347467005311
0.2035978392241641
0.2049423295847935
0.20602392414084422
0.20782289803008863
0.20706515314410662
0.20265897091850243
0.20231170824318784
0.20263197159300042
0.20254433346024162
0.20363178891774178
0.20438209549079578
0.2039149455254407
0.20379009173683568
0.20307869408059465
0.20325586616873026
0.20291760615571902
0.2032200543969341
0.20283633945535912
0.2021417131562376
0.20199034988757
0.1999935954922098
0.19954511866768007
0.19764060292906213
0.19507307378599975
0.1953239064645445
0.1955738572569587
0.196619745497357
0.19688501560938937
0.19700517718758626
0.19813988040300973
0.1976932756043135
0.1969347072856118
0.19622807533243028
0.1950181714341539
0.19394747830188747
0.19371038226356052
0.19366212874181948
0.1920229972720741
0.19161931108425073
0.19053395927668418
0.18941536280047255
0.18894454796384874
0.1896924373528153
0.19238242833763064
0.1916185662905882
0.19042525680989847
0.18952021338935407
0.18819258535884403
0.18920695383359704
0.18879248903898785
0.18917889571001897
0.18942781771863568
0.19022142519927426
0.19056772397216235
0.19194865710494816
0.1925788252223665
0.19160689171708936
0.19239778716860134
0.19177472595498896
0.18697681982456799
0.18341730238221135
0.18117863556539035
0.17991588989042162
0.17987348012293564
0.18448059655927732
0.18492027154431484
0.18787271940503375
0.18690929153771368
0.18758838978218115
0.18504558433988874
0.18113474985031325
0.17855932277582506
0.17753755054316553
0.17631701471650268
0.1788682487506686
0.18192582795417497
0.1848067687624178
0.1869908421131667
0.18800145972908128
0.18559594789867728
0.18231782623002735
0.18289182504332263
0.18158824364176102
0.18355739866522172
0.1839239653447062
0.1814348023888172
0.18166995198388083
0.17939191444767683
0.17742680106353464
0.17658922846535854
0.1752736848527708
0.17434087665023373
0.1748731798739137
0.17230191100863063
0.17030614992773918
0.16930256220255865
0.16895944938037105
0.16788301904634412
0.16454616055137822
0.16446166763559145
0.16324225934821196
0.16380738338530004
0.1666146451672159
0.16539002816910006
0.1649993557556285
0.16369613649225012
0.1616356112969521
0.1586581025398483
0.15489811348668406
0.15462028336313194
0.15360072598641253
0.15502038093310916
0.16003145257473217
0.16273456817033824
0.16350327792753577
0.16262575095318632
0.16176489183208353
0.16130106848125791
0.15977037239221087
0.16007063708834318
0.16037947315099843
0.16187782681056923
0.1635453215348443
0.16407466609605284
0.16565966102574375
0.1660923160461788
0.166323105760582
0.1672065376955366
0.16663510527600262
0.16717984689888107
0.16695896453294135
0.16931577590394226
0.17098761726910655
0.17239041233310665
0.17346667348693615
0.1743604086069157
0.17063614461657964
0.16854098493225264
0.1665395742953027
0.16680328039122116
0.16946986968349756
0.17079598662445367
0.17240317237558672
0.17396257526829065
0.17250127980129454
0.17122092318238397
0.16801495765445668
0.16788134698347187
0.16646540327905687
0.16866281985222317
0.169115800306205
0.16891659231727862
0.1698590906096919
0.17095044197748072
0.1714054529930401
0.17115420629231876
0.17111800863449614
0.17291263876108362
0.17370895205200992
0.1748338099408272
0.1760945082251529
0.17659986431317565
0.17601946763370335
0.1754587383725837
0.17340579238386666
0.17283049284824617
0.17414713661268538
0.17610793862105212
0.178549649729777
0.18162346542731198
0.1813792009447927
0.17973512802533967
0.1795037104818092
0.17679090129655556
0.17469073788617592
0.17473711926850283
0.17289456974037054
0.17255880639760734
0.17315571713992262
0.17373438251955114
0.172873450371631
0.17116540669395594
0.16695943749434422
0.16630877453077414
0.1670035070595097
0.16701989053114652
0.16682304364650524
0.16798256771084846
0.1688404968970621
0.17049879893371667
0.1703361993521386
0.17065333854065162
0.16982425934954987
0.16901667904975598
0.16743427190101753
0.16721578570849613
0.1686865883239024
0.16993328288695186
0.17294373824648346
0.17488115041618468
0.17512135593648145
0.17472095065661522
0.17423811336506895
0.17329405611023802
0.16991098536534538
0.1693249162452152
0.1686287294441708
0.17079776102277824
0.17122914476483456
0.17636947687881133
0.17756786210632997
0.17754949307324513
0.17635178989880318
0.1760905796104666
0.17599480444463672
0.17488969281627084
0.17268608382399378
0.1725024423050705
0.17367930828484873
0.17602977651695464
0.17745748411019024
0.17747133860022427
0.1759482951692654
0.17433798042048398
0.17170771514562141
0.16912818297871007
0.16836201875377102
0.16763118761399542
0.1662394059568928
0.16597402401337866
0.16917773739629666
0.17008129689033202
0.17001421451464283
0.16996411531020883
0.16850508439250994
0.16785615398770104
0.16775304523941886
0.16710010314573928
0.16765415190313115
0.16892504549892412
0.17024725023354584
0.17171780157349772
0.1726701488473188
0.17556213060348763
0.17675942126760477
0.17869584162720942
0.17964733720989606
0.1774687112703533
0.17702469754610417
0.1790795082914566
0.17937813202496028
0.1799234027480615
0.1812217195068206
0.1836198389747686
0.1860123408309509
0.18688991697497323
0.18800411407814427
0.18744267559918953
0.18618572596561672
0.18581115618359398
0.18543929316252833
0.18683945724158474
0.1864204887663085
0.18753352903308493
0.1869208447816507
0.18495851805396127
0.18183632344075956
0.18249072691845297
0.18392310378648
0.18496772821704294
0.1871453729617491
0.18785853322684298
0.18692085810145087
0.1854963373635785
0.18359244420029266
0.18254060886439596
0.18119644316464903
0.1813280760272537
0.1805674986806845
0.18037515120420308
0.18050256708724732
0.1810250990008441
0.18304812814624996
0.1827913834711576
0.18095489375808926
0.17789372660327196
0.17665231199749232
0.1730966818604199
0.17117406364540316
0.1701230043227647
0.1692045343543754
0.16987106849597455
0.16892730262603092
0.1688761126902545
0.1696630575076486
0.1712896444985843
0.17182150616920078
0.17120499689367782
0.1701645154742744
0.1689775864261488
0.1702007017376324
0.16966811242430047
0.16938167602487653
0.16823798326779468
0.16598556527952166
0.16416125217360122
0.1620104102564018
0.16279720763000477
0.16275858504522409
0.16092569786272656
0.16032435104507714
0.1614028605492051
0.16075834652431836
0.16253909374503905
0.16428849302677007
0.1645085706024944
0.16474975383678286
0.16563806969897177
0.1666997240817903
0.1690618907634216
0.17380200614398864
0.16113919831286277
0.15833662285677774
0.15765820380085488
0.1557069062944953
0.15394491160785143
0.1536500089326842
0.15593869371788305
0.1568364369909522
0.15792857276247219
0.158695517436625
0.15899865575412328
0.16022559061743055
0.16036214298743506
0.16227897605325203
0.1628105129683457
0.1638703603384086
0.16421232773470126
0.16384350291397604
0.16417446132161467
0.16288382235072033
0.16262129172664624
0.16403556797342045
0.16446714559639428
0.16769945361891475
0.16756389728254012
0.16728200772881952
0.16719692290129376
0.1693623724407713
0.17115451403768808
0.1712299545182727
0.17148249806267452
0.17235589784912644
0.1719183275873223
0.17228688674882367
0.17213080169604095
0.17097506587602812
0.1736221572841024
0.173196508092224
0.1710647555476271
0.16938193646289865
0.16986439489071053
0.16936929725547228
0.17129551779609342
0.17238184802081558
0.17360204950615526
0.17485279025040995
0.1767173451882295
0.1766721100030081
0.17824915113324885
0.17702287076740839
0.1785861016577294
0.17615062960020095
0.177239839856924
0.17822934537722254
0.17975832679518047
0.1835651835263739
0.18374224323118293
0.1816200073621515
0.18019702068965532
0.17607786186933239
0.17499792363954553
0.1731451944344673
0.1736767938880362
0.17111287601571595
0.17142873485589993
0.17166525839015107
0.17319651501542727
0.17796003152268747
0.17860866838033793
0.1787568519689304
0.17841606039684202
0.17737768858522193
0.1760561517639055
0.17514658857223506
0.17461698202284015
0.17534227246296558
0.17478296125810988
0.17692820616467236
0.17944379266641855
0.17953722814327383
0.17854674897001424
0.17711029035047987
0.17572864737214236
0.1752216991066597
0.17609585038331538
0.17584180224120083
0.1761246126316199
0.17610321115850783
0.17876337376135382
0.17931100246906562
0.18172295257859178
0.18326788142995584
0.18353440797962178
0.1829927674013231
0.18324244321599212
0.18249899826749166
0.18243990250898454
0.18032852790662995
0.17954179914449936
0.17882399412181824
0.17910848289153675
0.18049251211861694
0.18276422688261315
0.18344585927708737
0.1833475165005414
0.1838976211360948
0.18367073842085255
0.17997211406531913
0.17710455796159486
0.1746228718821325
0.17304296390058843
0.17328511540210786
0.17370273799494373
0.17396609180629174
0.1769460754404355
0.178719170278336
0.17901989735000026
0.17958918871817578
0.1800068700174918
0.17896385901222117
0.17692289639797332
0.17608562485292847
0.17619776981538063
0.17724643291778922
0.17952892550539798
0.17880612958023173
0.17948779114165783
0.18117483994205186
0.18139088343686985
0.18279700629141726
0.18273646175657393
0.18359422368055306
0.18454426233705257
0.18577642756850724
0.18631094692913913
0.18835130372561348
0.18886615881637117
0.1892788575958353
0.18988750728882522
0.19054201458933684
0.19154888400991466
0.19253155711822392
0.1924072033854632
0.19154727981817465
0.19014017133872838
0.1885659434838393
0.18950976285354765
0.1893331311610699
0.18855820183456648
0.1885160664154538
0.1875705183570084
0.189079206638877
0.18805992972487143
0.1977241513176365
0.19765471491046144
0.19759953444514705
0.19764585225559406
0.1988365860526631
0.20049738938423628
0.20564966841266283
0.21561937510606438
0.22033174125308957
0.2210193458437955
0.21563813314319855
0.20816272551132578
0.20664818084534092
0.20752846272056077
0.20741887939968545
0.20611134660511113
0.19889157994928686
0.1967430075422512
0.19991359638728323
0.1964475591604468
0.19434175158691555
0.19431221835966525
0.19861904726835083
0.20067848635089375
0.1967266664145748
0.19330999604455806
0.19186181799473684
0.18779916790540002
0.18380508880551286
0.18368710218785883
0.18452761596309683
0.18803520350654576
0.19181055536398867
0.19528052557075276
0.19716041341242002
0.20191171889526158
0.20443560594727184
0.2051898837282705
0.20463157303761453
0.2056690329599125
0.2043648662116492
0.2040683708123881
0.201747343905799
0.1980474157337331
0.1954928653991545
0.19504658728632956
0.19644515376846386
0.1977588975800698
0.20098689107333745
0.20510829403557457
0.20711773183084511
0.20785223700371316
0.2069524994169341
0.20550184398022747
0.20568834011921205
0.20541063968060014
0.2062721041617653
0.20791093368755392
0.20976699665751602
0.2111961859568386
0.21547400569724676
0.2179994960217849
0.22151046931675417
0.22276019660483634
0.22297844002593994
0.22323406428539547
0.22481556989095225
0.22639712213268232
0.23282633240411887
0.23515414508074417
0.18227972720301136
0.1759161214033233
0.18080034339069734
0.17958828712920807
0.17420490659396037
0.17000328974855222
0.1686510471227953
0.16754655597037976
0.16647004890476472
0.16676765660217235
0.16819376831047067
0.17004607375397512
0.170345878117046
0.1681693252528595
0.16589888703119524
0.16429269982241387
0.16007987521179456
0.158286461334861
0.15879070165832665
0.15946618694264472
0.16068140032403438
0.16429623809379154
0.16488833346170234
0.1640321784821305
0.1632168114037032
0.16439964339770266
0.16652515509429053
0.1682961131853731
0.17050460647146198
0.17232629355660753
0.17433462351039755
0.1749535764798885
0.17553982748030753
0.17338640963601543
0.17160167338110363
0.17155120702328308
0.16975754995692682
0.16852310920649183
0.1678058219529635
0.16693428173536148
0.1651274399282205
0.16346331714514822
0.1627256630308925
0.16227795152355418
0.16295128059773217
0.16165478003587155
0.16419235349516165
0.16354800550737536
0.16187238222788264
0.1634014896486216
0.16278813647002624
0.1635910909701059
0.1637788760103834
0.16287608620601646
0.16416026126122352
0.16252937994167804
0.1627160294113294
0.16041823421358048
0.15913204167350575
0.15967943170589163
0.15882363576792252
0.1576504625082957
0.1575206960162373
0.15612224719216533
0.1565540775582813
0.15737622963297818
0.15525934671036906
0.1545855351026715
0.1537724481633746
0.1524971916913582
0.15082286211673376
0.1509633241310214
0.1498453027214645
0.15108743745833814
0.15022581160771095
0.14946428256720928
0.1484806633923797
0.14795987678950875
0.14626887065080327
0.14482220407694832
0.14405286824582392
0.1425284046067105
0.1419054282976406
0.14286995547875755
0.14406498649888208
0.14668013761753823
0.14620334711737135
0.14567748359124963
0.14656511009109724
0.1461452403045487
0.1456657101286087
0.14931890071305415
0.1502846576606089
0.15191079196260177
0.1500116198320038
0.14722006731545667
0.14536008478219836
0.1460457630391137
0.1460717566896568
0.1466826673293786
0.1465999534516989
0.14564284313674117
0.14550302865733541
0.14802928170217997
0.1485901137888837
0.1482812339954783
0.14793486315561538
0.1469310946979092
0.1462283469305843
0.14549532877708532
0.14561674200719985
0.14593405926789274
0.14855689654677862
0.14922316968667476
0.14900047251281154
0.14879562947240607
0.14769542625140342
0.14739795761957136
0.1460151428296908
0.14557677363219285
0.14432362333825274
0.14211078427450863
0.13888959712789536
0.13633283241389238
0.1340023552416917
0.13001861279826865
0.1287166458957265
0.1286506455661116
0.12848935251109292
0.12774040236537415
0.12311058421347325
0.11870525479015595
0.11769705312487781
0.11453323135751288
0.11533436497699387
0.11506241979172187
0.11409580565691468
0.11120838547201402
0.11138094765476092
0.11157652749905414
0.11204870993590363
0.11215934361095434
0.11304003244748984
0.11237264803053082
0.11359388470783997
0.11404628461196191
0.11144413914563792
0.10994911950569466
0.10940585184394198
0.11133888960808098
0.11386276456576142
0.11680470402038412
0.11723146723705265
0.11769808245322463
0.11684359662932362
0.1154091740582613
0.11591537218764403
0.11619927961294538
0.11531157391344934
0.11529654785320409
0.11421987128688002
0.1140138124154215
0.11384969180373172
0.11382678521924013
0.11389341121777621
0.11514967847768451
0.11418888303093022
0.11284487897752611
0.11383093683567073
0.11365052582804332
0.11389880391174516
0.11213171246164175
0.11013492239317282
0.10737499970042545
0.10734049303274724
0.10548932913681049
0.10454026510807743
0.10464260347232165
0.10603885400476873
0.1049682152789168
0.10701705962028774
0.10671947042214927
0.104248860408841
0.10261535195148144
0.09963495477031749
0.09915716044816955
0.09725419395384585
0.09591985098383912
0.09546848548249494
0.0935910349919151
0.0962142658248675
0.09632041399729611
0.09829995549529615
0.09805282405171574
0.09475147714012283
0.09433214369010762
0.09273128564031544
0.09157716575872407
0.09195154047451246
0.091190867230939
0.09231625727994727
0.09302184966075969
0.0922874898336981
0.0911376263061078
0.09170035368834176
0.08823580694756479
0.08740563877759266
0.08812774148589023
0.08940186275047361
0.09060752546581051
0.09016604493525997
0.09095814056129167
0.0897744913552558
0.08775750933642862
0.08709947394105239
0.08661703690881216
0.08651300089005004
0.08705058251275379
0.08807500166133671
0.08875051544411101
0.09161357734104691
0.0920685853663866
0.09172539052530489
0.09267313652632453
0.09298264668115029
0.09425926350677313
0.09463933843730467
0.0967106794521391
0.10087883551277395
0.10444612747426747
0.10640172207478713
0.10995494047206604
0.10993785099480151
0.11007293801653821
0.10753706028437335
0.10441884134762022
0.10328603190109487
0.10094902473513992
0.10048422495080793
0.0976968867734925
0.09886225692469065
0.10106348526246656
0.10023962200923
0.1009101207000093
0.09925125499229778
0.0969557653436998
0.09527037056240803
0.09339756540659304
0.09221250759896454
0.09289255887631351
