0.007265398369733546
0.007837361451179118
0.008005294623082932
0.0084843845161997
0.008882632180316655
0.009184391234099117
0.009621446463920835
0.010270023043078164
0.010837637449423707
0.011548370766828178
0.012225547007764688
0.012847775190222977
0.013248945725523287
0.014537332186821461
0.015395634971511465
0.015877555907572997
0.016486211664848045
0.016518978597002777
0.01571899367826685
0.015219892062573084
0.014617925159662279
0.013768380211830628
0.013142988328022128
0.012995536099309554
0.012789894994763781
0.012630539448149364
0.012435266319430465
0.011934370889483393
0.011150330191606031
0.010453581702778271
0.009692698504779369
0.00916351290521233
0.00885649456290456
0.008509475761137399
0.008451020098766356
0.00842933204329058
0.008272072409103572
0.00803126257241943
0.0077047924843069385
0.007378789950819341
0.006968938767710206
0.00658506370340455
0.006121811211451673
0.005992328488036275
0.005839742435466838
0.005799192767935739
0.005645214987876248
0.0057049434789940255
0.005818976573570769
0.005853687553457021
0.0058112145236220705
0.006003322671704981
0.0061895329228547295
0.006455701887675888
0.0067240719054793615
0.007146442861368335
0.007737907078017366
0.007955044988569464
0.008615570001223257
0.008892756880104392
0.009242934201316404
0.009245423609780578
0.009295723047005832
0.00932309270511005
0.009443756606413004
0.00957604262077366
0.009428179860355997
0.009462070996082903
0.009428867337835715
0.00933221138543308
0.009088770381015155
0.008444173019386814
0.008260857994075398
0.008136226769035606
0.008058792234516146
0.008311959181497885
0.008539121270852911
0.008831017294341105
0.00935267857615937
0.00929069527070631
0.009584593278049442
0.009745932755889215
0.010501596582027182
0.010818388571164628
0.01133094864276011
0.011643531946960706
0.011845367019041948
0.011704222714971497
0.011559922268779697
0.011461536516316533
0.011617455639775422
0.01163221689439098
0.012015003554997555
0.01223130217261464
0.01186209885305971
0.01151956041235946
0.011295000330019431
0.011170217289294428
0.011205055745193626
0.011189569783378314
0.011125705687984827
0.011095651010966342
0.010738015331455849
0.010507982401396634
0.010447250306426703
0.010059664088404568
0.010016172286116388
0.00993332541886501
0.009898949264609668
0.009924905731895797
0.010153498435481096
0.01044608342169248
0.010984866680770259
0.01129391459069012
0.011734683749420757
0.011967777166505374
0.012282517793090785
0.012648236925786916
0.012660929600865043
0.012422548588417884
0.012244700583357858
0.01177698618725075
0.011759353886366234
0.012062007035720907
0.012331930488705862
0.012720930664975302
0.013057645270850664
0.0133478254188505
0.013244125248706481
0.013080492262072665
0.012522907736201558
0.012165866693206602
0.012067209054936462
0.012062195750198979
0.011942207555417953
0.012178238706398298
0.012574215159168711
0.012697516624828898
0.013087351274710357
0.013224894121215348
0.012852675341955448
0.012570575694595808
0.011884105445138727
0.011351783347361765
0.010623468190999654
0.010052620073552631
0.009731317481880584
0.009274561034140563
0.008836990572426673
0.00859971577768344
0.008215179918475072
0.007986710617211566
0.008015747005316567
0.007925286898175864
0.008008633979359104
0.007901722597411528
0.007874160007667472
0.007761997197631948
0.007415543710112468
0.007013015743984925
0.006875524766710067
0.00655101147447143
0.006406856588894755
0.006244961503940069
0.006326453952869025
0.006506874203261595
0.006672266857785801
0.006715130045829515
0.00685877420230404
0.006907499205550914
0.006900857052749532
0.006796310551494766
0.006776672308616632
0.006726043305606573
0.006747377093327851
0.006706272326250752
0.0065668697628271586
0.006853886812797067
0.00694536608774104
0.006912607192468995
0.006990780112112263
0.006823615361953217
0.006865333448797665
0.006888477153413032
0.006563848642519238
0.006347567922939268
0.006086519025226325
0.0059063002116171714
0.00565452012062837
0.005622347817652272
0.005576422153087722
0.0055082860888650345
0.005522457077760964
0.005427392483170045
0.005332913476625718
0.0051467482927536196
0.005106366726752864
0.004999462215950169
0.005057364110486215
0.005207319579245488
0.005321445740746127
0.005621521106535304
0.005886088201541858
0.0059846579542154
0.0060586641406628035
0.005974111874386284
0.005850074542659256
0.005820740180099004
0.005781431019382753
0.0059728781910683895
0.006043493733093833
0.006340126081126396
0.006198451876856156
0.006315002969502803
0.006361280696438311
0.006445955389560337
0.0063553865183508
0.006481698167308164
0.006654624513196444
0.006633624172502491
0.006893945467903039
0.007009107805653189
0.007125069437054793
0.007264657970880994
0.0074004588856830394
0.007689335675085332
0.00811090701521144
0.0085276644799366
0.008746438708801608
0.008932940895715172
0.009223551157884171
0.009144940199236604
0.009039804026215539
0.008931042103937475
0.00889274826026622
0.00888743509906737
0.009050604622267895
0.008979613722387888
0.009247121034793554
0.009475966928757714
0.00975554720008254
0.010152991411569648
0.010245094355693431
0.010108027627312185
0.01009649829491749
0.009910033607126615
0.009789734552893569
0.009362008328746018
0.009292402915737158
0.009330076083767319
0.009432239863913342
0.009393867534928557
0.009383069433256546
0.009435086492807335
0.00955848364495734
0.009707263685678237
0.009534292803334978
0.009710907864223657
0.009619820836951587
0.009563015773565492
0.009298142784868749
0.00905008483742969
0.008708296101176911
0.008673106488341253
0.008736007135666747
0.00866470915606761
0.008522291028603853
0.008374738580906874
0.008461849143753305
0.00863092099524702
0.008773781680515671
0.008857210751620697
0.008785031889048039
0.008733924926915593
0.008519614192002247
0.0080266669479012
0.007824562456518247
0.007301039373500316
0.007041086774425354
0.006954763592634909
0.006936790156571118
0.00706752843200475
0.007218653109559594
0.007269381340520323
0.007482450503333185
0.007584853155793464
0.007487408431112255
0.00748558948966718
0.007162293361774645
0.006556250999568183
0.006245852772219214
0.005680269080932528
0.005226513778983691
0.00501500154385746
0.004748414720624331
0.004757059866770803
0.004934678929653704
0.0049143528067776285
0.004904370009992557
0.004889952317349597
0.004849204476155867
0.004738399366363446
0.004576439236322812
0.004344261924826384
0.00409628926736953
0.004061250999141937
0.0041506351690650005
0.0041886621987442234
0.004271208543542913
0.004432231357137726
0.004428413508110309
0.0044414782763847705
0.0046001697268471635
0.004716115077998729
0.004861053690445009
0.0050574231273489475
0.005379081585587134
0.005393131748904263
0.005474271360629732
0.0055731828301916345
0.005833157432985935
0.005841691428919525
0.005718488588366022
0.005693688291964046
0.0057620603361916555
0.005806039241662528
0.006138053597925687
0.006166734685974473
0.006176876926201173
0.00654088513932428
0.006654325056597123
0.006780854280482239
0.006824233221661394
0.006853065865341302
0.00686571387786133
0.006898835395122693
0.0069503828339195824
0.0068806664568433745
0.006814562541866125
0.006709187958641951
0.006584644761308598
0.006445105803473986
0.006397104418122905
0.006342063146087103
0.006275962451994359
0.006469009032338241
0.006596594196790225
0.006806840473622286
0.006837714032962591
0.007040046074416749
0.0071987957135172575
0.007626395553582166
0.007809302545948421
0.008225124141702875
0.008566865253349631
0.00919643575314612
0.009739628458906191
0.010222059472925215
0.010323219603503426
0.010492797790968565
0.01022186805303912
0.010227553707299372
0.010181264272661179
0.010361941648895905
0.011007318933562419
0.011690323359314185
0.01226287872845498
0.012345420288825971
0.012443034974734648
0.011972050711239276
0.011789111251090816
0.011126259483997272
0.010681740092062382
0.010687220024456559
0.010744353737509442
0.010760012242641758
0.010451550890305233
0.010117895902910448
0.00946400117335871
0.008788836187904868
0.008000243665596447
0.00766539232912869
0.0073905880174072
0.007000189356470618
0.006915495488832931
0.0069792804125386075
0.006918487961001337
0.006872511951947988
0.006813505449017582
0.006962767690514268
0.007059563943307911
0.007114365924030313
0.007435154609316251
0.007518684180351269
0.007555611943159665
0.007574743659126419
0.0075967573141251295
0.007694639604212082
0.0077381214787704084
0.007834960286540597
0.008208634007994393
0.008330570872994044
0.008747273890356313
0.009033704175760784
0.009596589434628537
0.009977231079154391
0.010340427067512991
0.010755368028810655
0.011151934908498548
0.011597180116737155
0.011986446408034094
0.012298029616826345
0.01279405629138341
0.013368564796921278
0.014256198835329975
0.015155138793659522
0.008941796003552837
0.009068739792415636
0.009173692774573774
0.009422316650076116
0.009076706629233
0.009157888186568616
0.009034345552894897
0.008817281264661312
0.00834347168307872
0.008337024060468661
0.007991428634837936
0.007732703243554628
0.007904090728206851
0.007794153886724673
0.007830467301894697
0.007949349856132834
0.008054394022026453
0.00799604246603025
0.007976134573472113
0.008043726182180407
0.00792601326156073
0.007792560133209278
0.00763130247448128
0.00740458719806465
0.007364197405849216
0.007229258763477122
0.007159760992935342
0.007342396339620598
0.0073356246764194515
0.007333827378765458
0.00741473097972198
0.007383095967301204
0.007519382645261206
0.00752912838033479
0.007253155672865978
0.007145255457620887
0.006981751171227115
0.0067072167142479796
0.006417637931700299
0.006457859185287293
0.006400381434343365
0.006338570966077897
0.006264765456891375
0.006126333498230615
0.005928840780794855
0.00564247575067372
0.0054128561119431715
0.005280241207808745
0.0050959778698285284
0.0048157575831638865
0.00487195369832168
0.004948387872772508
0.005214664644111688
0.005332831521526296
0.005703033171381497
0.005956412716211154
0.006424961205272246
0.006763364417604692
0.007184113971827577
0.007364925863095324
0.0074474943136977586
0.007529731487940741
0.007742146487502902
0.008135937795779565
0.008414766275284868
0.008784494395983947
0.008916599488748414
0.009448145007333921
0.009667023305384461
0.009657796537060495
0.009769721405728304
0.009768603424688684
0.009667641392571143
0.009745526622072242
0.009851492769088515
0.009847259582212243
0.009899143381593051
0.009963405775612623
0.010108662121606288
0.009997394941279724
0.010083625304831988
0.010392412787777163
0.010433849654420622
0.010548643602530184
0.010800125470463894
0.01137549254515861
0.011994317518993835
0.012424790840637889
0.01251450929254926
0.012628274801358152
0.01276129044393558
0.01282089890092801
0.012907818821628298
0.013073839249822968
0.013278814499176167
0.013209103428537696
0.013590513326196462
0.013826924680371352
0.014244189802385015
0.014582089850418718
0.015216142792085927
0.01565091885489087
0.01605601453098243
0.01626662068255739
0.016662900479406946
0.016944720423142313
0.017098589498520302
0.017434581106346648
0.01765532829865097
0.017777305317372743
0.017878076050840994
0.018195013682660126
0.01846751843145525
0.019116691518137614
0.019441683767165728
0.019504456734654937
0.019869421712871982
0.019914117981998897
0.020005616096034025
0.020252814080695354
0.020906928670368884
0.02105530596516051
0.021248204004743053
0.021710607172141353
0.021923881834233307
0.022127590739875535
0.02254995836137712
0.02267864231360792
0.02293872278548028
0.02326967532437752
0.023648259639912274
0.02401840507410615
0.023625882013659956
0.023360027119120576
0.02312136382644912
0.02269869183033403
0.022277807346428924
0.02161201831923441
0.021281924755140014
0.02096044427982252
0.020271845549910524
0.019599819595277564
0.019190127465615152
0.019026998213139627
0.018635193721769486
0.01841077139276814
0.018180244797083793
0.01768875048201241
0.016943142464668468
0.016554712700420478
0.015560211362071072
0.015223387925315671
0.014490018029374968
0.014315266317269332
0.014120428220971018
0.01360690289656325
0.013193810863429824
0.012888470076054828
0.012896244446169627
0.012583747519332753
0.012489993984486695
0.012383628430637476
0.012021796225685777
0.011749675939524421
0.011478037866511892
0.011095622938838014
0.01090960493124464
0.010848965614503655
0.010525315586542265
0.010252271021730973
0.010193979430060509
0.010085680470648695
0.01002564732489553
0.010004606583964036
0.009922628335661382
0.009728200008590458
0.009513696558701731
0.009346126008131502
0.008945968190716365
0.008834745880865049
0.008868113617313569
0.008791085486656077
0.008798953960876729
0.008845558259822315
0.00878148640656137
0.008974033615346048
0.00916918987078368
0.009121434716492136
0.009143789459337762
0.009030343424299163
0.008787164542548628
0.008593597392113309
0.008509650906401671
0.008321765457652747
0.008403119387040397
0.008443046851932338
0.008523216371979905
0.00854336233528741
0.008450469671155012
0.008376553624909657
0.008360059901846212
0.008321326754668857
0.00836223280869769
0.00838722625299574
0.0084418852096951
0.008445980502918452
0.00839539955376604
0.008261037759022424
0.008067120043927761
0.00788795957804735
0.007473134712194256
0.007165308483130785
0.006958971710578953
0.006641215774608032
0.00646511369790585
0.005755714037543215
0.005438631638637241
0.005041852026167246
0.004832117586839547
0.0046320925849958425
0.004539488800928685
0.004493317118156423
0.0044030372137383155
0.004347932458974109
0.004064018211028158
0.004025126779182907
0.0037356320837092817
0.003569085325926615
0.003412135132568688
0.003373480321273478
0.003320077518357504
0.003499556304782331
0.0036295519988320613
0.0036962960786915177
0.003995013692353572
0.004187469021030661
0.00440941376723601
0.004922284298471231
0.005291310174461705
0.0055625081577267785
0.006071758832536642
0.006438626394543267
0.006979321287638701
0.007305362735575621
0.007992344825600413
0.00822750506312694
0.008508819449236432
0.008971020779412588
0.009190935878948205
0.009509219590619514
0.010014613533020019
0.010182567407480263
0.010351189112925197
0.010342039891850065
0.010401087347478173
0.010433424960057112
0.010496194353683397
0.010681135233338999
0.011133878947784177
0.011546664740024758
0.01195808539092551
0.011783027788263558
0.011687928195554137
0.011789226433833271
0.01220223400729861
0.012429309352844743
0.012701322049770609
0.012600029061956333
0.012455574701047984
0.012190366898460482
0.01169006760738826
0.011623475554257797
0.011213027095630188
0.010884737131794484
0.010504831897747518
0.01031386653313286
0.010185725963289238
0.010000189395419622
0.009815512329596097
0.009508856959086666
0.008959873542553776
0.008795675553691202
0.00845191307900962
0.008268321888420707
0.008197501741236974
0.008009145808315897
0.008000708978064024
0.007919001956559889
0.007942083776699216
0.0079608020914013
0.008157538645713374
0.008263459428286483
0.008440505231549192
0.008027845632537826
0.007991714413549855
0.00779427489280614
0.007543063753426847
0.007570407159992412
0.007655187475578676
0.007743013158372207
0.008110474388583352
0.008385891551804383
0.008533989399264566
0.008563405670992372
0.008497282615734935
0.008480728094260087
0.00828833479054675
0.008165548038464743
0.008021925219313625
0.007991136048348127
0.008151022996376257
0.008184671568941735
0.008207214323341644
0.008406009716898645
0.008438547183525349
0.008203628736175746
0.008083685891373904
0.007935930760378995
0.007619042647925395
0.007492981063919291
0.007207558290536348
0.007099561800599204
0.007113246145378634
0.007066607385119529
0.006920110050392937
0.006937974391179613
0.007256267011323631
0.0075495857215922505
0.007899306884226067
0.00816128710463992
0.008489467328067535
0.008550691373754145
0.008769352797460833
0.009140586119791664
0.009372533675642995
0.009351649777637045
0.008809049101848465
0.00809859820458709
0.007580960082739491
0.007169046509370125
0.006838407314714487
0.006338349810899235
0.006097134616454788
0.005911105877955819
0.005819317541019889
0.005626156525367428
0.0053957717872973225
0.005379725473308622
0.0053294510840896205
0.005468754588038213
0.005630264359351332
0.005909728553541356
0.005830847353598746
0.006209795519538932
0.006800074775747557
0.007377641119891996
0.007614319845562527
0.007850274015128837
0.008440014730433359
0.009158357414244445
0.00947938700556584
0.010101515458577341
0.010852228308115514
0.01111331600857453
0.011154426244817144
0.010976753625584246
0.010945062256614095
0.010946698099692394
0.011118416711167148
0.011159075620949395
0.01130228935787552
0.011323469183313343
0.011441115455683937
0.0115292635681444
0.011618666289933677
0.011592743992619286
0.011960299023674799
0.01248948356058473
0.012870831265025496
0.013546045224776407
0.01447136285190219
0.014750799156414413
0.015021440587919165
0.01525211547548028
0.015424754646685454
0.015883292244981674
0.01578576274056333
0.015821304052439825
0.015597670380023364
0.015334099813638572
0.014974734305624246
0.014504202237615013
0.014253392222002628
0.014242348508069899
0.014288272535593357
0.014566054115078797
0.014712255967767946
0.014594834438638743
0.014341094595255458
0.01425184343954349
0.013506442694964274
0.013109224521644402
0.012744836014922462
0.01242690635910548
0.012315422283348887
0.01205123784306937
0.012126161579143428
0.012122886692807202
0.012081337858339796
0.012080891448471312
0.012491346276913519
0.012597261191590315
0.012674043920225586
0.01274368763399152
0.01271823952985258
0.01279096122109961
0.012754884912176226
0.01273371923342977
0.012860510517331756
0.013011148213784612
0.01319226636534257
0.013283498131108754
0.01330873104281075
0.013564173399500366
0.013677664187519242
0.01413151503559181
0.014354288823074227
0.014602159575419599
0.015141801858511156
0.015259375457142458
0.015717376775228303
0.015715199769010132
0.015895895406673532
0.01591867331154079
0.01596083590879648
0.01632624320245642
0.016665583232304965
0.01664470776049761
0.01663651543981954
0.016530701046680682
0.01663006308861937
0.01659407223539848
0.0165143381633226
0.016526444639544752
0.015880795742137976
0.015726047395099196
0.015139868140525795
0.014845418022549784
0.01468760613672224
0.01443542835458059
0.014146734737446476
0.013975995728342436
0.013734425810845
0.013431571967930846
0.013304489221117913
0.013126039220175403
0.013029867964805519
0.012691375941801846
0.012268149330696459
0.011719924653847285
0.011097718101930273
0.010548598088662797
0.010372500540990365
0.009783896802020287
0.009338309006422683
0.00873839059075326
0.00848575545084261
0.008215637023632325
0.008076774550400076
0.008072295816910494
0.0081225546721877
0.008351043366709835
0.008485598792149657
0.008836416751964171
0.009093841852133081
0.00923777862436415
0.00976184881869694
0.00996868607528208
0.010257044544539849
0.010261827121596666
0.010254678776035123
0.010252573282096248
0.01058164608859453
0.010975238534562398
0.011476177430475614
0.012087316288294223
0.01278944216058189
0.013296938319804394
0.013654511526212162
0.013944975564818992
0.01447792184683631
0.014788563308572856
0.015446788808092183
0.016224995733243635
0.017313711308601994
0.018393716461201012
0.012892446992076973
0.01342392774551753
0.014080247253802924
0.013901189188822466
0.014634150561908171
0.014541419548696302
0.014098444614301705
0.01379010569860104
0.01309529935725107
0.012848595190807296
0.01264656966295342
0.011903346111222925
0.011632023608414909
0.010955530288316872
0.010432763554831585
0.010209038718904634
0.009621108422063722
0.009230507711551528
0.009086333776671974
0.00888532270743321
0.008759639246937439
0.008548994863243049
0.008401846708248022
0.008422151082489676
0.00838966367578409
0.008103164549381644
0.007957296033415853
0.007915564530527688
0.007999361906062345
0.007997326764093158
0.008152103994624276
0.008128585931964192
0.008214449993773841
0.008385396370407439
0.008333091637358342
0.008263029729892837
0.00831890038394548
0.008301995449357068
0.008481854581072945
0.00868791884371738
0.008778456168828564
0.008802695773217932
0.008848258527715612
0.008636377944967777
0.008306040360533755
0.008185999987561251
0.007831981232605076
0.00758422549017609
0.00725146418587496
0.0072589130881159595
0.007312056261964543
0.007343536001916212
0.007651324982338949
0.007868517623635825
0.00806413294901798
0.008088460893562171
0.008094390012112627
0.007868050234707444
0.00753399790751291
0.007509628930776111
0.007504081324180835
0.007933159076274164
0.00826836011188158
0.00867858127543094
0.009274341289352946
0.009518277196011478
0.009882170735088309
0.010062910810518582
0.00984174651054013
0.009845829357652247
0.00972238736645493
0.009660900096913196
0.009675798478171477
0.009931003326157067
0.010074859718665233
0.010047454798487395
0.010069474511299982
0.00967530447902578
0.009370383957918582
0.008998015086697501
0.008484371873585899
0.008267361914279256
0.008069538321145075
0.007922369226910935
0.007638057714571336
0.007594842514030145
0.007368221358879397
0.0072462798621979645
0.006947368504995064
0.006522988264969042
0.006343541857891209
0.005817976381100954
0.005514911743788047
0.005177018239431064
0.005078627730444538
0.004811990954446158
0.004661793500115136
0.004491826461137114
0.004442881390688618
0.004162824437564088
0.00416733179846446
0.004029527201241131
0.003910262974631623
0.003826176010464549
0.003818800088379529
0.0037525637057011867
0.0038398184678189867
0.0038461625559487117
0.0036270810958623895
0.0035879855319421983
0.003633184455171961
0.003799919972334494
0.003838391767367607
0.003893180636093972
0.003930982352649313
0.003911002949682785
0.0039052943705943062
0.003940652819788276
0.0039514862701086955
0.003919673167139282
0.003921378208940687
0.00393011478335796
0.004005505138032422
0.00403849676277074
0.004189994014210341
0.004284018583575055
0.00437218721467399
0.004434036060450209
0.004515146193196075
0.0046084171253757845
0.004765168220179213
0.004860757300804694
0.004892221830676573
0.0049024521934927495
0.005002504774346404
0.005155879904800073
0.005428723153475862
0.005702949839317776
0.005998844859379311
0.006077618571887532
0.006136488103147324
0.006203739681136313
0.006229767925719519
0.006222943672018105
0.006326884528024641
0.0064309751245520495
0.006524968484673191
0.006750820562348263
0.006850586029113294
0.007302708372120982
0.007634043754745802
0.0080374642668395
0.008333411106370212
0.008306599569779803
0.00817518258535512
0.008141295684477716
0.0081842406212338
0.008221763672925913
0.008473659014394347
0.008563834827850473
0.008574080284939226
0.008635455393897866
0.008777611392545244
0.008795327986967269
0.008737692504603253
0.008636321617160773
0.008397054615359712
0.008215475526994332
0.008126409273232263
0.007966242203183883
0.007913492290781515
0.007859810141791502
0.007871635953239323
0.007449545118936538
0.0070822112413610515
0.006863055714205727
0.006485592194780067
0.006178270835358987
0.0059846337617027725
0.005712728326079669
0.005624585663777151
0.0056004433146752
0.0053893318723328525
0.0053073626474310605
0.005247153332091592
0.005226493969324434
0.005230750468454013
0.0052355397806839125
0.005501976885638827
0.00564142226160849
0.005732225404383861
0.006023291595770259
0.006393772625638264
0.00659820055172545
0.006748390963962331
0.006778231663005103
0.006793439543506289
0.007108706538732296
0.007359218878917157
0.007728277147732563
0.007886152888370012
0.008033620687226798
0.00794443633682451
0.007971130889094687
0.007876170890472267
0.007568382776043455
0.007206083614970137
0.0070306257240155875
0.0070581061158538514
0.007000453517224413
0.007084937200386837
0.00714351765016266
0.007081093500291745
0.007003664287191498
0.006661957189268601
0.006468795659779335
0.006468240618372248
0.006310335337876799
0.006242126063070088
0.00621476850685516
0.006229724066864182
0.006460343095612002
0.006686389211300362
0.006826084447476885
0.006932203280951702
0.007230648713077184
0.007217792584248485
0.0072940406888873
0.007360619308748287
0.00719926186427812
0.00721590851723336
0.007196272783087111
0.0074607072742996355
0.007734356455877341
0.008007174218240265
0.008054608092001255
0.008210205118696145
0.008271436284848721
0.0085255835444208
0.00857110097253906
0.00883939809355134
0.00890922143774834
0.009139049079789855
0.009421701072980144
0.009645776524570064
0.00967968823350739
0.010210219311853733
0.01051032686767308
0.010512003023663436
0.010533901300305303
0.010247991231455752
0.00979482301319709
0.009346802683044279
0.008966198067812875
0.008511127867713854
0.00816608009643999
0.007972637681741602
0.0074557870164311145
0.00737686729927101
0.0073034076235713756
0.00718598012961201
0.007240207869066527
0.007165596042055944
0.007169651977626004
0.007120915169297135
0.007034227641623233
0.006848688544284208
0.006749957243647313
0.0067411916909071844
0.006649609429720667
0.006743025918435916
0.0072272764716561095
0.0077363190633086
0.00784822986348906
0.008359985806405474
0.008887572151838736
0.009532358587736678
0.010261441587595097
0.010697171687580876
0.010843940357411853
0.011098495861233591
0.011586019502024553
0.01194660950287927
0.012254286470915466
0.012406932849681657
0.012616878729692058
0.012811857350714547
0.012826039913399265
0.012700268462861736
0.012721274564815208
0.012498585462512028
0.012471859250051585
0.011912991598803012
0.011483814106582052
0.01093865007812294
0.010811534080013112
0.010508748811075792
0.01022109235554525
0.010210460489599886
0.010024319088763169
0.009979100557383335
0.010067520346319189
0.01047103159156677
0.010556139602648357
0.010696440800990428
0.01049660353583006
0.010092657135908513
0.009940208985036494
0.009804149184654373
0.009850529928242622
0.00986595181982244
0.010072321331141878
0.010539684126538152
0.011069711860099285
0.011295869051133386
0.011472365699345215
0.01122732139829934
0.011140276549006786
0.01082229763484511
0.010450417851496627
0.01038807154923867
0.010111695642550319
0.010057991187685567
0.010065393072699885
0.0099998519736299
0.009820042361558234
0.009826607410934309
0.009699550676631885
0.00962259618041254
0.009405541336440348
0.009041100405745434
0.008834909515832157
0.008737025607672566
0.008512935316679907
0.008479540250473048
0.008480535325419647
0.008605342046986458
0.008917716329738758
0.008995143129579563
0.009504374476458955
0.009784422827934406
0.00995128537754485
0.010097039784889267
0.010373197753860327
0.011074953484370854
0.01150486598872318
0.011664717737434355
0.012092612988368421
0.012534252871900946
0.01283606468105376
0.013356339446253637
0.013601276946252206
0.01413197335325668
0.014278041692119964
0.014230159723315877
0.01404490761672594
0.013950535665847346
0.013660626792221065
0.013575420720247339
0.013174422059456093
0.012585994635869397
0.01190843374301925
0.011721976364310419
0.011139188665323287
0.010689446898201574
0.010186339862235683
0.010172990138455818
0.010123443371674841
0.010114399622316996
0.010123970117540671
0.010403909911529832
0.010585374738974005
0.010563478574121158
0.010392407548663357
0.010882244837966638
0.01120661943711042
0.01147127744135793
0.011911530743319314
0.012655985985661972
0.013314996076878536
0.013739624790382505
0.014491338044197295
0.014774497881968801
0.01568770373696835
0.016514578462416198
0.017409170778359528
0.01825167871307349
0.019245603095423836
0.019359074554742527
0.019645984240751885
0.019734137105763723
0.01978870010432143
0.01972841673616436
0.019899014605612185
0.01995743620996743
0.0201032491842014
0.019926467259548542
0.019890031438815643
0.01935981947238645
0.018685716330766305
0.017660335632594403
0.016855786573318363
0.01612927508816747
0.015383093666603263
0.01481523171319744
0.014584017035738462
0.013573443282390064
0.012965163357810597
0.012560148422129085
0.011751070709127221
0.011029336446161627
0.010316778266868469
0.009602881830327353
0.00875629763986317
0.007807237852645692
0.0068164116316183744
0.006575074594503398
0.006040513578878065
0.005766410102034479
0.005626526078654123
0.005814632964273308
0.006063846695293801
0.0062655072858638795
0.006752326554949227
0.006966394129132665
0.007211920453058384
0.0071156702293111605
0.006768981173644715
0.00680588043650857
0.006953222069446216
0.007012823377460125
0.007314118254082418
0.008080584032294898
0.008364504063187046
0.009110183210479645
0.009500529028995253
0.00974669770888296
0.009882963337728506
0.009767345214503587
0.009344881190280332
0.009056379582141508
0.008541419906248068
0.008144909279635171
0.007716731107896624
0.007392487783660265
0.006905771610258819
0.0065720888014249605
0.00625460835332394
0.006006486157251861
0.005879135330062971
0.005788857518003983
0.005782135867774629
0.005825905676763915
0.005552416040197324
0.005505611041263429
0.005220952288225866
0.005106633547126075
0.004997503788987855
0.004853433184038372
0.0048794092439718335
0.004845668556930102
0.004827869592376473
0.004981251319943954
0.005145419038770653
0.005316645263666812
0.0052479903680073435
0.005364882551504467
0.005547211063068672
0.005564285428169969
0.005493657178003236
0.005478484572059349
0.005422845622997955
0.005474765008044046
0.005596395633502553
0.005806877237769298
0.006159096507873765
0.006452275068187923
0.0067071282020771655
0.0071241674651014745
0.007407637595280965
0.007547804633826874
0.007717979901841421
0.007799428588168268
0.008517188695694369
0.009095105225590084
0.009814888753196062
0.010142748264929027
0.010808661349279738
0.01165050055024372
0.012066842142258389
0.012837867276124815
0.013476882942937151
0.014257537370980239
0.014854717388431868
0.015333212505450533
0.016150556634383438
0.016834186762671014
0.017493727337224676
0.017874177118975883
0.017890459091448617
0.018195747948589053
0.017792611272164353
0.017559476069709225
0.01715786149967364
0.016977968303042348
0.016897409378107752
0.01657097558003763
0.01601060475944461
0.015799456857669612
0.014925554566515694
0.013876278870616082
0.012789942596114514
0.011898134018180417
0.01101152876206621
0.010531396263488075
0.009669788087651565
0.009063343662015303
0.008757702016778286
0.0083056188097511
0.007703641131127299
0.007182118249756094
0.006831319774175544
0.006326849602780273
0.005958736565824422
0.005799777452121461
0.005775317617691342
0.005839814500122281
0.005736275563941786
0.005677588413576303
0.005626280980243211
0.005686527547061469
0.005677829035561804
0.005558653138567389
0.005441649319290948
0.00526818149054952
0.0052577354902673306
0.005298585073559126
0.00554858655112413
0.005939422166851768
0.006385876063218304
0.006672356663728863
0.006645996547653535
0.006956750594906793
0.0070484428759160596
0.007032874177600709
0.00703370454426715
0.007204099158360086
0.007248899824343832
0.007520448686560287
0.007912873959603689
0.00844866415026628
0.008652355228826441
0.009271748970296947
0.009347348534749339
0.009684858464659983
0.009739034675879618
0.009657185753793653
0.00955505996167357
0.009472686699178279
0.00935262892314606
0.009300068618296187
0.009494367308242203
0.009427988932068499
0.009369839116621908
0.009384528577246424
0.009329377997829272
0.009510457822501395
0.00908041605316411
0.009005865007342944
0.008427587296920096
0.008430250870076825
0.00849097754737903
0.008578965752819023
0.008646766732651745
0.008955611966309604
0.009373488900942943
0.009397885537182127
0.009719410089140925
0.009744450254661566
0.009773017052482205
0.009945351703703484
0.009861850285968407
0.010033344566231265
0.010150654009565007
0.010520283845035897
0.010707289854741214
0.010935875365815534
0.011011667345682308
0.0112033425252619
0.011394479965002266
0.011782993331620735
0.012355065532130314
0.012944032705101458
0.01340462322867908
0.013960983112110192
0.014111775118977096
0.014619991657867735
0.015084185915434447
0.015450089667180509
0.01612599668233063
0.016519057424935202
0.01747587359228826
0.017780528601640835
0.01827702269367205
0.01831354610234176
0.018535789249762208
0.01886597834504833
0.019065448027968612
0.01886000931274459
0.018914280302154807
0.018757520453382606
0.018797558690127728
0.018477116662771895
0.018238722155830132
0.017849147407289368
0.01770856127565635
0.016889421440460697
0.016121962794298325
0.015610312453564293
0.015275995471992715
0.014864476558162134
0.01414854544686025
0.014064754228034904
0.013970069235730997
0.01352897678763405
0.013593524028010309
0.013602270180125922
0.01361890834235047
0.013470647205410028
0.013235495973567869
0.01344191058552872
0.01338563745118496
0.013180874486646515
0.013046484166848246
0.01305066273171634
0.012955095285279411
0.013025315619706618
0.013211456576693575
0.013351691031024685
0.01324561395371603
0.013263259320331714
0.013117379890343159
0.013032657589093197
0.012482726671496507
0.012054282946039031
0.011799437656500145
0.011765920230481435
0.011901980626704372
0.011910531818234853
0.011812564081127176
0.011740941153120106
0.011873825591130106
0.011486022611549148
0.011543128101397501
0.011212825978965967
0.01117623473634993
0.011360271430405751
0.010809517737392152
0.01103145987043215
0.011483045852982989
0.011591434292406215
0.011534811709533983
0.011540236591307852
0.011344163480110307
0.011215923681607976
0.010983736899653134
0.010850310975574892
0.010742612903709366
0.010894249704433803
0.011424866361954045
0.012239501610692352
0.01223833715801192
0.012618755462158387
0.01265031100600017
0.0122296603573002
0.011803786502074403
0.011092396540864831
0.010420636575495051
0.009938340924060918
0.009717861047565175
0.009112636953319311
0.008549190763949999
0.008247156034687262
0.0075862656865519126
0.007007431791173205
0.006791284129659658
0.006412479384225461
0.006176247948982119
0.006040105891420701
0.006092911606313096
0.006366210378362486
0.006827292052212393
0.007043030184876356
0.007518463332689336
0.008161049426316113
0.008589208431765135
0.009175491992898918
0.009798085161973485
0.0102880444907464
0.01087071721088124
0.011842630650423663
0.012852176708524473
0.013866247783590118
0.014380075377452584
0.014848287399063746
0.015177067377072955
0.015400768340295254
0.015481290167307319
0.015643613278651866
0.015593982757643083
0.015937890943271003
0.016066341177146417
0.016371816108701687
0.01624339295658789
0.016238907836067705
0.016279977026476575
0.01633240793575943
0.016196146147259446
0.016209789389340572
0.015421556136749889
0.015036091045544356
0.014898542518019559
0.014458564733902621
0.013991041084694886
0.01384609177699051
0.01340478686642942
0.01269940097020358
0.012580910193734505
0.012125476131696492
0.0116623038156391
0.01131823271664243
0.010752129493650378
0.01043521663767448
0.009702744972206393
0.009367870838960093
0.009180727425262483
0.009024301758082484
0.00903851020780086
0.009226556441090616
0.009373224123818514
0.009603558277276415
0.009943904711457948
0.010061353984135997
0.010150268305231228
0.010413945245434032
0.010675027060857767
0.011066882896886496
0.011407308507868572
0.010568342017968269
0.010869109495373114
0.010982305739379479
0.011384233131536041
0.011545731285448757
0.011788097973400724
0.011942055183615583
0.012302549190577002
0.012209811746845677
0.01238736859507313
0.012319928476350042
0.012351085266015461
0.012632692735537795
0.012864366364608696
0.01320688959557155
0.013720571628518169
0.013741289913305666
0.013913434739143481
0.013964145227886932
0.013821601561953575
0.01358056560041758
0.013096380653519207
0.012939140350302233
0.013255574017082697
0.013453475792366758
0.014199258123731651
0.014927332024806162
0.015218443054936956
0.01580273700199034
0.01581376757458678
0.01571893389922826
0.015661801815742157
0.015769575416737364
0.01620424297108307
0.016486597670965823
0.017062664942561593
0.017167030969159325
0.01703665060133954
0.01689810696312363
0.01638586209414541
0.01574712560587059
0.01470102490573218
0.013788007034733448
0.013398187388487276
0.012891154797643892
0.012661819794352108
0.011944892345401763
0.011610728524241044
0.010543927388865403
0.010063885928666723
0.009499394496777063
0.009056838659727338
0.008868236656839643
0.00862983396049198
0.008666449263352655
0.008840746968050314
0.009008340910493488
0.009082420584238428
0.009368739476013252
0.009369589199874951
0.009780498398946746
0.010272228624501873
0.011080655705055738
0.011517686891297433
0.012597756087699816
0.013713224080004836
0.01498961921094038
0.01628604051541495
0.01772680939238968
0.019082104082856145
0.01958478853356755
0.020967792465579907
0.021414049788069375
0.022511530792899113
0.02331163669714356
0.023059305610587867
0.02229529860994177
0.021484463985213996
0.02109893839273446
0.020150980605847767
0.018912188781724588
0.017754661998254585
0.016603691073354913
0.015544316431897104
0.015204810481801678
0.014481788234457274
0.013815473219862684
0.013342984166127217
0.012573017084519019
0.011935217879707888
0.01160804974099496
0.01107096139800667
0.010403794272907465
0.009653219951869633
0.009340578562147366
0.008767791732979773
0.008034485004682707
0.00743795601637072
0.007224589906346629
0.006728819159602396
0.006237258173800715
0.0060923418183664434
0.005723490619595166
0.005529617693859583
0.005446168879312185
0.0052539474370595415
0.005220950751398947
0.005502914363857688
0.005576863127785813
0.0055577801199293494
0.005517073847697999
0.005516036090939857
0.005549517231674699
0.005671356623422564
0.0057823921062218975
0.006125242958937453
0.006373115998236399
0.006401864125690765
0.0065703096018961075
0.0067388109194765206
0.006769808405978339
0.006797060049727408
0.006836477794333347
0.006689359885223239
0.006661736094439144
0.00658137846178414
0.006376625890605751
0.006082256766288263
0.006016352908540209
0.005932450966307515
0.005897350200424497
0.0057786548908740675
0.005795224624274851
0.004750485537101326
0.0045993981097595315
0.004307243400963845
0.00398645738253564
0.0036935123518780505
0.003641231828657452
0.0036343175380571203
0.003656760063841987
0.00396214913846316
0.00396459206582578
0.00401384382930982
0.004287646077285269
0.004564822876027687
0.004853087975552865
0.005063188329185079
0.005409951489133082
0.005922983484863913
0.006207432286196727
0.007142196114332042
0.0076485309089669665
0.008648918694445193
0.009948372104069913
0.011222403362665275
0.012108329645601604
0.01310493277588332
0.013926451565795481
0.014767112042611713
0.015504322550133334
0.01624390087203856
0.01662259837935954
0.017468794303358594
0.018100296099101243
0.018372185444484785
0.018843795940584402
0.019530355202704127
0.019655604824540967
0.019785584257839016
0.019618302798549512
0.019627527357195272
0.019962801299200562
0.020369302826151257
0.020755727605543305
0.021210931249807018
0.021322420999023532
0.021175564050521446
0.021072769053696365
0.0206969393719408
0.02035745966672144
0.02047368675506877
0.020355036522322244
0.020760576254075697
0.022446302582922777
0.022651320916223204
0.02398693206759219
0.025252254487992287
0.026240570396820723
0.02780454977156746
0.03144306005323916
0.03312499700017458
0.03539728642049979
0.017281750649210705
0.017743519460653532
0.016507073909829757
0.016618789039580036
0.019136566521050533
0.02050698743127421
0.022510506001652213
0.024562909756149796
0.01771646729807289
0.01732392223587176
0.01688429083628812
0.01594137800011535
0.015354416992299027
0.014579644458605786
0.01415625401990317
0.014171560417692788
0.014385829015366749
0.01426611686716978
0.01472646846542175
0.014718101688731538
0.014776636659504388
0.014935982030275703
0.015042594536825566
0.015085756680363435
0.015485007292429992
0.015912534062451047
0.01674339323399614
0.017920066288474774
0.018633198484703996
0.01959911819530804
0.0199361439421881
0.020572394908470813
0.02059044266201407
0.020639163181921903
0.020572103585991753
0.020495112972035295
0.02097279011647007
0.020977196765647917
0.02165836390490883
0.021900537425118514
0.022280510043865394
0.02302056481616028
0.023976558710832825
0.024557578740372017
0.024805159611593203
0.025016830783450756
0.025235423336730532
0.025652913485663682
0.026017585173983938
0.02612012767719172
0.02582847203725519
0.0256637864164189
0.02438160752849689
0.023227395620649884
0.02281987617013453
0.02173528150406139
0.021491083099973166
0.01968521307321871
0.019244753146394056
0.018056322006216593
0.01718735260161426
0.016509196878305012
0.016246768925835365
0.015708519540912867
0.015422899374171267
0.014989481150694784
0.014752456842079797
0.014362213039218075
0.013932545954363251
0.013498667253657762
0.013024600275085122
0.012805743358518959
0.012582279682369116
0.012363749839285032
0.012278909810186183
0.012215588074732997
0.012595116097848566
0.012633653544953794
0.012858871245832116
0.012814872993994914
0.012889475468987072
0.012965965873910449
0.013233061580616226
0.013335681083766227
0.013482711903882463
0.013602115550501342
0.013745150252188105
0.013871636410929047
0.013901820887449647
0.013583683633741678
0.013844718793356678
0.013659919349850788
0.013381643912870384
0.012754564075289854
0.012305936895095126
0.012219772127635021
0.012023368403778203
0.011941053325169818
0.01204324826187098
0.012344898692784686
0.01267075250141749
0.012800287065068153
0.012891279554520546
0.01306287457358164
0.012810414005479876
0.012722193006183416
0.009647243281012576
0.009586276619586923
0.009919638020875018
0.010237409328764793
0.010900456254156463
0.011406047193462457
0.011652613614161178
0.011887903352530009
0.011928819773275198
0.012126822286791093
0.012446284641688855
0.012774085721037744
0.013105088705385024
0.01364076957622957
0.014072114435620347
0.014270194995304481
0.01439363514644539
0.014567684806132283
0.014821238054950772
0.01565968579876508
0.016765652913054714
0.018011657459485245
0.018960371171322748
0.020125864682368454
0.020935249094844417
0.021211857270370164
0.021890615273169572
0.02212802331021401
0.022002554186539847
0.021891243678357174
0.02174169462349617
0.021568329285907194
0.02150153433942422
0.021627758574801946
0.02135114859027116
0.021625220638028998
0.02195180168338849
0.02211208125770333
0.0219400767889686
0.021702822574141946
0.021523806610268387
0.02114147308387785
0.02087171670324244
0.02061144509561555
0.01983169352533082
0.019305180549246636
0.01861543357997144
0.015718530551932848
0.015018064945768553
0.014104013293789259
0.013636250343717321
0.012767458189834028
0.011847973176002514
0.011410601936783804
0.010403496257000655
0.009540966647886371
0.00920354988724894
0.00863899262428468
0.00829320209947484
0.008161349714812222
0.007919126462775964
0.007436200549851316
0.006983721960102776
0.006324953302767692
0.0062169241512828165
0.00597279875072106
0.005890292683913668
0.005876987963993122
0.006025488638447419
0.006274365467535943
0.006242733639049901
0.006233059360099835
0.005994486768064666
0.006143032261906234
0.006070557125900797
0.006191673650112961
0.006426870619130802
0.006701335039161559
0.006895634100861052
0.0070965903724602205
0.007038542512729139
0.0067474311384419896
0.0067966355280805356
0.006658889158207321
0.006632497079660568
0.006885184817295975
0.007152912148990444
0.007394059527105462
0.007687996556880521
0.007825870221954079
0.00787869823081139
0.007659883044581278
0.007779198449582315
0.007783754685993462
0.008069795104911017
0.008311304155894504
0.008951896982221296
0.009362451281247783
0.010059562292511927
0.010819495559592473
0.01122068705441508
0.01152885000755394
0.011898292614027896
0.012243449364900443
0.012612010588997935
0.006709496810291671
0.006788122081774211
0.007068124289269176
0.007114218157281459
0.0074041767093196275
0.007762967400989402
0.007714955227498756
0.007521701001266622
0.007366906777254404
0.007336279687620439
0.007464569113305483
0.007601052210284025
0.007893886092585737
0.008373086124619223
0.008532537146764222
0.009007077227250717
0.009215553444426096
0.00914663104911714
0.00918230428945402
0.009216096821978175
0.009348554508059586
0.009843198719079472
0.01009861550819759
0.01059835653015868
0.0109177953726625
0.011059146437871535
0.01093504136810661
0.010876499138898479
0.010870038021249813
0.011063757411457813
0.011554490649071863
0.011873582451527457
0.012071985437043964
0.012247435274137847
0.0123981438351763
0.012659121156072506
0.012893935868575169
0.013071348818519924
0.01341269021119193
0.013757136590399736
0.014273339860423746
0.014896304194354101
0.015561829241556937
0.015857319734185575
0.01630754648532144
0.016839604045315325
0.017468535351603465
0.017886788989077293
0.01856457103064247
0.01939791694380517
0.016434853687294547
0.01660957542880077
0.01653713463911182
0.01673995607979064
0.017266394584246884
0.01649054671971387
0.016748847546734513
0.01688969385869093
0.017193937934894273
0.017439992537064696
0.017425698055368838
0.017832745536068857
0.01780344534703497
0.01806058143663394
0.01861807372780882
0.01886928195296766
0.01908224443684951
0.019555651895479212
0.019793439071189863
0.01983076206078766
0.01980692889633637
0.019741122702906573
0.019535359375688524
0.019421227117606674
0.01944330914683576
0.019547494952396084
0.01969104626916606
0.0197267721823338
0.019394013957535323
0.018912504833053033
0.0179211940143573
0.017180463966942065
0.01683949702805413
0.016861587680535826
0.016890820098358482
0.01718695906293382
0.01706676006999858
0.016646490418567517
0.016078707024991642
0.01548607770988474
0.01501897464587158
0.014826352158872907
0.014575319948314389
0.014195114905836503
0.014059100343118271
0.013692373009078274
0.013404941124676068
0.012914672466049968
0.01279679640332925
0.012440606378456405
0.01236978030320589
0.012302943976812324
0.012139029989278512
0.011801444599755608
0.011472314230589808
0.011092365859396854
0.01078370621233635
0.010735408409788191
0.010940772760907007
0.011358107418857212
0.011287880490623316
0.011275922959773432
0.011104676062650205
0.011057559271177807
0.011064469663356575
0.01126053128298536
0.01144299979025183
0.011827957474176568
0.012421554106418257
0.01265522259755108
0.01284489212592794
0.012672993813280081
0.012516395062672566
0.012492444748229813
0.012470831667061224
0.012483562481177149
0.012660131722727678
0.012992312103146705
0.013344124836600926
0.013144112771867384
0.012656666169661213
0.01194385075403137
0.011743073624219164
0.011413713838157093
0.01122943381470758
0.011072299239527999
0.011314510378562233
0.011000135423862436
0.010850496942888185
0.010512933852881512
0.010309264448798917
0.009923004114550655
0.009705091628241368
0.009652188146400717
0.009760634118916301
0.009895947470068917
0.0101832218724719
0.010478769263398621
0.01071092738883481
0.011118772582425978
0.011426225493978393
0.01172818862339561
0.01221685086194448
0.0127059352121805
0.013021750398311582
0.013730762890074693
0.014383976598068027
0.01424711957912729
0.014543727795398287
0.015125250212727499
0.01542957373005148
0.015986521447386604
0.01661617043348946
0.016758230863078927
0.017132221154466474
0.017345268600757965
0.017375312160932254
0.0174844079852924
0.01791476035386727
0.018217108023502855
0.0192731441055279
0.020108478362889187
0.020538525252727497
0.020492238617739425
0.01997383357898745
0.018468756667619594
0.017614483122311807
0.016924414347951635
0.016528513664585343
0.01648880058348435
0.016050860504367475
0.015651335283797023
0.015341520318365937
0.015114064526975442
0.014674442862352324
0.014031478978053966
0.013780778208099045
0.013573272397510489
0.013329260616184325
0.013223729858106692
0.01301349558528377
0.01295144263987395
0.012577909941754565
0.012428015134521242
0.012078920209950692
0.011913996491985046
0.011630236423542184
0.011654981757313129
0.011633374955156303
0.011960573937551589
0.011824678579034253
0.011728866925637496
0.011618486500738576
0.01160121415845886
0.011379120660294378
0.008598944391437834
0.008639082281773573
0.008753653964735927
0.008762362659609974
0.008773416609761614
0.00885459621880057
0.00888211312038316
0.009029503644802902
0.00950934624620457
0.009768530134471693
0.0102417142863708
0.010751957575516025
0.011241551610977587
0.011930689376218457
0.012541860668794282
0.013183839741652145
0.013471519342785995
0.013942660200507006
0.013650800230765725
0.013483510994814221
0.013245838605093726
0.013136264277450335
0.012730515387976352
0.012496074638903563
0.012276739371948956
0.01225488891733109
0.012220119299707382
0.012350339516274848
0.012577098445285784
0.01285041277502369
0.013025858960672173
0.013798069144261313
0.014298428077090964
0.014527793977878786
0.014872710561170507
0.014882422409104553
0.014074834182972118
0.01319520979010807
0.012547322502600568
0.011648853418455408
0.010883850549441298
0.010358579600916466
0.009899420992250555
0.009564318315267951
0.00922192109193887
0.008876011319755309
0.00863915866616862
0.008458217145954381
0.008161280696236178
0.007991264627477306
0.007832536083777732
0.007502663406277571
0.007356324385223852
0.007267261977421141
0.011318797868416584
0.013175605404790815
0.01464607928389743
0.014990142530147266
0.014280650352019164
0.012899242292642079
0.01316004075058309
0.013102105400404646
0.013272720272367578
0.013921889766983503
0.014566991166704114
0.014899070879698667
0.015203506099750469
0.015335345042659923
0.015259050897579507
0.015170018924657105
0.014904933681285546
0.014740655490758415
0.014646528210060211
0.014368263018299335
0.013860357336358084
0.013345555380685232
0.013095601785702274
0.012746523913999885
0.012508036972903046
0.012270950920505137
0.012139326105035979
0.012349658492409524
0.01274126941110296
0.013176849465008597
0.013635965819877683
0.013894991150140354
0.013965397567848366
0.013974469289811133
0.013988730404634313
0.014043642083074214
0.013999567656969645
0.013760423592606406
0.013526061115659873
0.01359756000250647
0.013392564189133756
0.01340983937428319
0.013445580498377348
0.013722659818134258
0.014059050834861291
0.013803456005027488
0.013948612566911855
0.013825295329182164
0.014070211413746333
0.014129814236234741
0.014191222773033307
0.014240792109819503
0.014040043714953532
0.01360550683698522
0.013435442541923448
0.013139126261946726
0.012626047168387503
0.012460852143794762
0.012421555444678305
0.012510346313356343
0.012280215666876131
0.012230568959204732
0.012163417055718304
0.012189958509887239
0.011849988525172698
0.011550140029660672
0.011063390284932289
0.010818240636088546
0.010842341348551093
0.01059589485198405
0.010365617235325092
0.010403874194504217
0.010212781188636258
0.00917592371898992
0.008825278683269313
0.008567573615833258
0.008251598771481645
0.008026250234294598
0.007848450103095626
0.00800729533918208
0.008358514358226005
0.008612766923739794
0.009038996329009305
0.009067649698780152
0.00932378974438395
0.00945814283671723
0.009934086090901337
0.010555020631666273
0.011193317853150683
0.011767963268307969
0.012874828439955969
0.013932089212624389
0.014749082791043599
0.015501431521712771
0.016109545249205246
0.01661352253575046
0.016729123427590805
0.016790356397601732
0.016089459989217514
0.016446248547089964
0.016369925019635533
0.01649854686897449
0.016064583819356968
0.015310948964496468
0.014791232294806089
0.014540600122159594
0.013887503326186542
0.013359355152258768
0.01323695956511707
0.012858076824688943
0.01257217680054928
0.01260693917790442
0.012295358358517507
0.012258165414638953
0.011942489798396495
0.011454324601253002
0.01122841566750428
0.01072228692032302
0.01039216190648551
0.009922461451929874
0.009811622818871065
0.009725745380576755
0.00964797567436544
0.009474062782400799
0.009494526812077058
0.009236897999220922
0.008949652780127347
0.008569585897919249
0.00832527567376402
0.007983789243683126
0.007446611178026594
0.007164679149499929
0.006979234159722911
0.006605578430958342
0.006295593184603101
0.005877166390021703
0.005669842998144438
0.005304660728340112
0.004922498839135056
0.004574193692297718
0.004408029459939627
0.004464264107328208
0.004286680298460954
0.004224186640372147
0.00420646537695088
0.004392063966671742
0.0045732970279817875
0.004632165572848625
0.004791102867336419
0.0052507049759807365
0.005739880721375193
0.0066023179004676925
0.0070766829271412274
0.007989517984189305
0.008884616421174751
0.0097563452383449
0.01036436607141687
0.011095984382433467
0.011733300241980878
0.012315729379142557
0.0126814422546034
0.013663934264069467
0.01463315802809225
0.01505246945753336
0.015387941001514024
0.015803715554283226
0.015989922064021018
0.016143749421060737
0.016522437515126942
0.01674292911216794
0.017045495829544427
0.016906874988005662
0.016173159468271556
0.01513609629202436
0.014365734791874158
0.014103208361052926
0.013875416268436705
0.013489257334819755
0.013385125086525219
0.01284533543442867
0.012263848310039238
0.011632175332612087
0.01118395496132771
0.010448035793988618
0.010081657600784034
0.009262919710876609
0.00842811057276935
0.00827035897664131
0.007501540983407546
0.006833135210551465
0.006297744167008452
0.00604804355502319
0.005666504634012869
0.005073667334040258
0.004923727438184535
0.0044763144404246
0.004479139331176114
0.004322189634231092
0.004316695870306623
0.0042097287157833296
0.00410682872204199
0.003957602745910073
0.0038519387630246696
0.0038828467887214143
0.003885761954819715
0.0038662143102985297
0.0038936997714879803
0.003985121844898236
0.0041767551342657624
0.0042962144996026115
0.0043422121496153225
0.0044008156221255045
0.004436476566104372
0.004494652229486485
0.0046048533991024055
0.004606304936414634
0.004621983875486009
0.004626685042956926
0.004661940068586377
0.004729189900579636
0.004730353319888874
0.004804228664047345
0.0048880806534175505
0.004956606737745597
0.004838205192715802
0.004693590524839421
0.004640751313317502
0.0045914314885837585
0.004436036733368067
0.004412839666784694
0.004549741651023048
0.0045843503186632755
0.004514733737668492
0.004426835905289985
0.004336567121400471
0.004345476708864104
0.004374140826580597
0.004407050858482491
0.004466186101106955
0.004518633118349805
0.004548319913885575
0.0047487682784411855
0.0048682326803474885
0.0049532913243527914
0.005088240371335989
0.0051653329322478014
0.005297933643149842
0.005490869232106599
0.0055832668180999835
0.0058816792580848164
0.006261147566726677
0.006424356675487265
0.006780157151523793
0.007458855083715665
0.007608201961081506
0.007873503526323513
0.008134308869408611
0.008184949470820334
0.008265146204161106
0.008113893922469197
0.008028803993827154
0.007696913312212027
0.007623281739598603
0.00748691048179743
0.007337700796503388
0.007265020259988158
0.0071215172726671
0.007093411901910776
0.00682117485534431
0.006687225205180962
0.006384891768617747
0.006092381154141452
0.005953437606014752
0.005540363931061866
0.005386148964156746
0.005150515929754785
0.005001897434721487
0.004747208843434559
0.004607273828061835
0.004506204154165564
0.004355317439096043
0.004261094032516831
0.003976472656094139
0.0038167034439643213
0.003785135311135609
0.003661894415240963
0.003616087397867622
0.0035824109748644724
0.003566553771667939
0.003502270054037837
0.00354607279568291
0.003481700936883439
0.0034566204143529162
0.0035129038842157774
0.003450129574093926
0.0033723435528339304
0.003317124323190687
0.003228434549412175
0.003280724085731517
0.003318439018694744
0.00331700883846551
0.0034589640847014725
0.003649891458770117
0.0037083144367311624
0.003768563836224088
0.003843739926457414
0.00408442310850555
0.004130161531168854
0.00403657175419498
0.004018267707723657
0.0036677049682216794
0.003593872240142035
0.0035113428011559226
0.0032800778326151684
0.003261536430759173
0.0033180030218268506
0.003462993436098725
0.0034508538006890986
0.0035575940131745976
0.003859281202403351
0.004045345485127502
0.0040347893357021315
0.004001385350600921
0.003829751688588439
0.0037111975525137104
0.003377973428949551
0.003255092247543065
0.003268398336566776
0.0031373147668271777
0.003200404253948215
0.0032787054341898215
0.0035281105240600103
0.0035708405315904523
0.00373204211490582
0.003762235645008357
0.0038108338048628955
0.0038861879145062395
0.0038749969376140636
0.003981026256269193
0.004084185536053211
0.004176890368156117
0.0044165456895642555
0.004564839184918898
0.004997799231825504
0.0051236327813562795
0.005334328452920095
0.005620440827266322
0.005773631786845997
0.005915685835117297
0.006006915632748947
0.006368643629528338
0.006623845589894238
0.00686134764520738
0.007408251663374906
0.007635918725495107
0.007980041616418404
0.008099977548987851
0.008109201213158227
0.00820688325091207
0.008162533366966105
0.008113363972583127
0.00803848553622286
0.00796125879019793
0.007773701761044795
0.007583554520378394
0.007474453491325884
0.0072312735661008865
0.006878339565080568
0.006756354747011949
0.0066108714054790105
0.006057722489358237
0.005883562857688807
0.005518561586010966
0.005077914935104305
0.0048276996599145115
0.004227740802258269
0.003656772410557527
0.0033047123850761238
0.0028702884817953067
0.0026426152125418522
0.0026189722929299978
0.0023831554671776786
0.002299463831814114
0.0022810280763411192
0.0022202778790570794
0.0021682030343706895
0.0020930637549351626
0.002080141655706661
0.002085967299542896
0.0020982469403320976
0.002092384953848209
0.0020975425139331556
0.0021975102447769736
0.002267753797584284
0.002402493923141398
0.0025023912995253994
0.0024713268770843464
0.002703305698482008
0.002926994031640669
0.0031807535129646175
0.003577713238742975
0.003930475159520481
0.004441400794191037
0.004936266705995068
0.005342234792168573
0.005547664424840957
0.0057882425058146956
0.005854859744093936
0.00640619057556277
0.007137841946946515
0.007492233806214797
0.00816143423597362
0.008807796794297043
0.009091650778629806
0.009961549849240327
0.01062125987716354
0.01099713623028879
0.011663726276136793
0.01167687172973646
0.011270732144533464
0.010801040834719899
0.010215556261947948
0.009794509770125678
0.00899692539033388
0.008189661412530618
0.007947049291463042
0.007483909920230315
0.0070113507215047565
0.006662098573064451
0.006143214157946568
0.005551656063269874
0.004986087783002764
0.0048371544496480425
0.004936804016770694
0.0047534349591058485
0.004693667664406042
0.004747422550661835
0.004749325707671566
0.004692119728919802
0.004562895517682359
0.00446566088391896
0.004353820405801132
0.004387840698981795
0.004327439462063826
0.004373758753175286
0.0043855679554886794
0.00465332582987279
0.004759073468404513
0.004983295719532623
0.005280243839906116
0.0053826841179420454
0.005579321909086496
0.005663182015475732
0.005735400536827909
0.005976097191391489
0.006178729287653889
0.006432320377789033
0.0068212779023053465
0.007057672367928046
0.008034824950141017
0.008440850529691579
0.008841458296665975
0.009052264838535539
0.009470930363390844
0.010022271121414194
0.010205162304530783
0.009657525715639607
0.008985002954384664
0.008541894860999587
0.007780378413931576
0.007207532567828282
0.006983834360937737
0.006202960218832737
0.006004319782822691
0.005451006628026619
0.00497078017967611
0.004671366710118186
0.004379950204620535
0.003964391170166222
0.0037545843906097907
0.003339072016217365
0.0029577202336350866
0.0027637620199843773
0.0027522796362525253
0.002605698569013698
0.0025226648937817214
0.002359185123267464
0.002325523613013499
0.002342836542956201
0.00233037359608983
0.0023507754908049117
0.002358236717417409
0.0024599630477350766
0.002555392776400583
0.002564144037525199
0.0027428692718188597
0.0027652672407312696
0.0027413047203410815
0.0026720095837894525
0.0025708246521114067
0.002382758953444721
0.0021720207283040067
0.0020238988303518195
0.0015994256274088202
0.0013174415653574947
0.0011659854892583268
0.000945610451709354
0.0008704737123626417
0.0008550986134894404
0.0008668983748502362
0.0008683142162946526
0.0008480938751010967
0.000789224547490167
0.0007293986816450533
0.0007030648851821683
0.0007008777047768319
0.0007196646183625485
0.0007041132239505776
0.0007667357487724893
0.0007946138160992853
0.0008277331009601877
0.0008188929982087511
0.000896333915834136
0.0009730954996247741
0.0009052174001774717
0.0009601715670768572
0.0010061802781784718
0.001036546591526776
0.0011048221301056997
0.0012042999857833788
0.0012891229173114193
0.001395671494874324
0.0015804357011114
0.0017504759125608897
0.0019405987323664689
0.0020228326409520376
0.0020105460285417985
0.0020476921736382356
0.0018452022185694362
0.0016589356325340484
0.0017279440873968171
0.001962656587197697
0.0022737692865356287
0.002437896614722687
0.0026614835596109
0.0027307014549090313
0.0026762959797111776
0.0025060591884359376
0.0023485685160994536
0.0022622343158371296
0.002297401256699405
0.002345891596964738
0.00238065108883169
0.002488544054846417
0.002598160463130929
0.0026151421661290614
0.002489491464238862
0.0024318094844491536
0.002101936120827703
0.0018907656232996343
0.001775093205770979
0.0016107654405469612
0.0015752532694131706
0.0016319455571589185
0.0016815218630466728
0.0016719479744747245
0.0015923763057957888
0.001490526887157935
0.0014643017512940867
0.0012893989352841465
0.0010671533124947301
0.0010506110597480593
0.0009857254646202418
0.0009656897521944012
0.0009336885770476136
0.000943494462148319
0.0009485445727210256
0.0009185479834787878
0.0009754512100432659
0.0009713337622380408
0.0010213946726782496
0.0011096324175124174
0.0011325958210704563
0.0012899122399297768
0.0012589040319440556
0.001325752605563823
0.001353058032145574
0.001306140425010484
0.0013218269563678474
0.0013237774938399589
0.0013796496688582031
0.0014150367889644905
0.0015189701606231028
0.0015561333411448824
0.0016583961100072107
0.0018691422076558804
0.0021548077015367244
0.0024070132495804322
0.0025258217997048632
0.0025814621440986138
0.0025378894020822718
0.002532494189178324
0.002562201317265543
0.0025745896768830634
0.0025499757780865556
0.00257850232335637
0.0025878396960790284
0.0027014639613720526
0.002584415648700405
0.0026727612998450963
0.0026744242552104343
0.002644517769451037
0.00278363548067326
0.003012199414222518
0.0030841178339666834
0.0032910356023777452
0.0034179517760096942
0.003447178985747378
0.0035928074985317584
0.0037646134761704945
0.0037775660199198674
0.003799639954682673
0.004039277763231963
0.004231158259441875
0.004421360810673037
0.004780925607109624
0.004882806673957595
0.0051289546893175855
0.005575404862373834
0.005640766130236836
0.005800394847440711
0.0057403405439675915
0.005605652412528073
0.005309580673253151
0.00533801752591462
0.005222395298873586
0.005074421927757894
0.004838835527112408
0.0044609745677745075
0.00412948546265002
0.0038528718926008148
0.0037453803326115455
0.0034264036828710446
0.0030083390936768524
0.0028115885838290063
0.002693676744548429
0.0025440146804146333
0.0025140369655708436
0.00245376323370685
0.0023905310088123202
0.0023544733441025205
0.0023490797534980808
0.002335945376092172
0.002362575784525053
0.002332269212927785
0.0023655923773969515
0.002438467011427708
0.002571007033835596
0.0025868829424441674
0.0026697394724695825
0.002684563080241326
0.0026786144280180266
0.0027094028412057896
0.002627198562688958
0.002644380825719247
0.00258853596708787
0.002565369463586431
0.0026437899448423985
0.0026054016327601475
0.0027524921805070763
0.0028208840651373166
0.003020046465590182
0.0029608126771044872
0.0029369154399571866
0.002851799200024172
0.0026836023079696058
0.00251719977831042
0.0024579038412439968
0.002446466115136551
0.002541862307276436
0.002694913180164249
0.0028498650763795095
0.002727829106036092
0.002729535420690704
0.0027641785066171666
0.0027359454896026024
0.002807158632221032
0.0027941582771386737
0.002900695513743956
0.003008896010684693
0.003325462354763669
0.003692373036724526
0.0039175648488361725
0.003929576397664771
0.0039016658512350056
0.0037574874477143104
0.0035321728333677924
0.003256914516869725
0.003075403243752128
0.003043960647814667
0.00298588519006904
0.0030034619917195253
0.0030555102413768022
0.00307913934916985
0.003021061258150868
0.0028881334496188653
0.002829053879889547
0.002485114991852872
0.0021591175720293136
0.0018647839493825535
0.001714306067827951
0.0016281266381605159
0.0015825377476499144
0.0014908797150784538
0.0015303976839186899
0.0014859854336922071
0.0014996423590338845
0.0015453181361890348
0.0015765438651171092
0.0014894482421490475
0.001461226188131635
0.001445863176397343
0.0014971870133025356
0.001502305910879772
0.0013737329795839395
0.001403761049169131
0.0013683782590796969
0.0013507217217293963
0.0013700470744136095
0.0013971175173293987
0.0015256980429622553
0.0016109294336344687
0.001701823991595784
0.00177324820984987
0.0018037060708518443
0.0017922815554678548
0.0017483937354529234
0.0016377388852433232
0.001643547101166163
0.001701659758155236
0.0017446020451829466
0.0018555293101997598
0.0020652432139418265
0.002244236610128429
0.0023365804119122374
0.002420068786374747
0.00250349756721121
0.002581072322949095
0.0025973939458039373
0.002642455763776132
0.0025980849324454183
0.002497449830134901
0.002336941190605438
0.0022646326947799627
0.00232290032351244
0.0024872328475750117
0.002595187104942806
0.0028931897887744733
0.0030535110792616837
0.003251922763538745
0.003341605032902723
0.0034098514667685723
0.0033534096762377445
0.00316927465831241
0.002991419880932024
0.0027570296550070285
0.0026858643688312525
0.002602084522601266
0.0027897386635696406
0.002817874388566453
0.0030835190794621476
0.003167479857949171
0.0032507633306565883
0.0032049211408869487
0.0032137719455912527
0.0030715084009407872
0.0028705963034049947
0.0025463331259787956
0.0023854739738505748
0.0022324529514593638
0.0022304598222394807
0.002249798961153151
0.002283369691317839
0.0023512514263547136
0.0024520787818756605
0.002481634631177951
0.002417783565304931
0.0023172074995305015
0.0020975327888470975
0.0019689389407022096
0.0018526640108671732
0.0015663550883514223
0.0015513991631092787
0.0014803715439560224
0.0015019910057983506
0.0014945603599447988
0.001490607640445177
0.0014410629293315322
0.0014493383577462188
0.001351924375364432
0.0012366931309566445
0.001124623955115261
0.0010989826522378313
0.0010029712694050502
0.0009532208906125515
0.0009257777206275854
0.000969564194692408
0.0010052158240079717
0.0010634835319497538
0.0011211655697479538
0.0011574974324753066
0.0011856169445244949
0.0011686301709057973
0.0011503066047443655
0.001104077114971135
0.0010495348578498749
0.0010058464583078094
0.001031423799968139
0.0010442551187861211
0.0011798738051990332
0.0012028508713847461
0.0013586797266372636
0.0014844745612366552
0.0015229106782326527
0.0016569520169118935
0.0016712582345430453
0.0016924644068858987
0.0016809762929934306
0.0015893288014074195
0.0015956480769444218
0.0015871366473296142
0.0016490029641465648
0.0017457269985641309
0.001977429032448337
0.0019629821326108
0.002062827321919922
0.0020277795931840266
0.002055598123341679
0.002132303002016958
0.0021764918139838747
0.00214785627868719
0.002238614899760288
0.0022209613734055856
0.0021705502769101635
0.002141518354610784
0.002089911666968873
0.001935528302951042
0.0017926689775173738
0.0017457385268168646
0.0017829962064279691
0.0018370472058965622
0.0020418999742415783
0.0021581712319765196
0.0022713355614859413
0.0023677144618217344
0.0023867259038111996
0.002230622165669527
0.0020230879036183713
0.0018344607618858272
0.0018292935198196965
0.00198519902687174
0.0020201782850545755
0.0022091957122051574
0.002337698352485014
0.0023823510241420933
0.002358317121572019
0.0022848864989646403
0.002163512191872539
0.0020544025478154895
0.0020001076133519947
0.0020190956122378384
0.0020736016919104283
0.0021430261439658945
0.002123706185413645
0.002035027907055515
0.001956059985058428
0.0018970980909936972
0.0018244204987961996
0.001812919228059797
0.0019225869680248853
0.0019478707818816135
0.0021128288038739663
0.0022648040237383356
0.002339684043608242
0.0022808087322263174
0.0021966629178312804
0.002216893781073799
0.0022240057720891654
0.002180823112012868
0.0021268180775039615
0.002415778027628792
0.00248513767913129
0.002711484798854899
0.0029204320820937837
0.0030391445394428187
0.0030293549925438008
0.0030494367776137663
0.0030090640480505268
0.002954956190331239
0.0028182264071769042
0.002955477862243024
0.003086924590174159
0.003239450646833527
0.003228767923464457
0.0032169804588919543
0.0030904348761377205
0.002868378213553415
0.00270635030017909
0.0027201471404382964
0.0030151763051885208
0.0032717023944207864
0.003377899110418079
0.0035230533332645136
0.0035020736524604334
0.003476679530587109
0.003337286048534771
0.003198264425954419
0.0032055216896237073
0.0034207311373004325
0.0035821241733548447
0.0037017839132481474
0.0038520549340285127
0.00404354478677615
0.004108133486865995
0.004036203874762628
0.004026401514924307
0.004184270370259796
0.0043843489858753516
0.004926755895616265
0.0053496423005516495
0.00585556865418024
0.00630054959183147
0.006547520255585073
0.006999982974321517
0.007409696835022699
0.007815243118088764
0.008153552978583094
0.00859428649375502
0.009260669775630271
0.00966984619165422
0.010324400842787865
0.010976946765933523
0.011643038587159604
0.012386410200552037
0.012931449366662134
0.01342891610820299
0.006610465480621754
0.00659231839342426
0.006468485636577157
0.0064450091128683785
0.006413478050727282
0.0065856124675574045
0.006824128097935487
0.0066866945502102055
0.006837675368148842
0.007013666744806565
0.007163613720570875
0.007218195009794188
0.007180089593503869
0.007189921929932996
0.0071130674829134434
0.007053144775122264
0.006974488111637134
0.006784119042110725
0.006801767478907994
0.0068416789077986135
0.007087708978881939
0.007090021587080636
0.00721837552129774
0.007248185881809808
0.0072168322281835244
0.007237063090619654
0.00723135595701206
0.007087698789110079
0.006777806335954338
0.006619747121031501
0.006536141226394633
0.0063981599763152045
0.0063319758607763895
0.0064973495208677495
0.006873513620704798
0.007245288653494751
0.007446941029437852
0.007523911044743937
0.007359522057557448
0.0072273619743391995
0.006889568379664366
0.006852210049967703
0.006630713252855976
0.006447702085862757
0.00643986593411573
0.0064418605169662
0.006513709159899362
0.006663682917068124
0.006792750653401375
0.006932388711082556
0.007130428365943508
0.0070591302225450556
0.00689957072411107
0.00667641238736214
0.006377128901134545
0.006322138703717432
0.00629945033423278
0.006257738985428703
0.0062225289505067225
0.005273880404144396
0.0052370026749522175
0.005269536611325113
0.005208503476043275
0.005211993902463577
0.005137764800565814
0.004975859471785108
0.004830723573800915
0.00463183821338344
0.004419454113014589
0.004463033528627535
0.0044512620550767636
0.00446114053926318
0.004494595718674616
0.004414392657888622
0.004534611019721883
0.004794551402023556
0.004962509350927567
0.005238667973871281
0.005378279315289822
0.005439455673032559
0.005409884792834637
0.005382410831279294
0.005246976448345085
0.005158628614013082
0.005311052427469315
0.005332008765328358
0.0031791937525228594
0.003186407050445316
0.003246668887969818
0.0032588329588091693
0.0032849487989713468
0.0032078069769030464
0.0032228260847225556
0.0031013052261309243
0.0030826478179268274
0.0026701634112594936
0.002514944016431885
0.002278927774273554
0.0021375800368455783
0.002069711319823169
0.0019680302550734424
0.0019008741484330012
0.001828019437292188
0.001801641448758921
0.0017212662322465566
0.0016369048247765988
0.001563295153454134
0.0014191767227708459
0.0012429411550416518
0.001101511759225172
0.0010519543337658796
0.001087487631517842
0.0011136653859581823
0.001221779703448958
0.0012573898932887674
0.0012820192699574359
0.0013107954770742313
0.0012516721881442306
0.0012347612187860561
0.001241958416748765
0.0012831830808382662
0.001246646721678589
0.001255742480085757
0.0013632750464190537
0.0013994460717310993
0.001443751383640029
0.001487671570068233
0.001453127760778251
0.0013511348073551484
0.0013642229671116612
0.0013814016369526852
0.0014908066502550394
0.0015367202060746665
0.001697229196534838
0.0017536121087312877
0.0017116667965643856
0.0016890650376041425
0.0017037412624305234
0.0016466415512752304
0.0016471850826389966
0.0016234174106569987
0.0017038902472953765
0.0019042474612657584
0.001933340576713008
0.002030190380708515
0.0020652813724430117
0.0020601288529983413
0.001987934963324908
0.0018735601522178098
0.0018847983728779226
0.0018789273270439096
0.0018694648338765918
0.0018389879597171567
0.0019397800480393736
0.0020320651326789134
0.0020164850603510247
0.002047617934584273
0.002041747568345115
0.0019434464820751104
0.0019005311263676906
0.0019335629925843756
0.0019695261166748504
0.002055181717624709
0.0021833470675467212
0.002295321730009827
0.0022926080833638313
0.002227974497124608
0.0021363008587403777
0.0020764328878213356
0.0019595698442906595
0.002088776793234911
0.0020956034785279305
0.0020511124398226743
0.0020767739864544117
0.0020834547591652274
0.0021944229213066773
0.0021735048549907368
0.0021897151355896897
0.0020800807741283515
0.0020334284516509695
0.0020308112997796442
0.001987721916736863
0.0020082278762838116
0.0020009805166008956
0.0019305693431206587
0.00205218596146359
0.002298059621987111
0.002286352922103072
0.002401858574549943
0.0023446258057460085
0.002394683305784587
0.002206751696519624
0.0020236060082292865
0.0018811455360754862
0.0017403775686857972
0.0016590895298077856
0.0017613182594745955
0.0018405048024090066
0.0018580239057401915
0.002033537006031973
0.0020805937183336247
0.00210688264339629
0.002018614494491829
0.002007242409235892
0.0018399172013064218
0.001740882603838753
0.001613531689194403
0.0015546353520331064
0.0015835039285928252
0.001671730024926411
0.001728823985130994
0.0017064794252837526
0.001634939865227937
0.0015475283916121477
0.0014806682164315793
0.0014213368489592632
0.0013922637888368805
0.0013488386681515096
0.0013705465542549317
0.0013944872376312643
0.001364516207634214
0.0013176053106364078
0.0013289654169470393
0.0013661412543329496
0.0013849618421165723
0.0013865951839287169
0.001410209485785447
0.0014426640746357223
0.0014211133101614932
0.0014482567394912469
0.001423770221801631
0.0014131699339528484
0.0014474351958741352
0.0014653494831302024
0.0014293220240617136
0.0014791219761713446
0.0015344477271262078
0.0016362767543483525
0.0017408091643824075
0.0018854153902155186
0.0020236683437280393
0.002033516782686922
0.002100042742557863
0.002084392712739455
0.0020296730339774464
0.0019170877257742892
0.0018536770135263018
0.001820471576357834
0.0019346117034446746
0.0019988551445473783
0.0021097246722633516
0.002155966128400787
0.0022781519887746285
0.002258151738670509
0.002258498471763635
0.0021282823806473444
0.0020560679919543515
0.002053302007237531
0.002045860756136038
0.0021590211878423655
0.002191025612647707
0.002286836065594317
0.002357671248635912
0.0024104272060615226
0.002642461364446017
0.0027007502105811407
0.0027880304435967712
0.0027806375513262684
0.002744367731528861
0.002716610686186488
0.0027165506083255088
0.0026724443650692526
0.0026750231895762817
0.00270132590946456
0.0028702574197371476
0.0031451509957931808
0.0034444166709576922
0.003654033710860013
0.0035659681142919666
0.003404755212000357
0.0032707980409396992
0.0030110172865485904
0.0029089531803814963
0.002859792922870539
0.0030275736257240294
0.0032559164014459374
0.0033885323766023718
0.0036561290169081287
0.0037973830737567196
0.0037436277245617468
0.003467035637498043
0.003259873736671851
0.003183536298174877
0.003054656825145384
0.0030688955435238534
0.0032021344317273827
0.0032971096079781248
0.003337615345883318
0.0033099778942479617
0.0032930045917461495
0.0031875720001497674
0.0031461808430591613
0.0030228798850577923
0.00295076942454741
0.002968688472238374
0.002871891407607561
0.002713275178871732
0.0026857243040923585
0.002503068780086964
0.002374951195964639
0.0023719288434895136
0.002211845935807883
0.0023447024182758143
0.0024003960820223997
0.0026181504421232183
0.0028033752294572166
0.0027361086963568638
0.0024180428263384578
0.0023697417026122356
0.002205109065317612
0.002142676123279713
0.0020075798811774056
0.0020098305307265376
0.0019502540008466934
0.001994170359543462
0.0019798504039051854
0.0018896715914965845
0.0018257594853718522
0.001792458188040174
0.0017481034267533505
0.0017179231289231735
0.0017144723519973884
0.0017281614866417557
0.0017981613333931923
0.0018097405846407406
0.001833389759772066
0.00181241826995783
0.00177066272900509
0.001766124194071024
0.0017395671469122402
0.0017280669577088685
0.001772729153999636
0.001807698339814474
0.0018826381735598616
0.001859829573214124
0.001997648928121356
0.00195576131212921
0.002046148603185015
0.002126786189450609
0.0022176191195700983
0.00230297794249748
0.00239856370751381
0.002470685981713198
0.0025760869981819373
0.0027071680543799184
0.0028718546345359564
0.0030699853261687156
0.003002027530173713
0.003068766448153127
0.003023061596850426
0.0030046257178187766
0.002982988271852745
0.003046008038522027
0.0032094294018643068
0.0033229958484851524
0.0033231577704753617
0.0034980101706298394
0.00349664441749807
0.0035716445904687213
0.003581884290062633
0.003520741355199742
0.0034671282827628777
0.003358652925439478
0.0034527728000509844
0.003515497157631849
0.0036821608726921224
0.0036588759861576206
0.0036493951511088973
0.0036135255603505835
0.003522429997669679
0.003466869392631347
0.003273322229541284
0.0030837073813010218
0.0030240256289036215
0.003045129777526114
0.0031538475916705806
0.0032203579490172026
0.003389225537116464
0.0035152538224271757
0.0035245586318651658
0.0034869284496999984
0.0032743515732255174
0.003062140747749774
0.0029119265533982582
0.0028681011735249315
0.0028578025385435444
0.0029764859107129812
0.0030057573974889237
0.003029579343540435
0.0029605680107463407
0.002875562769158151
0.002745181744139282
0.0026079383275725257
0.002493438903418135
0.0024200760490973965
0.002633582615324451
0.002680942855255923
0.002904338698910579
0.002989006030027522
0.0030353109070868412
0.0029924162748503546
0.002975269235247692
0.0028785092230299006
0.0028450715712197744
0.002814032389340902
0.0029164811539695947
0.002940336901075739
0.0030904404189036703
0.0031226552885510513
0.0031682759745216955
0.00298502759836113
0.0029615077018849212
0.0028382939384456953
0.002718709532430672
0.0026802291360511427
0.002608526650207955
0.0026986693513414697
0.002770185497864879
0.002747870592926252
0.002658780144728931
0.0026403833115053385
0.0025612998207703193
0.0025201508713303244
0.002378291327483103
0.002278429158751058
0.0022702039521555577
0.002116143511042154
0.0021104772572341467
0.0019982909824621904
0.0019845200670602385
0.0019280825211770406
0.001957539732548358
0.0020053736565781256
0.0021964374536045947
0.0023315671111988918
0.0023859977027652773
0.002376001107270769
0.002417403008706682
0.0024388784450603404
0.0024492595143836087
0.002569876788127483
0.002714883208755151
0.0029359428955329442
0.003214539728299172
0.0035857655342080366
0.004112202132098826
0.002718401297704488
0.00252140121202769
0.0025808375955083747
0.0025171263746393757
0.0024138626219160813
0.002361592769625956
0.0023189699431972874
0.0022559137167301466
0.002155333416624545
0.0022281375452830243
0.0022762591432268224
0.002433591947442379
0.0025792588316532862
0.0026902416678625256
0.002717984773950019
0.0026408988990424807
0.002549841728122404
0.0025246621622821643
0.0025300778814469484
0.002585407843663787
0.0027717870139126587
0.0031583168736477327
0.003328778243877565
0.003603795358962148
0.0037251438644747524
0.0036468471246342755
0.003443840591763665
0.0031317970898224615
0.0028341994091595738
0.0027234757299570917
0.002583254960844953
0.002648433232586209
0.002653936258325219
0.002804730617172014
0.0028685603624878163
0.0029075996084271588
0.002786037434949265
0.002539407258896938
0.0021056096323026885
0.0018322322354117771
0.001676184123945497
0.0015038141997318745
0.001448544581666601
0.0014169415295907707
0.0014184445200557108
0.0014928691064533812
0.0015162712596016095
0.0015066152487749392
0.0014562222719679261
0.0013024351261973542
0.0012548933701289529
0.001091241527464848
0.0011299762278420564
0.001181242271236541
0.0012772301722184238
0.0013475438526336214
0.0013242422671590982
0.0013488731470798084
0.001259527723239496
0.001236975232981783
0.001258459684643376
0.00132594991444307
0.0013027167110097448
0.0013992070204069844
0.001498999811885934
0.0016460419668585663
0.0016897306348933193
0.0017408598971374197
0.0017314502586923421
0.0016637456438990702
0.001686079903676124
0.0017021697657228104
0.0017317517215458388
0.0018826962340368785
0.0021094435521513766
0.002276638383240088
0.0024472998763495537
0.0024873066536892545
0.002518275953719069
0.00245957805767254
0.002434425386251138
0.002490746308078493
0.002591919565609308
0.0028140100119620824
0.002955663037756468
0.0031113368458327443
0.0031339550051997372
0.003229057295710211
0.0032584514951573655
0.0031960182510728497
0.0029827547526048103
0.00307287328943431
0.0030118362304402233
0.0032078319263238405
0.0033050062741937893
0.0034212230163697863
0.0034944875101275328
0.0034944227867726245
0.0034199652675225437
0.0032797774283577835
0.0032259644701610967
0.002982653903655209
0.002944504183892311
0.002928837426366302
0.00309397801219606
0.003325860928064676
0.0033640871694658333
0.0036284753859882266
0.0036685657215705754
0.0036023824355850497
0.003476309822673505
0.003244113756631534
0.003182701499426339
0.002946324988395906
0.002801741618568519
0.0027873627533764374
0.002739878545296872
0.0027662026801016167
0.0028258600918492386
0.002875637176983763
0.0028898411883083995
0.0028349726255792926
0.002806026807858589
0.0027440328027994645
0.0025338604129912954
0.0024171990376913575
0.0022093295922489464
0.0020316392525226603
0.001880733352262885
0.0018654319417386756
0.0019390976801393865
0.0019414573095220475
0.0020652359932436626
0.002127013150322144
0.002168619659322241
0.0022272138671055076
0.002334054055992991
0.0023701744643661155
0.0023227181592916104
0.002159674161405776
0.0021269999615070815
0.0021269341731597518
0.0021685687598762817
0.0022356358528368052
0.0023133757665564645
0.0023934452942865874
0.002492396314075751
0.0025688466267472566
0.0026794588891079657
0.0027066681707462272
0.002712813033672664
0.0025595240773339835
0.0023414938511393145
0.002377361202452918
0.002435137914252791
0.0025398392943477444
0.002869818303279567
0.003067260512301805
0.0038258134963804194
0.004822132831912853
0.006304245117359733
0.00758098486312294
0.008177728453263252
0.008827855525978907
0.008878640808262533
0.009059576813816214
0.008996949560046482
0.009095705051728794
0.009289059603559443
0.008994903348444896
0.009219570547344168
0.009538541777920063
0.009677205713610344
0.00988035356655183
0.009788983754968504
0.009847787649136384
0.00990232056044284
0.010059494687067273
0.009810547836990507
0.009741471392292997
0.00925518095909447
0.008848588522058689
0.008574834728990791
0.007947706630534238
0.0076265506559501425
0.00747242596869493
0.007472674389064955
0.007643976633151761
0.007537238587184437
0.007743281366947963
0.007725653888838083
0.007824963171931727
0.008015101098443446
0.008199416065134815
0.008413325137338877
0.008860428582935061
0.009162131016809577
0.009674574194683979
0.010161877743443171
0.010796078031971025
0.011297639895650347
0.011844345199737136
0.01242373591441664
0.012876786510142341
0.013449643782750348
0.013934092868062145
0.014435402746573709
0.015110876550350335
0.01602318345010848
0.016803172779534883
0.01781384307893953
0.018886976591497268
0.019942213012073613
0.021653946145369984
0.022851489842503236
0.02447619399828299
0.025838055709753283
0.027039122987314285
0.028439513951157975
0.02960627518785177
0.030891544346505612
0.03251719847691697
0.03375410355777667
0.005535483249082018
0.005834042468550203
0.005473314954604418
0.005216894462421256
0.00469810516550688
0.004307309890869101
0.004167937595013159
0.004055123759871464
0.003992641385725125
0.004071895038575831
0.004217035124983245
0.0042999797431273225
0.004256899974719055
0.003909664082935792
0.0036192254821748003
0.0034820387797584347
0.0031503960757631754
0.0030059837874896636
0.003119632884522273
0.0031479995895647823
0.00332917126425668
0.003473635705901406
0.003496826283949387
0.0034861260487245777
0.003410132000705248
0.0033672654141404016
0.0035064783521923638
0.0036250322319592416
0.003722637634559995
0.003795581817256167
0.003834759390175563
0.003758395756402446
0.003492853581119948
0.003365833117410455
0.0031964691250991827
0.00313677688116736
0.003062243713580391
0.003013632892795317
0.0030111811042065765
0.002882140136898691
0.0028068600973808356
0.0026694925595544083
0.002443233122884262
0.002201246181281242
0.0020961771941872035
0.002004494885087539
0.002026572529350213
0.0019783689950314738
0.0018797311264822625
0.0017534596581891039
0.0015834260165395676
0.001530866849922272
0.0014185361851109261
0.0013663775736587253
0.0012221103927917147
0.0011668319231697092
0.0012173752466466286
0.0011580648659782755
0.0011740515676783834
0.0012449200095392718
0.001358839761193722
0.0015006246771064671
0.0016048230727924117
0.0017416002478632512
0.0019276313939197577
0.0019951509286644555
0.002118879550497735
0.0021723090156837875
0.002186341242346933
0.0021594225952005454
0.0021052249193503733
0.002254576346210224
0.0024019596404651514
0.0025911665658499847
0.002709894876239802
0.0028395531439422144
0.0027379203688878456
0.0027089275746009995
0.002679064367608122
0.002560874686211975
0.0025602188119891746
0.002682237353977985
0.0026258746966682316
0.002789203504053072
0.002837992940715072
0.002918186234261411
0.002910359751632641
0.0028616527353118337
0.002864143691700194
0.0028278293341906274
0.0027720719253524614
0.0029522558294975674
0.002975545860554477
0.0033411989424575227
0.0035907238702940535
0.0038332077565184615
0.003986792569638315
0.003996258457852772
0.003984474684947791
0.004002605882896854
0.003996107197311224
0.004171060662911215
0.004264297937758743
0.004704712163694643
0.005144793594417616
0.005380449679863685
0.005795298940539734
0.006030605347958693
0.006271525773311451
0.006059440407463968
0.006041932303152716
0.0059986737663385225
0.006014418916097592
0.0058151402153583985
0.005703316754013493
0.0055453520914603
0.005353407683188152
0.005189582283068196
0.004777702236941615
0.004448201458179671
0.004109386245272968
0.0036309145468009472
0.0031933684291909196
0.002829627960502152
0.0026372334756905266
0.0023544809835090086
0.002158735579477368
0.002127016343558691
0.0021654229553660746
0.002255326162190185
0.0022140773278243667
0.002158979632655249
0.0021384197524069604
0.0020516690182732942
0.0018649185522720505
0.001812305632325315
0.0018201909609255461
0.0017562735300734166
0.0018704451575475903
0.0019464243882982835
0.002173971886491043
0.002502837197299878
0.002637047418143397
0.0028106493184483217
0.003004834464123031
0.002941229198464929
0.002813830349899838
0.0026958416364788345
0.002622341529570444
0.002602983987649141
0.002636019958456441
0.00288603791465597
0.0030747780378105006
0.003117977629093639
0.003135638482275149
0.0030123081435815173
0.0027786353556043444
0.002773784459254698
0.0025356371709697825
0.002545670593148328
0.0024810229912575255
0.002710649558187327
0.0028745273198168323
0.002925569490960436
0.0029428937281271205
0.0028678686533343926
0.002736768165934365
0.002715422495018763
0.0027724841622232743
0.002751852797180645
0.0027822547433371566
0.0027244668135201836
0.002523374520946747
0.002336509220152559
0.0022686024933944774
0.0020835071349601525
0.001952133600779576
0.0018251874383535423
0.001753888209805122
0.0016538469285928066
0.0016300639208042876
0.0015632982512860031
0.0013652177228215849
0.001258992633184395
0.001121415596732566
0.0010525448873618397
0.000993818635713174
0.000943098154834993
0.0009181488209617205
0.0009816424812942202
0.0010973753788921907
0.0011302116453402065
0.0011926148207001036
0.001116289104218751
0.0010192976185089628
0.0009889578703544618
0.0009091880050524666
0.0009280176479870108
0.0009302098901101365
0.0009627866388102933
0.0009824096093951778
0.0010360557547611465
0.0010676688935154226
0.0011072013568452863
0.0011665419174952687
0.0010761249293799965
0.001081077145265621
0.0010152483444293547
0.001081194496139919
0.00118686969629609
0.001201268594052541
0.0012440638296644841
0.001175537996251823
0.0011053013284540835
0.0010066578819331246
0.0010048714865328492
0.001074621830581967
0.001215305500205649
0.0013753394631626059
0.0014708584507164204
0.0017355646913542043
0.0018726734561659401
0.0019566517519455317
0.002055315182493897
0.0019476500893955903
0.0018763928213864967
0.0018250325111673713
0.001897845274750282
0.002095040316964484
0.002363310616759773
0.0025457546593981332
0.0030561352359906213
0.0034386168604623223
0.0035897516351308745
0.003763513846418376
0.0038071036626779174
0.0038537079487292666
0.003968514024415693
0.0040907114374442045
0.004044881019179771
0.00404961866531004
0.004285027536431887
0.004249193886764086
0.004426795074739278
0.00444302696458737
0.004374455245809581
0.004268109129722036
0.003909769510456685
0.0036316139306520057
0.003462222354085889
