3.9807830539764395
2.552369985040956
2.9973126698285415
8.377530241204386
7.1493852184188045
5.825620663822388
2.6616325265912537
2.6657088291718476
2.798249118769589
3.5458940150054845
3.332390541681226
3.4677591399282597
3.502195995715798
2.947410253446353
4.757462253071381
3.374312882318507
2.9344540492351907
2.6012611085554402
4.152704014968912
2.7532130307033644
3.1165850082060196
2.5538805206450044
2.332001752659539
2.366073679759644
2.6397573648414716
2.2304606754334593
3.2559827807324737
4.072452301255542
3.095304127484921
3.0406822690581556
2.6161397266501414
2.951499101842513
2.2812077400516153
2.087590527793387
2.1143522559432903
2.36851844376671
2.4975009927088756
2.959722250394038
3.101133033289717
2.8412194316072403
2.7784156789316263
2.8897577386013156
2.7225622853641065
2.6417915933138283
2.5524296797643204
3.0098939719247033
3.8404298115060636
3.5103804015002873
3.3920847934497353
2.665451009375086
2.5339494168981678
2.5246501645366806
2.5086807107948417
3.056173937876119
4.020369238828407
2.7738505015273263
2.8885048566321894
3.4480586009581367
3.399253834552429
2.8174536094504914
2.8541313170303027
2.699881862106
2.465618292470902
3.992590425597085
4.47931739022769
4.261940980843457
3.9060110000839856
3.863019008669511
3.0785994944727557
2.2539183016899083
2.1744163915048706
3.2461385646163152
2.3639129298844352
2.8907730285209663
3.4663187076689157
4.776084475478195
3.9838279499461726
4.000351597890974
4.102901651947077
2.566997827121317
2.3721656583748127
2.0713107272765976
3.134134298127239
2.267797346445822
4.382717218186168
3.7749056546332502
8.19264856987535
9.087977273750417
6.1695629574298705
14.108767914694926
9.304356161559195
5.894005995855577
6.408748153132523
4.301195602696387
5.04175346445274
4.3338551870625714
3.6808230535007076
7.508302424375723
11.387412294275302
13.655562201839668
6.586424467974164
13.559205675052974
14.142270798437053
9.658144048292566
13.059207300395752
11.082104151371787
12.8010651074115
11.460825455500899
12.502865736883834
11.748629705994002
9.846598471636158
6.647248183011699
4.689945794742602
3.76978682694115
4.175518675061971
9.460546740675303
14.53834188300741
10.33053239834869
10.391165078911008
7.99387750757961
12.020944013524398
6.580887675260155
6.299023208879759
2.859630235551914
3.5570206707130523
2.7092758254866647
4.4902209238094475
3.059208531696608
3.353026967014993
3.999544084429812
4.732749993371414
5.935708868774986
2.917501133012254
3.1081460782243613
3.2157237587655367
2.6083708456731935
2.889501386452131
2.5800560022495445
2.3989964553031715
2.5972377942377793
3.9111750447219578
2.698030996388773
4.19332385418614
3.3272049997762445
2.682266400620681
2.6882159932010765
2.3235186682743607
2.1907505606315167
2.046399574278696
2.2660399487407568
2.3149427680555705
1.738381386452513
1.8841860141550544
2.7534263529028573
2.1108724424882164
2.284443238686907
3.14870185498996
2.199558426578157
2.589261786971274
2.2776392098048093
2.7339906820925806
2.3815089377516268
2.456787317299835
2.078440929276187
2.9200512299998604
2.945037702118806
3.4736816530706376
4.255957197988431
2.9931958512691184
3.535623398197283
13.799450061863709
7.694206175463229
3.873071471928269
4.043741444005326
2.8821307342838685
3.4699992269202156
2.9210313793688685
3.1182339261377954
3.523427139968539
3.876735567977056
6.432671982040842
7.783719367341443
17.274335714824193
11.977535789216065
9.715157660281134
8.243791814466011
5.599186331714235
4.532842409042524
3.570587330706347
4.469694250632192
3.8798573241267427
3.7771186309636704
3.367790866359865
4.513753618795315
10.515508431722271
3.6470557761748283
3.000270738277638
7.356766972104251
6.340417010209032
5.72354818757653
5.328112038177993
8.68340705019815
9.295450432798637
4.114700539401779
3.826069671134158
2.539555807593741
2.4285196584798565
2.4377966888958653
2.7265952758705465
4.962795025801304
8.798708164604529
10.21173225787442
9.395438491505312
18.049805676060636
12.939028420189697
6.692829417937148
4.300637789705616
3.8267012228779165
4.821619545529477
2.752909690239947
5.453840043649093
11.427340124053952
12.58157424569966
11.621505558077747
10.938006157874675
14.037368251045255
14.60841948215085
11.503812354114162
9.589759668814217
10.295208159581337
7.717040235472576
3.883936385049644
9.308014051710753
2.7107350624592157
13.01399758313207
6.253352029152411
14.102656271710575
7.020378598527879
7.924143114270909
7.092907271850021
8.053479714637767
7.421230753112072
6.781028391699119
4.054275270247134
6.3833881947462645
10.157979864868558
4.312475737805867
3.4890428200448
2.5188955209417627
2.780649857933113
3.3374612996670217
2.371651839675298
2.4876152994024494
2.7428684892650685
2.394137631128868
4.27338426451815
4.576100670213578
2.4775397352358914
4.097586159229059
5.815195963443875
2.9303557881702944
4.944438443626126
5.792868656434314
3.0632966584812835
12.087001730670579
3.316367951556507
2.332269619953961
2.5395506788509925
4.380706583312628
3.412433181240798
4.686690185521392
4.089613928087623
3.2777947692745584
8.065449817690732
9.834209119021244
8.41314784340479
6.301150864107084
5.62815258794082
7.841425132582657
4.242079177578674
12.010968162884101
4.325612749041371
4.229137474217642
4.1293974290171205
5.2974773129808685
5.409462755940859
3.461466639600706
10.137937429852744
7.179624077970611
4.257190675931294
7.018550705197292
7.609201756079544
13.827921401184813
14.327451972464809
4.675654181493142
8.672785636396053
3.2422458484760037
3.3109791894769756
4.216090732646467
2.771045638253491
2.964454130312632
3.0582156918157852
4.738054227962193
6.2179560412645305
8.932218897823287
5.953329768498656
9.282066162777504
9.89533541183074
10.572737859855755
9.17006907277202
7.952845818148293
7.961383295249459
5.844336297727123
6.097377994387278
5.011902908868712
6.1153465368430355
4.395191418217694
5.762428928925082
6.727105628953085
11.620800334247088
11.77332397971939
10.18006297139407
12.023308554482838
11.207683977968443
9.658528818247085
12.13568894794677
12.231467521932476
5.905297821519817
6.792181143934682
4.2102772998319224
6.150435754773629
8.485192104732281
6.358581153722171
9.348387658450138
10.418264930244968
11.71482202452292
9.588354304268607
12.978245892907736
10.7839325298579
9.69031152234578
13.15568554833394
13.202351127945269
12.13340273613152
9.515903657792329
9.473337142674527
10.070099631522453
8.414010167415663
6.246086714143751
9.150967550397022
3.4185727606799126
8.027029076658962
6.066393430709157
12.50629561570165
7.95239909306734
12.654807762940296
9.388778274451202
5.987723785636422
5.958505233021919
8.553986457906655
8.331013932364476
5.218262310567735
4.328351950365989
3.396023136865439
5.057572606695784
5.465188457457087
7.1023868735879985
11.49141977618605
6.24622600483344
7.674361206957206
6.271588345996246
3.6892859359934844
4.789171239313353
4.077707790851859
3.8171337632789353
3.662848923422218
9.487271139726186
4.290219306935954
13.963023618143742
9.416915361893011
6.174217975913724
3.5641712599957645
5.115327172978864
4.289538318178797
3.1364210372916523
3.448978883336829
2.6993770956774457
3.5566229865855967
3.5264983242921546
2.9831826754621225
4.478416082870324
3.2641932342884523
3.0577046660381155
6.647802784500473
2.750228482864992
3.9636986842478406
3.4407758989051915
5.1825658117326805
3.61239033651587
3.33045345843549
6.794783805970279
5.232014669611812
4.007587203484844
10.38526298462931
6.95036503626343
8.3076210095231
7.867323146603839
5.664061716612882
4.723389826575717
3.2104285787724423
3.3099261810060647
3.7631046543947653
5.01680246917949
3.398002338433654
11.298803918552133
2.759537161177068
6.755019724368083
9.386027492662205
6.941518980645492
8.01931274266881
6.6818149484082285
7.233096019532591
5.6712769143285175
3.4210902504556793
5.765601540306714
5.247576288967072
5.441985995867712
4.692208370889855
7.781957705535831
5.091189946912786
10.880176232385088
11.333765745623532
5.043866514306511
9.54369085905405
11.776392883137266
10.002042022293535
9.864808403176367
6.2625596449870615
6.590600328655702
7.5207348574763575
12.910406076589519
13.864484288767212
15.090035625743278
5.584874043675539
8.758913871109623
6.9877606507718735
5.532686589005564
8.651645984841386
7.009970035932289
9.6694171412373
8.161348434754885
8.84550833067001
9.863485164183007
9.587787791262173
10.21480746009698
10.464151412530741
11.089989358858183
13.075502925388637
14.369416702260281
14.033242631191325
8.116060122050754
8.394443047498623
10.367501950228284
14.252759243631468
11.48591299531105
12.115328818759814
12.21488160442667
13.705263921021682
14.256511110990413
8.752135732414136
8.990386732410608
5.954953312977845
4.707061543653376
5.591022218952177
4.073879616818128
6.094163834601791
7.207218766050394
6.769666563745777
7.286696415007784
8.041226703124877
8.309252268571152
8.630927416062178
7.350303668767095
5.255305411061082
7.7909342297234945
4.968097081604851
4.664482114358049
3.999824317417289
5.98859057453797
6.117722307471805
4.0485260929717715
2.3649746529838875
4.767710256357406
2.885718523553328
3.435878170655387
3.1981955833510676
3.177894653643482
3.9117793503484783
1.76578187100966
2.761378986745808
1.7258514044478381
2.161996926371263
1.530713837216497
1.80970977708597
1.807736379917538
2.1750161619158512
2.15985594757342
4.5081827231823794
2.927767894732784
2.777163347790219
5.376793779927108
8.990964734817979
5.754515448626933
3.2438726144852845
4.247170867599874
16.106034787784516
6.488873205110201
4.0268063108917085
4.442577913903481
4.856024946302816
5.456692520004914
7.141663348094795
2.906461263933059
3.8674842254920683
5.378262098055435
3.630522661521655
5.303643662365245
7.918671746204694
5.437035862083302
9.144843044218023
4.393348411977358
9.76002216005195
12.845708977422657
6.445851440641173
5.5288867578520255
3.143980381709983
5.079426878721802
3.7718269143597416
3.8322597498811106
9.112591617438593
2.206746868972318
3.3079247609489846
4.904493135596335
6.152591089133766
10.903826028186092
5.439399159827625
6.280976046916913
6.586559020741879
8.23354657495329
3.642443137857049
2.4564844218995208
3.633341166863724
1.2277554833092108
2.2464677019020867
2.860405814184026
3.1254205799801023
3.3913157437429318
4.657582191488536
4.153479446444674
3.7112800090931892
3.346796350405505
2.585082683663546
2.837104586976331
2.5797252177744276
1.0894442468507637
1.1775566438445948
1.3313255482256938
2.1116484436072964
3.2618889819835544
2.5974353018968737
2.7613318174393515
2.717307964123893
3.3148701363082558
2.0594937504439352
2.423986565447393
1.9753193465154648
3.1094897653639633
1.7600417036958582
1.533620311899353
1.629366124771419
1.579961995914993
2.812372707687366
2.6537093450149642
3.173096453968191
2.327580354642195
7.448075827063954
10.768386667147997
2.3025623332744005
5.668938126004037
1.5508624109741098
3.1065690863236974
2.633739957451487
2.1370833257955266
18.615364247850106
8.732940737680728
1.9177958089782
1.8361693418601246
2.990779484142385
1.0911492305530393
1.5762981996048384
1.924986892391613
1.5242427340016937
2.223265825698327
2.7700686555746485
3.3395634969823917
2.336443621741882
2.4675071255875425
2.7789028709388646
2.266674507541279
5.676655244542581
1.889596310531866
4.831160097555997
17.22301253790003
3.539531357101461
5.358851479098545
3.2300078733059108
4.466050040311876
3.7869057346244874
2.801672048300378
2.100031949435641
3.1118689326089424
2.6581471888740897
1.9550824145166452
5.6939115132542195
3.121225490370205
3.647669336496662
4.055818417260785
3.9163169423951225
4.424547900859067
3.1226452463329695
3.2403720837510734
2.2468069433264324
3.836489466140202
1.7451040370784863
1.85403971517621
1.7408213089183628
1.8404618908401826
1.8143047155783703
1.9051778505625692
1.9818651708547983
2.673376819277658
3.617932432072736
3.3450825087912746
3.4347175625025814
4.1265875893024955
4.0332648801710915
1.686412456871833
1.5363841869882506
1.054435348798005
1.109345858834068
2.917212394451028
2.5510174667185943
2.376332381706697
2.3910591420941545
2.2031690057870525
2.067196071798764
2.5994141319299042
2.4241213039586857
2.901274825455013
2.1358670258349046
3.0557391110187817
1.3868873678818656
2.9018141968942155
1.7260010364152074
2.6286242763877965
0.9861663780111076
1.0910564306283597
1.7506429167516546
1.8959067072881397
4.314379409168234
2.461274516387756
3.99027578250206
1.9599813678630256
2.8044268040818894
1.7482754621532528
1.6682968487493042
1.914136252648881
1.3342882649744763
1.7851676578452278
1.969388137892222
2.6585982207664913
3.081385641649635
2.1223510964764527
2.0621357646153387
1.537652324648019
1.3109807304808334
1.7899434565174306
3.4120919145869815
2.216959748265204
1.3571319291480681
1.8517298355578398
2.1887406630902957
2.3426221991052065
2.400641520854519
1.4047804691996935
1.422315989079583
1.5870641325346138
1.7438356066374912
2.7591808150098167
2.4274993445640174
2.1504781075030985
3.016403137733864
2.476767576401361
2.464861533061982
2.4510496260985217
2.14953497177018
1.8397408095180903
3.2852078471681394
2.6868804280232226
3.09868382876201
2.9900532875634473
3.1700446113389997
2.863456530302277
1.7673260081042599
2.192735127104826
5.572227688597491
12.10567296564327
3.5514133124756
3.1896285939612268
4.045801813597645
7.368090796620683
4.406710682678112
7.403210700142201
7.14744053651116
7.793793893881438
3.484094619833923
6.865309872040777
6.5745451039519125
5.005320828932151
3.4203388677080904
3.3895995240424965
5.449415367255771
5.6971533601852125
5.903516677589414
6.6627095187993906
12.599127875165342
10.832798666441601
11.602929966910517
14.791734407620288
12.973863265637636
17.10015007176257
19.195082442590312
5.323148240726818
13.090364057783285
11.514493718802674
13.577175846209897
10.736035896484855
12.823520174345902
11.752099704758503
7.657678218072912
5.789456229519241
6.1076917072631876
5.855852702375158
6.09687407397866
7.0352688330207425
10.485082275606935
9.923832007322158
8.934082616991441
8.619818303095446
9.568421533496354
11.347310940607441
10.22071914650157
10.571990512880713
13.878210859522373
12.093841448701413
5.326343276587182
5.412582194353276
4.459883759158942
2.863877804066243
4.631767850635017
7.380255543967903
7.348964842010884
7.446770435526754
6.9096631290207515
8.096610978261262
12.142956036296432
4.032740144630322
7.849383082865133
5.8761213619547155
7.778892311407647
5.734022960974781
7.55096406263996
5.178367211457075
8.461331139389824
6.13215718845794
6.833948377012829
6.121878097387686
2.2838812200027023
2.3524692618216165
2.1602091517412387
1.9557655098995468
2.453585426440129
2.2968602580475084
3.8300352185125126
3.8611483526838635
2.8559455493473926
4.7407864611915365
3.3183409818084124
2.5920774837017224
2.7166372472238476
2.6148610426722407
2.3805680546039616
1.0752154645835243
2.39955340860287
1.8452880717953715
2.1859849315369244
2.0889362177325306
2.109957822355038
2.228878574993464
1.797720917330878
1.759883989011876
1.7371849645745878
1.5957258319051246
1.3678979753749272
1.4026654753936527
1.3099507721414105
1.0378613771021452
1.3076478012802482
1.3218671720252808
1.6381954601164501
1.5236319181504594
1.865468058406908
1.9112992279984617
1.4831883140078115
1.7364113985941514
1.8042046336011404
1.8413763912805738
1.7261317059585515
1.2162014446459106
1.4704880015760942
1.3200947878767624
1.4193336878262115
1.2392232182210399
1.1911418148656996
1.2320494698531042
1.3593225504296318
1.548155174768424
1.385759446365587
1.9593381570568826
1.6832856711889643
1.776370736519595
1.799042050018987
1.6491466249754747
1.8610017687000309
1.3782994915314473
1.1374371487165544
1.3785700819538063
1.3028790793512866
1.2355823443346918
1.7256579107318004
1.4079244546075347
1.901478814729439
1.9820366669147234
1.8070241424627125
2.1884954284555223
2.096263923010979
1.936355257199018
1.885114569908334
1.524210746872916
1.276372925139832
1.2842414281311245
1.6550987527383068
1.3415022634443579
1.6341382583246513
1.0398820457182751
1.6431091879261064
2.117996271751342
4.5182067657195955
4.232252446945152
4.447327548844173
4.41546826144052
4.32591417724496
1.9641953188102252
4.270258713976906
4.109220588014361
3.6844333314823317
6.505246522624702
7.068953337864878
9.745843671203021
6.4382616831068
6.8360414814594845
6.339283093085509
5.75912964445801
5.972783301724929
6.369806799855083
7.52587731338099
7.0525777285049855
7.774919687558915
12.742597587965992
13.48557378487169
13.256390106265291
9.860581170503625
14.607744252090535
14.695378821053191
12.405874036769834
14.199909851061458
18.655063186774026
14.49456597960697
17.81295138236311
17.675966412804797
9.371664377429857
10.417323712870198
9.634171987873424
3.8457908244343684
4.055852969214076
5.191504898642748
4.624074349583935
12.127721613678677
17.3951015645357
11.625016093834516
6.403108684863804
4.18302970115611
18.771168998605244
3.251961184982086
3.355944777168279
5.258485433669671
3.340606764055176
7.7190259913934955
5.412345502913894
9.21905479945098
10.256042901816702
5.7288792844501035
5.515193167442448
4.39088555434
3.9537397549095403
3.356137233371105
3.3244163392769144
3.6769569249004768
4.0054993445272205
3.824479232326019
4.0743354178935585
4.334115446983221
4.518433629346216
2.604764596711342
3.522118299945562
3.306293695292852
3.295536358981252
2.956499874451457
3.102571765600435
2.716506789221483
3.1007758013896267
3.1302660499326596
3.5296040209023856
1.9570280815924523
1.7897401198982734
1.6731870270197209
1.5202431863224093
1.7873606337269652
2.056489737207661
2.237690384031311
2.071384520163615
2.027935104287665
2.7619127563626686
2.431162060023996
2.45186552763007
2.1199586760812332
2.1134709287075637
1.9362944696187938
2.108864128469292
2.4549094116985914
1.7789408779575056
3.302357178231722
2.4040044470310953
1.8962399083786359
2.164947851549503
1.9289381022132015
2.049954248956383
2.1316452644139865
2.3505808247946574
2.431368034855238
2.763605929963611
2.5123455725831674
2.671847605951151
2.4528522454471373
2.130136574158561
1.98155074312739
1.7870889374967636
1.8682880800552932
1.7910254792894142
2.0880436722487907
2.5895919748021647
2.7333889761827654
2.5256809594954133
3.0811987860454755
3.341671024451159
2.7018410784148363
2.448848560096053
4.539211921468934
3.9810220171481334
3.6081027809982076
3.2919842772000374
3.568974063278555
2.8031729672566703
2.16544269332418
2.2651214844006002
3.3605214765298626
3.6929536797703664
4.207658014409233
2.8600770761820846
3.6816349210379458
3.9792636695187027
3.127818101336847
4.604497009533199
4.677288827954482
4.049310444746649
3.761269663970153
2.3986815556630967
2.284550117566758
2.5228467423003216
3.7971404983478934
4.23803224053448
3.885814080737899
4.026959643527475
5.004335665204434
7.257641892061362
7.392099881333276
10.623953446101549
10.30705174714462
10.51786124912769
10.33460026283358
6.967110588737751
4.554676741084675
4.415381113081843
7.451788011716715
14.490176311114933
14.63650648551409
14.50991625959043
14.577022794249638
13.227090890443222
10.770651312776135
13.58912465207599
10.037757291980324
11.10112697816402
9.63238950303533
10.704340224311267
17.5633080545503
19.24366185701962
14.183561423417316
11.979980443712545
13.998865437587384
13.764908769520058
13.325909935123954
13.343498400208599
14.542274138894689
13.08842806326172
18.050304198423223
17.846082602467014
13.809265854526378
13.828704130549648
13.867202483004357
14.380550880980215
12.733926172671916
14.884512114634955
14.538062097409433
10.745103662111825
11.1001208713223
10.254129852857606
9.042950352602515
11.43312544368201
11.663317006981519
11.611349194661583
14.648511360982088
14.827402887236492
8.75585220858731
8.397352905953483
12.522468105676838
11.754400785859826
11.861236126093669
11.316822270132992
11.338738230997162
11.50075179838531
9.462530304277443
9.174667483001112
8.8283972607958
8.138954724533262
5.722351537085042
5.2644520102705075
5.488977108132481
5.41818539745166
5.932614863932665
3.4980672306346925
3.625918448548917
3.428188965563623
5.149618442195872
5.797380504868063
5.759232033649431
3.4428218150363437
3.595264838646677
3.5424925380272634
3.963862969801769
6.380129693974068
6.974986803539227
3.614353623413912
5.164958272819341
2.162246830686676
1.9724896107090273
1.8812888347968664
1.799730629957947
1.8791551186228754
1.716537479021459
1.816376302112434
1.8263432391546448
1.486123372831773
1.690825067716092
1.3397051696494313
1.5299553472362448
1.503694164541868
1.5295957238867044
1.7805777863988428
1.7331936338698253
1.74248805747483
1.6802477515065188
1.710272368312955
1.3192946509097605
1.3585047478031294
1.452481987130284
1.5084590021564859
1.5025207360022503
1.8871408840070667
1.7767713713044877
2.0632712861402682
2.009791625672973
1.8666469599138036
1.835316472619958
1.488236241733439
1.5346434113752134
1.7591357191607124
1.8803956472752525
1.4070609094865796
1.504145360506465
1.410258292070937
1.2302144596062508
0.9538505058537743
1.1202904211993867
1.1539606375421112
0.9078927246827355
1.1335898805942077
1.1211612012056504
1.138540324073791
1.1993341577840173
1.286614066437877
1.3331556576333399
1.5853605171418401
1.4400329808575045
1.4951343538465935
1.373522490077028
1.5963221401444805
1.2429486511637096
1.3203181530939743
1.4908772700139352
1.3440154474783603
1.0031519107841338
1.4911167191471377
1.1844090704294405
1.4024967917494027
1.6727068650844827
2.064758769259462
1.6937284003986737
2.3141698481008044
1.8707880853443268
2.426517155376858
2.326925255933176
1.5756719950971392
2.8409709904343643
1.2974268621692358
1.2453404787488604
1.2830106600177384
1.4382685370788308
1.4300225233546535
2.9554655905240126
2.557914076416232
3.15707910889534
2.6224789903926284
3.3497237610704476
2.729698472054401
2.938637481186926
2.8491573135092167
2.541582097781092
2.5328666403962976
2.0941566082506426
2.1604895964626722
2.079051239015834
8.533901415584998
6.9647986982604575
9.968830367299335
9.84932939182071
10.263779166265662
7.506600315885758
4.666825130672404
3.650666328828651
5.338833139595389
7.660437516911607
10.04937732013727
14.557802584414834
13.33685491175504
10.292354525791911
10.090205944218456
12.01058534146274
11.584333270601721
8.881626196896867
9.273867872865406
8.574120918703759
10.235336949031943
12.609406734063379
17.417049385767786
8.85965425416677
7.892233975133578
8.094965449347566
17.166152192605757
16.445143870429007
15.633361153859346
15.014636212112643
15.36752210849895
8.661209601571423
10.877767027815512
13.731578556971252
14.75826667866608
13.619172436723478
10.509402174271344
15.188684197816624
8.241292505696233
8.805248831221414
9.152311956288036
13.259371707606984
13.35179446272503
11.578459500801959
10.773079233018013
12.662346053038458
8.131823414674857
11.228467856353715
7.5930997039095445
7.138758310129316
4.297215607692842
4.354432630156665
5.5882664454981885
5.634253936030393
9.509842441198034
12.275575079168556
5.393206546469985
7.87486168663722
5.473252878472919
5.370316246613731
6.33098094038556
8.308284751443638
4.817025855041183
2.5490944251684082
4.378678265381251
2.712559955828575
7.927373248253504
12.126965930398237
9.059939895363437
3.600447879270118
5.164281505514624
4.570885895356627
5.087570861910927
3.112898987434183
7.326789551223778
3.751407021640482
7.603039839660418
7.9361740671175625
10.851927640974179
11.174593487127293
12.375975664422008
3.387960120216462
4.274000340485411
2.941962824865559
4.529628335595918
4.438819250073025
1.5448020598341885
1.5182943420742026
1.809793455586572
3.3183149995054024
3.198773879237873
3.050561588205769
3.5586454337457454
3.2624538031304446
3.4738753680313708
2.550690845332855
1.3549041257872418
2.803594083112366
3.401214707379855
3.5189991396777147
3.4072530281845714
3.0037207964302337
2.2986076943167655
2.9333290087521613
2.3961669651908437
2.3503440660461115
2.572392565259471
4.4841357385068
2.0926805954710037
3.0233678741164174
1.2301127631744067
1.2236323135792417
3.0214458375804503
2.324014256169059
2.0909347355596504
2.9988230597859475
2.613625482205995
3.8628393883191223
4.340119656486987
2.0556410940404324
2.108535150510053
3.0115735771698913
1.906165457994771
1.7984082331642377
2.039406711811535
1.541362250099374
1.4493516371811919
1.7510838631904118
2.7744015703148213
2.87263837462976
2.7652642572049464
2.080388365365851
2.090151351970545
1.6665255227323044
1.5533362978661498
1.9102489037348047
2.0409195197963053
1.4913877882607194
1.1059060457802763
0.8698293886089893
0.8082619122808408
1.2360730695508877
1.8750803674949537
1.8687501626744065
2.1933730988965374
1.248515427250285
1.4951392085685273
1.3931749818257395
1.5026021715815692
2.586771289060378
2.5379538118878413
2.3774450911002214
2.8700965311990037
2.0446081639322458
2.0524257091693117
2.844139466425934
2.1158133920223277
2.599489799129169
2.7678251628953183
3.3427528339634613
2.714203959853658
2.9084675304453227
2.981572078132163
2.7053414445198354
2.6354033585154033
4.411463981965932
2.6022646965090095
2.793920082553593
2.1707045229860853
2.0538703701703076
2.402401346751782
2.7368835059016847
2.153355139488014
2.3999363966288922
2.115509117603037
1.5622592580897174
1.68876141854563
1.5272088896504594
1.660000915530778
1.9891437557020342
1.8460451885268276
1.79102607013137
2.0208975675695333
1.9501442479965856
1.930165065165923
1.791212914704564
1.7109483764090618
2.1133775239237256
1.6407560249457476
0.7325198372281101
1.1633590702514045
1.366049064084169
1.046850075622877
0.758327695890068
0.9367111734501365
1.5076383883944464
0.9666255910438281
1.0314504850315411
2.8198734259215588
4.606814738147653
2.8984259289052368
2.4518650350163647
2.8082606561194177
0.790359422887381
0.8127776355234095
0.9151659782634558
0.9817314248647614
1.0077543545771817
0.8993064962905344
2.870349138450003
2.863163595910703
4.044544637465309
3.2500060439548006
3.961022934607228
3.4473856076740064
3.447580367530255
3.8127118734432934
4.168281702356736
2.649442173927477
2.703603158909816
2.4754469244548054
3.075862715803446
3.0606138497423148
3.0610143722211047
3.3307123566645194
7.218805466713443
5.465310146059578
3.788196067515817
4.000430179653876
3.3818071949908104
2.410709351826528
2.581419342511681
3.491066227581206
3.48883847050595
3.649771249161186
7.420785974457447
9.728958269594802
8.472820272168537
10.772061223814708
8.269654420274115
6.4014422591370135
10.902690903713738
8.959190743951947
11.85686371644646
5.876321444753197
8.938429103551481
5.245156362362966
5.46847570641963
5.41879610464027
7.929322906360388
6.652338380970508
7.514333609882368
12.962917863522065
8.51922042510118
9.60798122872169
9.100127438572311
6.189635541065066
7.134865933954805
11.381500503745912
7.108082522330039
15.92639699746889
14.757637223056388
7.579361092654014
6.488128588789861
3.1205173346594237
2.7510723356674047
4.094703385804772
5.118585531810494
3.8166205253538323
2.0543056906860357
4.349870176587616
5.970396812309208
6.26696220926104
6.498711613153897
6.411573225242613
5.9028769279255275
4.12223022530326
2.8162392880510776
2.3750402199116105
2.3811692804343347
3.785542663334985
3.8030838751634937
6.474352241365518
8.56636000834821
7.635019002330606
9.081922113596436
8.576193288556066
6.932970242319433
4.950815433707567
2.9321186646187214
2.6708954259238733
2.6667042070091
3.2210652946717198
3.3071343593156803
3.8939798332723283
3.8563969505334894
4.5912197529700105
5.911986351338936
4.976748587576823
5.309643133102885
2.5930914398723286
2.570118024493194
2.9368611570875847
2.780090024690679
2.677374254462122
4.0624565369483365
3.2610347503685064
2.8542704349555894
3.6644160740599823
4.948551287772206
3.739076151808953
3.7906910029257768
4.080991554433101
2.5282223893326483
2.8332102728519977
15.988691253298892
3.6727008641868677
3.494021215440734
2.9281694895284915
4.992789040459825
3.0823289234908136
10.039646365192116
5.514235512103634
3.0826218433722303
5.985895544921421
13.519232063823853
10.016478958867028
5.514014704769932
5.631730601713156
6.979587652508847
7.648224828718935
12.799516793474215
17.072909651387008
17.481168829331082
14.620204487722589
12.630743618780354
13.518267509391697
13.555628205295918
12.884497578367046
8.0282738718809
3.560663979260834
4.318951918152392
5.140912450282451
4.469342473365107
7.197522266832105
10.10709455629387
10.650519243908656
8.36042764231353
4.568727132355733
4.34484863682899
9.196413915958546
6.148388427475955
7.228359004279637
10.552513794305053
10.940654044095442
11.153608773660007
8.185160546335984
7.4722396877721495
6.425668917474144
9.503115564565203
9.626863857016703
9.255673831781063
8.729793914774213
8.909562945661817
9.092702712598502
9.664775400958305
13.443379285914133
14.185895339149004
14.191188903606236
13.70981185306346
13.222707348978593
9.111445928535234
13.036178640493336
11.064045966000814
10.69410362734171
10.362076466719227
9.383256921973425
8.181549528357284
9.23142348229376
8.967246606237406
10.360866286678778
8.746382103406109
8.81905529508931
10.28852161951463
8.211488278925387
7.006461895935351
4.562983229018604
2.9148502148590087
4.445469357163972
4.237381194660221
3.9925531054212193
4.5904797040317105
4.384353379525754
4.765973063016924
3.8284400867267365
3.4162614359640378
3.775579947726947
5.088730017000688
4.034101160047003
4.421267473605392
5.4212449631834545
5.642209557127976
6.247190371010205
5.775876422417641
6.108938794086096
4.54407887856498
5.137679490118294
3.4170613538591654
4.23157052456652
4.8343633179342405
4.0321256439754904
2.619021317600606
4.168973393379177
4.2654826684390645
3.402056266640576
4.892622253098651
3.427188576515254
3.2355001655405444
3.3574183735177043
3.5273276660535986
4.660363709870921
2.356016483060409
2.5306597283442227
2.657802731470497
2.474445516730687
2.546658258503204
3.857709262955141
3.9591389278560305
4.0078141972281625
2.864562265611353
2.9978622930302588
2.941481812154618
1.4952045506207619
1.7555913490376178
1.2726470338625135
1.6707153039888891
1.5663592581575427
1.6627249925132876
1.7841597417145671
1.7177621329575767
2.0066549284186705
1.802385266010067
1.8555131224212544
2.0386098279488145
1.7381418957789045
1.8202043745444947
2.071815628950332
1.6269046591847889
1.8938626110454808
2.002910977615267
2.0695904603187625
2.02358680208803
2.3713357728481546
2.517194550613543
2.5068123687571777
2.716609315366879
2.656581187759366
2.3684120809001783
2.6078266681523656
2.921112313928081
3.1529839039904575
3.0192776926705225
2.8716193907356025
1.9451082293520396
1.8362433399229185
1.7170971956180376
1.8259589523796076
2.8446621248061854
1.6393711357180698
1.8048430456239075
3.1595836675083997
2.768534029404988
1.6548651476827305
1.3457756482245196
1.5920549662135772
1.5564310449163798
3.238136176530214
3.075674654960179
2.1775407447192863
1.5883658975241692
2.2363444593554442
1.928307963378669
1.8871399174793393
1.8969055089595634
1.97492082921555
3.5551942233533635
2.6568760830647866
3.0040656222471562
2.9292677095089985
3.1146514924916913
3.805372290765819
4.20599622830893
3.6983377952404743
6.089775790779827
4.638466665851211
3.998493236524947
3.299562123001875
3.528020643394514
4.040582921583835
3.484780705434388
3.041709629108959
5.541650264121896
5.1568411112314845
8.322518190521768
5.241282241074181
4.959462011555357
5.4785610160736224
4.985615247212915
4.808158219521981
7.585520072969681
5.957718435924377
5.641374724044915
3.980364325759138
4.609907105240623
4.3893457551474
3.36105806312573
3.8349966198563337
3.136854793930959
2.8079575512359223
4.869289390826213
4.587563965531911
4.150703074638392
5.353792132408519
3.504169476200184
2.921929340838613
3.400907115852706
3.988968832817295
3.211826526188914
3.8961352880120472
4.095489011501269
4.343290524084904
4.553657640602323
2.4435621877010743
6.7152979612824
5.7581485571737225
3.2058241231254465
2.3866284169547343
2.1956590801598965
3.628364192715803
3.321752951716351
9.023860228610257
6.979988511662475
7.873919363981048
8.605944222521098
1.565035757881899
2.575036807751215
2.133286827241493
2.4014568111045693
2.1871936362761324
3.042830051273947
2.843514342104902
6.418045985556633
10.123186634537317
4.63135782381199
3.069285621974972
4.2413748938248235
2.8743395973438037
2.4322516365620235
3.8367313231162568
4.101867868065487
3.4850404169731823
2.2180876756511925
2.0168469887744993
3.322811087497771
3.945732824594375
2.9109692266975413
5.768565008069884
4.413510923135454
5.376254558555762
3.741107114755837
6.233661085211648
6.807485860875339
6.363756412147823
4.956001126298384
7.034854592321169
4.322969027254372
1.8450296565799573
6.079866701918773
5.632129991158459
4.674927048175426
1.2597447355228641
2.9709071750802964
1.036227092243787
3.060574287818295
0.9215895423953476
0.9079796275825067
0.9821741679012002
0.9436578561293419
3.387843502921078
6.176494575069753
5.923216731947315
3.9891205985465907
5.457588126548252
3.8540268071782378
4.415554134365161
6.006783877118893
6.228797633133906
5.3724511223660025
1.83548550677058
3.7932574005156483
1.6752807453321235
3.7608597168366003
5.856274341042754
5.155724019683451
7.061136520698804
4.203916275998692
5.237114104437149
9.905211595608154
5.6753189171261145
7.77927635191335
6.490051291521906
11.815321192380674
6.495192210645588
9.57827633643457
9.192896174224837
8.232770515158652
3.1574072798742967
3.2407094950355693
3.1395779410703244
3.4182894785417135
6.319944847119659
2.491659687452459
3.533554855411005
5.377821053157427
4.833053644850914
3.037777127550574
5.8079916188104495
4.756942853000204
6.810244161629214
5.553799252688535
6.142211740289592
4.865786928313868
4.216433104078436
3.7394610391715326
3.276949857235188
3.011864488354238
5.0496867566334815
6.660706207878898
7.803451997013499
8.611590195142247
6.449076778226609
8.707095624228845
6.256778627681644
5.927450782147209
8.578536578165382
6.214157877072792
4.453082921084823
4.8046287568735
7.748762736885231
7.706958177180861
5.6315738204390895
4.8072663277839345
6.728876408366941
7.4428442507125325
6.873901659205828
8.567874008959617
8.098468031093912
7.858554473980481
8.056334380518262
6.8703578936416605
7.162953166902874
10.819741644366955
13.141917058030273
13.614517551634545
7.804635735732238
7.744262975214744
7.793715001902934
6.847601968717159
11.865444823513759
8.593055281171104
13.442909582670742
12.612247400122918
5.549316256874026
7.987244324694555
4.710797635559223
18.08991667756114
10.686752295768267
14.684895233862239
7.640990593429083
10.026459223298572
14.716931750428184
13.568071584430433
15.578652338480325
20.872775865587975
15.842813673854138
7.9498333573032465
11.284823501634161
12.301891206079917
7.007231055525153
9.867737143941229
9.89599520821095
10.082601930325929
11.082740218702344
7.469518355197181
6.358850650078045
9.950344778916516
10.938994782380176
9.506407045589318
9.706122391204094
6.686462903834149
10.360840662302206
10.384804454883877
9.67995839964947
9.236267870620035
7.287808466205502
5.787439769102933
6.396209025180407
5.5973079681971685
6.719713687591792
5.7715975582240615
5.473278167030753
3.0962440120786803
3.9295840018882577
4.0574301518131906
4.394883380772081
1.9401120108858891
8.59056207492895
9.082708422960483
7.142235263973836
8.999331831668659
18.05037887182843
13.695828842937129
8.657167045036992
3.6985198363516405
3.6971462804287327
4.023130996962918
4.027727542843644
8.640867784987545
3.100028847010126
2.9339093515594667
3.3144459607946333
3.621743581274643
6.8373604650497315
4.927987955825058
6.885639528425524
7.752491772810719
7.159954771937552
8.860598178874874
2.3494342264006605
2.752523729774265
2.5073837466241717
2.8062337380868985
3.264313204293624
5.036425150045538
2.822555552805909
1.5948092879628823
1.026760485145068
2.8932224909672186
1.7552345498267425
2.4581123237165796
2.2011960971447815
2.3830948890771433
2.305317870715757
2.097225273642191
0.9877693114400673
0.6684045542677418
0.7071049284830513
1.6891897523239312
1.754434668373942
1.2226743131584032
1.4355981584053985
2.0247088549683987
1.8970800849769371
2.3277698864302203
2.0452942647259156
2.1413387453523676
1.3795413737321798
2.6253085147876813
1.8759263716511505
1.649532045802094
1.7285071532082916
1.5468957946098878
1.6158545910257218
1.0145103570311278
1.128777590729848
2.0679379872865367
1.1451887673996755
2.4897496319664327
2.3024310856589616
2.433719512228743
2.4364418894089157
2.702028929655482
2.234281398269857
2.5242839578631093
2.0995524844786795
2.059253067679429
1.471324920857922
2.0257401687272307
1.6468851883632596
1.9208511923888878
1.398216251397251
1.4604216672575725
1.6365559968317984
1.58436784021278
1.4638371316515797
1.2777584944856568
1.4235318617963153
1.6074720279803731
4.233498486476733
2.050278579024718
3.8217497588793448
3.2541937338254394
3.0374604077264147
3.39823625372089
3.206853167314088
2.941550855299763
1.416946723050279
1.1987588598622851
1.972210176930901
4.261851014844982
4.199224430772121
4.476863103731129
2.7416743471151968
2.3105132107257154
2.7708686975862187
1.9618594573519494
2.419691384683639
4.05605635106569
3.7918428207611106
3.1478457112107856
3.7853231876512483
3.320522326949914
3.8167950962030126
4.9999037321347135
5.985334191914733
2.496206851174589
6.075243718855789
2.1535380911059976
6.53973220086061
4.220038285854562
4.85964126153618
5.557416285167777
3.5581070690938703
3.365985263333298
3.560864090149515
3.46389645344152
3.2303929192266794
3.0715682044036394
2.785424314715921
3.010590485122273
5.23764127811179
5.869832030458984
2.9580574664688095
5.652018995337984
8.014466643345163
4.819626461768608
11.555719612672311
6.121010019231048
7.159038430428472
14.609973268857555
7.200346976898518
6.3971158347326345
6.609318992752996
5.8172517245727455
5.9585934010909485
5.004417098964774
7.075122556694406
7.005067519387033
14.062838834453334
9.198438140050191
9.4342461089907
11.357531662543137
17.242073383587172
11.544805051687094
9.794275532271039
8.884827313072986
8.272472178069787
7.452870088201465
11.678257805810665
13.491172491100778
13.25206597628729
10.610003521353333
13.98091236160543
8.294280595195918
3.3891524789912673
6.962893159079732
7.623967415677525
2.896132613707763
7.575156200707461
6.4921407518655885
4.694042878197525
9.272990983940966
5.329937047524688
5.75452707862643
2.7486398220939354
2.933892172925565
4.217034693063028
5.186832182561446
5.1785102201980635
4.369759598696409
12.005373820256555
3.6506910633837792
7.296517268604717
8.392723270351418
6.909929894722369
7.5325362034132315
8.878590015665505
8.989146077449734
11.724744088206972
12.042847853653274
10.69865163217829
6.517241073443185
11.312074998928182
13.799672232208797
9.548126666375262
11.609946567872033
8.319145800189627
9.634173514185997
7.372068253873172
13.66736503964928
18.230584771940435
17.522791011783205
13.608555743607747
9.757883881351422
10.622070988119068
14.16846957597144
12.96228546547996
13.233858115223503
12.731418984002268
17.077436254183446
15.733621680463767
15.330710134352463
12.212208336131733
11.414555607349746
10.591026418200943
10.68881144734319
14.803116854160525
14.673926039191596
10.801801444050518
10.703492189536941
11.256102209930907
8.052715713274333
3.679824053208935
7.940556873754419
5.504998297587358
7.875479000670429
5.155831610248251
5.29256779978888
8.309967326916592
4.796989966119893
5.085683765091321
4.834597366028692
2.8404161327400415
3.582765611460361
1.4483259899038052
1.3489006406602697
3.638492227900479
3.362448619784993
3.2519574683103274
3.7324773481321194
3.8164812680300586
2.7931130438214113
2.7743580404772734
1.6108879179702345
0.8299649910894719
1.0776287867696266
2.574329362519907
1.9251038117959027
1.6471908998675366
1.718974172178592
2.0169409436847685
1.0912238448191616
0.856110065567281
0.7983717219783141
2.1100477255976147
1.9230783531692084
1.7613868417961966
1.6170174962808133
1.903014997913445
1.2318084714352762
1.1256589452885453
1.1473363012253937
1.2361436513248765
1.3692277941593705
1.860923245928856
1.6361216558796365
1.584924959055452
1.2523835181155978
1.2088523439446308
1.318186667346673
1.4994172911193764
1.671903516612376
1.7534871649554677
1.9903302452780416
2.0409395574183926
2.1506629058563873
1.8025768560014945
1.6476789733571469
1.7628922799030238
2.0529139971070793
2.116157405204885
1.8674331827873836
2.643300033686975
2.410665974339446
2.355384032313265
2.2389852336933695
2.324674690793626
2.3185884656741087
2.488622777333531
2.4097552270338563
1.78223746031377
2.4516229875139417
3.5872934622841193
2.851694877901805
2.905125253842585
3.800177095206826
3.8702589033300434
4.028148214405966
5.41722802151198
5.249680555342908
5.150976917498402
2.948086565704836
3.928433767235073
4.539843807379898
4.983273282023529
4.911736072024487
4.632547080345357
3.8672192935209004
4.2673416617806454
4.418147075646129
3.9722070953863993
3.5429483986308363
4.88531580265388
4.100192784592196
4.174969140186374
3.846156351977035
5.062197527798211
4.350525240800872
4.808744741992023
5.0930913424991635
12.729988447063382
6.671707375026943
10.989899870947985
3.1727059060173954
8.725479060026377
11.176668756472782
14.289094552712285
9.272733048170105
10.957068761225445
7.678121008113232
6.682529681214096
7.564083486885527
6.45813913618557
8.881973466514603
10.617715785405144
10.313587598493523
13.634620558362041
12.541846667808374
9.408250614319481
10.971303454407526
14.92165880836119
16.154129386381065
7.234087210885858
10.58202860762808
12.74287793934304
11.596417514163909
5.265570822170352
8.227531429703335
11.100823600894119
11.56611044495511
9.618545558028373
11.117493843482112
6.622755562985215
13.694960662895488
10.318041745178522
9.301378968319009
7.279457231117877
12.2305387729033
9.026009678127494
14.237494229014468
14.051006097192374
12.461360621940587
13.183386589081195
8.098375659343866
4.787044762423362
7.282167469936999
6.778339537372392
12.208742157120646
12.920730472965175
9.26264980105135
7.668759013649121
8.306430701541132
7.4095714032573925
6.665025671540223
7.155487615605291
7.5126717103099
6.261617259101888
9.9639971684387
6.4098195637239055
6.5094266637130955
5.902503577917725
6.593724425870411
6.259526194548833
7.009205958306109
5.664308037606068
4.786524607555452
4.473592653904037
4.661138123228563
4.178969488415199
8.859932699842359
9.219348934878266
12.35447552024252
8.496088081382284
12.72259495720146
7.489800275525319
8.239008496723903
5.09055785988713
8.738233378149323
15.458864259818274
4.407548148982949
3.256373176829844
2.5225365726228888
3.0635706475894517
3.407165216761946
2.9846127258357873
4.173384076729354
4.993119374297781
2.7356284600337
3.0589919643226167
2.894711838712321
2.4302547312183114
1.9391297869497877
1.971416695766603
1.7362964625359187
2.176626848995202
2.1406931755637295
2.086067017359305
1.8965711842678323
2.145729537337147
1.8993987146348406
2.2622365631714443
1.9851696149483384
1.9558827613549858
2.2842151900037875
2.2284845603952634
1.9900172533514398
2.3176501503163314
2.1388019863515435
1.8786743255081029
2.1063024984841787
2.325932019465538
1.959670606822781
2.0049113251575443
1.7976393760899136
1.9981345362365712
2.129441014865505
1.7748177193524115
3.4817798283498873
2.6194261300080113
2.343633855366401
1.9408347619111956
2.6617154971121884
3.346471356130474
3.124624091622695
3.6364698301598737
4.048651448631547
3.4562269601636815
2.6243756985331883
2.8545632915156407
7.22959505447507
11.258927370845726
5.02469302197715
2.9648286757951947
2.736548609942855
2.4076071559786585
2.7300917628958383
4.82572840057757
4.872437550302815
4.801340033147354
4.946627150771887
2.734301640406927
3.476266690179515
6.231847016832065
3.1221848948403808
6.461397306807273
6.256937130477362
7.638267546488509
4.323066151314269
3.979538581388087
7.342421459212757
7.161349866434182
8.05076944131115
9.109471589059357
6.202719132100801
5.631757645098679
7.314624603420654
20.946723435723904
6.2948543877422365
8.461478922643474
8.10515217199612
5.105284234143335
17.020850616987254
15.872127001769403
11.850714735048552
16.67655403214936
6.4295190914146
5.99753276817928
9.588554060312868
7.171062698722042
6.996363437905638
14.784498808039519
15.049266943399155
18.56238888099577
19.131700591639817
14.956374430599373
19.223367958583093
15.895713663883015
14.85230641396133
10.831953710198665
10.911009032525799
11.924918171933717
10.484538442839996
20.16156854329999
16.513601175949464
15.671132654789972
11.377740901249478
9.536916520557375
11.020580042254782
8.657837786650955
10.72343418232729
9.26178350237301
10.218943182277288
9.98140243756983
8.741553639433736
7.217535439754208
13.171686736312228
13.015735946474944
12.717537843776114
13.244682141911557
7.606362335738675
8.15013547557043
6.055111843632821
6.6394989514562015
9.248478858349255
6.394916293901289
3.8638876057538085
6.413869569689497
8.00339366995246
8.630272948927752
13.841388359615289
12.823990666981619
10.05575750644876
7.017222746548586
7.423838147841972
4.8648111825998575
4.008051296392546
4.762652089923525
3.8585704988120524
4.160781902744629
3.8899840813213826
6.63457071569259
5.875969736395715
7.957633875688678
3.3338773132075525
2.3987067138756277
2.991648273248345
2.018849032365541
2.288875744550476
1.9646089546200707
2.1935761104843943
2.1118919296165477
2.893580011123181
1.9693366484230992
2.2083218869275063
2.3330561701484855
2.3634476068695545
1.78624060013131
1.8563219604437418
1.8094130193389955
1.648180721780772
1.957134385787755
1.4252993203312259
1.6677415231284605
1.8817592680893793
1.867087719583998
1.5019448988626127
1.5922526287350915
1.5390072833507795
1.4099259018292092
1.810587361542525
1.8483882193317736
1.7168932986653427
2.022210084644537
1.692232953912842
1.8211108656966428
1.8340536055130916
2.098908909542259
2.044149585914537
1.7076364770066896
2.224014293207294
1.7547345476447824
2.236048652469152
2.4169807232038254
2.2588223943266383
2.0431988333979887
2.1320268274037035
2.067718291768966
2.273028611297302
2.2839585289676645
2.2279683759648052
2.0750227796856477
2.5964185497989085
2.566856800244606
2.6543795305867803
2.5918904111488694
2.2981599430708335
3.777371156844667
3.3759543640176473
3.3701602614058985
4.471126563845625
3.1085601273432317
3.5266666216908624
2.7102969998673814
3.574318258905193
4.143179806557344
4.045552479395205
3.3232331260585006
3.822821703742239
3.1550678110143044
3.3324459429690236
2.628523314933686
2.668194256297992
4.266078332525537
4.7579249363250815
3.3724907883786037
2.6719151068565634
2.930768942593533
2.966518529511329
4.91720257299037
5.739835503959251
6.628325020096982
7.233951016651264
5.647711047083966
7.974654655982566
10.728309198706809
12.15749630233623
6.929716212554728
6.362019363980248
5.564508073318342
10.618982680278716
8.564101424633547
7.552045695245252
9.519845401446535
12.061521456016688
11.836589968073351
9.290287642898415
10.12466325662354
11.020900694414838
10.687666887291275
15.214418208122197
12.396995370202172
10.222527968497095
10.772527338982316
10.02363540520079
8.523809932225394
8.49638114266263
14.18439202184484
12.503675118857238
11.475218509657335
13.12195045955789
11.774351509003523
13.772759848177742
12.65398939722413
10.98542357692426
13.015558461608574
8.298052001535789
7.418304628363801
6.975369896388078
5.636184116742074
9.297550492284678
13.096267346821417
12.5761241809664
11.162783935859988
10.325393564872982
6.566575197815193
6.8631737191866105
7.125312961995621
5.631021380122098
6.035144028875925
7.161306276884633
4.462563487161633
4.8301431304540206
4.17962240340705
3.3095559543780597
4.443733153434117
4.207504996966651
6.302590008492801
10.707772861948511
7.928827148452319
11.786326664499152
11.438461257409246
10.007547129775759
14.375673781595594
8.4188117257284
6.120457110642038
4.691660670848043
5.7208946085076295
6.571545652442184
9.507567704150713
12.220977297380761
7.878349365381079
9.508020741724355
6.890357060430032
12.679350370151074
9.105627043993858
10.28636979758729
3.687789393556468
4.377191846896226
2.828390571929367
3.22960917638335
5.3138453222893105
3.230451255025026
2.5384869086669997
3.9224488505367257
5.216495765353033
6.246452220807741
3.919810674320537
4.442869588946548
5.969784476621579
4.870074098759577
5.232012542494998
4.768149833359035
3.500787723492627
3.3001580932818086
2.9613296002625735
2.9894521890132566
3.6946936694392036
2.9648060473115336
2.25498227623338
3.2493767161566596
2.8493680345777364
3.2085455256490905
3.0164994213953156
3.2448499751654474
2.9915628096309184
3.722738922050447
2.51853753640505
3.741402874711395
3.3662943327314467
2.602778022293405
2.827326905446695
2.983481830948203
2.272394005704859
2.4219585092757385
3.020350657028319
2.8052685960382524
3.4901401626131436
3.1329991043387246
4.7904319974863
4.068651551834619
4.785480587063658
2.6714374729937864
3.3391613030655485
2.5338606162759683
2.850981918896885
2.2040349817361777
2.248834458012664
2.375639632064395
2.369594944711456
2.1725483498142713
2.507148182400308
2.411414763335636
2.9992698303214733
2.5134186737606945
4.192924862979131
2.586857956754238
4.2063394244977745
2.396762171207734
2.387642424935387
2.0502471462437164
2.554242548232761
2.5383458409507247
3.437286212291184
2.653920681396559
2.242156270481892
4.543308971112911
3.329195358345004
3.3444377385212056
2.0360778955105934
2.815482303373912
3.3241425834767613
3.3564139717683843
4.4066737967736485
4.569547009684779
5.226373056441942
10.189114009339026
11.361102618186683
14.850345322846215
8.64971799706029
10.888010554971373
3.647107070069251
4.870455694840392
6.505379986566403
3.5040261808032738
6.133435619194151
6.897633195604212
11.294830958365521
12.841887271069236
9.708687483251753
14.278199187883004
12.520304344374132
8.447784897972507
10.326589955992702
11.236103998527549
13.303281530236024
10.50901155083337
9.8180392837324
6.555237610356798
13.386881227908884
11.94065818979053
17.28582643284716
9.814317658612875
9.150603950671963
10.63905324334894
9.10373324322431
14.901239019452387
11.494714187467041
10.170083628621589
15.903085681062837
11.237992330819415
10.832939208949423
10.993848404219051
12.393650889431399
12.348152288713235
10.787652091322169
12.166124290866648
10.418528241533311
10.888099291492951
11.79018275301838
10.80787178393776
8.719323788986435
9.148243346945636
8.461028592670122
9.37825643386432
13.461645541275146
8.681151121007046
9.408945898720862
18.419698258424496
9.574162131203886
13.207324070861622
13.476060463745913
12.572968634249293
13.271840887579197
13.48535309337704
9.935830968968066
10.076412801543825
12.341544802284117
10.834354511193657
9.11133094625216
9.703243092103607
13.969485557351856
10.050688025243236
13.280921047775413
8.986491991767709
7.969804458668361
9.150325870010516
10.348824183809828
9.56963345253925
11.143857198088371
5.816124555363253
8.422087820785569
11.638307005618433
5.0836523023985505
4.9387980214316345
4.966680278237613
7.1294077199651325
3.6428153085610075
9.54387428294547
3.9548984341545057
2.7359249325265145
3.10540732929972
3.0206940479555926
3.798376328109812
4.4393238008817235
3.6589657704634666
4.006272644126027
3.9638865188067856
3.5626632667172444
5.455264863269901
3.5725406313837818
3.982612405401663
2.983117001515417
3.1168973072132466
3.3435502490951037
3.1049942197677893
2.9882262858408835
3.832693547568688
5.489690375731727
5.991778686331953
5.671902092830215
8.923052785451828
3.3917455589866607
5.011121683176848
10.783661743660954
4.375731175577743
12.433800320927682
10.32335296953146
4.764835518088061
4.86916200752348
4.942712582714279
7.894918605012916
4.816021184367436
9.179112565691247
16.391279607324844
10.267959619544898
5.067218217198925
7.966557292037082
15.557401702506619
9.135743086842188
5.387713474505477
3.943414465386683
3.8485881271565026
8.05603844891169
9.026884429032428
4.9615881807683
4.286901490023589
9.895294901652871
8.718457906011102
7.439890683715784
7.336325569666497
4.725326970227395
8.549196841062088
10.410440314216306
8.630583720072087
2.3422881721508153
2.8378744388431794
6.77379338598544
9.215675164785035
7.901735691109488
8.656200540641546
4.05281855179703
1.83630409387366
5.14293638871459
9.180489441293762
11.10562910929557
4.857262653399085
9.135323881649924
8.517840924429027
4.144425118829811
2.739335586458524
1.9167185065891836
1.9375085077555696
1.3829232176736617
1.5603037197900562
1.9320394662452631
2.9178389895401335
4.17918843233951
4.921570230041775
5.878185906152615
4.501877215645761
9.094931867195603
2.6548506986887688
2.4757975229753795
1.5861686766677896
2.474804841451978
1.6260149618521826
1.4028157879857053
0.9461831906018563
2.5317916158598806
0.8679886904077762
1.2203758785656273
2.6637279256728856
1.0671509224674698
1.7521798196016998
2.052574703714698
1.31883291045353
1.6124258977790735
3.313216826668395
2.3055072256770908
2.122546321969065
2.154819548336075
2.716305024263222
3.66452731776533
1.9151129537444784
1.6909220404471044
1.7683808231528293
3.0406650312073054
4.695079489454673
8.831334892787655
5.194032841041813
3.8665290053660137
4.880915245800123
3.337619283268153
3.8682192218681415
4.008557516636641
5.676429210561767
3.7723244341036546
11.789284035371328
9.268160759237142
6.987944324237425
4.800442390332471
4.962239670520879
5.4348398207931945
7.083421437709743
2.7129016278055675
2.6018522933443498
3.5928242309589984
3.839107640897402
2.076143565420632
4.276068054848428
3.43832442562033
4.5224054972955905
6.8477291930606485
4.8840584568003536
4.89755733858828
4.038532948067479
2.942369776437947
3.5720455218744975
3.291096923288584
1.809840428682035
5.6593427273835815
2.0364898429521423
2.220906361965841
2.312778602340306
1.8466206868707562
2.151254679130071
1.682496347529521
2.385350068176047
2.736532277923297
4.283111738908451
3.4551287134298603
4.863469872931568
3.7078360096502516
2.825820184394506
2.6991082562944473
1.8944600276482375
1.9411899389955714
2.2339303896392577
1.9538770485586099
2.423132445660872
1.8722184187761204
2.6355201111670885
4.968409417260888
5.492604612244724
3.278959497180395
4.705237412385348
2.7865394017243745
2.63030400896602
3.4212990219773154
2.2275343370278256
2.426967681767101
7.159175538442517
7.060130256264104
18.824631026295034
13.470940144189646
6.446189395858349
5.969586749925896
4.143336536239579
3.53637621172017
1.1941967996258789
3.2162580418772224
1.6858390888487818
4.050021158917436
4.0668396930375845
13.288816855885539
10.422244553139969
11.034565977966022
9.108814749615583
5.572565699651977
6.452087842121888
2.936628822448253
4.299948615301107
3.9951154200010492
1.4422433091235138
3.1602746173805287
1.6984473029102876
6.153923039617043
6.750497154396692
9.848726587362453
12.684114893172799
7.245317056807013
8.110327630996375
6.9472634336817745
7.934612305969547
9.749522732592022
10.61446908672828
10.653964068397201
11.976660888695458
8.530024494194262
8.219241711552398
7.773074465106805
10.089843124552647
9.374337582698526
7.875221851876207
8.146123690385792
9.910629199821937
8.192776052147238
14.142354985289572
11.941949385500498
16.065631253365577
15.996284548381235
19.188490691438556
15.885512404995307
6.6499913785001254
12.37810654153412
10.830574158175285
9.638109847592387
11.407513097676947
11.554844602642554
10.839490458059961
7.167757339246611
7.700910898075018
6.519157535854967
11.85274350697461
9.433278378320505
9.216752587018865
14.73656992641158
11.138399232866432
14.20930131163503
3.6212994464193926
5.547969707684451
3.1908660039603083
3.544650934473998
8.406406953286629
6.275157753266848
15.830992930853625
12.70570362810702
10.0596636371731
12.50662345741569
8.451743983131738
2.817618420966712
4.953623895951426
16.377571010062333
5.981967095623437
6.23133050228476
4.2967546220883746
3.5724438622694756
4.766602323165688
3.958802397027654
2.7319464943407388
8.753021312018491
2.6135664058699106
2.8503167748782494
6.681863748265914
2.238214516795982
8.169899221057488
10.2376249642281
2.525061981652602
4.583826625217914
1.9150348154045584
1.6969876381226752
2.344221365890742
2.890511500366558
2.1776010830837484
2.154442821101804
2.615722216871454
5.1127022391252295
2.0142299978800553
4.150016245730586
2.8883904484910063
5.110496554036872
5.001706798508087
3.358790102274182
3.973397780565584
3.1748572433240345
2.635509361694525
2.6494344238982586
4.9237713109745895
10.075950962960416
2.2507794449127396
6.2201919330287465
6.737432403648225
6.341188387493848
9.620907786941173
17.244274752703497
8.928424559248649
2.768609384644379
8.686851651479222
3.107692312987836
14.540035366824327
5.168711052554735
5.213680658818594
6.249605591945523
5.153524882122655
12.158870838351387
14.451235229240558
12.77663699639693
9.530260262714851
6.223085794401042
5.874684373495818
2.7147147848209383
3.062275687807157
10.02128559563809
13.422293000253214
10.601620634722227
9.456747314504039
10.18227242529854
14.874817630522662
12.588859091804695
8.21248991211463
12.382879537425605
8.743592229114588
7.547386328340735
9.872365727809129
9.61239778675161
10.478300103786747
7.201518524779809
8.164991197475448
12.638901136581365
9.392000503970856
8.462828337858141
13.441733398184448
11.70846291456736
13.926037671401641
12.863828340286023
9.449504431343557
9.334164005355657
7.995331782734242
9.272336893690095
10.758393641853885
14.793315800226946
10.260644065767856
5.9611851160244225
7.083352130228834
7.036905148527454
10.728240318952253
14.141160036530326
11.050532781962788
15.93775353131222
7.1495381098809005
11.40160467772973
4.290402134423113
3.226904660880183
6.877258471702727
6.505283304932268
4.312109025695769
5.274926450726988
5.951302003750292
8.464008857759415
10.873100139398193
12.843430227929002
10.54320755584147
14.282086369581858
21.193911750023414
9.06861697530017
10.720531074661224
5.773626623541455
3.818347409772766
3.5714069491352185
4.268659193636914
9.089751593287215
10.68557306580131
12.209897445902206
10.958568918108465
8.13300649304016
6.588513850434566
4.929099002524406
5.742180187925641
3.334405903332768
2.5701156041172317
6.083123049049039
7.973555844384376
8.610038377690842
5.420288743189108
11.82031808392416
6.6529882407804095
4.376989680935617
5.203075351618038
5.20022756254277
4.554935522954471
6.636866900379315
3.7797468462809207
8.584736759292788
5.964537090834062
6.987131799916436
5.065235806187557
3.7273771079106117
4.3978582732462534
3.6402978311517287
2.5709831174983457
1.6958670351175154
2.5850107648260483
1.4356090514429565
2.973742431704117
4.246909162197887
3.020997847020789
3.86908162852248
3.7183411840172935
3.635515592973811
2.586663820068154
3.2913778506225335
2.7540119546907813
4.197591241440559
2.394166539987996
1.8025930383178803
2.856533554986058
2.1159349546508173
2.0729015950480596
2.4517517927888592
3.7122110214572546
2.9315733603708174
3.167887051076541
2.0250880223995322
2.067230952240029
1.8644603439755905
2.18248828575961
2.0278618728101834
3.532703477814535
3.1736806186300326
2.9161635969620128
2.2233617005354214
2.494358057536856
2.322542732458666
2.4151909864897614
2.433651920534026
1.9915009806343147
2.449202745333724
2.8290257990297967
1.992074233902604
2.177266335616667
2.794369018566762
2.491083980361408
2.186146337072015
1.8308839559578693
1.7832722425884628
2.5342858850620837
2.461695400932695
2.3285805469824945
2.753252405273314
2.7789011028718886
2.29777821549832
2.272159894988922
1.5658659587452763
1.4884698753537866
1.667208373737535
2.1622410272236587
2.0039549427662786
3.577258002039124
3.1413562659565923
3.2823254295496063
2.545516533160911
2.6440285576616476
2.0425297844892163
1.6293521608979424
1.4052233338983506
1.561012458517724
1.7927908786177529
2.514332989323921
2.2479227483733704
2.904553088960552
2.507902398221656
3.6420904976449036
2.535004815520976
1.6264264881688455
1.5884964218865227
1.8670478495566614
2.406096329829156
1.6357913075702046
1.8116931301854824
1.980870537830612
2.5911975071440363
2.8688440289627266
3.098384627640688
2.8094115415677474
3.5090639213628143
3.1412671280519726
2.228549125741276
2.893779285745878
2.8078303122824235
6.798389733690053
4.140993617795316
2.0534900817020545
4.465256879493538
3.454077090561885
2.5349558399321706
2.14474545643387
2.0521729177666663
2.094433612875872
3.5274199796224464
3.053799166614122
4.219264020588788
5.027546095750342
6.697237196534559
3.370058773346856
3.9135920328538085
3.912533527132971
3.249282100576213
4.04859376014573
3.9195446122455584
5.647628730479143
6.5093555461531025
5.444148310298516
4.754977401042461
4.831091219796704
9.374917908831318
7.122304003340389
2.5246682603924553
4.658062904415563
1.9660896656977016
2.10346472960756
2.3847974731451056
2.3226096814874895
5.511347873140721
8.835554114076015
12.225918901923105
5.943759847773178
4.896640751003657
2.5130427688670336
1.877733301181766
1.6726949056732852
1.7218677432233425
2.3477640713157912
2.5618134696812938
6.030864714351116
7.789661186557606
9.437204095341212
8.241776523293028
6.1748388945833135
4.522687505542298
5.109597551242972
4.81705235201726
3.9178389326802714
5.568229001599624
7.417853400253017
7.709333338479743
6.025029594364261
4.480373654003993
6.181398962307362
5.943706293389836
7.168847343684277
9.756132257610975
5.761578578246261
6.605056801484119
11.365179672511735
11.080007970640342
13.33380496200401
8.83377364861691
5.586037185076025
8.858677833631784
7.2159241186728424
9.858658069311051
11.473990535499983
13.892454505024187
16.583322439977614
8.62278394053815
16.290391491638687
12.791270789439045
17.318087777681114
7.504693487015781
4.691566580029745
7.28965724576604
8.131413303672808
5.462513286050202
15.810275152698157
16.297737622374306
8.739576208955976
11.069306107786183
11.655297686765607
12.150255864565102
18.08317789175533
17.694843063803255
11.302204167512127
9.023271061953984
7.845184378378379
8.666921584293554
11.607246589112236
8.161974989438121
13.921432226453195
10.477590564512237
11.743316981999367
9.395285875893986
9.051552772598297
10.81027375485824
12.948177430587492
5.890305494130622
5.667383722009287
11.17631607253383
7.647571091664377
11.478483662118201
10.57791371139436
9.25172464268164
7.8409413076827885
8.539962712103753
9.07003001779555
10.211693038919654
9.604330843966867
7.110121557113358
5.900306698238604
7.106896728630464
6.5714797125001665
8.615336512479178
14.004672317038985
10.277008154171401
6.583999394573627
5.029852239081671
12.735393530622057
10.18717179562334
5.834589524351731
9.429469158094722
7.530917089770613
12.850847348159865
7.2514781936084685
7.94212477164933
8.459290126536255
6.861793562726374
5.8236846867131495
12.737602170628278
13.145962902512917
10.346165964774466
6.793282088911402
5.986267844633211
5.837508833743405
4.842095750567211
3.050374649260891
11.124236480178315
10.540377949239181
13.07128431212989
12.76340555192928
7.555096501604027
4.338823722999638
5.925652682290322
4.436375989248676
7.751348360150028
8.828003035838616
6.12319849623208
11.59675084800848
7.981157181092006
8.747771899925626
3.9053030143284873
4.758290152093617
7.77143203126055
5.423420302425337
12.491782162075925
6.143335905697505
4.924227834810171
3.908224932698515
4.584987351438771
5.313192023787122
3.088308064715095
2.7639847554995387
2.861006274441824
14.165031495619232
11.377553822597744
7.907043538343342
5.891690667855984
5.356661946840889
4.757084272787267
3.2057968096337937
2.9407717282792225
3.0609722549447937
5.452615754825892
2.9795301891887944
3.8404163873464263
5.985382412406848
4.905682172552163
11.356475052091008
6.821807276447233
3.1852855940706983
11.166911602066374
4.3336179623892965
2.877742026567724
3.355446935370066
3.7574574940293273
3.3620282419892824
3.684508011573319
3.267986193162642
10.525605926492245
7.369788959311814
3.8468710665712296
8.126316324491919
7.974637625845119
4.546235459054361
5.140340495866311
3.9255010750147066
2.4414678953406277
3.2597012286307008
2.1067753286201127
2.5122473127863776
2.3767119169711046
3.3405583984822633
3.20468632982111
2.2744918993574617
5.705782006876173
3.0136152253816713
4.503574103140421
4.20154331158532
2.6519031864333242
2.5871263504813227
2.6432517050088835
2.15048522044743
2.1919921681978805
1.9098792980703199
2.5637757852552405
3.1203270435772508
3.1736677214393345
3.923583087856573
3.2089590967336292
3.349105276366104
2.1318528202644864
2.538864873553986
2.3242226033014632
2.0903773203585527
2.3462446534792956
2.60146882524268
4.442904523330882
2.692488951523996
3.213013573496243
2.4264224007103645
3.517639408838199
2.3226195729024828
1.9578251093394474
2.3536066469236703
2.9993661018528535
2.4303186224924063
3.183482305739205
4.897380585771974
4.531591690568286
5.712959160631726
3.799225223301528
3.575877121795397
2.7906860205962967
3.722728527569571
2.9398127070708107
3.9110251960301783
4.649388754074755
3.6912450339930603
5.05569615048022
3.2699030477470266
2.606024170809697
2.7022147317642435
2.351738008910694
2.6207798205964954
3.2764964644260686
3.386271912629354
5.200296970928253
5.3766808822364185
7.891589078299082
6.491225252979971
5.161993043730055
3.0753427111864173
3.2944075196284976
2.8569128236776704
3.4440812684945343
3.3806983315167365
3.3745365651607258
4.729785757184966
5.632574504631949
6.289705650708246
3.4275585461982976
2.884397628417432
5.203665326412143
3.8752945048354115
6.548084779525455
4.95428544840798
6.474980822422149
4.559616705887203
3.1457224811868287
2.7777161933934083
3.1859372556612313
2.809416411868756
4.519917356015452
6.947727349405196
5.580280472695202
8.535720325172694
5.270025925536676
9.6303734975731
5.613907950501736
9.525985187949237
7.231012712253053
15.13944636898373
6.064828529014328
3.6152341704909263
6.099785926438709
10.852004837730698
6.163083741099099
8.02651035216439
6.883310697224767
4.413960646446361
7.554179119751216
14.431160617002103
13.025439844997157
13.029159114005271
11.014162180129508
9.321845872084598
7.502038121470496
13.266829277391285
3.8007630622185986
6.453344485432393
7.094183520428881
7.5753659031414715
12.835706867680567
9.782718075523807
6.916407725302953
8.48923536354035
14.56200030304467
4.417581431696024
13.343331280127861
5.887998609613985
4.746095459183707
6.229610976171087
10.384045122399092
13.163026976776084
8.103219670235367
7.873806194614541
15.484121349032984
6.774809569759078
12.007999046182409
7.899097794893359
10.482978998175984
9.59976342102566
10.091968538424107
16.44699668617181
14.781282182090099
7.592662199397772
11.680722883376536
11.956750308128429
10.715266609553133
13.659123283970217
9.114438152835987
9.408304440118357
11.057279582513882
9.65411094150441
12.799678681688011
8.057827256102348
9.9419951301069
6.790390217102404
8.535188683467926
7.439353656144517
7.368249608879917
6.6543974002976585
8.924725562188797
5.186975295337873
10.433370540589015
12.564369378197682
7.618590311906227
6.3875344836742425
7.41102497533574
8.820001274862657
4.76701307106094
4.116533974187992
6.990757442040531
4.889395221970142
4.966237197592101
5.350395874343667
7.193817349423266
3.6393128532348733
5.839402060326131
17.40454415641932
5.538502033689246
6.538476539936292
6.988765860249332
3.633349284234277
3.9281253560977243
3.6745084083125015
2.9936922520229285
3.9668639513580337
2.929142553354571
4.984805193117831
9.868157416387621
10.971832395171115
3.1465442942004294
6.099660247707574
5.176302321853118
4.265725221709523
5.269906735396334
2.546200504132825
3.139050389200858
2.4568505657037374
3.76269572924664
2.590154902235771
2.9884729697439765
2.7692184074761226
2.6258545029050415
3.3545167011820127
3.4403628503789614
2.733925376781234
4.183147815375662
4.827159101168027
1.7864313732831758
2.565139657826532
2.2669232594733426
2.7286221447734547
2.7945098758095637
2.85492044178381
2.728409815971862
3.5446735165248144
3.6837686746885296
2.9544956018309567
2.9383500635354407
2.752364705190121
2.368984997810169
2.113200721785903
2.4334777884256686
2.2984970216485268
2.7707466084842745
3.335106651582411
3.023036381827816
2.4009195844660223
3.0126917594343134
2.7451402970224166
2.7526862402467076
2.4759452888300117
2.9518361559537736
2.45876378014382
2.695941798943548
2.641926229793797
3.124438442915964
2.70041014148456
3.0239648992348287
2.693274036777717
3.1518158748236518
2.8048981989412836
2.677897692637033
2.5949777093999735
2.9777704546731965
3.1830549742878076
4.5084095522056975
2.4764618679758383
2.23493911510802
2.7592541014504803
2.7669070618693383
3.6120011983168703
3.198099067761796
4.244654396487947
2.4878212978597003
3.5938922852349604
3.470977687936391
3.1125942129714232
2.8420013366864136
3.6724178402670042
3.453454633762169
2.720467236416409
3.3014283381475074
4.137982541042136
4.077709153788396
4.194146858241519
2.725962322759853
4.0798348574181595
4.728915285164268
4.104525914123149
4.313262199554648
3.588558438997315
2.926677243535904
4.253482895010262
3.784226602222354
3.200965219292788
3.3480846009367844
3.033508561717594
2.9006495978146836
2.5350426200962644
3.5511424113360404
3.397020213017483
5.363811469709321
6.591017126570956
10.574448537794131
5.351534522984411
7.480006353201139
5.138583611858257
4.20324879531943
4.20557610688226
3.6534216319837993
4.444505866709868
5.537914888945878
8.015366656022449
9.391183405137228
6.170481935474049
12.480267351629465
5.92941906173968
5.573046420353255
5.23543632593465
4.687478098214977
4.397926160441671
10.182308424757817
6.926547868241843
11.543086921572439
10.078758570509441
12.453135078883141
12.770202603878682
13.267809401705389
10.721144809488711
6.61364562154313
6.7749900085032335
5.0626950240735376
7.937152717815216
10.088910100358843
13.297456783282064
13.19897906234903
12.990583172773915
13.35767840896234
12.120626068545302
10.445051223722421
8.957652799854555
12.93116488304363
5.5527492274764
6.163605300526012
8.716080597088553
10.77041431033158
9.655194783982335
11.531019556060917
9.709503853751608
12.431760532088887
7.229142378077732
10.868691389212382
13.466367043127132
8.883610208678899
12.01927134600464
15.28573962366876
13.353855492377196
14.391026600425246
12.590501551415212
16.874085271088155
11.163179728251702
10.724486284721573
10.812542658036959
11.465110637806083
15.355982460769443
12.671965835577279
8.65797432113203
6.215392217535729
3.968866605708901
12.592743527035953
4.693058737794656
6.227200838212616
10.043190724640407
12.541556280423924
12.548127421252422
12.894526877831618
8.940335405482386
3.6504086177114248
8.407418601951733
6.718407126930411
4.028422556339155
5.695494120191549
8.20764776167372
7.128500490119242
8.300892664294679
12.240122679489865
11.368104309414091
4.414230670501771
7.447944633992027
13.388744620092922
9.85238806201302
6.304778089433405
4.291916809750928
2.9789943755474257
6.35884375049387
2.9116965235817442
2.9340696374220623
3.0701188416886858
5.654875039867718
4.744627233821175
10.127072832941161
3.615578600801477
9.248740296064456
3.764395820843606
4.280478418444616
5.90244481284338
3.149242375778789
3.2198210988665976
3.7365660202274285
3.996154384353278
11.667850848962004
4.026886007613463
7.946636207995937
3.8093384268508736
8.354397070300053
3.0394108204373382
3.5343559806563833
2.664327470736694
2.385131393721533
3.6400339241459205
3.2172343827329883
4.899568050369049
5.167076216401587
4.3885307514098875
2.7558005948448385
3.7844913261808366
2.9960718348370845
3.1289241561740897
3.0244561692423124
2.754370146412822
2.8899736596175654
3.5396114130076035
4.850364130616504
4.146420475772821
8.636857140186923
2.921131814384273
2.4771332139109257
3.21493026038233
2.4533152051522173
2.7759068965623515
3.123980488970452
3.499882061212008
2.889649430270809
2.818933327387291
3.7306603914426844
5.880669367121026
4.359978840946113
4.195840993782257
2.859754298925582
2.736904614593675
4.483258567999761
3.2643452471896817
3.1090467561728827
4.106815375137417
4.313229115323328
4.368329511164965
4.942930570978727
4.500912645491485
3.913604600191711
4.958997204563519
3.7361944711805934
3.071709250106751
4.007628441183629
5.430905665913052
4.842274507986153
4.3624805289811075
2.9126908333380976
3.635476008544214
3.7440990045849487
2.3653443482335694
2.2910508149696622
3.5238642624643566
2.5479459614758566
2.83325185581051
2.8315354868610556
2.808437416404556
2.9669152166139754
3.7241288839473987
2.9855487591843906
9.615458985744954
7.159659543221092
10.51557816075949
10.404883131550793
6.560683575931952
3.7163735574414063
9.987777189448042
6.046970831625598
6.124197722978536
5.986783682861395
10.974242334027723
9.744816194117789
10.693264786190309
11.741341738996482
19.13700816294132
9.35715018676408
8.69388528305566
6.170002755346031
8.148132393915876
3.3861716554928263
6.843316044033872
6.294133201504082
5.486088776264458
6.17949460548233
5.922340126937225
10.21224584073575
9.664714192015216
6.421839849358915
10.19560651169825
8.498962534226525
7.023677012598806
3.093146888402258
2.967336049483799
2.9925086655645368
5.093220152060221
3.4607090079851632
12.959274907177445
4.321376061920867
3.155322146144905
2.7824392721626188
3.303558033598917
2.4373284030688067
2.573723207226853
3.191275809028787
3.2914232827419005
2.4276161817205275
9.098592514171887
12.254193392391826
3.0562508364368157
8.79794104652576
11.915919664929813
12.875775205422253
10.027819042097788
7.281868344671272
8.057750366675762
6.4050350871872315
2.8449507538384915
8.45833435500132
11.19394885786051
10.916228233637671
11.671761046023715
8.205544549644713
8.798627137069124
14.827987178300924
10.31956918806804
8.234234266756115
6.729125953841985
6.4265144913789385
4.3451890674571825
8.472428682210532
12.763864561787205
8.388182711737642
10.922939070097222
8.294023351235548
12.377788557687973
6.92367852458747
2.4504850316433826
4.83416265901187
5.0310820609143665
8.423669643241979
14.971424319644413
8.484836522181302
8.948090181997218
6.694562308668876
14.03403567995647
13.854995028514647
6.969470800899813
7.293121566793724
6.641888923755664
6.492341729987769
7.005659843342748
5.892294711961088
11.006110177050205
8.918095793778665
8.058872579840722
11.21460757205978
10.426337605606058
10.523165459350832
9.263343459526851
8.143337592920613
8.625716279781589
9.949094897869205
12.582809473098134
6.1820459740388625
4.108290601335954
8.335442888788844
11.834286024073977
15.35478270104053
11.052265700053315
11.957649411102548
9.175120960767423
10.186103830125543
4.6364660340693735
6.355976231548278
6.794786413673215
9.821937546237917
13.490241435306865
9.448401632566947
11.91507288818015
12.742934829913558
16.91881580272134
8.088583134558593
8.566085462184358
12.708666331886734
7.673985161517751
9.834563830453384
4.601044319923425
10.154501735377012
8.372997442080699
5.032883801827845
4.697235984199849
5.974526665173621
7.674604146795531
11.83161563689975
9.136841373696921
9.131206702715387
13.786490738906807
9.814973477761972
9.058728338118545
7.1195069262409465
5.544434767354428
4.579178234202243
2.8309720960334674
6.799199275208997
7.490856999996019
10.599488964689007
10.204054813774281
10.596412570696689
12.10772925246923
9.78489426710435
12.66620294922579
10.555890700341267
11.506694906074932
9.102038599995012
6.383671956082543
5.618329611691622
4.051368445018959
4.309161814424802
6.758093874910502
8.404364645818154
4.351142080658249
6.317895902607171
5.998434301749592
5.989533372001995
6.238219093802633
4.552346308338805
5.0085036126428495
3.1269097553668046
3.453044120960294
3.9823759265697363
5.062003780608431
6.533524384743292
7.051024956075532
4.3865847794096045
2.675258279602572
2.3339013940254913
2.6350416297116293
4.359161149105678
3.9258392770388886
4.526146157303662
4.948102206220225
5.911842664218009
2.772784389450398
3.4941734815872785
3.9405759762890424
2.455616095644008
2.6383603743841517
2.945255275320167
2.29242282194194
2.3924572515410936
2.8041987878380956
2.903747211799993
4.130017668463655
3.505413845429742
3.0696786214109792
2.75662480393421
2.697027766535951
2.2562304175798067
2.8163062667390535
3.094417034325858
2.4188305062222195
2.6678595139697734
2.5133693124757395
2.805574853034611
2.890034021047419
2.654060548766162
1.8711175153301582
2.5732176727513254
2.3454498310801757
3.0246318466992346
2.019462745112373
2.482410295321864
2.5826388816858503
2.4348316912595194
2.7022825394645187
2.5588483992655884
2.4789136929953006
4.863169699255096
3.646639191142806
3.0546711588362783
2.9619927937592188
3.0217678130027132
2.790695362808457
2.7235236591824528
2.728904811482358
3.202938379954319
2.652747626510309
2.5191220155387226
3.3360679259573716
3.6588091706566837
3.177226968973094
4.703829864668107
4.098091775805707
5.423724526994482
4.020687635228837
3.9279239122758574
3.219415316131576
2.891571587334615
2.497531413916455
2.716565093599491
2.8956099733543805
2.2921722816098797
2.9329440410847853
12.362143897835804
4.660796372510822
10.761519349148841
11.907524165290578
10.070061326624964
2.6877844359676364
2.4601827593484193
2.402194982886199
4.902997015328088
2.93509940163197
2.1751069850465576
2.4685482251017956
7.480727600028696
8.71153239884811
5.081239430642045
4.036924849830382
4.367627262695281
10.207971510258393
3.06438789656198
5.071175311372338
5.163386389356128
5.044797265538638
2.2121905095822605
3.2747513815090956
2.450347051308992
2.1202179403217665
2.984632607661598
2.5269580956094453
2.5875658238807864
3.2118867025470195
3.7850600532872973
7.116792380890314
4.017764362007788
2.7232284109020948
3.2112795094469093
3.0655514139356463
1.749745472043528
2.9831630274876355
4.924245790923146
4.198233081673365
6.275092499730742
4.784242587368814
5.445601369230301
3.08228051808339
2.819137909492352
3.012460902881052
4.402238643347998
6.101096134829657
4.641658249567647
4.719345796586271
4.263949416451288
8.89341486266146
6.652151644360302
6.397698924483523
