0.08252868326502974
0.272201831233521
0.1386312101675557
0.20349501942784562
0.09059249533972406
0.12421722107841374
0.18351071387167375
0.2649797089739497
0.2775929003467844
0.25470949933040377
0.2848625808685431
0.23437230518511132
0.27695204181947275
0.1819866143093658
0.14475692926107628
0.11001070270508509
0.18844784547447158
0.20544067820995537
0.18213145582059512
0.2847623200816505
0.23611682443102486
0.2595281410402356
0.2891352913433181
0.25024263861991874
0.3384369040884113
0.20573918079830164
0.1829380325313894
0.1268640869244443
0.14972571487601716
0.16878471048640614
0.23072328812819146
0.16971106176465067
0.2942076182640089
0.2904401022198118
0.2518341343976812
0.2041859070509785
0.17943200884433774
0.18653298712837313
0.1078506885523673
0.13071205073278983
0.12230157413976815
0.17729195445187487
0.2421251720605627
0.13858408849487944
0.19102082336476114
0.11687482333722833
0.0819898147396796
0.08501165399541184
0.07253854436359708
0.13805084639871526
0.18637919427716432
0.22309032012369015
0.21466216197445653
0.20679671716159573
0.184107997624624
0.15893949638359978
0.09822757372699362
0.11891872606837604
0.22605744119962815
0.21992814433499727
0.1574296829555223
0.2240646726551127
0.29054280701169133
0.2814523034441183
0.33218503423590007
0.2779962223408024
0.282807939814317
0.31138769913512016
0.22533180525428145
0.31883248757415145
0.2764618912464431
0.14010441965322223
0.2177816528807014
0.22917366392549063
0.20018471201634916
0.12824265021469214
0.28594686928094676
0.3180122448742016
0.31028432289812496
0.29578995311425677
0.3427538806723675
0.34871942850415316
0.28500038427685137
0.3139833487292188
0.22106179390648684
0.2189372430730291
0.19221880560067298
0.18291572380868756
0.21907175849996322
0.24672278102155926
0.20853082003333334
0.26361112106842555
0.315657026282296
0.33691173334334457
0.3137624949385823
0.2815595637729025
0.3093950097986825
0.3021533588334576
0.23875655122203776
0.2275813104337282
0.40972349950058085
0.2135738667773948
0.3178417307577818
0.33937496248833204
0.2806922559928088
0.3300891114690746
0.2792472000989849
0.30921022605886384
0.1950270270218716
0.27287909128870586
0.252815892338756
0.2908652025559607
0.2518715054006999
0.2549620017601385
0.3191196269105217
0.25021614543027
0.28304934254757913
0.3007622247015017
0.2415175383119928
0.3126973411795849
0.21380342839969202
0.25442878542228764
0.2236801470018116
0.29431697364211223
0.2649450724375095
0.220526680533851
0.21423985677026877
0.08441003447326542
0.09262866823635109
0.07864299478477296
0.08464497526702515
0.047819815941324326
0.08813055965617292
0.09638714608244911
0.042988440727605805
0.13953611006779074
0.17791616880118644
0.15432322407131616
0.18066257443055356
0.16982384424158456
0.08561008156402
0.14211605665064844
0.15830939719878379
0.1348793254461696
0.1830244924480068
0.19535802755536316
0.22764874673909702
0.2670824014182009
0.3093118266492247
0.31297489821976565
0.33355109155857254
0.366256885950027
0.33501331030576403
0.2614524242301585
0.2707730889359458
0.21725704523987532
0.18219454353878295
0.23199405039068144
0.18823023167431585
0.2525219536915998
0.23330456312789374
0.29331959260923807
0.27401198241546565
0.3485390422050268
0.271217489293005
0.23611535957576013
0.2276200630103512
0.17701216613555848
0.1425456264661407
0.1677591972152978
0.05075615256669079
0.06302368522584355
0.13516456739630292
0.18199812287266331
0.2784756551600367
0.27762124182425113
0.38004090502149307
0.33742781895305907
0.28701712993194584
0.24197576443420957
0.0648699197421412
0.07793305706990378
0.056853939802679034
0.04846066771411773
0.08840331500221107
0.07340030317392532
0.06116251480109924
0.14839187748048477
0.23867053407745545
0.21789226542637205
0.19307331337162223
0.10240036460065666
0.014395053338775981
0.038002833860459044
0.02160259819771809
0.07798767005231372
0.049733843424573834
0.05218924046195335
0.07082994245785869
0.11413791391825584
0.17555270193334696
0.14201039268981736
0.11429080230509657
0.012436334326810511
0.025995262653193543
0.11396124836712071
0.10705294604576261
0.0937726958941327
0.07451692156198585
0.1539913195384281
0.08104059986368697
0.09954171318141176
0.11076760893323703
0.0838295082178024
0.14078193393389538
0.12768356858867902
0.10752206225635398
0.11052466733215006
0.15267902934639824
0.10033831509213809
0.09901470842665862
0.04932317448061187
0.0521344040000409
0.11361265532484051
0.08481839447438004
0.16652540134454602
0.16985483291881612
0.19401011728382858
0.142781565110944
0.14291926181914968
0.05372281239968053
0.06434873222880826
0.03405057044914851
0.07565541423582346
0.05980428404383196
0.040869847530744095
0.06507027287105288
0.16437088228061728
0.16739879005775277
0.21015236542446883
0.19147229459452525
0.165175897081691
0.08506131841377698
0.13694335354210682
0.030967198446817907
0.03253294436509389
0.16516048643516795
0.201105582893443
0.18658238155018866
0.1569422454137531
0.1387149644077809
0.16258926711711588
0.19079034981920043
0.24441411224758422
0.3707401453053526
0.26067363978615515
0.14126587923513287
0.08913906546523359
0.049339224288939484
0.09824268023580411
0.25196582176099297
0.1666595800859
0.17083950251937108
0.24130745215685215
0.006917751350873019
0.19629827426933102
0.20147129747773995
0.16660776701765595
0.2025040141488302
0.13110843373325662
0.13751912369600117
0.124664433608038
0.0536653250992522
0.09668352795171127
0.04883109339053364
0.10817106023290064
0.10089314864490025
0.12281260702131591
0.06504127007881215
0.156320810845716
0.035329012141342486
0.1121441737418964
0.15153230183559865
0.06666736854038499
0.09995597318463818
0.053819169050138435
0.06327069971565039
0.04498515958207418
0.07425931780111598
0.12499348585843693
0.10320415548988669
0.051168877189581234
0.06845227065189488
0.029506900978863104
0.024199882382701546
0.1531798420562033
0.019283785349633507
0.033187852832428366
0.07553193970761608
0.08899864436031432
0.08569642327606054
0.06703362679914411
0.13157951978744972
0.11025507363076704
0.09128182230214786
0.14286271205279946
0.23202245693074397
0.25116315266880224
0.2680715617714665
0.22819964928993525
0.21147941541394155
0.16660715053496541
0.20122237026703163
0.11836212905803528
0.1504793473109073
0.11036213215356305
0.17026633821854295
0.15406996739883327
0.21756669183212146
0.2342615450579606
0.20384860372660496
0.15973353076773827
0.23782779425458478
0.20158682098091157
0.1651601231081638
0.20462881384737744
0.17929723149574867
0.18569735853884772
0.15797313861587264
0.14643396551104104
0.09240096827095735
0.20646790792075664
0.18420993865410973
0.21354639112967613
0.1548854041274071
0.15873913037406498
0.1163343184740597
0.07632955229073668
0.10046259474539579
0.10742323327531995
0.1350959183282986
0.15883483055032227
0.20739478173635115
0.1884760311830099
0.2792453363990538
0.316760074931093
0.28023280584482896
0.34885392921197517
0.37117135631767434
0.3357249129136719
0.2612634729803132
0.17575776245354494
0.17145073016578172
0.27525030871683714
0.21409549801331418
0.25944664047074234
0.23377552001898774
0.2435473603094479
0.245265666639721
0.23602024954155823
0.24615106709658427
0.2065471384637038
0.17358440060612781
0.18383621922670895
0.12585966275566707
0.09263071394165666
0.09999546193583694
0.15347854631168753
0.20573556755494268
0.22668305195432156
0.21754495497915818
0.25207057153214274
0.2346717060830123
0.21993945410493201
0.12452967181000285
0.04368879972330159
0.021391910968310845
0.04328373527092278
0.08971555053121047
0.13625420839077085
0.14108207834354283
0.12725985388989824
0.09169892579388382
0.10901186993231872
0.08972023931290074
0.12383076226303076
0.0670500894352275
0.13052873203545967
0.09912119038786378
0.03701387562724945
0.06141166473032262
0.055291451683148266
0.02137589557903634
0.13848838623725182
0.11163861486583616
0.062152937823417055
0.09806877241765223
0.1140740949771648
0.08833360485995415
0.16432043115340267
0.036834343075354894
0.10176397816243374
0.11877997419531834
0.07382184111762281
0.15823659702633908
0.11195667631586091
0.11596500036463987
0.1640845846503831
0.1986640214406866
0.14471243082424914
0.14319983581596166
0.14566973168827632
0.15909099175680252
0.06634338684012694
0.013329284081612765
0.26911726153312787
0.15776181285114874
0.1763240550010671
0.21789814256461731
0.2735036408151661
0.3073999722891248
0.23914275784240852
0.412104551163637
0.32049018755973446
0.282576185984206
0.3303129897739063
0.2847483392512973
0.21616297594432965
0.18554109678547387
0.13281893207817255
0.1546168853570738
0.1627617741637969
0.15279070715891369
0.13808763136771426
0.241629383511011
0.31437082201719446
0.3050672504011907
0.3324062316115625
0.24582351587773546
0.19161777342310013
0.1783093535010045
0.11379924786809117
0.10469786942849438
0.07675861798906435
0.04982253979752222
0.04772834406553511
0.1644860541016965
0.11719497928712255
0.18011946612236696
0.21863303744531679
0.27328978120174374
0.3540903569352909
0.27724389264519494
0.27333424210178503
0.2493892724824815
0.24712758030376875
0.21650133395964857
0.28692260962928434
0.16477780993200838
0.13566759032011186
0.15581274060069322
0.1799172733414323
0.16665040918204294
0.10923069762355747
0.18862395070079555
0.12924733468051167
0.16221495740371572
0.15131639045276446
0.20704976414451354
0.2189245955340712
0.23254200525678134
0.23881247478975048
0.159020936187446
0.22180666688302098
0.08267296816428331
0.18529865932001938
0.19270500541976848
0.08870382667356871
0.171824466108825
0.10374165852588574
0.16844297776473202
0.13308145405954871
0.2630845069901429
0.2287376733867908
0.1743552041106029
0.2533288552006806
0.19250806403768422
0.2298951013167781
0.27825074895052865
0.23292272881377868
0.2926206692861485
0.2691496902533327
0.24040588113807423
0.2785088093540206
0.20195059959383127
0.17722340094286662
0.11793958272047718
0.2798620835350726
0.1916103056516518
0.2916932987515614
0.25896340032993287
0.3718517875281337
0.27698360559327284
0.31830587249513453
0.27652295187919473
0.2129323986862079
0.1737737566268049
0.23861861102440074
0.2397655045446324
0.15186427638608835
0.10002980422526445
0.08866714511284324
0.07392392181601665
0.10027863371639176
0.12912656540680967
0.16828212867239037
0.23181228713711866
0.17601544066280755
0.22956488567565123
0.17944166917626655
0.20095425824957336
0.20054407839996452
0.15552019949512022
0.1679646332318365
0.2035190386146522
0.2992652099842512
0.08243757663688071
0.15379161346804016
0.2558745125749516
0.111755379464618
0.07338783341019513
0.16107972766081988
0.22688514825161007
0.2794094786822933
0.11394294968035289
0.10987953584596788
0.09250547338460205
0.283180948964746
0.13583992512503126
0.25130590243076384
0.2621560673292043
0.28302800428974334
0.23033720829469803
0.29456087551014654
0.176800887613018
0.23216034590540582
0.10341677915790616
0.11971841839560668
0.33148791103815306
0.5635625084666528
0.3478815988198821
0.4882335416971432
0.5680419275675346
0.47297714390905826
0.1988350546569276
0.3390750722850127
0.3031060591519568
0.26646842704057144
0.2760370626235139
0.28061032644515255
0.4819482146591085
0.2786858000575048
0.5429362725345857
0.5490120095679661
0.5065361244102247
0.48975193989762406
0.345858159294059
0.31422537825029606
0.1787240905272027
0.263354567494243
0.2048126176230244
0.3771329365765482
0.5058556595170627
0.357113196884842
0.3265928509417196
0.44478848766527024
0.3688565003640823
0.4508035402844606
0.3977147763856567
0.3845581750054313
0.240987903307055
0.14879704269644542
0.1521716107532263
0.18579433507035462
0.013867872926419224
0.19634198534756453
0.17225767479202522
0.1237175873551383
0.4903678163692507
0.1034568606724645
0.15853427783119856
0.2394946112487075
0.22831326282026915
0.07588053552125848
0.41609389757960963
0.42719208737527736
0.28661910111824196
0.6268594956020178
0.635203774074172
0.5781994703839609
0.46470114537394824
0.19449644920616901
0.3309542559000563
0.2013344173309768
0.24856243155511892
0.3021521032107256
0.2194862158847454
0.3281283374496493
0.22004982937912682
0.5432627000560596
0.3598428459479377
0.09123838233696188
0.4086037292839341
0.19277850803252197
0.30851535022944204
0.15846629065170753
0.34213272132031125
0.27039051096769123
0.39746231792095293
0.18875651468679291
0.15494757085149777
0.3530481847229871
0.18190822299352405
0.24229372689577747
0.3248476129611564
0.3410666001988405
0.29370829575106777
0.16545613602342865
0.35441372906906543
0.19366235463280665
0.2770149926353557
0.3278362448958212
0.40497354184703904
0.3688664074954128
0.3866535139898044
0.31741406946373446
0.34889278392584466
0.3614033834166083
0.27907485691827916
0.30096957457564827
0.33532993578313774
0.32340481410967425
0.2719087652470836
0.2902399787811459
0.37395855221095825
0.41019970637909225
0.46002501764088294
0.6203937623727249
0.6579214681687503
0.6082458859761553
0.5307976693799935
0.5012679581248428
0.5188737712494637
0.4771247144296128
0.4371503168031407
0.38088596237201483
0.3099079055449834
0.3367841755797329
0.2987055612040753
0.3381031865868304
0.5045108618137444
0.27658727162268965
0.44240136625504395
0.3725250259149545
0.6373840918825684
0.6196134119995705
0.35284597857969785
0.2557752947501405
0.12193644718280455
0.19265669443791758
0.23048090778558267
0.29707694118965045
0.10974262234424734
0.3747542810721877
0.39757164931266653
0.31042361236469035
0.478714895171014
0.36489130074939957
0.2824614395804872
0.33837157065365775
0.15468323778721654
0.21773276875622846
0.2597750612216498
0.4493381271374695
0.4875292197730404
0.3550042135260078
0.36167742500234684
0.436147207809785
0.5058880574918263
0.3176602676813803
0.2500213087276522
0.2795554257812547
0.33711480369481633
0.4505986785758166
0.48598582943830954
0.3965671085785018
0.43764206617319734
0.3549229008468568
0.33206351114457855
0.3120878771855388
0.08978974668140174
0.3531823458252491
0.3669207484308536
0.3241258821422903
0.30207562199602656
0.36813535180480156
0.12022564163515519
0.2530650810198692
0.12341609662996914
0.2151995626598545
0.19285194093490285
0.16876217968392776
0.3100380077540316
0.2654031072123797
0.08490300066094122
0.10000433909073972
0.23582530591613485
0.3323848377523735
0.3480436912410961
0.313794499058012
0.24838638458808798
0.17615986464927022
0.14187488699902964
0.08872019764633558
0.009216429454874627
0.030587051901750144
0.11787385445766757
0.3383375862083781
0.27514015068036235
0.3189537640778389
0.31494832918892496
0.19457055124026407
0.20893532568368955
0.08909703827395497
0.1306004138566446
0.08755151479556962
0.13956195916341774
0.18902259039631936
0.16659948553878132
0.13697802011456267
0.14885652932763233
0.07016407369690847
0.08868180130338667
0.12182414352384703
0.11260819241588108
0.1719464128168805
0.1501292640754568
0.1806555033345726
0.10658712610449
0.09323391733494442
0.15790614895157726
0.22653753680654337
0.11608905723946773
0.13250020400855067
0.14703469043748135
0.2828452798729641
0.26665680437123285
0.2956003213283239
0.21282008556516904
0.2511702564887481
0.23008684795373519
0.2006025395529434
0.31166897740979527
0.28685683279650065
0.3350017747979566
0.3414293049214479
0.4302114806739232
0.297358645304024
0.41102347616183155
0.17466451663663232
0.1602132852565648
0.13812533298524643
0.08749929766923219
0.1585488255763924
0.2185140347948622
0.4337516007982139
0.3162872436082031
0.4155335152549144
0.3275688947020926
0.31997003165577265
0.2946719033803147
0.18810444191195066
0.15319287792189337
0.18055057470335292
0.23511820369490677
0.28544200704626643
0.3328022869548939
0.40315790397480794
0.4396036555681723
0.38526133263214873
0.37419074894119175
0.30674446878587613
0.27236182866166186
0.28160311424686546
0.3035200478985266
0.28500062668272513
0.2292778613768842
0.25721164358325527
0.3965054988836057
0.4003431144220242
0.4763565133455079
0.5633116502516221
0.5284369897332314
0.5017256421537846
0.4391197460492456
0.39130461976419
0.35042226041773683
0.32279891883100414
0.41558632981563864
0.4561364249604488
0.46563866752803923
0.5128896771155043
0.5417136111928723
0.5036323162290023
0.5313517936039438
0.5627452185726938
0.47982800071592413
0.5061105791049924
0.4850913339288817
0.5166241310012625
0.5283585486067615
0.531168059012018
0.5716713446422966
0.4775358426139653
0.5137112217764965
0.47512169095206014
0.4990988503902001
0.5574272346569109
0.5385141410165997
0.5918323468961372
0.5723031761596005
0.5665575827577166
0.5882652734841791
0.5872104271078612
0.5433251902970729
0.5234172033305527
0.5539714528763292
0.4897951233223463
0.5427565403166152
0.5170236673536052
0.5177549030776629
0.5361025146671007
0.4861598663981586
0.5193164372231706
0.5618896303470745
0.5146352245514466
0.5062637246489916
0.5451332390476692
0.49974346027154476
0.5178072094141027
0.5296522398918778
0.49824679463254945
0.5787670272396838
0.4577740376543126
0.5089410374716719
0.4612849650335117
0.5016093653089807
0.5451697954719007
0.5495080188820732
0.5652917757531226
0.49648617311340676
0.5848695359717534
0.5374919658604457
0.5855496326476101
0.5540761425161356
0.4550160933664746
0.41591699562669
0.47720219578030876
0.48260549164780453
0.5072890165277266
0.48005326323388703
0.45310187501152926
0.4842726461842321
0.45283154170749196
0.4784211866269634
0.39974046341748304
0.4451316503236432
0.39728895083835253
0.4956310730718971
0.48577819398084043
0.43587550561611466
0.4729648762127086
0.3865433842891772
0.3861063508413073
0.4134993619910531
0.4220221147997026
0.3926184793064432
0.47471181390888517
0.4958974821422411
0.4033177810159627
0.4434362673359493
0.37984177197381125
0.36459536450512686
0.44315796722979317
0.399528438256074
0.36683336573842645
0.3670903047958353
0.3989227421374192
0.39288805229547125
0.387832327205538
0.4339694914778807
0.5185814813028357
0.4962946781847652
0.5474593853129305
0.48217858158445454
0.4449028978079075
0.34231535883159653
0.3800960725139869
0.34400069096261
0.401827974472265
0.3669786224382745
0.260042794239409
0.31639967951822967
0.27884111240748094
0.27067333342875577
0.4315066900500042
0.24002434112974605
0.2744716605491313
0.2906583959546979
0.26466974790450554
0.26672169118747296
0.23869689119166612
0.2165470115829627
0.2754858219869818
0.25189137839505205
0.27231564611928144
0.3030244748809375
0.3172990977787063
0.45341636920871453
0.2175393983619108
0.3051652363390584
0.30878911304794476
0.3241462444102694
0.31063089861769866
0.24268447858419237
0.17068151747589863
0.1706997692020808
0.31477103695103986
0.2416148746054502
0.3488754826557836
0.31043086989549074
0.2671766769173006
0.3920519488628412
0.36467249657558093
0.39684112819141687
0.43731169424414656
0.3554194050382305
0.33892788635435245
0.2886059070798904
0.3316526652486933
0.3372468493482655
0.28925356756349935
0.33462793496310256
0.290160345759952
0.3273949721252894
0.32842000969255786
0.30681312739567757
0.2977368182273981
0.2921971327471327
0.37901422940343465
0.17562121715942025
0.25503103491674384
0.3279302742338417
0.2463415303931521
0.2705782716500504
0.2532802273914189
0.22803350005052256
0.22242583603922733
0.23718166268334803
0.21124576379146331
0.23880027551861996
0.22441595610086476
0.27302691073439594
0.18002061712403533
0.28293760220985925
0.29077617395005717
0.2739318876076812
0.30169416049831
0.21152387765560274
0.22052337878690373
0.19014031722408778
0.28893259237812685
0.2296287174540807
0.26931356206055546
0.24282944912452037
0.22793338217553888
0.24167219990431205
0.23028714053732674
0.2058889073605583
0.15010122559694133
0.11921576448664122
0.20183717481875624
0.3107160568715587
0.22948643296018034
0.2083080307081052
0.2234693203323574
0.2876067881575677
0.30463658837829594
0.2992017645735009
0.2699160059796027
0.2360082239282915
0.18010507706921033
0.1531248233199253
0.17690178216686653
0.20030597761012883
0.2468006069558616
0.26325523268550105
0.2449219525667409
0.3938156004771468
0.340431897558519
0.4073518471432296
0.2580331985557768
0.14716988813977575
0.08035837963812073
0.044529969641647016
0.14836142633360344
0.12954889072505302
0.2733474519382288
0.19669008768894877
0.33867881404329414
0.35782735108510433
0.37569734647906394
0.2991185094023266
0.20585300590693614
0.19842753199782273
0.18852385056742998
0.1641707070130369
0.1563078879710874
0.2605965516558316
0.272204753947923
0.32916212547285534
0.32939304149432924
0.3467458315651148
0.32962482012211164
0.3034819390848934
0.280891010680121
0.2623263691020615
0.1900394531562801
0.19716485750217044
0.2406323259133603
0.3037298894616895
0.28987971160742243
0.3788544908244021
0.2813614186577347
0.2952344406260147
0.3312435847077339
0.29424962539034405
0.3187757712596906
0.32297294685640865
0.3372730810930165
0.23466242046170988
0.2927858078093314
0.33647742957850446
0.27018271655723414
0.3129769196796877
0.30936225392812317
0.2531954263918438
0.36042905089254446
0.38869338023115046
0.4133389774696894
0.40610060593085906
0.42986851450119196
0.4858210181641637
0.3777558913412472
0.3272964520461739
0.32968561637397087
0.38348858988748363
0.31996489021851765
0.2894461314356613
0.2922069665787106
0.354007965630861
0.40070901819548055
0.3143942913729768
0.40197542716920953
0.4562050225455705
0.4576657424857622
0.4326940910803548
0.348058699413444
0.3819393944691531
0.37333286422938095
0.3657931683804796
0.3543870160196721
0.3316441536663206
0.3221165062838002
0.3537167304590227
0.4309444760669563
0.4288502364351691
0.3660446252449136
0.40980991925404076
0.3558114658642123
0.2184063245571626
0.2163955059352279
0.18849407190484668
0.266887748334509
0.34222534975498997
0.38809215463366686
0.4693266813015958
0.4387983351179335
0.5168427254484608
0.49804163126630074
0.42882436193883444
0.459294049411309
0.4069590875703419
0.5039806173900692
0.42178953439118866
0.46480820437539455
0.5137806515226517
0.4069545504655158
0.5093679760134711
0.5019187842334961
0.5080359571055869
0.4790813095715709
0.5426072311328743
0.5310168402315248
0.4706156815841505
0.46533463408778103
0.4737718985155019
0.38081112866800637
0.4527806735441159
0.5158416502739845
0.5080633259354754
0.48985023427570035
0.515730775684222
0.5719895052778422
0.4818036725932095
0.4852039406532948
0.4455175218169851
0.4345461717296261
0.4200053376970514
0.42171949647513013
0.4817694975964579
0.586218586787176
0.5119062546944367
0.5099454534662
0.5972106218139926
0.5275985119229974
0.5333508139717257
0.5584987531233652
0.5538655412121072
0.5185333513914528
0.5461252436888185
0.41648379552896153
0.46353018151465303
0.39617693377282887
0.4403234350414828
0.37125449638843133
0.4994476688797281
0.4755731935892449
0.4650771975776864
0.510805318042572
0.5711013407476366
0.5001814918415309
0.5257489542594939
0.45482599612714086
0.3541223989584923
0.30850352340314446
0.3470372158200059
0.21013604891686508
0.3724663408234473
0.39528165646731883
0.49632222690718203
0.3958407499946489
0.425000787410211
0.46701823507048845
0.4988775191948004
0.4704716052789684
0.43459307758845067
0.44427609625888403
0.3925830510415101
0.3159027084524258
0.44444427324628105
0.41427357633777323
0.3296527623744463
0.45655414673383327
0.450577453782407
0.4791095535969765
0.5360964962787379
0.4465922233461192
0.4324479807514122
0.4518021751465245
0.35018160577886553
0.2533451072237047
0.23200509957588614
0.12822643748792645
0.2094806048013744
0.29254744272371686
0.27748035122594417
0.3098082499754703
0.26621245079048694
0.2722800587012638
0.22134443584626587
0.21635637235682945
0.1519385846127015
0.1019624322451601
0.13423888789787258
0.281505435560058
0.3981951262811515
0.49233318631116085
0.4016612390662257
0.46115527217139296
0.3685228306869373
0.36201560996509263
0.2440004910730043
0.28578191568757116
0.18311940649929342
0.14824415028975094
0.1778915584556052
0.2025648891559134
0.24806743719442273
0.3514639881557585
0.3887482159005257
0.42400772118467517
0.3276221631833118
0.32032868351305965
0.24472740996370365
0.3217963923504675
0.2797969721259588
0.27520123811342023
0.3281386409696399
0.26538838345564136
0.2184172199201044
0.26293175966361837
0.2007773737898833
0.2627769459798853
0.2599126033924983
0.2892978947700557
0.2744457518298479
0.21668251491510274
0.23408893223940413
0.24923418172101044
0.17209770051805504
0.1731903543388581
0.16587302783795765
0.07759382923127722
0.01665192375256498
0.061020811690097494
0.11860314325108537
0.1986461733564115
0.22800137790162933
0.1930589921557315
0.21790120930980786
0.20182953747617052
0.03875660313802504
0.030400668827899376
0.18623373373043176
0.04299455685843118
0.22344330676756494
0.09751492293162956
0.1226859321540007
0.15357050566806013
0.21332907827720068
0.2681855853235087
0.10146920138739722
0.12926896041286098
0.08413402221822762
0.010822793879822535
0.13623842981153444
0.17445337653986456
0.2397951864237828
0.21825672209997507
0.21577591679476057
0.07325652116484188
0.09998780094152315
0.08781377211439934
0.17314527622499465
0.24945769583703215
0.29746793366182783
0.37184744093844696
0.3730981897422999
0.28442624354242907
0.2714865119889686
0.23818396438163544
0.18931442337784848
0.15409099792355596
0.23149835428300858
0.2787874730987291
0.341547767955663
0.47687744026409695
0.30564181773782373
0.31655747242709
0.30491525362334226
0.31617086226805224
0.2561743194456424
0.2951281721670068
0.3982174757337474
0.5158922200455169
0.4965115968345449
0.31304317619344985
0.25012841833233695
0.5383472460479498
0.40039046970228914
0.5088751751414258
0.5214346031851436
0.34890236438415784
0.4211796866849303
0.40028212352075243
0.35554225795858646
0.3032609126776353
0.2044619714375731
0.1373508532334997
0.3499221981070107
0.4373802528041903
0.34121847595891464
0.4778127864568635
0.4974695485724761
0.5741233954209052
0.5463105880252718
0.5337454405628551
0.4841267797795098
0.398722661014006
0.36448907220978005
0.2836864893940439
0.32899322579065127
0.39590362090926734
0.5062892196391007
0.5212490935780943
0.5607045103884907
0.5621925416253278
0.5776404858155383
0.581305812019287
0.6290706921519367
0.6525231528182082
0.5299784726888425
0.5323527105064106
0.49411366221623754
0.5374887128280439
0.5323917432717857
0.4541062565752809
0.4903819686324503
0.4602357457033877
0.410078478105792
0.3797904307567211
0.2867139868679547
0.29796174451387636
0.2977706965281842
0.2843646615183607
0.22346197442272944
0.25251598658355046
0.22958010510135157
0.23214378367528984
0.12070134758394277
0.2373008061822168
0.24441211828097303
0.22283160858098575
0.20929386769481872
0.2789793297239513
0.1641535010710045
0.22439732507388668
0.20488951944668055
0.21227691538901153
0.23143825289356224
0.19865875887220105
0.1848981242860896
0.28124499486860494
0.18456740777198896
0.27602531329942775
0.38968360014322045
0.39107802942835423
0.4711136901815846
0.4478293028953362
0.3170165269437253
0.40123433880389825
0.4141733504616179
0.33803357707565806
0.3220158573472229
0.32903256175132517
0.3558546348738533
0.40079407576141823
0.4361529066117521
0.45565006191523033
0.6890631831489114
0.5413509152497397
0.49756411403693906
0.5634670774086474
0.6627955665851306
0.6013806889738526
0.4483431370475907
0.5968713556811104
0.558709894121947
0.5329355671459971
0.5617308729345263
0.644237973559305
0.6339354891499648
0.5923503497937983
0.6570951334507595
0.6562476203284655
0.6053929329015938
0.5773190920498126
0.5730318051232197
0.5990905695496312
0.5388907082297749
0.5216028557997342
0.40443706857051526
0.42031860988902836
0.3691070883619624
0.3695986839320012
0.4377602370505024
0.4128053132371594
0.4125605623428918
0.5134138400849556
0.5191197231512761
0.5435135421050832
0.5188124059737408
0.44912387796868664
0.34762161448591217
0.31652703513897634
0.22031482006716577
0.24350816789903126
0.24710613791993136
0.3237825858338414
0.32070920249807916
0.37443728668149456
0.3443770872297854
0.3662123795174277
0.43821517222564677
0.3929320714235242
0.4093125344130472
0.3443792742553508
0.17679838526856256
0.1606421616691633
0.05690785743833413
0.07241849558587558
0.05032125319959917
0.14907585688481473
0.23381593728181493
0.35062846779245793
0.3617468320332528
0.3541714430842123
0.3401836166051603
0.30260489127391593
0.2530084156978787
0.10536604631950879
0.12695587733671265
0.02906293945317586
0.013759600604851712
0.18953598929325546
0.22695086775863377
0.27663098373936507
0.12463087526483452
0.30214874629605026
0.2666663264165065
0.2406943007011835
0.1984374904556734
0.04197590611405715
0.07189141992574201
0.09425268025401155
0.15745499108708122
0.17612434283443204
0.23431699131910488
0.23471900144214103
0.32541206607446743
0.31668117035945437
0.2069452696763
0.2831453729142932
0.14993228830206015
0.19077103641418947
0.10329950984093114
0.23013196561980032
0.22078682972933164
0.33076946864835494
0.30404769590223635
0.2687484652064387
0.25160675062799714
0.2024460833656312
0.07144293189445065
0.12393691391917784
0.18228006269581634
0.07388931098412382
0.05352908676767052
0.09390072953371745
0.18908288752873215
0.22591975126541222
0.20133447748515218
0.21275387459182002
0.11575355629689121
0.1635006058608916
0.10723906462154573
0.11963074233649111
0.14582677946727393
0.1230126658408636
0.13609066198949815
0.30748302416679557
0.18279066459804036
0.1331871618960828
0.15967422463833353
0.10338838832391847
0.11014824427304247
0.14652586045134514
0.0770497712809705
0.1419721996558484
0.14769615313506443
0.05459071543824485
0.20822083615392786
0.1037994365614711
0.15139911904789435
0.06712606331962022
0.03536820956461405
0.053232743741796464
0.03698626968707082
0.08871389941649473
0.020539534249297168
0.05428699577590049
0.0010236129728054988
0.006896931057715524
0.03343213344822355
0.0029601497636749553
0.0316877449415092
0.08477873261489272
0.0462033670727119
0.09363461972584781
0.047692698331626
0.06482662234847296
0.16399835452991265
0.1789225580053756
0.2890906354101041
0.24922955741352557
0.2797623766247046
0.2015550683069764
0.21642689882509514
0.17098584603709135
0.14972358272202002
0.18552570953431058
0.1894598007277412
0.1840672857683128
0.2595295576258415
0.27631712305853784
0.28087337034356474
0.2976939341850528
0.2304422829420448
0.2672805753395436
0.26021579230019404
0.2795870186468439
0.292918867223949
0.32244755969099514
0.32183504600327173
0.24368932365223428
0.3049179633345682
0.36098615572623166
0.36596349824742797
0.36536257859195836
0.3255326445868441
0.28186023767561846
0.33787054650177945
0.3451290314925839
0.30450094890575463
0.3005834163805685
0.33361551619096547
0.28312488903843125
0.33861446939427775
0.3625176685210603
0.33222143869546367
0.31521660165129795
0.30191786868963444
0.32169027863759053
0.261903499520768
0.22475853028666698
0.12691866645806948
0.1515198709103864
0.1949169233882474
0.26570625112423024
0.23596221969200004
0.27752173700339816
0.2827541851657136
0.19181679120326015
0.20452237874232285
0.16659894980590426
0.15631140971229637
0.2028565165131427
0.397327381980274
0.26822087038003783
0.23586529554811814
0.218260849760954
0.3020941135848462
0.24035745289148022
0.23302398226564644
0.2357787348308976
0.10537592790467963
0.22100436042837135
0.18243123080118018
0.2246333434167573
0.24620064624471283
0.332771308640779
0.28289502017066254
0.3243439350367374
0.2642643403103363
0.22246429883872346
0.1558270694664913
0.20196491820078533
0.16102110198567546
0.19590310510715706
0.20416623411378124
0.2397690438461286
0.3012685300216996
0.3224774265113011
0.26630532568117415
0.297669185170598
0.2846987259660397
0.26160692542454445
0.2753518123539973
0.26216637386879293
0.28288167567739275
0.3032165179314934
0.365806309940232
0.4921265316081582
0.48120552484910706
0.5227589614746093
0.49787758590598885
0.3887425901311215
0.4755658287131728
0.36155548021431017
0.3874869189788286
0.2994719289349216
0.3889718312194978
0.384779961021029
0.2722744666295781
0.45998079796743996
0.330089090908537
0.36829097037110126
0.3312724655044371
0.290658739367261
0.31367517741637585
0.2199789287463747
0.2728779263267777
0.2656058339219073
0.24336537649869913
0.3119593426391813
0.30155340819171295
0.24958007406372315
0.3580957971427712
0.2828119038717752
0.282917322802289
0.2764977500748081
0.2959367918755798
0.23436455300050726
0.2582114084786399
0.21006866740495717
0.24907948447362963
0.22228749221711333
0.2033068246566418
0.2757683209581583
0.2542062421103202
0.19379238382937264
0.2562275093008355
0.2981919618987517
0.2802600645525796
0.32803288377749357
0.3569987872188945
0.3184003909111329
0.33602769896718926
0.37496041145218534
0.32092452995939186
0.31986487534160635
0.3587760476723778
0.37190309222703466
0.4486836477439856
0.37798777327846905
0.39727756171503975
0.32311881230806433
0.38947782934969294
0.22725117481841084
0.3607872503991915
0.21705933906360037
0.2810561884499687
0.33848195347440063
0.33595329815306163
0.29631486050682504
0.23813711654102648
0.22069611211059298
0.1695472132612184
0.12870697953494475
0.13279876933646492
0.13038592340284455
0.17476476665703278
0.18186909482161803
0.12856201735850872
0.2264962409615751
0.20034650877428956
0.2670074803339278
0.21690720944476508
0.23216266910609037
0.2049948689535409
0.2448431107910185
0.2835557492210363
0.2544258269955051
0.16709711952887277
0.24550297442159405
0.214597040840504
0.2599624915566008
0.28847185351321053
0.19323803395547032
0.15693689749683398
0.19743813550956946
0.15311725589276573
0.1952989236686056
0.08661722770741939
0.052353704053857135
0.09422715215227885
0.19026144068713496
0.1462615306143786
0.1836567089246021
0.13393287086424463
0.12140523912462602
0.16343469194618132
0.14363089808876925
0.15538608121547307
0.23867744285045553
0.40829669027513676
0.2801909421322737
0.2527217983269891
0.300131132242539
0.28865290028870383
0.23389117706241544
0.37169184252944387
0.4134380014830771
0.3121739812157526
0.30065539382672163
0.18622352404536696
0.12113818382264027
0.18053786489602144
0.04917844613338358
0.18232474117642275
0.13264738657172573
0.19181782747204307
0.0741164391791774
0.044299007343795875
0.3517454649444545
0.22158006990010462
0.2285618657082907
0.16311657942139163
0.2359838713036426
0.15105263662556387
0.1603513741714256
0.09603354792434972
0.09028668858169332
0.08471428118787544
0.06832564613585108
0.15406529782747763
0.24786346123600433
0.36241368263820384
0.15009091425532153
0.2184043623145089
0.16563049248153444
0.2699471489193713
0.2474948581225881
0.22103959836848977
0.1578826138654006
0.250978009563098
0.24790898578541481
0.2061445031409535
0.23027893377249273
0.2184273975789565
0.2740000049831256
0.32619227700335296
0.3209984982533228
0.23256666719509556
0.2891035926326525
0.14579387765885057
0.34782735941236037
0.23326942237190157
0.22357198177944382
0.2536849814500993
0.47407116540505484
0.6289299301764292
0.6472227398399693
0.6614694463413394
0.6608880895957683
0.656969388134731
0.6459612540887686
0.6716951050696928
0.4388234397305236
0.5072409851807341
0.31987659712776567
0.2673258036158342
0.2930632880725711
0.23856709111457097
0.2996189130650063
0.3121432150422354
0.30251111922183377
0.3259976372083811
0.3868907200661043
0.44751249043276903
0.41132139860705536
0.36561073333412725
0.190702626240954
0.12250875120855576
0.13455924909786585
0.08473131360924263
0.06056636094526427
0.07168336879726266
0.11107903716182778
0.16295033211769328
0.22061132089178376
0.29412188113922383
0.16263155940488608
0.1555319783260142
0.175869104401082
0.12788378916114343
0.21952790824796328
0.24875192921253048
0.3111732738824166
0.31554287390913166
0.27635280455311684
0.21056203894722414
0.2998603405355873
0.2915172075117486
0.28920582385952365
0.3586453489977204
0.3531661718061257
0.330254231930869
0.46268527884679234
0.4432384021794192
0.498397706676231
0.41184855033666046
0.3899669971914352
0.42051311335364727
0.34240441916013203
0.5231410575564975
0.3714383567886446
0.3400249489958392
0.37580163363121827
0.4715391831522024
0.45953385859977847
0.4573002270599731
0.49804955445273813
0.4661461524560539
0.45459787765532705
0.5159091543669316
0.39298470930796936
0.38612848832496327
0.32410162314560476
0.3711926332899934
0.4437815045350311
0.3815866259499502
0.4729725969826667
0.6133113618001478
0.46490455970400146
0.5349878985212257
0.48323810787498833
0.45926201430386804
0.4591473834598195
0.27471890263083376
0.3538664774248759
0.4291147504201251
0.49001302897538596
0.1940928321739418
0.4269965103156953
0.51632916786669
0.4997788952752939
0.41761850652881183
0.3972517485238987
0.3651528617422953
0.42589222904804297
0.49096597918292406
0.5238738454402799
0.4782832507072218
0.5056919868275993
0.3642194607351134
0.3358001772046632
0.32768789127103987
0.12655665183053336
0.3696474383955194
0.3006400011978762
0.30531083867718284
0.29668313520449086
0.3621482083949422
0.3417217589962215
0.3151813952631664
0.25611912662369
0.22012247884292102
0.15624127651656394
0.25495785053777315
0.14111951369118383
0.2449237682645268
0.2419585740762914
0.25836825647846196
0.27701031295117823
0.23214370809677282
0.21471399667326535
0.2593428443233866
0.2507401690263465
0.27738074708225063
0.31962556851404794
0.29031700774375974
0.2861734680021944
0.4434880946691047
0.2602524520621359
0.27455879821388496
0.22350605700696072
0.2726824591553209
0.33607314471236516
0.3120062910398696
0.2989384458094276
0.43446775226667117
0.36336309009317014
0.40309074997773037
0.3817125101654712
0.3946438141470582
0.22992777378360826
0.15228674543116452
0.14019061331425786
0.1714198636149796
0.31762365778128043
0.28853837380878483
0.27778313852974396
0.21984126779696106
0.20693801246023052
0.1609348550840532
0.22076615567973348
0.1454217554358552
0.14160673483494537
0.1686504926849889
0.30657130734862614
0.3028193017301323
0.23040693143431218
0.30340185371768236
0.2625970054428652
0.31157034840884357
0.23349184701068149
0.15937771808628248
0.36339931665150293
0.2362553022042485
0.36642705620060273
0.411242788457648
0.37771815605426906
0.34344670989717185
0.511084042314998
0.47789713803816675
0.5828074736452868
0.2774922947290675
0.546183807434144
0.4548245227985184
0.44975032157168093
0.40274330711287204
0.5117823165155344
0.635954329875779
0.6013610042444228
0.7271525673600908
0.6985805477641795
0.6760630008571393
0.5813118547398151
0.6885004171650759
0.6396389111518618
0.5109317258962839
0.5672572777982141
0.4568071256558785
0.5659036675831494
0.5202385780149161
0.4749189418715391
0.4784620448065057
0.6172529632649011
0.5999552817111548
0.6028443974542229
0.6568798790229697
0.6172997947561147
0.6026024148466406
0.5616159024478693
0.4593053274078877
0.5432186097494172
0.26649644668907685
0.23327433264601086
0.28586373746796323
0.2340962940618006
0.2121104531655671
0.32139761181396603
0.2725845779528832
0.3128592936885418
0.3092625987001589
0.48925789304509815
0.3740558534075233
0.43472728158378543
0.45791619960143165
0.5383377151310048
0.5760992392916496
0.49773675835674225
0.5696943663807469
0.5298450400406804
0.5522394564936962
0.4812958509732518
0.3996060326794543
0.18759603980146197
0.2533929078042975
0.23644560407198595
0.3443594304634735
0.31691521112915605
0.3781884240565893
0.4434865532141233
0.454961075184261
0.44219828083013196
0.4974484160659409
0.3187882978447738
0.21738087077800108
0.2463044162622812
0.32580444315386103
0.3166119826205616
0.4186970577428547
0.3664077734948617
0.42216165904483766
0.38732724163430887
0.3625991321061094
0.309719062688217
0.2703632844757893
0.30389118135610405
0.26245418305190105
0.21810285254237047
0.38243188206259443
0.1485419628401234
0.23960633541629275
0.23570231691073534
0.2746671288986628
0.18876193796644702
0.10839748579373586
0.20335674833461165
0.22734605460959176
0.346896874809009
0.3371607720694142
0.3065490514313411
0.3193688505174134
0.3426330535676467
0.25711216630409434
0.26373573001057526
0.26567757103828893
0.2203154202072551
0.24117250304465201
0.21940380507990379
0.21745982037384481
0.20853180286481945
0.1236363471492546
0.2442956149149298
0.1385551153068637
0.1953232274423001
0.16980736004933122
0.16184141379502123
0.15494181550119263
0.20614902360546095
0.12214595129722282
0.21422193796898328
0.22714882909060524
0.28920999275810794
0.21795643475817852
0.33051693916509667
0.20128331289719495
0.266950779059522
0.20786156892827642
0.3137868784922009
0.20316826224611864
0.32616341450744596
0.32241741672880125
0.2854419296903365
0.18646382506065107
0.21719196009653946
0.1979611600972175
0.13630850157139468
0.1663483726436729
0.09437493350377064
0.11037671129023131
0.08084406381288205
0.07242503208883087
0.058645733034217294
0.0955124061662675
0.08219345914841399
0.11909342137135642
0.18515216545581395
0.11653756877177046
0.12926119946505057
0.19247339082693793
0.16235531317766622
0.01083257786106326
0.1964567308594713
0.19336624194400345
0.10223441794322344
0.01762802914051026
0.1853843965376854
0.036552464700094836
0.121422031889972
0.07883517613473542
0.019068046308017592
0.06415492892587885
0.05654892926706408
0.06767087193939125
0.07941044197938468
0.12763870204566438
0.19697979876516888
0.14896455034982328
0.12113593319760599
0.12317198585293995
0.19581021678262225
0.09980810780192075
0.13754851572421453
0.12128709130243466
0.1483605473962392
0.20316538326291048
0.223961469351939
0.2578449534443555
0.29057558911069525
0.34408882724922635
0.22871294895016794
0.29855536530309923
0.2602508425871171
0.2644854637290881
0.2949721123693076
0.295935472640033
0.30048284322765867
0.29428585237679616
0.3964937815111461
0.3516428520222615
0.28095206119640953
0.22749030541220217
0.30007509562090734
0.3142445311745748
0.30580784050277937
0.4145430461337519
0.3690237488443262
0.39453353137864255
0.4425272012875503
0.47033383090001935
0.44831786687834396
0.4733526468229433
0.42587640098090696
0.32351348960338416
0.36937978177028574
0.3542877073332176
0.3487407545452212
0.3675942964404739
0.47646656258984116
0.4045623149224563
0.45737199305528436
0.4493842465000776
0.42545435348277993
0.3521540101537425
0.3932112857797132
0.3602074454187631
0.4040001297627697
0.46555722501431845
0.42443710778473737
0.3876335305974688
0.6426272496911589
0.5470661991654581
0.37356964781000046
0.4625950997990285
0.4587631530264137
0.4702834830435372
0.5300762659115317
0.5576980362489959
0.6260455110283806
0.6430973920037142
0.5664899033528565
0.4979836733157974
0.554357598666749
0.5691507998450254
0.5448614022492614
0.5289482258097423
0.538801251750206
0.545135231190088
0.5407005849797518
0.5180962657286264
0.4916753506014584
0.5081253796862466
0.47262594534629937
0.5376819943117516
0.5412110603666713
0.5186875984065017
0.46661091841000807
0.4546297675762686
0.41241947877181373
0.3204663038169219
0.36370463441032946
0.33870898141237515
0.4208188969574478
0.4415830107547944
0.45390434566952653
0.40586095622432006
0.39051172948108526
0.37262789663814466
0.29655368612273897
0.30820899673195784
0.30584571940349276
0.3048294039467172
0.29280794118751363
0.3473643849890938
0.33114934015963643
0.3684224887150484
0.34735805971983635
0.32292984915641915
0.2863209527423249
0.3085030951655066
0.2706938366913104
0.2599367732525495
0.30561666871195897
0.27040290286906793
0.2686481336812994
0.2873611200287132
0.26973235173993443
0.28717261779520864
0.30474701944027155
0.3579495591234149
0.31831429813859846
0.2785582188000964
0.24534939177454834
0.20533198304060038
0.23167952668204245
0.26848334403896906
0.22134418311681217
0.2460844074828198
0.22412373622534953
0.2292700763914898
0.18177301978857113
0.18571965289938344
0.22206368661118178
0.13886674735519547
0.05863675437696341
0.1347059134344918
0.10691209688808326
0.09651852110104242
0.12943299150492035
0.025719419759976936
0.08942863813079195
0.06621554695587117
0.11953996934875172
0.10141699012109179
0.08099453026445538
0.21603880185696728
0.04399418939912086
0.0613562202764715
0.13401960892726839
0.08127408364963706
0.059207507467054214
0.09178810688842667
0.19706201926888875
0.15063286397101858
0.10293966636282624
0.15839587427803584
0.10115742181329875
0.14559265091970874
0.20771866992051446
0.12473207212104376
0.09219095207044606
0.03999877829313604
0.07212848232978908
0.0792652411075226
0.13585216825695823
0.1455911743215958
0.18997209494046693
0.22566334611894445
0.14796644039631887
0.13002708070413138
0.14530360841813203
0.16821632326955713
0.1933334219839749
0.12226998969510565
0.16756737864899818
0.17140315920785879
0.20329787602491706
0.21546243535008264
0.22652811900233
0.2628348845688725
0.3231225480595641
0.23949921929208207
0.25081678818294156
0.1393154195646249
0.12271501001522098
0.23576013942488988
0.3045738092037603
0.30134183664402153
0.2755393905224861
0.34012526572874874
0.31943155101831594
0.42017140626186217
0.2878454032059739
0.31170897866210906
0.37839589319109185
0.24282023324632887
0.2400174816484299
0.2134358560649238
0.2535926417176571
0.23518630210887764
0.2807789943158786
0.3740984943506892
0.32196597446128067
0.35005578966300904
0.3208959889824309
0.18918847223046423
0.11794531928698532
0.09272500606658711
0.11914601851862681
0.12542372882234892
0.08795603274327025
0.15878883715662556
0.18361152381878298
0.11220103062939984
0.09802107881704793
0.07986363146769111
0.09849708335355259
0.13356750873651735
0.0923830494186801
0.08337546617796328
0.1473053786358049
0.15742646770544133
0.17294799385153714
0.1808007815499589
0.10081888029150599
0.142469351754025
0.1510552609730993
0.24454792219979626
0.2363429725720513
0.2994872165213924
0.2210939287579048
0.20546989450446906
0.21601235145324185
0.2956382666466447
0.2827156475146153
0.3576546500566031
0.2778383063952721
0.40554450192326125
0.33629794584246797
0.3273602452606269
0.2405724794419324
0.29183389787336445
0.2152121586556347
0.27163187416637974
0.326139669327717
0.3171299833158411
0.2959756464491002
0.4430220324953053
0.4621249713369714
0.45380056301642874
0.41902418346264303
0.3813700038618121
0.4177910467432089
0.26010009535854883
0.3044821471551034
0.21057635518657775
0.4016501411168809
0.2417702176558621
0.2505455097203483
0.12056360024092268
0.28904749879823366
0.3066301074811431
0.23818624624132465
0.10842669148691055
0.094336654742513
0.03965558132868696
0.08745739696786728
0.2345482386271058
0.21948947628838233
0.24687945935728192
0.3414150769850367
0.30307951064348154
0.31306538907289344
0.2938068818240777
0.24507166817591225
0.3248767188329698
0.3454806177518714
0.30596487882350276
0.3393635618326504
0.3899157694361245
0.2766491356926563
0.34466286598287804
0.24286840446820576
0.25608351475287205
0.2547144826374541
0.20853926692719763
0.2074865053913106
0.2421777428507328
0.28203330217196076
0.3272618025488608
0.29012765247944905
0.33226776511779144
0.3472735282581428
0.2926613832949336
0.2832901222926519
0.2581685867295343
0.31988520550053484
0.3274814128842862
0.35324270319197115
0.3128440440493665
0.27301859790483
0.28592743245302643
0.3987328035315393
0.319899060199635
0.2853496125841222
0.4543961114285846
0.456767698688369
0.4066123173656191
0.406349607451751
0.4378607053254675
0.3058892780189595
0.49308874210214515
0.4353301125918461
0.4273856030197147
0.40670553859537867
0.43178295855846355
0.387374141073321
0.4664386450659119
0.5731056098069274
0.4501995991241714
0.27942244503077235
0.3329745553947624
0.30804840440385484
0.3134970350161777
0.3067860584884399
0.3908502842054322
0.15654718956649324
0.18853842832215081
0.14668132764405498
0.20473107208779134
0.09937933755506631
0.27999704272223974
0.1489564092285259
0.3102319819449933
0.3382803971343485
0.38616892076951015
0.3930161476013438
0.1616192389670425
0.1908836737248804
0.1396523732295699
0.18253583603197074
0.2271500819797664
0.29693893626946605
0.19917575316629635
0.16954818183436735
0.1993145123325472
0.12629777249487698
0.08773686764517867
0.05614121808165643
0.1981588880367625
0.19107918549520192
0.18750091100496372
0.1389616026562176
0.03623386865131147
0.137664853951805
0.12988581600930077
0.12272764825080006
0.13891213855407836
0.20838712846073398
0.14305338297370337
0.19157656426905803
0.14062081345656735
0.30997451435295414
0.24763177529001332
0.31430367757685423
0.28899098994084016
0.32927072504172145
0.37411468214372845
0.39054203511082186
0.3886010001033245
0.3409280445462956
0.387076184880649
0.4294591564208658
0.4980157417401583
0.4105933082522847
0.44117684348128794
0.4196241587201664
0.506698536445803
0.47830163289679883
0.42543239698854857
0.4691752000345407
0.5026652312002089
0.45628728286975395
0.4710541174404114
0.5226425729858041
0.46529811313537695
0.41236421244745103
0.4304736299831936
0.40282548358379566
0.4350876355763713
0.45731539268239985
0.42332450409596295
0.4279766122835568
0.3833409072324574
0.4341944396935748
0.3090737946523939
0.38501246474228096
0.3133271362654449
0.3471688048267483
0.33909335745907593
0.3148601436453682
0.26523818113747283
0.21766728014940082
0.194221004772399
0.2318105274451481
0.26322175254343644
0.2885976516368567
0.25964634285116733
0.26365862080621116
0.18695392407798261
0.08547980012435621
0.16480875958745314
0.046274355501368894
0.027069274928792568
0.08129655228900785
0.10142476620896175
0.12586659270938105
0.15377159235652393
0.11155469922067
0.09225233215278004
0.0912249420089198
0.07903026776139464
0.1157283596422788
0.007565694117523603
0.050810457707268566
0.03881101423928658
0.09127132718847034
0.14086015086832804
0.10170649179845986
0.0756839113744164
0.1304674240800477
0.18787620262564508
0.17244592080100743
0.21882058472835944
0.2632295150707413
0.2031787377352304
0.2124890668340065
0.2570072693584374
0.25585920694284564
0.2522002370692596
0.1654545230235123
0.18884784038658659
0.19961524811996878
0.2474136147093611
0.16189936812727732
0.21668791986816924
0.1450006104182573
0.17434058912077757
0.14005726463537885
0.16028081980746556
0.09793246649686811
0.20256977099118073
0.18963592745223154
0.24591784479384632
0.29967205047297385
0.2722669567032185
0.2691060028733716
0.1714539252527372
0.1568386293563587
0.20070940007278248
0.15921927099444116
0.158766689691436
0.1891576456579579
0.22505617779866882
0.234886513133285
0.27177597156965405
0.21689050843274893
0.17834255860757123
0.1079175989218021
0.10319978407072437
0.07222226107616571
0.14336803028044742
0.1360559132678387
0.14302581730626243
0.11328118597216273
0.22105422140929654
0.16100460764540872
0.16551067803662545
0.22863778903275303
0.08344089507679353
0.08850002564405476
0.15972812154981292
0.042794117493546086
0.08572057776345181
0.11178889768099577
0.03329880130642129
0.06500111567038862
0.10065258958980035
0.12978709478865774
0.12271979741373137
0.12084599521019382
0.10781310123858405
0.16402901160172376
0.10692302297510915
0.14319866480653431
0.1503014556371483
0.10052842461395482
0.18451749789142174
0.11199539894995073
0.09314208806587213
0.038420212783076724
0.030411239233685862
0.06333786136288935
0.06382243771053267
0.04074148867621734
0.058798303819413214
0.12148832583341491
0.1344909209661474
0.16042528540761292
0.15128905721097033
0.099648727127969
0.08782455022177492
0.16169797728403895
0.14195443303257946
0.1170824090901988
0.04425932392738324
0.0886354495539511
0.148966611915092
0.12245036725171783
0.10564907045670704
0.06438783283502765
0.12488054730067584
0.04428547791165835
0.06642527135414958
0.12329608106903138
0.12727754049596998
0.1567017153300504
0.06850801750687031
0.18063273095816926
0.13842258389936687
0.16193344084364042
0.21093960396873568
0.16455679406182108
0.23271058610078846
0.26839349197957085
0.25608366282838413
0.18668260383369192
0.24057951650298295
0.15541791049549125
0.14638044076402235
0.1682873261811693
0.0833423411029968
0.1366748213852421
0.18236020484809806
0.2114582816322686
0.2564921655454299
0.3545163171897347
0.333406738583991
0.3419229712350079
0.23746884795803203
0.0946805321646838
0.17268406598424285
0.08534162114831376
0.08893182192058166
0.15196141562257404
0.1352021616385929
0.15038988144341275
0.1988008481761792
0.23652776568143274
0.2911414848427169
0.28635829397594564
0.27000159460609
0.34853650764221467
0.24204944153763328
0.21955341842222448
0.23000244739555487
0.111959764941192
0.16002495587436294
0.15822380420305326
0.15118244707711534
0.13279415042258044
0.17549013648820974
0.058567043537859124
0.12767716390084954
0.16707944306311392
0.23551137163373273
0.09576104157773185
0.10871138774934062
0.14425098233087547
0.14685136595295384
0.17560220184658662
0.12051070584366645
0.1588988442006218
0.08665199026265245
0.24657673242267328
0.15303715353360153
0.018561149739018012
0.06022792568440973
0.08452829747135458
0.14794975137056046
0.08025544672657813
0.13735210195070405
0.17002760390712077
0.06366045890111502
0.14707571749318718
0.1099613498748602
0.17305407803710068
0.1561996282648306
0.12278753981398603
0.11776519563434842
0.11428225642558096
0.0937879363976621
0.08834169517157422
0.13900076183212723
0.10734172122898916
0.14280663283890924
0.15325835535751153
0.1105356035137716
0.1427812490575298
0.11440691671346426
0.15705007415035577
0.11267336969736556
0.10592511140599725
0.13305371396686647
0.13300373599695864
0.24427754860247772
0.2596278190126895
0.25951622989383494
0.23902780676724925
0.19788026780939572
0.20474178443922011
0.17857145403352698
0.2134813436052174
0.20463454289539645
0.28351123591300187
0.253436181008781
0.2802154083215426
0.3176104735258163
0.3572208061606854
0.3484183983311739
0.33048175977144933
0.3893365824129652
0.19713543319542548
0.30077423593587743
0.3369150591164417
0.2658867463032929
0.3848534298863957
0.38314992420199195
0.37515316726356096
0.4100715769925609
0.4076463629730531
0.39522170954444646
0.35644940353681365
0.238983235099885
0.19484173962492102
0.2202467161561601
0.14472076526825334
0.24229534492322852
0.32907676982060896
0.41809684152332716
0.38244666936112576
0.4005635185132434
0.2641744093164249
0.19273855518570324
0.175627818071503
0.12488014033916438
0.06585911239156622
0.03488280195145825
0.1716419989832466
0.22265731992562515
0.19894962787064496
0.1861511860371947
0.17450001200310664
0.11988133563091743
0.09101640834164217
0.05160544049755226
0.07134330906668465
0.01141627991469776
0.14964065440707722
0.10088359644625433
0.15549859953759287
0.07112039399779194
0.09348017197689953
0.10939777330744897
0.11387909081325319
0.1520057762194457
0.10810980651606433
0.10450764837077631
0.05096191341803185
0.2217698491218137
0.24886689712257684
0.15336904815854693
0.26781273523256627
0.3025831904710633
0.2681132117877819
0.25643241384890836
0.19301086456822805
0.19763265777935574
0.18047216774154617
0.19195238132800427
0.20278875018602002
0.34137592678657264
0.3080074733947442
0.40489386568098784
0.3629697517936039
0.3726448725188063
0.084763423044296
0.052141094408827346
0.12058594342846243
0.18748874544202734
0.15347341265941264
0.11508771494382809
0.12172746113457213
0.17297590718921813
0.22992398686978846
0.21623887944419773
0.14078145098919886
0.20527272445092457
0.18678478970926637
0.17560950130731276
0.22319871073646794
0.15649806603440403
0.18933037771831063
0.2111204990818366
0.23097911086346198
0.15763392065226267
0.19649810215662378
0.23577020228418183
0.21705081908131446
0.2047184649285842
0.21968769339266628
0.1667989633961686
0.1369223263479496
0.25372890332324477
0.24479447637510668
0.47454352633449015
0.17915205525209424
0.3184061179559533
0.19380507332236152
0.26797282093480057
0.3639189092281266
0.34353489061476583
0.25926930817573746
0.3074383569480627
0.02705559732659417
0.11231791402164303
0.1844600098715637
0.29141275455601184
0.08134488990500165
0.2723516680751593
0.3409476765293619
0.3176894817071853
0.3111617243889701
0.1874479414245009
0.20884697687053505
0.16393728816483047
0.250364361876017
0.3305812673194377
0.4234932498372334
0.37769030015703803
0.37332222079129285
0.3197800147336063
0.19237535036410328
0.12032856742160199
0.08706112968359549
0.042747220678013696
0.07411133801455808
0.11096312894723057
0.13119212435073643
0.41569590282916297
0.23818210992557062
0.3258486496909293
0.4262929892402223
0.608574959082984
0.4488924531091906
0.6219643439017052
0.5354681093141882
0.4010286136587903
0.5747060344682056
0.39034608943191723
0.5166524409911892
0.4451406561679161
0.3981092837627652
0.09816807583735125
0.20163438560857697
0.35137624406837253
0.20624612554327298
0.24602515250744172
0.13702233332904507
0.3224761303334422
0.369741697412245
0.369967621234819
0.2696725755878984
0.05853585863980177
0.05709708803201683
0.13552185464985944
0.1015364616072075
0.11296313628903625
0.07440272904875485
0.06223890264128399
0.08731002671132618
0.07045171683064824
0.08504672437932347
0.050018188409220725
0.11023368901572876
0.19551932328976002
0.1828345549950646
0.21126144368914648
0.24974372942908135
0.0781028555247346
0.13484949523708203
0.12449612572785622
0.14879338485068985
0.09925200569112999
0.24501549350436563
0.005792710732275152
0.08583800118266112
0.06717528577277362
0.07096433338930747
0.06505963127303135
0.08381400296880712
0.11121812901270986
0.1333812417878624
0.1669743821755757
0.021853808604035456
0.36165725745381344
0.10299062057407549
0.23919734662610062
0.21587075158169772
0.2798451569505062
0.3513294400943089
0.30743956444417775
0.33788517738007556
0.22808682700536748
0.254058387591306
0.18932672505307582
0.2070456449463908
0.10272161066231386
0.1221259677592422
0.0702290041911724
0.10751779735593425
0.2288380672988327
0.2340916809338943
0.16262567585630705
0.25857307080731123
0.13428876208507698
0.2724657075299848
0.18193373047079575
0.2810703117375958
0.1369616247175578
0.20509882932876408
0.10704137233761143
0.16340970404661298
0.14465008571795604
0.23047188368049773
0.1977419987365511
0.20794491338884166
0.10850352186723508
0.1395290858063507
0.19019434639582317
0.20246370126830898
0.25181935523503224
0.14636792853772246
0.3240286969432695
0.3319518511481978
0.4953184906131022
0.3277330345333698
0.3585775577126634
0.2556704961596023
0.34248872605571934
0.1480366229577733
0.11553805534829406
0.17623955506762565
0.1471090182973355
0.20042509711876302
0.2665435578525285
0.35735207885889003
0.2708034842092275
0.30959313485080653
0.400726050916088
0.3188986023710877
0.3124415666800779
0.22057305226137938
0.27981500327763564
0.28262084525148834
0.20334562129822384
0.03886834624509855
0.1943739082963375
0.23039143148689842
0.14143771172777347
0.24432412243380147
0.19169603832013749
0.17200168442753605
0.24368422195263056
0.2851345889164954
0.3189712589254375
0.2799086866512575
0.26117612913303834
0.34373221428552014
0.23423107588611478
0.2504204552789919
0.3348082887495542
0.12941227542562245
0.12082441616826352
0.2736491440110715
0.21936338128734797
0.2756991158731989
0.30897240114733127
0.3181353613965987
0.3516225042590873
0.2746012914859608
0.3347539748886797
0.2830983096693883
0.1535060979075549
0.04205319060733583
0.04307097318189768
0.09027687308896884
0.10811763286776885
0.11367346078291342
0.27227540981125653
0.233635646522103
0.22505064543744135
0.2501136607634293
0.2076108744217973
0.14845229062687845
0.034176013963726506
0.05526738966357216
0.11834219946299479
0.024313822822084583
0.03319401943173812
0.0979696591377526
0.09830467978957332
0.18605300450257725
0.1261180764414419
0.2868318876879951
0.14813587825352814
0.017751608161000177
0.07854561919653345
0.07450286730500208
0.08125234018730633
0.019549345465656755
0.15491002660619732
0.15986518665626656
0.13013441598483635
0.10097145670783914
0.1772614599235298
0.022641244918945064
0.14101098096416328
0.1749384534800543
0.1819534702510568
0.33396449950761153
0.10353054519503703
0.068073249678774
0.13389328558999808
0.18264834722936032
0.3873192689067275
0.4265386943448324
0.2552116485366997
0.36427234629677585
0.2837344174991898
0.17756922459342908
0.11130097276333163
0.06008586575452896
0.25505833575626574
0.07372751853793973
0.025809019875267333
0.16820428969870466
0.2875122598004827
0.26342905225146523
0.0826196173840716
0.12341245964410343
0.2220168051683943
0.16198838086612022
0.0878642164748961
0.1357108059268649
0.18394049262445586
0.08397764302371533
0.07046388844358181
0.24212822576116647
0.23674478525541753
0.27062561698617416
0.31786476206507075
0.29279523582949685
0.09260376608951465
0.04300126063193614
0.24096947199513746
0.05633465564041718
0.13057143600293208
0.22444706318375376
0.20720872080665828
0.24954308727031033
0.32317855405711726
0.17746151909535723
0.18060932665424267
0.21940679487463954
0.18455077872934694
0.15585879566374644
0.15561272573500903
0.1457639155117201
0.21797919699025264
0.28148395843120505
0.25503108491375237
0.3137782240618856
0.18045230482498478
0.19316979814031512
0.26638650647458356
0.10523513964562313
0.31770463316173614
0.24473476646070197
0.2823706434514133
0.15860929535530138
0.23428099190772508
0.19868397273625213
0.12572402805009997
0.2649364350030847
0.29955574801940776
0.2766982801547834
0.2511969415933775
0.21237173382803612
0.13143376161480955
0.29427314170283847
0.2070977609738932
0.2437522181460955
0.1456601157780269
0.18013132774170199
0.13106468126621915
0.18936645427617865
0.13678802940199059
0.20781388638312606
0.24659874698094536
0.2736711995726172
0.2520617562524295
0.49598697825328053
0.33082650388937035
0.3078158206855969
0.23242980269379557
0.1590403899167866
0.1688035804072599
0.07382165797799607
0.09883718114945295
0.19313225471818754
0.1669623614333274
0.27298023173205477
0.2437285807065523
0.2103858909757783
0.41584191883312493
0.41592721642657976
0.3348938705403083
0.2629095495572426
0.22976698205993995
0.019043347995205073
0.03476939613538789
0.043429377278780414
0.06931956569279858
0.10816073176239253
0.1968820699792334
0.1765850929411204
0.306123784355005
0.35798032768883464
0.23937235893325415
0.3131341673063032
0.24523694404125798
0.1744666614452124
0.2972842624558748
0.13407744687704262
0.33361186478567684
0.14554704126108117
0.23201860351637085
0.20376785867718702
0.11632052936567257
0.14805646205944453
0.11744706423767813
0.21699146274938863
0.21727318610880528
0.3381842178915089
0.345367373986077
0.2650266417553389
0.3489153250629569
0.3369383941091088
0.12212611864733647
0.10755675798405555
0.08439103777384567
0.15702762941585702
0.1353108195281842
0.1992884623935227
0.24285474678033275
0.4364719159444581
0.47675775556185623
0.4327224459328954
0.15032590455776187
0.2741288428120579
0.22878122776593995
0.2644490221178532
0.16263974747284404
0.19002738059832233
0.22746453897433389
0.1676834424103779
0.1374079926771805
0.3354260643982148
0.21216822355629125
0.4110671510940249
0.35322384961852327
0.31166434089707645
0.27414676785464376
0.256331433983776
0.252936983051956
0.30349510390370377
0.2293408382904776
0.3880565990723731
0.414622471322391
0.36444156180713155
0.29733243801198306
0.305110786813199
0.08023866278631228
0.11347680821002966
0.15895223387117918
0.22230754168972022
0.1451146676089227
0.19849098670751172
0.20175428257446756
0.22067539867341646
0.37897820629600126
0.19138148397109675
0.1506996485975048
0.25868055391381034
0.23140466441263766
0.08813004504334936
0.16531830806513237
0.22054658927435133
0.32725308794660773
0.35597508274217055
0.2720113743038834
0.300568858574432
0.30256210639818754
0.195865069548177
0.1794098605951464
0.24658711855177037
0.23094054549705118
0.38925140921944307
0.42130840704621125
0.3731697227610308
0.4069136175159049
0.27580955035902993
0.08716988448758783
0.04746067161899723
0.13407819470271376
0.1817879098509974
0.14606964777103154
0.2669270875023312
0.3754380792025593
0.45851385016287544
0.4157486285424494
0.3820607713676698
0.3363198248823795
0.26242471360842035
0.218196877907404
0.15280760248231387
0.16331291577297094
0.1642334399768522
0.37650592924315934
0.37344988422194564
0.3205691900604247
0.22515336028071042
0.3781373672177623
0.26240512946223593
0.22704678826946362
0.13807568058821268
0.1484195483344292
0.18492275649257828
0.18858079234977698
0.14507010395471542
0.23365831583408747
0.3024004127128059
0.24577044926024164
0.2541788026924572
0.26636011626844375
0.27264916291625896
0.43175715499346734
0.36045005742843794
0.38906468574043096
0.3680298430628354
0.31694411933287003
0.32519152024015
0.3715515637727851
0.22748434337630768
0.26145482593102315
0.28417607565681036
0.2846450019947069
0.2873035898795262
0.1695312473972085
0.3847242130976833
0.2312313739415287
0.30870964228895226
0.24001233044811304
0.34675139539424726
0.2505235594987122
0.23809727433804592
0.1979565904425264
0.23196604620613293
0.2784477591537908
0.14212490282061285
0.06953111853016085
0.21943871225017575
0.18380825444904228
0.39008026197703133
0.44937358318434784
0.40908018683494424
0.5583564051104102
0.4415128344210735
0.4272885315843469
0.20208305903899687
0.31670221019829253
0.3335219095726128
0.3074787410371779
0.36474629491164473
0.3855842390452773
0.42600466719043867
0.4843272711574492
0.47034372847353206
0.2973388874851201
0.4062537173719385
0.3139080102395254
0.36769819218240785
0.34813552982396523
0.3155129962991606
0.3917970817191527
0.353045219393022
0.2607174421571893
0.34360987497862105
0.20929324082354273
0.21369019529397965
0.24563498666203332
0.17436416402027835
0.3037662114571071
0.2509764143658943
0.2970500675642728
0.3815406388918371
0.4281553588017705
0.4650636195326296
0.5040705819614895
0.3132193013416901
0.14446843061272777
0.10185489354639501
0.19676242849300093
0.11017174854946138
0.20912303262907672
0.09627617876296268
0.12557214003623768
0.2837121087034808
0.534855003457214
0.5521383881033249
0.4606899025620238
0.3543339889475752
0.3076869074861423
0.11474368489630855
0.3405978378835427
0.2548117897273392
0.3195820313680651
0.32736054380728435
0.24637211957901617
0.30969916884440757
0.39911118232410553
0.29735429143073083
0.29672381651317786
0.33860290473414534
0.44300285770259085
0.2827950723520748
0.24569489846975556
0.38120388450449755
0.33568509544523334
0.41698752161685765
0.30623369618797003
0.3262647533983075
0.3315323395927265
0.24610089641900748
0.2217775311109276
0.21062967547899947
0.13198517207664717
0.16016990985659577
0.20157479137254433
0.26067255262471684
0.3017588142869381
0.35616467841023125
0.26145344067924997
0.2915092159663048
0.34020890589341624
0.33090694578987934
0.2374354183844719
0.30318712250510593
0.09651927331412055
0.17077106640486714
0.36133982061268655
0.44037224541255426
0.39925130539275094
0.3463571184868109
0.2959323295410325
0.28670325146480247
0.24160640568798872
0.11330835455219629
0.0878651736607551
0.11672729407909975
0.01108124019537653
0.1969597373202481
0.15164485057171143
0.10768512692408318
0.22123045891548176
0.16028097761706853
0.2029562700412136
0.09181568363942356
0.11374547151689055
0.11593375877232272
0.16501393287797167
0.13429267600213346
0.11807373255304661
0.10431306336441624
0.12128904066393241
0.1632806695494604
0.3276529584952077
0.25901308187656014
0.15115425966249804
0.06721693852364694
0.07203303668770379
0.0798228508480538
0.0915152787924859
0.03714041041894109
0.13269747562145398
0.11865542837661779
0.03674670480615278
0.15021666349631752
0.0712915400293254
0.056309975308003864
0.0860404775245613
0.20209469542235298
0.1449514874422721
0.058410978400643306
0.08555300327227648
0.12134701708388344
0.1147332531372655
0.0814020019512556
0.22064679211644914
0.14402174208686305
0.12180572480020344
0.07355021353423356
0.09517146975320433
0.08404984937306074
0.14304686690239718
0.12263173570303094
0.027735235734853352
0.1433651308784634
0.13352124689073966
0.09179467532136522
0.06573832036732691
0.11109973554680552
0.11259396914023265
0.06651341986673663
0.07774727339946166
0.07203802119263808
0.038978513286242425
0.11200013068794638
0.08544628142462803
0.15847142275955436
0.050927669687823196
0.03135305958069134
0.03435570518164267
0.005086117973067257
0.04597780823937658
0.06350404975401144
0.09537635347312706
0.13743161493619063
0.09160112474395667
0.04522172475080188
0.10619187625036809
0.04565950405826513
0.05565579432583963
0.1682962030634135
0.1950407671563629
0.006719435973997117
0.05651342547668595
0.10937045971869094
0.20230021905413728
0.23675152548391795
0.183183820201452
0.28400898986458784
0.15054073513169658
0.18039667867342868
0.030328326646010616
0.038996410371165795
0.20037474903081703
0.11312902502708443
0.18240616636158039
0.21646157332352073
0.1711380588323018
0.1977934451576326
0.11927579150497077
0.2758169334773278
0.20961607021449652
0.18470289673873871
0.27173454604852815
0.1291132369857743
0.09801787406765468
0.18258306806120353
0.15542508490415194
0.1394827504584725
0.14287664776410375
0.22529702653475764
0.11751512860198154
0.1486334252086215
0.2143572394366877
0.19841890355724198
0.21775149230842122
0.2088519761091228
0.19528819723105892
0.14643903310530645
0.23897253464570326
0.15170885193914016
0.1494291026412259
0.26954092307260724
0.15557208381868215
0.08039037967690946
0.1678198860064823
0.17202031961860767
0.19797244996504032
0.21607595557203504
0.1575140563569621
0.10561254305405293
0.14693297572076994
0.12066239194537444
0.14168317470688666
0.12064173120292991
0.08983894840638113
0.07579869849573038
0.15011110885133838
0.17144912722169575
0.17392555865193243
0.1868074163874895
0.21564064602910984
0.23107853147148372
0.15882049633207895
0.18956566652756798
0.17043423632114213
0.07755507353933835
0.13974873642030422
0.088993216863301
0.10283376718215485
0.1459287585552667
0.26787879958535665
0.19527186380327877
0.2866273323037983
0.19118213611090928
0.21049922917068709
0.15141602670580792
0.149734392746932
0.06217033083346999
0.03907537530576274
0.11007748261929379
0.17917988911238833
0.09972341848634511
0.23761608444727375
0.1315327974740511
0.187438463293569
0.204374111483889
0.14644136972322377
0.17316316054872902
0.030126067790040643
0.10587630148300123
0.13172948956712213
0.02086910724584145
0.1340734980030567
0.16181571612476864
0.20411937422046297
0.15050932516464371
0.14029911058356184
0.22541233124017865
0.16142148019854388
0.10910866516224935
0.06665983986170047
0.024503648800749612
0.08487662752012812
0.10185939743799231
0.06850557634617412
0.12023088975751356
0.08682357298652504
0.22855900646706825
0.36655869941523916
0.22839507839719053
0.2307759011054508
0.24160702810037749
0.07006620760079166
0.14550821713222148
0.12026108135654967
0.030828861888051208
0.0514248153073527
0.14941247811048536
0.15046354515568225
0.0927385043264724
0.15829107550900207
0.17536092093472966
0.2537351849973381
0.26556964963497937
0.2847634297114826
0.119177602718359
0.0972880720939905
0.15601408341612866
0.21053236434887226
0.12215754898270868
0.11442242040498453
0.10178142398302703
0.19024619327989428
0.1775353576155095
0.18821804854834195
0.15523116070606885
0.20664363798537946
0.18131075025861762
0.10470553192893448
0.1676562306683966
0.1420044925560342
0.16129059405062376
0.0668107353822078
0.14094129512456016
0.11880129828545645
0.18485215165352525
0.2010642642480587
0.13826429447744396
0.09341778142997006
0.18851751375564463
0.15992187156988222
0.14402609806143052
0.1156110631338983
0.13925231501898774
0.07827629315944813
0.13067285830245623
0.16991234487347484
0.1765778906764827
0.229307937750203
0.1862665766293184
0.15020429978093144
0.07615530976138585
0.0648538226068399
0.030334120610499817
0.06836576552290154
0.05761599653407426
0.15076077062518659
0.14783137869692506
0.08171256557588674
0.11269477606390135
0.2012513154074999
0.24168085697025526
0.26863247733922274
0.10912183447353604
0.05935378406414537
0.06227501314795103
0.0625277340494927
0.11200803809152267
0.07911443763176168
0.09175109803672925
0.12460535851136682
0.17331607693153836
0.251887776461531
0.14901956791224272
0.16450969076076263
0.26128886951096386
0.11327675346170199
0.06509253532947978
0.04242146628450782
0.05040843333255064
0.06243643896101981
0.0740233128450547
0.058883216886927395
0.16314273657992842
0.25266587436489746
0.19039834403354225
0.23569516516127664
0.24054756154852475
0.27322036727855237
0.17363165041993767
0.1685523235576984
0.09464426514190286
0.12272281698884852
0.1322906454863358
0.07044473619751952
0.04225820247371144
0.10723540050499107
0.139775521851572
0.20356473144970047
0.32170068235703037
0.18273856375989067
0.25064921393554257
0.13396763889398003
0.14848459657324062
0.09319600705249707
0.11994144237126472
0.07808227856126018
0.08724684189177866
0.15589210790032015
0.11998879425969791
0.1775592900936437
0.15910378473534462
0.23944480295595794
0.21927646029111617
0.25233307682525635
0.20346398917353858
0.13755141755056127
0.09335983087479427
0.15356545316328216
0.11145016320795081
0.1196448454454592
0.07661289519762937
0.1506023362963753
0.1775010806552906
0.18211582985045374
0.2191911470955301
0.1905406531291714
0.21349763494796
0.1516554339241266
0.0771668805036512
0.09547130177642377
0.08695188741294296
0.1115558367665511
0.16802421784114566
0.1826650920088902
0.1846210503265555
0.17049578394390444
0.15828458329578188
0.1143243351584949
0.18938536085473198
0.1403192139234057
0.17095164422004872
0.19687911927112992
0.20915375800805214
0.14157582135751864
0.25503154778768183
0.2564047243753763
0.18260033220599253
0.19130429967549453
0.24151746114691514
0.22051298231838704
0.19110435696106953
0.16655029860798512
0.20618838598659367
0.16138768395792213
0.16659276291787456
0.24459195353235283
0.19733598220667625
0.18194399302817194
0.0909648967173817
0.1747867992058867
0.16490380421965167
0.18423187261645074
0.26937655871267835
0.2622794665697527
0.183533732076472
0.21017781631395072
0.25367027138865494
0.1801189372380768
0.2910030511334035
0.23290194885308763
0.24117106226582813
0.20062638997195156
0.17470985626685626
0.11623682617211722
0.15176485558823377
0.2726400997875746
0.2110037317202626
0.25345168668419027
0.20041971044209558
0.23177337860227853
0.28277640203233634
0.24006628651695655
0.15778939036092715
0.1658832365277172
0.1264455982829479
0.20243233530943894
0.12897394567462955
0.17384878354395403
0.2407679523752579
0.29183990007935473
0.18414054170208827
0.2114679441563772
0.18885638175270325
0.10958329686169914
0.20531735916435628
0.10967549977783472
0.12103074335907113
0.1601152264997129
0.17369775380154218
0.2262633765591107
0.2827458692832023
0.3224575005503324
0.07453475371170525
0.18854756222156452
0.2567715149980691
0.1768503756319764
0.1773245761088361
0.22434500862239762
0.16492952858271137
0.1934931962245835
0.28632815204513834
0.21717891496164637
0.2668285200953181
0.24218504682449077
0.18119183348586335
0.2118222851044963
0.2556783830659972
0.1602527183258133
0.20289661435412037
0.19142973042485767
0.14971334997568989
0.1970349470766955
0.2544876962900263
0.2170270090770497
0.22440093595458155
0.18376587446747983
0.15997744237195272
0.11248635822891966
0.17810293761910703
0.13239902999818434
0.10276554842936635
0.13504664937477745
0.1295228016096217
0.2263154712990409
0.22389805550930175
0.18527996211332945
0.23311472699320482
0.3045929846248343
0.15067141257454678
0.12291590948989527
0.058767489874331655
0.04004111689131488
0.08329499070871052
0.08104845810819597
0.12254900525643121
0.1641538978489246
0.12476717310523078
0.10361426757081402
0.05600139949879817
0.11657839303594847
0.15390241273221497
0.08055408462993129
0.034873921147163006
0.0500157791339808
0.07178809343556394
0.03335538760765653
0.054865979562203605
0.04909391687342115
0.0663871715197972
0.09954831568436731
0.0640706599270431
0.1108363306727066
0.043697182154293406
0.12478351896766121
0.06243083514401531
0.04483652481300311
0.04865951721459017
0.06544632219176091
0.07177566614428954
0.049293779382386806
0.08406387822683117
0.1029409843057364
0.07010176466545151
0.10926630307677275
0.10698026019648274
0.19573015020598145
0.1315636868122859
0.10197954854194102
0.10408114944911638
0.09796108591581128
0.07120638590885163
0.021924055045933085
0.09860991269603173
0.11030527676690603
0.09868299129233253
0.15549960879711114
0.14892140838716733
0.12759895457525214
0.15824019327250652
0.1882118490064247
0.26449151489038913
0.12508797989317758
0.19034545730476335
0.09809729539877773
0.050916068631601426
0.10713517538343022
0.03707859785860384
0.05935109779415561
0.08446227399157252
0.12888835613491462
0.14018395346051854
0.11332828947408775
0.17895425527487419
0.12766251637129047
0.08223210562647486
0.037746903989285444
0.13337845845674154
0.14735207511045748
0.10102910247970386
0.15776863934143992
0.1022228682996124
0.16150360248757267
0.1680326685428295
0.2057530885150305
0.12353289698841706
0.13838747367916038
0.09160770443646504
0.1177967938552999
0.06997680578787385
0.08647681077991663
0.08716267968590996
0.08033469067006249
0.09351349922394853
0.14167871310400174
0.15362947561893878
0.19114001570532715
0.07724182827849392
0.2870001590415351
0.28842163330401677
0.29032043448168704
0.2242292129028809
0.22506219032501495
0.21379598444678014
0.23098031528628854
0.18147115955316204
0.20509940553484202
0.18610158721389614
0.2385302578816007
0.22081413715954776
0.21418383025016507
0.28369382988023395
0.2231506172657903
0.11910288905036977
0.22385697874498786
0.08229987565287228
0.08951143003572253
0.05272948432732939
0.12256453208644338
0.0678402694142565
0.01752332345016264
0.07561298605298207
0.04163530473672008
0.08409256971608602
0.024021232751074647
0.13352702845645995
0.08227391257957946
0.1015111291502698
0.07675428627704886
0.08283700053712736
0.03218773364900952
0.07506279539887561
0.08681396277398525
0.21733800288368757
0.10679984308338548
0.16162659964963433
0.1495518929443166
0.16930810884018807
0.18917493296043075
0.14187244049581038
0.05517935246191783
0.13879150976618335
0.11335702087335342
0.1510182636032142
0.1677956686520235
0.18788882473044857
0.24082887658149316
0.18234330144255195
0.22174121605959501
0.11355001378184298
0.04604298943690341
0.04385749537915398
0.04504219937525248
0.15386253091684912
0.11792679967224547
0.11570409295350861
0.10126185149153788
0.03555242145457754
0.06993823514719173
0.08212606824310285
0.15089990512411164
0.09940824436487428
0.20437008493798822
0.176685177597395
0.13144365802083288
0.19897977209442422
0.1878570152106598
0.0659706489923484
0.046415551994672774
0.09786952698797613
0.09153481338203939
0.11269968276799698
0.05964839713514386
0.06593439743409037
0.0322193070573737
0.07697918270293568
0.03489905408794185
0.06996160042868645
0.06454255767521155
0.08138016976338598
0.0959304878991702
0.04838429023618358
0.08626274410459334
0.09843324186742815
0.056088505827468556
0.09408046818802251
0.11790438282875583
0.10165253855565734
0.2823416286778018
0.18747535666726187
0.15244702724672135
0.1540954342036761
0.09781275356210489
0.23759453507567943
0.163132293051267
0.1546405339390693
0.16097313233024887
0.2478027979416848
0.21034602015703868
0.3020036385787458
0.16367637702237256
0.08650350670088709
0.08899501600682809
0.10919409826925511
0.10818622601038125
0.12708456614692581
0.05966175291769931
0.15403450314645944
0.18547276570021154
0.21210107467041397
0.190057123643201
0.1382827418781365
0.1262834265300623
0.10994150264518415
0.13074117540464927
0.07290042097087694
0.11412002687775841
0.18692983165048524
0.2347613742097894
0.26142422596656606
0.21091733868165194
0.23634169980718014
0.1130363700947242
0.12296460957148608
0.028985351968625103
0.047529214109947766
0.1101713449374362
0.15687629938462908
0.1969079089170233
0.20202791258768835
0.18720361557990242
0.23997821362049232
0.22488354804017976
0.20675720690700408
0.0921350302073231
0.08473808475794557
0.10639654315136844
0.07762624995021408
0.14232624259661664
0.10654405896466046
0.1221125313698313
0.14913180894058806
0.1211275365989891
0.026313591825845903
0.11656592168511486
0.12038485931689816
0.12569866346539274
0.022035733600708707
0.14853176152932512
0.09701562516659679
0.12612032514335472
0.1293851712582086
0.11153469886118836
0.05342639435893522
0.0787584576785896
0.21280107479396118
0.21335791546396926
0.20941388733610614
0.2474220441144449
0.2802310042155079
0.2242297164587644
0.11834505674724015
0.10984246002930839
0.025572256214838083
0.07051521170270822
0.1375061117952702
0.17646704803228422
0.14540819045465303
0.2410614057008825
0.2398810298252249
0.20979163665203024
0.15394697219003814
0.17945573731351094
0.13983037474163168
0.1354327524383763
0.1363038375694556
0.14460918660385738
0.1896775170675468
0.240120314328604
0.1944470961780715
0.24781834045667936
0.30126759872559555
0.23444817811294447
0.3248957829256094
0.256458790739641
0.28025155925491596
0.2620972029966736
0.24832951605908876
0.19262843931952445
0.17224386764380617
0.19513740090677786
0.22179324193916505
0.2524916381182611
0.2446182564339064
0.34988234712897465
0.3649498799519893
0.41669191877059597
0.30683385625320936
0.2872810719068983
0.2579739442309304
0.17798240873766127
0.06918998599288649
0.05693314656281952
0.215732566929367
0.22487456655246416
0.2411083738608738
0.3446347326992338
0.2470079842864068
0.23686320432872032
0.23132661698710671
0.22341288992478786
0.17469608403854897
0.12778569199754364
0.04062554125674071
0.0919356510308488
0.11603557806711641
0.12959949803431856
0.15525104733398057
0.23104589440686982
0.22359752149931245
0.228740865821629
0.21268368148498173
0.1537720447039958
0.08374683277526203
0.12909581246175827
0.11577640051402138
0.07832796795658423
0.2619773431146455
0.15200649374705275
0.2253814496587736
0.19042658756304712
0.2920673376214333
0.22510471406701058
0.20774346459422657
0.22162217980332313
0.1887297418242402
0.12268772345596533
0.16714209013592646
0.14524674907755433
0.15441942739174208
0.22456915860822488
0.1011282079897833
0.1943677991023941
0.24184875375680853
0.17662956106485742
0.21951670843467216
0.2767671062275256
0.233672730712327
0.2495464972833672
0.08799369377807256
0.10668690558528536
0.20201152160531327
0.08495573842086154
0.11479602593918198
0.08786256201815103
0.10894859080381193
0.12970948271721863
0.13904551657431227
0.17974973376179368
0.188890318374635
0.1892566682764699
0.2667053142499246
0.294118702660592
0.16730224116739154
0.020555122608220663
0.053691280607009485
0.10949187950740398
0.11466952740533755
0.12357960838223252
0.08653166201278645
0.16710171013978561
0.31358560768020594
0.32253800085936307
0.2609185815334612
0.25635505785226875
0.15910360328661607
0.04009649528182368
0.24989459826401034
0.24587099373791302
0.31245240972189225
0.23900183697070107
0.08511555780351628
0.08957299394399508
0.16794413866339641
0.22124638466314162
0.3229786191240861
0.3682819580632232
0.23083046127343318
0.1751357095477925
0.28674638130928654
0.20482037592006058
0.24201124282521488
0.15894216585820395
0.10796786969959403
0.09770015320112117
0.15244893735954
0.19086870622680605
0.18107727256970657
0.2925325082240469
0.3554457286363647
0.3557792296608084
0.2933757636994338
0.2807914445172873
0.2817080565869445
0.13685146764775313
0.0673020330668398
0.1309475342238364
0.25175408601959753
0.22624748059377586
0.26509875845780123
0.22330346663954911
0.2211270384483155
0.18052466104368492
0.22013717613835845
0.2786207515496247
0.23908682787069463
0.19106572902263735
0.1908450894065106
