0.648671875	0.47624999999999984	
0.6471875	0.4688541666666667	
0.6453906250000001	0.4617708333333333	
0.6421875	0.4557291666666667	
0.6412500000000001	0.4523958333333334	
0.6383593750000001	0.44489583333333327	
0.6357812500000001	0.4393749999999999	
0.6334375	0.4342708333333333	
0.6289843749999999	0.42802083333333324	
0.623984375	0.42062499999999997	
0.621328125	0.4171875	
0.6168750000000001	0.40947916666666667	
0.6129687500000001	0.40302083333333333	
0.6082812499999999	0.3954166666666667	
0.606796875	0.39406250000000004	
0.6034375000000002	0.3922916666666667	
0.598671875	0.3907291666666667	
0.594375	0.38770833333333327	
0.5896875	0.3845833333333334	
0.585059256465174	0.3812398990467816	
0.5784375	0.3773958333333333	
0.5728125000000002	0.3723958333333333	
0.5699218750000001	0.370625	
0.5645312500000002	0.3672916666666667	
0.5584551089999518	0.3649888147582522	
0.5524056792568293	0.36307634673303546	
0.5455468750000001	0.3598958333333333	
0.539140625	0.35624999999999996	
0.533125	0.35052083333333334	
0.524140625	0.3424999999999999	
0.5134375	0.33468749999999997	
0.508125	0.33062499999999995	
0.4976562499999999	0.3236458333333333	
0.490078125	0.3201041666666667	
0.4814843750000001	0.31791666666666674	
0.4730468750000001	0.3155208333333333	
0.46644862086685135	0.31326791431376166	
0.46270673580464344	0.31105737215838236	
0.4557590087136482	0.3102043578151151	
0.44804687500000007	0.3123958333333333	
0.43859375	0.3134375000000001	
0.4265625	0.31677083333333333	
0.4221875	0.3180208333333333	
0.41414062500000004	0.3214583333333333	
0.40679687500000006	0.3241666666666667	
0.399453125	0.32625	
0.395859375	0.32645833333333335	
0.38476562499999994	0.32760416666666664	
0.37664062499999995	0.32770833333333327	
0.36867187500000004	0.32947916666666666	
0.35953124999999997	0.33125	
0.35218750000000004	0.33531249999999996	
0.34515625	0.3413541666666666	
0.340078125	0.34635416666666663	
0.33062500000000006	0.3527083333333333	
0.32546875	0.35583333333333333	
0.32382812499999997	0.35760416666666667	
0.32023437499999996	0.36208333333333337	
0.3184375	0.36687499999999995	
0.31781249999999994	0.37281249999999994	
0.3174218750000001	0.3779166666666666	
0.31765625000000003	0.3846875	
0.3171093750000001	0.39145833333333335	
0.31796875	0.3977083333333334	
0.318984375	0.40354166666666663	
0.32039062500000004	0.40812499999999996	
0.321796875	0.41187500000000005	
0.32265625000000003	0.41583333333333333	
0.3228125	0.42124999999999996	
0.32328125	0.4276041666666667	
0.32421874999999994	0.43270833333333325	
0.3242187499999999	0.4379166666666666	
0.32554687499999996	0.4414583333333333	
0.327578125	0.44656250000000003	
0.33	0.4520833333333333	
0.33296875000000004	0.45625	
0.33499999999999996	0.45947916666666666	
0.338359375	0.46239583333333345	
0.340234375	0.4641666666666667	
0.343515625	0.4680208333333333	
0.34500000000000003	0.47000000000000003	
0.34953124999999996	0.4723958333333333	
0.35445312500000004	0.47541666666666654	
0.35921875000000003	0.47874999999999995	
0.36101562499999995	0.4809375	
0.365	0.4833333333333333	
0.3664843750000001	0.4841666666666666	
0.3699990099978676	0.48822399181649667	
0.374609375	0.49072916666666677	
0.379375	0.49416666666666664	
0.38164062499999996	0.49458333333333326	
0.386171875	0.49520833333333336	
0.38914420132926986	0.49596435448921705	
0.3929658119531543	0.4964797527495449	
0.39790765707725306	0.49894382219032557	
0.40515625	0.5005208333333332	
0.408828125	0.5027083333333333	
0.4110937499999999	0.5039583333333335	
0.41515625	0.5060416666666667	
0.416796875	0.5072916666666666	
0.41985296905891945	0.5077870559561711	
0.42185826241145435	0.5081613091709875	
0.4278451407825322	0.5084300497807442	
0.42969117286462044	0.5083861836366205	
0.43460937499999996	0.5066666666666666	
0.436875	0.5062499999999999	
0.4421875	0.5026041666666667	
0.4442968749999999	0.5002083333333334	
0.447890625	0.496875	
0.45234375	0.49489583333333326	
0.45679687500000005	0.4926041666666666	
0.459609375	0.4917708333333334	
0.46460937500000005	0.4911458333333334	
0.466789974341559	0.4917910283101993	
0.4717792149172456	0.49144106151924155	
0.4755181494326897	0.4894281166245138	
0.47976562500000003	0.48583333333333323	
0.48312499999999997	0.4826041666666666	
0.4851381212743336	0.4811899625783364	
0.4886718750000001	0.4772916666666667	
0.4915625	0.47489583333333324	
0.4933593750000001	0.47406249999999994	
0.496875	0.47281249999999997	
0.5000781249999999	0.4729166666666667	
0.5040625000000001	0.4734375	
0.50578125	0.47406249999999994	
0.509375	0.47427083333333336	
0.51078125	0.4735416666666666	
0.5153125000000001	0.47229166666666655	
0.5174218749999999	0.47156249999999994	
0.5224753959074808	0.4686625508132572	
0.5247709003148862	0.46754473136526975	
0.5274551545830659	0.4663236412315325	
0.5323437500000001	0.464375	
0.535	0.46312499999999995	
0.53640625	0.46343750000000006	
0.538203125	0.46364583333333326	
0.53953125	0.46218750000000003	
0.5407031250000001	0.4602083333333333	
0.54203125	0.4566666666666667	
0.5426259941973888	0.4551065533494253	
0.542890625	0.453125	
0.541875	0.4491666666666666	
0.5414062500000001	0.4459375	
0.5418718826949661	0.44396334447618246	
0.5399218750000001	0.4415625	
0.5387500000000001	0.43885416666666666	
0.5384375	0.4375	
0.536484375	0.43343750000000003	
0.5354687499999999	0.4292708333333334	
0.53390625	0.4229166666666667	
0.5325	0.41760416666666667	
0.530859375	0.41229166666666667	
0.53	0.40822916666666664	
0.5289786238236098	0.40684099510552035	
0.528203125	0.40645833333333325	
0.526531246674352	0.40485238338029017	
0.5244531250000001	0.4026041666666667	
0.5228906249999999	0.40010416666666665	
0.521171875	0.39760416666666665	
0.518828125	0.39510416666666665	
0.5171093750000001	0.39406250000000004	
0.5159375	0.3934375	
0.5142968750000001	0.3927083333333333	
0.51234375	0.39416666666666667	
0.509765625	0.395625	
0.5076562499999999	0.3961458333333333	
0.5061718749999999	0.3963541666666667	
0.502109375	0.39625	
0.49945312500000005	0.395625	
0.4943549471490054	0.39477934360281547	
0.489140625	0.39375	
0.485703125	0.39458333333333334	
0.48265625000000006	0.3953125	
0.4817187499999999	0.39541666666666664	
0.47601562499999994	0.39375000000000004	
0.47468750000000004	0.39229166666666665	
0.4711718749999999	0.38947916666666665	
0.46703124999999995	0.38864583333333336	
0.4621874999999999	0.38760416666666664	
0.45835937499999996	0.386875	
0.4546875	0.38687499999999997	
0.451953125	0.3853125	
0.45093750000000005	0.3851041666666667	
0.448046875	0.3852083333333333	
0.44132812499999996	0.38468749999999996	
0.43953125000000004	0.3846875	
0.43531250000000005	0.38364583333333335	
0.431796875	0.3839583333333333	
0.42835937500000004	0.38395833333333335	
0.42671875000000004	0.3839583333333333	
0.4242187500000001	0.38395833333333335	
0.4209731751263746	0.3845141429895206	
0.41889547786894366	0.3845429344068242	
0.41789062499999996	0.3851041666666667	
0.41705512481018303	0.3856342312562097	
0.41453125	0.38625000000000004	
0.411953125	0.38604166666666667	
0.40960937499999994	0.38583333333333336	
0.40929687500000006	0.38583333333333336	
0.409375	0.3853125	
0.408984375	0.38541666666666663	
0.40875000000000006	0.385	
0.407890625	0.3851041666666667	
0.4071874999999999	0.3848958333333333	
0.40726562499999996	0.3848958333333333	
0.406640625	0.38614583333333335	
0.407734375	0.3848958333333333	
0.4082812500000001	0.38427083333333334	
0.40828125000000004	0.38395833333333335	
0.40765624999999994	0.38218749999999996	
0.40734375	0.38125	
0.40734375	0.3791666666666667	
0.40750000000000003	0.37958333333333333	
0.40734375	0.37864583333333335	
0.40703125000000007	0.37906249999999997	
0.40515625	0.3794791666666667	
0.40367187499999996	0.3805208333333333	
0.4038281250000001	0.3802083333333333	
0.40062499999999995	0.38010416666666663	
0.39835937499999996	0.3802083333333333	
0.397421875	0.3796875	
0.39460937500000004	0.37635416666666666	
0.39297390686432176	0.3750555418007773	
0.39234375	0.37604166666666666	
0.39093750000000005	0.3770833333333333	
0.39070312499999993	0.37875000000000003	
0.39078124999999997	0.3807291666666666	
0.39078125	0.3809375	
0.389765625	0.38354166666666667	
0.389765625	0.3839583333333333	
0.389921875	0.3855208333333334	
0.3892937624059936	0.3871150692749392	
0.390546875	0.38791666666666663	
0.39109374999999996	0.38843749999999994	
0.392734375	0.3882291666666667	
0.39359374999999996	0.3896875000000001	
0.395	0.39218749999999997	
0.395859375	0.39364583333333325	
0.397421875	0.3951041666666667	
0.398046875	0.3982291666666667	
0.398203125	0.40104166666666663	
0.39828125000000003	0.40125	
0.39707109961621334	0.40225301407875624	
0.39679687500000005	0.40125	
0.39640624999999996	0.40145833333333325	
0.39625	0.40062500000000006	
0.3959375	0.40062499999999995	
0.39632812500000003	0.40062499999999995	
0.39632812500000003	0.4002083333333334	
0.396953125	0.39968750000000003	
0.39679687500000005	0.39906250000000004	
0.39640624999999996	0.3991666666666666	
0.39578125	0.40031249999999996	
0.394140625	0.40041666666666664	
0.39289062500000005	0.4007291666666667	
0.39070312500000004	0.4003124999999999	
0.38921875000000006	0.40125	
0.38843750000000005	0.40145833333333336	
0.3871875	0.4031249999999999	
0.3859375	0.40354166666666663	
0.38562500000000005	0.4067708333333334	
0.3852794818219404	0.410638078710911	
0.38453125	0.4136458333333334	
0.384375	0.41500000000000004	
0.383125	0.4202083333333334	
0.3839707782492759	0.42279330755383393	
0.38125000000000003	0.42645833333333333	
0.37921875	0.4297916666666667	
0.37773414192560645	0.4326436731859779	
0.375390625	0.4346875	
0.374296875	0.43583333333333324	
0.3731879283314815	0.4365456323178273	
0.3715625	0.43927083333333333	
0.3706249999999999	0.4416666666666666	
0.369609375	0.44364583333333335	
0.36890625	0.44729166666666664	
0.36796875000000007	0.45114583333333325	
0.367109375	0.4536458333333334	
0.365078125	0.45874999999999994	
0.36442341566951686	0.46120962255822534	
0.3627681731838087	0.4647027127645084	
0.3600523587862966	0.46632009329168234	
0.35921875	0.46739583333333334	
0.3567015569782601	0.4704103618882801	
0.355859375	0.47197916666666667	
0.3545312500000001	0.4734375	
0.351171875	0.47885416666666664	
0.347265625	0.48312499999999997	
0.3430468750000001	0.4884375	
0.34171875	0.49135416666666665	
0.339453125	0.49416666666666664	
0.33671875000000007	0.5007291666666666	
0.335390625	0.5041666666666667	
0.33437500000000003	0.506875	
0.331171875	0.5129166666666667	
0.328828125	0.51875	
0.328046875	0.521875	
0.326484375	0.5295833333333333	
0.32562499999999994	0.5327083333333333	
0.3234375	0.54	
0.32242187499999997	0.54375	
0.320859375	0.5506249999999999	
0.319609375	0.5544791666666666	
0.31812500000000005	0.5592708333333333	
0.31734375	0.5625000000000001	
0.31703125	0.5665625000000001	
0.317265625	0.5682291666666667	
0.317578125	0.5711458333333332	
0.31828125	0.5761458333333332	
0.31812500000000005	0.5815625	
0.3177219608482925	0.584111358099103	
0.31809685593306525	0.5874126582939561	
0.31718749999999996	0.5902083333333332	
0.31709006026691766	0.591365424984884	
0.3151562499999999	0.59375	
0.31296875	0.5953125	
0.31265624999999997	0.5954166666666666	
0.31109375	0.5951041666666667	
0.31015625	0.594375	
0.309453125	0.5944791666666667	
0.30835937499999994	0.5956250000000001	
0.30804687499999994	0.5955208333333333	
0.307265625	0.5952083333333333	
0.30570312499999996	0.5930208333333333	
0.305546875	0.5915625	
0.305390625	0.5907291666666666	
0.30468750000000006	0.5872916666666665	
0.30507812500000003	0.5861458333333333	
0.305859375	0.5845833333333333	
0.307421875	0.5836458333333333	
0.30765624999999996	0.5832291666666667	
0.30914062500000006	0.5842708333333333	
0.31023437499999995	0.5848958333333334	
0.311953125	0.5863541666666666	
0.3128125	0.5867708333333334	
0.314140625	0.5862499999999999	
0.31765625	0.5861458333333334	
0.31875000000000003	0.5851041666666666	
0.32140625	0.5834374999999999	
0.32249999999999995	0.5830208333333333	
0.32367187499999994	0.5820833333333334	
0.32421874999999994	0.5814583333333333	
0.32570312500000004	0.5797916666666667	
0.32609374999999996	0.5803125	
0.326796875	0.5789583333333334	
0.327909870944579	0.5775641686532199	
0.32999999999999996	0.5742708333333333	
0.33210937500000004	0.571875	
0.333671875	0.5704166666666668	
0.338671875	0.5655208333333334	
0.34046875	0.5632291666666667	
0.34554687500000003	0.5614583333333334	
0.34937500000000005	0.5587500000000001	
0.35203125	0.5571875	
0.35713077725580333	0.5555398210741224	
0.36164062500000005	0.5532291666666665	
0.36640625	0.5503124999999999	
0.37085937500000005	0.5475	
0.37671875000000005	0.5459375	
0.38304687499999995	0.5433333333333333	
0.388671875	0.5421875	
0.39148437500000005	0.5428124999999999	
0.39687500000000003	0.5420833333333333	
0.40226562499999996	0.5430208333333334	
0.407578125	0.5446875	
0.4134375	0.5451041666666666	
0.419609375	0.5454166666666665	
0.4238281250000001	0.5452083333333333	
0.4307031250000001	0.5446875	
0.4387499999999999	0.5451041666666666	
0.446074001227547	0.5439308474814	
0.4538281250000001	0.5423958333333333	
0.46148437500000006	0.5397916666666667	
0.46929687500000006	0.5391666666666667	
0.47257812499999996	0.53875	
0.4805468750000001	0.538125	
0.4883593750000001	0.5378125	
0.49664062499999995	0.5357291666666667	
0.5005468750000001	0.5341666666666667	
0.5079687500000001	0.5308333333333333	
0.516015625	0.5271874999999999	
0.524375	0.5233333333333332	
0.52890625	0.5209374999999999	
0.538359375	0.5175	
0.547109375	0.5131249999999999	
0.555625	0.5085416666666667	
0.563984375	0.5044791666666666	
0.5708593750000001	0.49833333333333324	
0.5772656250000001	0.4916666666666666	
0.5839843750000001	0.4845833333333333	
0.588828125	0.47791666666666666	
0.5953125000000001	0.47124999999999995	
0.5974999999999999	0.46791666666666665	
0.6040625	0.4618749999999999	
0.610546875	0.45572916666666663	
0.6172158263714586	0.45069910479769854	
0.6196015956453196	0.44739504426671906	
0.62484375	0.4369791666666667	
0.6289843749999999	0.4297916666666667	
0.6314843750000001	0.4226041666666666	
0.63328125	0.4146875	
0.63421875	0.4109375	
0.637421875	0.40489583333333334	
0.6400781249999999	0.3983333333333333	
0.641796875	0.3915625	
0.643515625	0.3834375	
0.64375	0.37885416666666666	
0.6434375000000001	0.3705208333333333	
0.64234375	0.3617708333333334	
0.6409375	0.35739583333333336	
0.6379687500000001	0.3494791666666667	
0.633203125	0.3413541666666667	
0.6289593065422846	0.33364862627350567	
0.6239149508644982	0.3266454518965761	
0.6192669842015743	0.31803749933167813	
0.6166406249999999	0.3136458333333333	
0.6111718749999999	0.3045833333333333	
0.6052343750000001	0.296875	
0.5997656250000001	0.29052083333333334	
0.593125	0.28500000000000003	
0.589609375	0.2816666666666667	
0.58203125	0.27645833333333336	
0.574375	0.27125	
0.5706249999999999	0.2684375	
0.563359375	0.26395833333333335	
0.5562294854410108	0.2602083445733783	
0.545625	0.25375	
0.5416406250000001	0.25187499999999996	
0.5339843750000001	0.2484375	
0.525	0.2453125	
0.52140625	0.244375	
0.511875	0.24281250000000001	
0.5034375	0.2423958333333333	
0.4953125	0.24083333333333332	
0.486484375	0.2397916666666667	
0.479296875	0.2376041666666667	
0.4756250000000001	0.23614583333333336	
0.46687500000000004	0.2333333333333333	
0.458828125	0.23125	
0.4502253626166125	0.23036227568496784	
0.44109375	0.22979166666666662	
0.43640625	0.23052083333333334	
0.4282941917283468	0.2310030676327291	
0.4190625	0.23125	
0.4110937499999999	0.23281249999999995	
0.40640625	0.23177083333333334	
0.39695312499999996	0.23229166666666665	
0.38796875000000003	0.23312500000000003	
0.3798437499999999	0.23249999999999998	
0.376640625	0.23427083333333334	
0.369609375	0.2363541666666667	
0.361496485233638	0.23988491000258022	
0.35406250000000006	0.24260416666666668	
0.34703125	0.24499999999999997	
0.340703125	0.2463541666666667	
0.33796875000000004	0.24708333333333332	
0.3310156249999999	0.2480208333333333	
0.324609375	0.24989583333333334	
0.32085937499999995	0.2515625	
0.313359375	0.25354166666666667	
0.3071875	0.2569791666666667	
0.30140625	0.2585416666666666	
0.29507812499999997	0.26083333333333336	
0.29296875	0.26145833333333335	
0.286328125	0.2625	
0.28453125	0.26375	
0.27740260053718263	0.2647479693494358	
0.27255745432575773	0.2657768752995642	
0.2678981196583478	0.2670227423825688	
0.26539062500000005	0.2696875	
0.2618606024034767	0.2720060888965071	
0.25882812499999996	0.27656249999999993	
0.257578125	0.278125	
0.25640625000000006	0.2845833333333333	
0.25390625	0.28833333333333333	
0.25296875	0.29031250000000003	
0.2515422885722184	0.29354960016799	
0.24933625999609385	0.29631497136318175	
0.24748616584305494	0.2987501387549317	
0.24566219888933252	0.30205105572017654	
0.245859375	0.30687499999999995	
0.24757682746971824	0.3112163400571887	
0.250078125	0.3159375	
0.25210937499999997	0.32156250000000003	
0.2525	0.3246875	
0.25406249999999997	0.32979166666666665	
0.255	0.33531249999999996	
0.25562499999999994	0.3425	
0.25656249999999997	0.3482291666666667	
0.25671875000000005	0.35239583333333335	
0.259765625	0.359375	
0.26217339258819644	0.36753468157092384	
0.2632723962987373	0.3720836224468795	
0.265859375	0.38052083333333336	
0.27125000000000005	0.39374999999999993	
0.27328125	0.3980208333333333	
0.276875	0.4059375	
0.27953125	0.4134375	
0.28140624999999997	0.41989583333333336	
0.283359375	0.42333333333333334	
0.287109375	0.4288541666666667	
0.29125	0.4346875	
0.296328125	0.440625	
0.30171875	0.4462499999999999	
0.304140625	0.4491666666666666	
0.31039062500000003	0.4541666666666666	
0.314765625	0.45770833333333333	
0.32156250000000003	0.464375	
0.323046875	0.4671875	
0.32671875	0.47000000000000003	
0.33085937500000007	0.47406249999999994	
0.334921875	0.4770833333333334	
0.3375	0.478125	
0.34171874999999996	0.4796875	
0.34546875000000005	0.4814583333333333	
0.3484375	0.48249999999999993	
0.351015625	0.4848958333333333	
0.35171875	0.4878125	
0.35320312499999995	0.49093749999999997	
0.35328125	0.4920833333333333	
0.355859375	0.4925	
0.35835937500000004	0.4920833333333333	
0.359765625	0.4914583333333334	
0.360234375	0.49031249999999993	
0.36031250000000004	0.49031250000000004	
0.359921875	0.4901041666666667	
0.360546875	0.49072916666666666	
0.36046875	0.49052083333333335	
0.36046875	0.49093749999999997	
0.35992187500000006	0.4910416666666667	
0.359296875	0.49020833333333336	
0.35945312500000004	0.48958333333333337	
0.35929687499999996	0.4879166666666667	
0.35937499999999994	0.4867708333333332	
0.35929687499999996	0.4857291666666666	
0.35984375	0.48687500000000006	
0.36015625	0.48791666666666667	
0.360859375	0.48885416666666676	
0.361796875	0.4901041666666667	
0.36265624999999996	0.49072916666666655	
0.36273437500000005	0.49124999999999996	
0.36265625	0.4911458333333333	
0.36148437499999997	0.49177083333333327	
0.36124999999999996	0.4937499999999999	
0.36124999999999996	0.4947916666666667	
0.361953125	0.4961458333333334	
0.36273437500000005	0.49749999999999994	
0.36507812500000003	0.49885416666666654	
0.36843750000000003	0.4992708333333333	
0.37109375000000006	0.49937499999999996	
0.37359375000000006	0.49937499999999996	
0.374765625	0.4994791666666666	
0.376875	0.4997916666666667	
0.37906249999999997	0.5015625	
0.38078125	0.5028124999999999	
0.3840625	0.5044791666666666	
0.388046875	0.5058333333333332	
0.39070312500000004	0.5060416666666667	
0.39453124999999994	0.5053125	
0.39671875	0.504375	
0.40023437500000003	0.5035416666666666	
0.40210937499999994	0.5019791666666666	
0.4027343750000001	0.50125	
0.40406250000000005	0.4994791666666667	
0.40687500000000004	0.4970833333333333	
0.4091406249999999	0.49416666666666664	
0.41165172530944416	0.49308046909161113	
0.41281249999999997	0.4916666666666666	
0.41546875000000005	0.48968749999999994	
0.41812499999999997	0.4877083333333334	
0.42015625000000006	0.4854166666666666	
0.42312500000000003	0.4843749999999999	
0.42523437500000005	0.480625	
0.42750000000000005	0.476875	
0.428359375	0.4742708333333333	
0.4303125	0.4697916666666667	
0.431484375	0.46604166666666663	
0.43125	0.4643750000000001	
0.43093750000000003	0.46187500000000004	
0.4309374999999999	0.4602083333333333	
0.4296875	0.45718749999999997	
0.4284375000000001	0.4533333333333333	
0.42765625000000007	0.45093750000000005	
0.425390625	0.44718749999999996	
0.42320312499999996	0.44625000000000004	
0.4208615588428099	0.4460322782007472	
0.4198437499999999	0.4473958333333332	
0.41875	0.4479166666666667	
0.4175	0.4482291666666667	
0.41453125	0.4474999999999999	
0.41046875	0.44656250000000003	
0.4050000000000001	0.4453125000000001	
0.40242187500000004	0.4454166666666667	
0.396015625	0.4448958333333334	
0.3913281249999999	0.4460416666666666	
0.385234375	0.44770833333333326	
0.3821875	0.4492708333333333	
0.374453125	0.45249999999999996	
0.372717805617314	0.45368942151695035	
0.368516991578375	0.45649463905441473	
0.363046875	0.4579166666666666	
0.357734375	0.4608333333333333	
0.352421875	0.465625	
0.34976562499999997	0.4678125000000001	
0.34125	0.4744791666666666	
0.33859375	0.4765625	
0.33451200826758604	0.48020319179360804	
0.331015625	0.48239583333333336	
0.32703125	0.4845833333333333	
0.3248014745442149	0.48607327344796714	
0.3197656250000001	0.48864583333333333	
0.31640624999999994	0.4919791666666667	
0.312890625	0.49697916666666664	
0.308671875	0.5027083333333333	
0.30671875	0.5055208333333333	
0.30421875	0.5088541666666666	
0.3025	0.509375	
0.3	0.5115625	
0.297109375	0.5129166666666667	
0.294140625	0.5147916666666668	
0.291640625	0.5175	
0.290390625	0.5182291666666666	
0.28882812500000005	0.5211458333333333	
0.28725851273933367	0.524126960924862	
0.2849193094632259	0.5262967659004933	
0.28327362156220487	0.528534440525925	
0.28374999999999995	0.5283333333333333	
0.28359375	0.5295833333333333	
0.28414062500000004	0.5302083333333333	
0.28390624999999997	0.5322916666666667	
0.28335937499999997	0.5328125	
0.28234375	0.5339583333333333	
0.282890625	0.5337500000000001	
0.28296875	0.5315624999999999	
0.28328125000000004	0.5303125000000001	
0.28359375000000003	0.5301041666666666	
0.2835551414926644	0.5296408918706029	
0.28414062500000004	0.5298958333333333	
0.28283823769793953	0.5323450699005485	
0.2828125	0.5341666666666666	
0.28296875000000005	0.5363541666666667	
0.28250000000000003	0.5362499999999999	
0.28351562500000005	0.5351041666666666	
0.2841406249999999	0.5339583333333333	
0.2840625	0.5327083333333332	
0.28456114934456006	0.5288654295965798	
0.28482690610005995	0.5286585128961742	
0.2857306092692818	0.526957902663073	
0.2875446640406797	0.5267419471258241	
0.28914062500000004	0.5322916666666666	
0.29125000000000006	0.5342708333333334	
0.2925	0.5354166666666667	
0.2975	0.5387500000000001	
0.2993666653889677	0.5397034326325731	
0.30134805825878797	0.5410945777777483	
0.3041917292755057	0.5424873921863427	
0.3067231305569954	0.5429428389935287	
0.3100358001020685	0.5433982963019852	
0.31361369088385677	0.5455785021618443	
0.3167122612717392	0.5465575791266644	
0.3195831883219515	0.5490355041967975	
0.3234427344403425	0.5516784624098869	
0.3260522805587908	0.5548422539563428	
0.32819307667724373	0.5576935455028011	
0.3311151227956969	0.5605448370492598	
0.33406250000000004	0.558125	
0.33703125	0.5580208333333333	
0.3403125	0.5560416666666665	
0.34117187499999996	0.5539583333333333	
0.343203125	0.5491666666666667	
0.343125	0.5445833333333333	
0.34312499999999996	0.5433333333333332	
0.3434375	0.5416666666666666	
0.3446497244474139	0.5405395967451692	
0.3469509472246472	0.5391436405860157	
0.34956429312041715	0.5386886436775985	
0.3517869841236163	0.537713087808317	
0.35203125	0.5344791666666666	
0.35109375	0.5333333333333333	
0.34828125	0.5278125	
0.343984375	0.5219791666666667	
0.33999999999999997	0.514375	
0.336796875	0.5089583333333334	
0.33523437500000003	0.5065624999999999	
0.33390625	0.5020833333333333	
0.33359375	0.5004166666666666	
0.3309350799039833	0.49466320322763735	
0.32974660141711576	0.49431486356024196	
0.3300036882205045	0.4946687832804792	
0.33010780509449045	0.49415385308858567	
0.3292468665703329	0.4933144469682837	
0.3278369882425173	0.4911936720837476	
0.3265004662450723	0.4880050959455552	
0.3245747501849202	0.48520771982232025	
0.3227280567942624	0.4827252914780972	
0.32203125	0.47979166666666667	
0.3218537966299436	0.4784682954017322	
0.32187499999999997	0.47895833333333326	
0.32142262235486846	0.47980732509542756	
0.32173851665415093	0.4797306200565258	
0.32229395312093545	0.4789339465677963	
0.3236310494245931	0.4779296693076116	
0.32473531211837015	0.47608289043602153	
0.32627978119661205	0.47300024224270265	
0.329765625	0.47000000000000003	
0.33179687500000005	0.4691666666666666	
0.33375	0.4691666666666666	
0.33601562500000004	0.4680208333333333	
0.33796875	0.46572916666666664	
0.339296875	0.465	
0.3396875	0.4638541666666667	
0.34039062500000006	0.4621874999999999	
0.34125	0.4607291666666667	
0.34171874999999996	0.4602083333333333	
0.34414062500000003	0.45593749999999994	
0.34631132344655013	0.45232781426729407	
0.34859375	0.44645833333333335	
0.3515625	0.44072916666666667	
0.35351562500000006	0.4375	
0.3565625	0.4333333333333334	
0.3603125	0.43	
0.36296874999999995	0.42833333333333334	
0.364609375	0.4302083333333333	
0.366484375	0.4317708333333334	
0.37039062500000003	0.4328125	
0.37328124999999995	0.43218750000000006	
0.375859375	0.4307291666666666	
0.37734375	0.4294791666666667	
0.38109375000000006	0.4246875	
0.3825	0.42281250000000004	
0.385	0.4195833333333333	
0.3878125	0.41604166666666664	
0.39046875000000003	0.4148958333333333	
0.39242187500000003	0.4140625	
0.39609375	0.41447916666666657	
0.399375	0.4153124999999999	
0.40234375	0.41729166666666667	
0.4059375	0.42020833333333335	
0.40875000000000006	0.42124999999999996	
0.413203125	0.42406249999999995	
0.4184375	0.4261458333333333	
0.42335937499999987	0.4294791666666667	
0.42796875000000006	0.4330208333333333	
0.433125	0.4359375	
0.438125	0.44072916666666667	
0.44039062500000004	0.4437499999999999	
0.445625	0.45093750000000005	
0.45179687500000004	0.4578125	
0.458359375	0.4647916666666667	
0.4653125	0.47072916666666653	
0.47218750000000015	0.47781250000000003	
0.475703125	0.4804166666666666	
0.48149035498956183	0.48539529702923534	
0.48757812500000003	0.49052083333333335	
0.4925	0.49604166666666655	
0.49796875000000007	0.5018750000000001	
0.504060380195262	0.5084422635984233	
0.5061718749999999	0.5117708333333333	
0.51109375	0.5171875	
0.5162500000000001	0.5248958333333333	
0.519453125	0.528125	
0.52609375	0.535	
0.53359375	0.5442708333333333	
0.5419080113743866	0.5514539403639487	
0.5503413762705847	0.5583419096673394	
0.5558113573582092	0.5623648117259179	
0.55828125	0.5640625	
0.565703125	0.5690625	
0.5737500000000001	0.5753125	
0.5803125	0.5816666666666667	
0.5875000000000001	0.5915625	
0.5905819012672346	0.594925224564581	
0.597734375	0.6031249999999999	
0.6037226197432614	0.6091923899431957	
0.6082238425020117	0.6125430368754567	
0.6163186053136573	0.6158930167892843	
0.6252781022298757	0.6198857816097006	
0.632876371791138	0.62219342008447	
0.6385161419473573	0.6233305083690708	
0.6412757107718063	0.6245010448775157	
0.6451517054968818	0.6291009673288896	
0.6461370752219051	0.6331800564467641	
0.6499349449469244	0.6381966455646255	
0.6525609396719432	0.6420674013491526	
0.6554994343969619	0.6436464904670129	
0.6582816791219807	0.6443922462515399	
0.6602045488469994	0.6448255020360667	
0.6631430435720181	0.6434879244872603	
0.6660815382970369	0.6411086802717871	
0.6679262830220556	0.6413336027229809	
0.6698491527470745	0.6404126918408413	
0.6714595224720931	0.6378251142920346	
0.671976142197112	0.6359667034098949	
0.6731177619221308	0.6338999591944219	
0.6752750066471493	0.6355832149789489	
0.652421875	0.6370833333333332	
0.6492187500000001	0.6382291666666666	
0.6453906249999999	0.6366666666666666	
0.6439843750000002	0.6348958333333333	
0.6407629919922551	0.6298369398679201	
0.6370903154706299	0.6240358467301288	
0.6324281846381675	0.6189628865386327	
0.629643129549023	0.6170148443570087	
0.6256082390986579	0.6138167956722904	
0.6255468750000001	0.6136458333333332	
0.621796875	0.6123958333333333	
0.617421875	0.6122916666666667	
0.615234375	0.6115625	
0.6106250000000001	0.6095833333333334	
0.6064843750000001	0.6087500000000001	
0.6017187500000001	0.6082291666666666	
0.5960156249999999	0.608125	
0.5908593750000001	0.6086458333333333	
0.5875496857769447	0.6072555595330686	
0.5819887569659064	0.6065453822139307	
0.575625	0.6062500000000001	
0.5734375	0.6052083333333333	
0.5619677672813896	0.6023697116585764	
0.5559375	0.6016666666666667	
0.55015625	0.6028125	
0.548125	0.6041666666666667	
0.54328125	0.605625	
0.538828125	0.6058333333333333	
0.535859375	0.6065625	
0.5279687500000001	0.6053124999999999	
0.525078125	0.6048958333333332	
0.51875	0.6051041666666667	
0.5151562500000001	0.6044791666666666	
0.5087500000000001	0.6043749999999999	
0.502265625	0.6035416666666666	
0.4956250000000001	0.6007291666666668	
0.4889843750000001	0.5965624999999999	
0.4813281250000001	0.5887499999999999	
0.47679687499999995	0.5840625	
0.475	0.5823958333333333	
0.470390625	0.5803125	
0.46593750000000006	0.5816666666666667	
0.46320312500000005	0.5810416666666667	
0.45437500000000003	0.5790625	
0.450703125	0.5770833333333333	
0.44250000000000006	0.5723958333333333	
0.4351562500000001	0.5693750000000001	
0.431171875	0.5670833333333334	
0.420703125	0.564375	
0.41500000000000004	0.5636458333333334	
0.4090625	0.5619791666666666	
0.4033593750000001	0.5599999999999999	
0.3981250000000001	0.5565625	
0.39515625	0.5548958333333334	
0.38875	0.551875	
0.382421875	0.5491666666666667	
0.37859375	0.5489583333333333	
0.36726562500000004	0.5491666666666667	
0.36012166895734643	0.5510068487984213	
0.3554706402903635	0.5523485070198435	
0.35067959520267833	0.5533064882049212	
0.3465984837730359	0.5549854365538384	
0.34362111345637236	0.556609836343263	
0.3412687500385294	0.5581300660461123	
0.33915076216787055	0.5591294621443761	
0.33812652434061174	0.5627330248877922	
0.33718041151679523	0.5673782542961683	
0.3363905486932518	0.5699401503710759	
0.3357569358697301	0.5746895464459728	
0.33598269804621006	0.5808972758542021	
0.33566158522269013	0.5838758385957646	
0.3365932764028536	0.589156436967033	
0.3374525756883572	0.5913146800210127	
0.337314217288971	0.5950440331595158	
0.3405142963684037	0.596916701367054	
0.365234375	0.60125	
0.36789062499999997	0.6015625	
0.37296875	0.6032291666666666	
0.3775	0.6032291666666666	
0.38089200665914	0.6044864049290499	
0.38328125	0.6082291666666666	
0.38734375000000004	0.6121875	
0.389140625	0.6140625	
0.39359374999999996	0.6183333333333334	
0.3982031250000001	0.6226041666666667	
0.4032812499999999	0.6265625	
0.40921527195193474	0.631736682187946	
0.41156250000000005	0.6328125	
0.41635262439899173	0.6353172696970386	
0.419296875	0.6375	
0.42390625000000004	0.638125	
0.42640625000000004	0.6386458333333334	
0.43171875000000004	0.6392708333333333	
0.43695312500000005	0.6413541666666667	
0.43984375	0.6422916666666667	
0.447265625	0.6446875	
0.4554687500000001	0.6470833333333333	
0.45890624999999996	0.6486458333333334	
0.46984375	0.6503125	
0.47328125000000004	0.6517708333333332	
0.4809833759077021	0.6519182113566956	
0.4863281250000001	0.6508333333333334	
0.490625	0.6479166666666667	
0.4956250000000001	0.6452083333333334	
0.5005468750000001	0.6429166666666666	
0.5037499999999999	0.6421875	
0.5101562499999999	0.6395833333333333	
0.5185937500000002	0.6367708333333333	
0.522734375	0.6359374999999999	
0.5313281250000002	0.63375	
0.539453125	0.6297916666666666	
0.542734375	0.6285416666666667	
0.549453125	0.6271875	
0.556796875	0.62625	
0.5613281250000001	0.6267708333333333	
0.5660937500000001	0.6280208333333333	
0.5678124999999999	0.6280208333333334	
0.571015625	0.6295833333333334	
0.573984375	0.6319791666666665	
0.57734375	0.6341666666666667	
0.57875	0.6339583333333333	
0.582109375	0.6330208333333334	
0.5840625	0.6330208333333333	
0.5890625	0.6308333333333331	
0.5928125	0.6284375000000001	
0.59671875	0.6259375	
0.5996875	0.6240625	
0.6006250000000001	0.6220833333333332	
0.60046875	0.6207291666666667	
0.599685632406699	0.6185715998325538	
0.597421875	0.6176041666666666	
0.5967440687113343	0.6176627799747401	
0.59640625	0.61625	
0.59828125	0.6146874999999999	
0.5987500000000001	0.6137499999999999	
0.600078125	0.6104166666666666	
0.60234375	0.6073958333333332	
0.6041406250000001	0.6034375	
0.6046875	0.6018749999999999	
0.6068750000000002	0.5994791666666666	
0.6082393252412837	0.5982194387560902	
0.61109375	0.5983333333333333	
0.6108593749999999	0.5985416666666667	
0.612421875	0.5990624999999999	
0.614609375	0.5998958333333333	
0.616171875	0.6021875	
0.616996200163096	0.6023101566251496	
0.6181249999999998	0.6038541666666666	
0.6199218750000001	0.6070833333333334	
0.623046875	0.6090625000000001	
0.6246875	0.6095833333333333	
0.6285156250000001	0.6096874999999999	
0.633046875	0.6091666666666666	
0.637578125	0.6084375	
0.6414843750000002	0.6091666666666666	
0.64578125	0.6094791666666667	
0.64765625	0.6101041666666666	
0.6516406250000001	0.6122916666666667	
0.6551562499999999	0.6154166666666667	
0.65703125	0.6172916666666668	
0.6587500000000001	0.62375	
0.65921875	0.6310416666666667	
0.65984375	0.6340625	
0.661875	0.6398958333333333	
0.666484375	0.64375	
0.6705468749999999	0.6461458333333333	
0.6728125	0.6469791666666665	
0.676484375	0.6485416666666666	
0.679921875	0.6505208333333334	
0.683671875	0.6541666666666666	
0.6872656250000001	0.6580208333333333	
0.689453125	0.6603125000000001	
0.6947656249999998	0.6644791666666666	
0.6994700635727511	0.6670132035092803	
0.7023304881450574	0.6683900047574409	
0.7050895583354548	0.668815516066654	
0.7081522398599962	0.6694328994356089	
0.7100385154162246	0.6700093437265396	
0.7119567735461805	0.6714161216134207	
0.7145318896531276	0.6721778797310922	
0.71624763023382	0.6724188033157026	
0.7173383707727721	0.671722226805156	
0.7200697363084133	0.6684214836203953	
0.7213167268437921	0.6674124071017028	
0.7246455900577935	0.6658500424159974	
0.7293575829145064	0.6616442540642187	
0.7343545734498627	0.6591768442121412	
0.7377109389852188	0.6583761010267304	
0.7421424102317945	0.6545153878187235	
0.7456736700559311	0.6505246146559086	
0.7474308049499296	0.6468126677850078	
0.7480438747441742	0.6446679801957675	
0.74889352529671	0.6411695034250326	
0.748161632197356	0.640238308580932	
0.7494086227327121	0.6379792320621877	
0.7524630469391	0.6358448832222332	
0.7544026038034245	0.6306485790246994	
0.7559617432726247	0.6254064728420784	
0.7573287088493152	0.6240185691493284	
0.7593169410008558	0.6212830846052844	
0.760210443370706	0.6179792708459309	
0.7591531814802054	0.6165406964309785	
0.7586032970155614	0.6160524532455677	
0.7568815375509177	0.6153558767268235	
0.755550403086274	0.6133051335414126	
0.7551567686216302	0.6119835570226685	
0.7563256341569864	0.6102453138372576	
0.7572601246923426	0.6087154039851801	
0.7596008652276985	0.6060396607997691	
0.7603009807630547	0.6049264176143584	
0.759672971298411	0.6040215077622808	
0.7591230868337673	0.60509576457687	
0.7572450773691235	0.6051283547247925	
0.7559139429044797	0.6064109448727149	
0.7535679606809931	0.6068487414330844	
0.7507529485157546	0.6045764983204395	
0.7485629141467747	0.600949953201811	
0.7367612800459045	0.5854996387977381	
0.7361332705812607	0.5846988956123274	
0.7340990111166168	0.5830648190935832	
0.7156250000000002	0.5542708333333334	
0.714765625	0.5525	
0.7085987156948755	0.5445788056421443	
0.7002034748775767	0.5366047668304518	
0.6916746136451549	0.5272536065581962	
0.6940304414651616	0.5331640630303554	
0.6841882149748223	0.5218862482021518	
0.6738865700537696	0.511004798339222	
0.6905177926451753	0.48410420745638055	
0.6544250413523404	0.4946259327708466	
0.6298947900679555	0.46462682476533484	
0.6176301637842411	0.4552527167608826	
0.660234375	0.5318750000000001	
0.653046875	0.5289583333333334	
0.64515625	0.5265625	
0.641640625	0.5252083333333333	
0.633203125	0.5218749999999999	
0.6251259630088034	0.5194956879875227	
0.6154577952976685	0.5176319114139608	
0.6074999999999999	0.5178125	
0.5999775057250696	0.5153226273051735	
0.5962657043289749	0.5146052549338818	
0.5896875000000001	0.5123958333333333	
0.5821875000000001	0.5098958333333333	
0.577890625	0.5085416666666667	
0.567265625	0.5062500000000001	
0.5571875000000001	0.5060416666666666	
0.552734375	0.5055208333333333	
0.543984375	0.5055208333333333	
0.5354687499999999	0.5048958333333333	
0.5311879625832144	0.5055231169151231	
0.519609375	0.5040625000000001	
0.5116406250000001	0.5028125	
0.50734375	0.5030208333333333	
0.4994313229073682	0.5022355833067571	
0.490546875	0.5019791666666666	
0.4863281250000001	0.503125	
0.47781250000000003	0.5054166666666666	
0.4694531250000001	0.5070833333333333	
0.4646875	0.5066666666666666	
0.45781250000000007	0.5092708333333332	
0.4504687499999999	0.5098958333333333	
0.4429687500000001	0.5105208333333333	
0.43890625000000005	0.5104166666666667	
0.431162612001679	0.5108945705225285	
0.4223437499999999	0.5126041666666666	
0.41421874999999997	0.5135416666666666	
0.40539062500000006	0.514375	
0.397578125	0.5166666666666666	
0.390703125	0.5191666666666666	
0.38453125	0.5210416666666666	
0.378984375	0.5234375	
0.37296874999999996	0.5254166666666668	
0.370625	0.5253125	
0.36453125	0.5254166666666666	
0.359140625	0.5258333333333334	
0.35695312500000004	0.5262499999999999	
0.35328125000000005	0.5273958333333333	
0.34929687499999995	0.530625	
0.34398437499999995	0.5356249999999999	
0.34234374999999995	0.5376041666666665	
0.338671875	0.5384374999999999	
0.33539062499999994	0.5397916666666666	
0.33421875	0.5405208333333332	
0.32984375000000005	0.5413541666666666	
0.325859375	0.5434375	
0.321328125	0.5487500000000001	
0.319453125	0.5514583333333333	
0.318023085330228	0.5581821117747291	
0.3168612368460034	0.564386501642747	
0.3159364455120557	0.5674660061027346	
0.31477749191440546	0.5734621863183171	
0.31361855519005755	0.57800003392146	
0.31175649480402523	0.5818087149151143	
0.3098163095241423	0.585200729246637	
0.30850112425267856	0.5901552435785196	
0.3060921889818827	0.5963597579104305	
0.30477700371113975	0.5991267722423437	
0.30393056844040095	0.6039771199075903	
0.30433413316966257	0.6088274675728371	
0.3053626978989242	0.613677815238084	
0.3055318876281857	0.6164448295699974	
0.3063943374880639	0.6215655831021405	
0.3076783959479875	0.625960252706142	
0.30865241189003373	0.6280635001526624	
0.3074586465452322	0.6284503868976509	
0.30622158627449386	0.6280924012295644	
0.30646890100375546	0.6264844155614779	
0.3053880907330171	0.6250847632267246	
0.3059479054622787	0.6227476108919713	
0.3069764701915404	0.6223896252238847	
0.307301909920802	0.6226566395557981	
0.30731484965006356	0.6230278205543781	
0.30803091437932517	0.6238156682196249	
0.32570312500000004	0.619375	
0.32664062499999996	0.6188541666666667	
0.32953125000000005	0.6184375	
0.333046875	0.6176041666666665	
0.33557769246173386	0.6165431000078849	
0.33892252468093503	0.6157374552793751	
0.34106775568718056	0.6147988827679287	
0.344395951026366	0.6127219355409372	
0.34975627592239483	0.6087705798985216	
0.35614012608591594	0.6011765866885055	
0.3601707149406975	0.5988124985590124	
0.3677169287452837	0.5947817437745766	
0.373203125	0.5898958333333333	
0.38273437499999996	0.5870833333333333	
0.38671875	0.5862499999999999	
0.39492187500000003	0.5845833333333332	
0.40416614925306105	0.5827896441175044	
0.40737419062128166	0.5814362431525398	
0.414921875	0.5804166666666666	
0.4228906250000001	0.5774999999999999	
0.43171874999999993	0.5740625	
0.44164062499999995	0.5726041666666666	
0.453125	0.5687500000000002	
0.457890625	0.5670833333333333	
0.46984375000000006	0.5632291666666667	
0.48156250000000006	0.5581249999999999	
0.4926562499999999	0.5533333333333333	
0.49765625	0.5503125	
0.5089843749999999	0.5466666666666666	
0.5203125	0.5440625	
0.532578125	0.5423958333333333	
0.5392187500000001	0.5438541666666665	
0.550390625	0.5445833333333333	
0.56015625	0.5445833333333334	
0.5748437499999999	0.5405208333333333	
0.58421875	0.5366666666666666	
0.589609375	0.5334375	
0.600703125	0.5309375000000001	
0.611796875	0.53	
0.622578125	0.5308333333333334	
0.6329687500000001	0.5315624999999999	
0.638671875	0.5327083333333333	
0.648671875	0.5345833333333333	
0.658062207657965	0.536125310105911	
0.6674770485051026	0.5364144554563194	
0.6757031250000001	0.5366666666666666	
0.6853125	0.5378125	
0.6889843750000002	0.5377083333333333	
0.7029687500000001	0.5393749999999999	
0.7108593750000001	0.5405208333333335	
0.71484375	0.5404166666666667	
0.7230468750000001	0.5401041666666666	
0.7309375000000001	0.5391666666666667	
0.7343750000000001	0.5387500000000001	
0.7415625	0.5397916666666667	
0.7478906249999999	0.5417708333333333	
0.7509375	0.5432291666666667	
0.7584375	0.5456249999999999	
0.7644776805034471	0.5457459948264571	
0.7712314254271505	0.5460392133105938	
0.7786561098670038	0.5471427118183259	
0.7855317141584635	0.5473070305907191	
0.7913915185473053	0.5476795494672675	
0.7975638090636451	0.5497187244433334	
0.8030514442708047	0.5524299490136356	
0.8084779635346262	0.5544998638369854	
0.8132794827986538	0.5568822786616789	
0.8158935020626981	0.5584313601531459	
0.8192719947910586	0.5611662257128965	
0.8227234097114146	0.565713424736963	
0.8259540513600623	0.5688259826257537	
0.8286631278923775	0.5709598102564035	
0.8323090304758646	0.5737236959522806	
0.8358251433909402	0.5756954495051577	
0.8388684084930172	0.5792329709542294	
0.840973848574691	0.5823540849317076	
0.8418455261650724	0.5857544266236553	
0.8427043955588787	0.589192885009212	
0.8444564986241065	0.590552130314177	
0.8453492266764714	0.5915988756294002	
0.8422976274952896	0.5819027528756676	
0.8414741467593352	0.5851185010338105	
0.8398732047642907	0.5855817748429594	
0.8384800934009053	0.5876805921958826	
0.8372885834863073	0.5883314139497813	
0.8367616347990363	0.5884414823139712	
0.8390066161403281	0.6016136158200356	
0.8369238873436083	0.5981629899826668	
0.8360222816076538	0.596899571474143	
0.8340269258716994	0.5964694862989524	
0.833203445135745	0.5952060677904285	
0.8331612143997903	0.5954009826152379	
0.832650233663836	0.5964292307733807	
0.8326861279278814	0.5965199789315234	
0.832331397191927	0.5973398937563328	
0.8319766664559725	0.597326475247809	
0.8306063107200181	0.5975213900726185	
0.8278201444265256	0.599036262008583	
0.8248199690985129	0.6006215578096812	
0.8215065727994931	0.6007457521885939	
0.8166092627762003	0.6005927160385228	
0.8131295320402456	0.6007876308633322	
0.8087123013042913	0.5996283790214749	
0.8051544455683368	0.5988857938462844	
0.8016747148323823	0.5984557086710939	
0.7975241970171763	0.6006748748364682	
0.7939340033604732	0.572803871654046	
0.7899598004778114	0.56850213623146	
0.7853339168885645	0.5785062013036649	
0.7834948111526099	0.6108886161284742	
0.7822025804166554	0.6123335309532838	
0.7776290996807009	0.6147159457780932	
0.7727431189447465	0.6178275272695692	
0.776138388208792	0.5689599420943786	
0.7786230314314907	0.5483224789906845	
0.695390625	0.5896874999999999	
0.688671875	0.5891666666666666	
0.6822656250000001	0.5888541666666666	
0.6756249999999999	0.5872916666666665	
0.671640625	0.5860416666666667	
0.6651562500000001	0.5827083333333334	
0.6599999999999999	0.5818749999999999	
0.6567968750000001	0.580625	
0.6500781250000001	0.5790624999999999	
0.644140625	0.5771874999999999	
0.641484375	0.5765625	
0.63546875	0.5751041666666666	
0.62953125	0.5730208333333333	
0.621328125	0.5705208333333333	
0.6176562500000001	0.569375	
0.607734375	0.5677083333333333	
0.598828125	0.5660416666666667	
0.5892187499999999	0.5645833333333334	
0.5840625	0.5646875	
0.574921875	0.5632291666666667	
0.5648437499999999	0.5617708333333333	
0.55546875	0.5599999999999999	
0.550078125	0.5589583333333333	
0.5392187500000001	0.5564583333333333	
0.5297656249999999	0.5545833333333334	
0.5196093750000002	0.5528124999999999	
0.510859375	0.5517708333333333	
0.505078125	0.5512499999999999	
0.49499999999999994	0.5513541666666667	
0.48468750000000005	0.5507291666666666	
0.47328125	0.5483333333333333	
0.4605468750000001	0.5470833333333334	
0.4490625	0.5459375	
0.44351562499999997	0.5463541666666667	
0.43351562499999996	0.5461458333333333	
0.42546875	0.5443749999999999	
0.416484375	0.5422916666666667	
0.41187500000000005	0.54	
0.40296875	0.5356249999999999	
0.39484375000000005	0.5306249999999999	
0.39171875	0.5286458333333333	
0.38031250000000005	0.5262499999999999	
0.377265625	0.5261458333333333	
0.37117187500000004	0.5255208333333332	
0.365078125	0.5260416666666666	
0.35921875000000003	0.5261458333333333	
0.35406250000000006	0.525625	
0.351953125	0.5244791666666667	
0.347109375	0.5214583333333332	
0.3411310285309048	0.517660223876651	
0.33839342602586353	0.5150724478793002	
0.333155919029674	0.5106753749055843	
0.3306417132844744	0.5059374401305573	
0.32737644714190317	0.5047257158412182	
0.3261017973373369	0.5014648517084174	
0.32445312499999995	0.4996875	
0.32351562500000003	0.49864583333333334	
0.3234375	0.49729166666666663	
0.32281250000000006	0.49312500000000004	
0.321552673513349	0.4902151542894182	
0.32133024328007137	0.4890805725346604	
0.3202136505457771	0.4852420664966708	
0.31913540315101613	0.48181905155754956	
0.3199699043727392	0.4767805038985635	
0.3194096087424498	0.47542146034865096	
0.32031148024497424	0.47263064137697164	
0.32146921390604744	0.46887208949228765	
0.3226427183987591	0.46793918993280936	
0.3245005093141983	0.4656643705750169	
0.3259661810370067	0.462869689251324	
0.32727040657919587	0.4589872582290998	
0.326416017250288	0.4580525087465478	
0.3274366279213806	0.4583677592639958	
0.32806661359247324	0.4598288431147772	
0.3293215992635658	0.4606649269655586	
0.33088908493465846	0.4620218441496732	
0.33144094560575105	0.4628579280004546	
0.3348834312768437	0.4609856785179026	
0.3384821669479362	0.45932176236868394	
0.34254965261902887	0.45869951288613187	
0.34341401329012144	0.4581814300702466	
0.3448102363718504	0.45767175364374546	
0.34568960963230666	0.4591244311051426	
0.36617187500000004	0.4600000000000001	
0.36929687499999997	0.46385416666666657	
0.3789569869674474	0.4669900398826784	
0.3877366026732091	0.46786287036506397	
0.395233560486546	0.467383804504555	
0.38367187499999994	0.4692708333333334	
0.38812500000000005	0.469375	
0.39140625000000007	0.4698958333333333	
0.39734375	0.47166666666666657	
0.40328125000000004	0.47281249999999997	
0.40648437499999995	0.4735416666666666	
0.4119992761670506	0.47588115273059	
0.418828125	0.476875	
0.4242537635154829	0.4771850033331574	
0.43062500000000004	0.4772916666666666	
0.43453125000000004	0.4772916666666666	
0.44507812500000005	0.4776041666666666	
0.45234375	0.47906249999999995	
0.45593749999999994	0.4788541666666667	
0.462421875	0.4791666666666667	
0.46906250000000005	0.4802083333333333	
0.47671874999999986	0.4802083333333334	
0.4797656249999999	0.4805208333333333	
0.48624999999999996	0.4805208333333334	
0.49226562500000004	0.4802083333333333	
0.4982812500000001	0.47843749999999996	
0.503671875	0.47625	
0.51015625	0.47375	
0.5132031250000001	0.4729166666666666	
0.519296875	0.47145833333333337	
0.52609375	0.4703125	
0.5335156249999999	0.47062499999999996	
0.540078125	0.47062499999999996	
0.5470312500000001	0.47145833333333326	
0.5497656249999999	0.4711458333333332	
0.5549999999999999	0.4698958333333333	
0.5599999999999999	0.46906250000000005	
0.5645312500000002	0.4661458333333333	
0.5674218750000001	0.4658333333333332	
0.57125	0.46364583333333337	
0.5765625	0.4633333333333334	
0.5817187500000001	0.46208333333333335	
0.5841406250000001	0.46218750000000003	
0.58921875	0.4619791666666667	
0.5943750000000001	0.4615625	
0.59828125	0.46260416666666665	
0.6028125000000001	0.4624999999999999	
0.60578125	0.46239583333333323	
0.6116971210430476	0.46306537063448694	
0.617890625	0.4630208333333333	
0.6221875000000001	0.4633333333333334	
0.6272656250000002	0.4622916666666666	
0.630078125	0.4618749999999999	
0.6307031249999999	0.46062499999999995	
0.632265625	0.4583333333333333	
0.6332812499999999	0.4565625	
0.633984375	0.4567708333333333	
0.6350032661883728	0.4560024880464325	
0.6350018065517485	0.456683492798057	
0.6368729155480001	0.4572761600484087	
0.6379026936223742	0.45859932754774196	
0.6391854034756003	0.4605877083434159	
0.6399336611277382	0.46377906361087734	
0.6409374999999999	0.46760416666666665	
0.641953125	0.4699999999999999	
0.6435156249999999	0.4734375	
0.6453320149308619	0.47495355462322253	
0.647734375	0.4768749999999999	
0.649791977378101	0.4808718263182411	
0.6508433572655326	0.48335347732625616	
0.6515048451398553	0.48749949987523544	
0.6534881982421048	0.4940557049838075	
0.6549656121346998	0.5015888493667338	
0.6574213372731774	0.5080449343286076	
0.6602043088257721	0.5133516012489008	
0.6614259499987146	0.5152204838459902	
0.6646022198782897	0.5173564729146849	
0.6665150434880985	0.5214430371337471	
0.6683639935905846	0.52499875234376	
0.6706816936930704	0.5268878008871057	
0.672608768795556	0.5320060160971182	
0.6753141464246357	0.5367080536494802	
0.6769258576742421	0.5394096062453708	
0.6795124308760283	0.5464967125464624	
0.6817899189643297	0.5522050289130365	
0.6834797624141242	0.5544880792200608	
0.6868102308672285	0.5611461286833886	
0.6895156993205951	0.5639500114131317	
0.6917932525331556	0.562297505579342	
0.694931483095181	0.564473026987381	
0.6962545198204122	0.566834001530576	
0.698806594922898	0.5715355500739216	
0.6994836700253837	0.575403765283934	
0.7008638701278691	0.5791678138272797	
0.7032596952303549	0.5824110290372921	
0.7032602882102459	0.5832312789270244	
0.7062544704353262	0.5865016261239837	
0.7087110142698381	0.5890655518605379	
0.7113433670011368	0.5924311941049953	
0.7123366460576246	0.5961068286426933	
0.712470673158365	0.5999905976135151	
0.7109679709477544	0.6051135355073791	
0.7128169210502399	0.607940084050725	
0.7151346211527254	0.6095166325940707	
0.7154991962552112	0.6104681811374164	
0.7164106463576969	0.6105863963474287	
0.7176345964601825	0.6111212782241079	
0.6890625000000001	0.6327083333333334	
0.6878125	0.6329166666666666	
0.6865625	0.6344791666666667	
0.6808586733283888	0.638343951974965	
0.681875	0.6354166666666666	
0.6800989453035075	0.6340268948749429	
0.6773437500000001	0.630625	
0.6742968750000001	0.6268749999999998	
0.671703444128491	0.6241882650459292	
0.67	0.6246875000000001	
0.6653125	0.6227083333333334	
0.6601734487384475	0.6225762265149777	
0.653515625	0.6211458333333334	
0.6475000000000001	0.6176041666666665	
0.644609375	0.6151041666666666	
0.6392144520720117	0.6119954767350549	
0.63234375	0.6091666666666666	
0.6295839599556478	0.6086859464988861	
0.62203125	0.6077083333333333	
0.61421875	0.6066666666666667	
0.605234375	0.6022916666666667	
0.597421875	0.5967708333333333	
0.593515625	0.594375	
0.5840625	0.5885416666666666	
0.573046875	0.585625	
0.5683593750000001	0.58375	
0.5557470995694265	0.5845599605385969	
0.544609375	0.5854166666666666	
0.538125	0.5855208333333334	
0.5273162804325048	0.5846595763196806	
0.5153740457820006	0.5823138442623954	
0.5102255321409832	0.5799660387602676	
0.49820176833938784	0.5760555688016653	
0.4875	0.56875	
0.47484374999999995	0.565625	
0.46296875000000004	0.5640625	
0.4490625	0.563125	
0.43671875	0.5641666666666667	
0.43062500000000004	0.5633333333333334	
0.41781250000000003	0.5598958333333333	
0.40617187499999996	0.5559375	
0.398828125	0.5533333333333333	
0.38445312499999995	0.5492708333333333	
0.37015625	0.5464583333333334	
0.36335937500000004	0.5457291666666666	
0.34921875	0.5451041666666666	
0.3353125	0.5454166666666665	
0.32125	0.5442708333333333	
0.30765624999999996	0.5426041666666667	
0.293359375	0.5407291666666666	
0.278125	0.5385416666666666	
0.264765625	0.5362499999999999	
0.25796874999999997	0.5356249999999999	
0.24578125	0.5345833333333333	
0.23390624999999998	0.53375	
0.22703125000000002	0.5360416666666665	
0.21492187499999998	0.5363541666666667	
0.20359374999999996	0.538125	
0.19800662488702242	0.538718878601039	
0.1880011564338418	0.5397188284677543	
0.1782883989448524	0.5385038002483201	
0.17099413333569183	0.5357322923360106	
0.16283361947343172	0.5338532271788765	
0.15506256003638844	0.5336389464048094	
0.1475257827545305	0.5358203496696655	
0.1435046231086325	0.5374809077598159	
0.1368272128786514	0.540703964910761	
0.13054042760234338	0.5434061886538791	
0.13047760369599587	0.5383973578079162	
0.1249003098506426	0.5386232398158585	
0.11932301600526565	0.5385366218237635	
0.11296447215988681	0.5395958371649994	
0.11040196908108775	0.5394521105174325	
0.11121798409833998	0.544440179186249	
0.11158340200711443	0.5483522711242677	
0.11373227907106002	0.5508864197400651	
0.11646048905661192	0.5532382275957732	
0.11903502346095225	0.5565295970674324	
0.12035976205680488	0.5589877967240172	
0.12270014184822516	0.5607168426834805	
0.12441552292420624	0.5616125563382977	
0.125115279102073	0.563966603408039	
0.12597128528802087	0.565278983817585	
0.12783300359635494	0.5674834274433836	
0.12989007567423808	0.5699324942255799	
0.13342359594914316	0.5725160868973113	
0.1382072424642819	0.5755163073681198	
0.14345444122118117	0.5765283858680547	
0.14727919740782525	0.5795074329448249	
0.1532914535944693	0.5836323133549283	
0.16031933478111335	0.5881738604316985	
0.16930034096775742	0.5924029075084687	
0.17882822215440147	0.5946527879185722	
0.18429360334104553	0.5978401683286756	
0.19382148452768957	0.6000900487387792	
0.16375	0.553125	
0.172734375	0.5548958333333334	
0.17750000000000002	0.5554166666666667	
0.1878125	0.5556249999999999	
0.19828124999999996	0.5567708333333333	
0.2046875	0.5565625	
0.21595627424248826	0.5589214363732504	
0.22804687500000004	0.55875	
0.24117187499999998	0.5591666666666667	
0.25453125	0.5574999999999999	
0.26843749999999994	0.5566666666666668	
0.27562499999999995	0.5578125	
0.28984375000000007	0.5586458333333334	
0.30437500000000006	0.5597916666666667	
0.31171875	0.5605208333333334	
0.3271875	0.5625	
0.34351562500000005	0.5639583333333333	
0.35226562499999997	0.5632291666666667	
0.36906249999999996	0.5639583333333333	
0.38734375	0.5645833333333334	
0.40531249999999996	0.5629166666666666	
0.42312500000000003	0.5627083333333334	
0.45	0.5623958333333332	
0.459765625	0.5629166666666666	
0.47874999999999995	0.56375	
0.49859375000000006	0.5658333333333333	
0.517109375	0.5685416666666666	
0.526015625	0.5684375	
0.545703125	0.568125	
0.56359375	0.565625	
0.5825	0.5639583333333333	
0.5996875	0.5629166666666666	
0.61703125	0.5633333333333332	
0.6363281249999999	0.5644791666666666	
0.6535937500000001	0.5657291666666666	
0.661875	0.5661458333333333	
0.6884375	0.5635416666666667	
0.706328125	0.5604166666666667	
0.7150467217352444	0.5587437887508104	
0.731818693488541	0.5565342158561191	
0.7479661807945215	0.5565108848858588	
0.7644262089918605	0.5564874541306084	
0.7730737404325214	0.556151515460854	
0.7885962721304282	0.5569614094966895	
0.8034938038487385	0.5569379701494019	
0.8175877769090796	0.5556303607892688	
0.8198160545818407	0.5583259319990839	
0.8319531250000001	0.5564583333333333	
0.8430468750000001	0.5551041666666667	
0.85375	0.5561458333333335	
0.8640625	0.5573958333333333	
0.8738730907090094	0.5586349894145011	
0.883140464728814	0.5588837526294798	
0.8890949798490674	0.5602069200508955	
0.8982552275127651	0.5596925316269769	
0.9072705616998359	0.5588340744645789	
0.9123312010983197	0.5588680426697961	
0.9194386765943386	0.5583678530999531	
0.923125	0.5570833333333333	
0.9262736044574027	0.5577881307383936	
0.9311807714090137	0.5578065475865068	
0.9355842693399676	0.5574606370448377	
0.9379216779763698	0.557571862056151	
0.9407161602450905	0.5565374506760733	
0.9426906221319241	0.5541306120142151	
0.943359375	0.5514583333333334	
0.943125	0.5495833333333333	
0.9419883004180925	0.5480170822765305	
0.9403616417396046	0.5459521073964326	
0.9364180334769276	0.5449173046655381	
0.9320086698230746	0.5471104108224362	
0.9276170304550396	0.5486464031484906	
0.924429274562797	0.5499001408204511	
0.9190700175896993	0.5508232164086558	
0.9140428325152135	0.5522252173955733	
0.9057691922426262	0.5540816167390515	
0.897136534412982	0.5553432642756736	
0.8885429466447047	0.5559357795017537	
0.8801056088764246	0.555174128061166	
0.8593750000000002	0.5541666666666667	
0.8535937499999999	0.5552083333333333	
0.843125	0.5580208333333333	
0.8321093750000002	0.5601041666666666	
0.82640625	0.5604166666666666	
0.813125	0.5610416666666665	
0.800390625	0.5599999999999999	
0.7933167573600564	0.5583893763594658	
0.7805422480140756	0.5571274496787322	
0.76515625	0.5571875	
0.7500781250000002	0.5572916666666666	
0.743125	0.5578124999999999	
0.7284375000000001	0.5585416666666666	
0.7130468750000001	0.5597916666666666	
0.6968750000000001	0.5588541666666667	
0.680703125	0.5595833333333333	
0.6729687500000001	0.5595833333333333	
0.657109375	0.5594791666666667	
0.641328125	0.5605208333333334	
0.624453125	0.5608333333333333	
0.6075	0.5626041666666667	
0.5987500000000001	0.5632291666666667	
0.581796875	0.5636458333333333	
0.563203125	0.5643749999999998	
0.5447656249999999	0.5652083333333333	
0.52609375	0.5664583333333333	
0.5078125	0.5674999999999999	
0.48968749999999994	0.5686458333333333	
0.47093750000000006	0.5709375	
0.46125000000000005	0.5719791666666667	
0.441875	0.57375	
0.42320312499999996	0.5747916666666666	
0.4132812500000001	0.5753125	
0.39390625	0.5773958333333333	
0.37578124999999996	0.579375	
0.3575	0.5819791666666666	
0.339765625	0.5836458333333333	
0.32265625	0.5849999999999999	
0.305546875	0.5870833333333334	
0.29710937500000006	0.5876041666666667	
0.273359375	0.588125	
0.265859375	0.5884375	
0.24921875	0.590625	
0.23512312598430518	0.5918815013073038	
0.22087847831690963	0.594941462728446	
0.21311877881150076	0.5971706786281841	
0.19921874999999997	0.5957291666666666	
0.18671875000000002	0.5964583333333333	
0.17421670763269165	0.595418330382077	
0.16265625	0.5939583333333334	
0.15632812499999998	0.5941666666666667	
0.144375	0.5957291666666666	
0.13429687499999998	0.5965625	
0.12578124999999998	0.5974999999999999	
0.11734375	0.5982291666666667	
0.10960937500000001	0.598125	
0.10601562499999999	0.5978125	
0.100390625	0.5984375	
0.09609374999999999	0.5991666666666667	
0.09372631623776624	0.6000660406605889	
0.0903125	0.6001041666666665	
0.08711534126738067	0.6014886655187441	
0.0857579633056047	0.6023581302620556	
0.08556531282109371	0.6015940486441408	
0.08555317740529733	0.6018155824440525	
0.08640261175705213	0.601052152110376	
0.08631325778163897	0.6009157168719206	
0.08786442662181278	0.5996336065422609	
0.08957183735717092	0.5985598420970006	
0.09530923998769596	0.5970066149367617	
0.09984374999999998	0.5937499999999999	
0.105390625	0.5909374999999999	
0.11281249999999998	0.5873958333333332	
0.12164062499999999	0.5853124999999999	
0.12611033199410507	0.5835865670163976	
0.13578125000000002	0.5828125	
0.146328125	0.5805208333333333	
0.15691869689977783	0.5773855513107561	
0.16792301425246703	0.5731804321577754	
0.17343749999999997	0.5713541666666666	
0.18546875	0.5653124999999999	
0.19828125000000002	0.5623958333333332	
0.21234375000000005	0.5598958333333334	
0.22710937500000003	0.556875	
0.23429687500000002	0.5559375	
0.24929687499999997	0.5540625	
0.26390625	0.5511458333333332	
0.279609375	0.5484375	
0.294375	0.5436458333333334	
0.30265625	0.5407291666666667	
0.31851562499999997	0.53625	
0.33476562500000007	0.5315624999999999	
0.352734375	0.5282291666666665	
0.36187499999999995	0.5271874999999999	
0.379765625	0.5241666666666667	
0.397265625	0.5210416666666667	
0.4143798691693702	0.518495466478835	
0.43054687499999994	0.5160416666666667	
0.439296875	0.5166666666666666	
0.45710937500000004	0.5169791666666667	
0.47601562499999994	0.5195833333333334	
0.48492187500000006	0.5198958333333333	
0.503125	0.5209374999999998	
0.5211718750000001	0.5241666666666667	
0.5303906250000001	0.5255208333333333	
0.549296875	0.5286458333333333	
0.566875	0.5307291666666666	
0.57546875	0.5329166666666667	
0.5926562499999999	0.535	
0.6103125	0.5375	
0.6274218750000001	0.5408333333333333	
0.6442187500000001	0.5429166666666666	
0.6596875	0.5448958333333334	
0.667578125	0.5463541666666667	
0.68296875	0.549375	
0.6984375	0.5521874999999999	
0.7124218750000002	0.5541666666666666	
0.7257031250000001	0.5553125	
0.7328125	0.5564583333333333	
0.7456250000000001	0.5576041666666666	
0.758125	0.5577083333333334	
0.769765625	0.5588541666666667	
0.7812500000000001	0.5605208333333332	
0.793063542906134	0.5618254728782491	
0.8028906250000001	0.5629166666666666	
0.8122172156478719	0.5630098328517466	
0.820890908994882	0.563734044459771	
0.8302655146513706	0.5640420688973397	
0.839609375	0.5628124999999999	
0.8440625	0.5621875000000001	
0.8519129575231611	0.5619361386978542	
0.85875	0.561875	
0.865625	0.5619791666666667	
0.8692187500000002	0.5616666666666668	
0.8759375	0.5609375	
0.8834819615567591	0.561237703396223	
0.886766710926209	0.5607559945671078	
0.8943016789731832	0.558593477229141	
0.897797362136022	0.5587813772022181	
0.9014843749999999	0.5564583333333333	
0.9052685644650017	0.5538115239730672	
0.9078208443070099	0.5510990667604513	
0.9097920996019013	0.5496533945442708	
0.9117344738249397	0.5491861684275028	
0.9107812500000001	0.5495833333333333	
0.910546875	0.5507291666666666	
0.9095312499999999	0.5520833333333334	
0.9093243521957868	0.5529749148019032	
0.9079446827796126	0.5540108508833668	
0.905847383043351	0.5551386223149809	
0.9045231187871705	0.5555681612935217	
0.8991727928035299	0.5564102539920192	
0.8958651564423643	0.5558772795901104	
0.8940329562918118	0.5564365783705678	
0.8905963188879623	0.5572265244482321	
0.8874185508921837	0.5575685013599709	
0.88299272568452	0.5576996621625785	
0.877814431730896	0.5579933526165757	
0.8715624999999999	0.5567708333333333	
0.8647656250000001	0.5582291666666667	
0.8579687500000002	0.5586458333333333	
0.850859375	0.5602083333333334	
0.84734375	0.5607291666666667	
0.8404423713753237	0.561290188843329	
0.8320809374204291	0.5621488604704518	
0.8221407810500343	0.5627189955619839	
0.8132829728768065	0.5631805117762985	
0.8018746448983258	0.5620455274073167	
0.7970783245910941	0.5633159368247017	
0.785859375	0.5616666666666666	
0.7741850412192769	0.5611522957041029	
0.7673601155974212	0.5606711010771319	
0.7552343749999999	0.5609375	
0.74328125	0.5615625	
0.736484375	0.5617708333333333	
0.7238281249999999	0.5621875	
0.71015625	0.5615624999999999	
0.703515625	0.5616666666666666	
0.690113211113913	0.5618866513705263	
0.6753906250000001	0.5610416666666665	
0.6605468749999999	0.5618749999999999	
0.64578125	0.5606249999999999	
0.6314062500000001	0.5597916666666667	
0.6168750000000001	0.5606250000000002	
0.6089062499999999	0.5609375	
0.594453125	0.5625	
0.57953125	0.5645833333333333	
0.5644531250000001	0.5661458333333333	
0.556484375	0.5667708333333332	
0.541328125	0.5670833333333334	
0.526171875	0.568125	
0.518828125	0.5682291666666666	
0.5049218750000001	0.5686458333333333	
0.490546875	0.5702083333333332	
0.47531249999999997	0.5698958333333334	
0.46015625	0.5720833333333333	
0.4448437500000001	0.5736458333333333	
0.43046875	0.575	
0.42296875	0.5761458333333334	
0.4086718749999999	0.5765624999999999	
0.39281249999999995	0.5774999999999999	
0.3860156249999999	0.5776041666666665	
0.372421875	0.5778125	
0.3584375	0.5773958333333333	
0.35132812499999994	0.5779166666666666	
0.33820312500000005	0.5784374999999999	
0.32421875000000006	0.5797916666666666	
0.31023437499999995	0.5823958333333333	
0.296640625	0.5828125	
0.283515625	0.5820833333333333	
0.26945312499999996	0.5806250000000001	
0.26249999999999996	0.5803125	
0.24890625000000002	0.5789583333333334	
0.23625000000000002	0.5779166666666666	
0.230859375	0.5777083333333334	
0.218984375	0.5770833333333333	
0.20640624999999999	0.5786458333333334	
0.19445312499999998	0.5785416666666665	
0.1890625	0.5789583333333332	
0.1784375	0.5780208333333333	
0.16773264531458065	0.57658226035854	
0.15639329048979106	0.575930836267954	
0.1460008685215966	0.5738897364742958	
0.13617187499999997	0.5725	
0.12765624999999997	0.5720833333333333	
0.11921875	0.5728125000000001	
0.1153125	0.573125	
0.10765624999999998	0.5754166666666667	
0.10140625	0.5752083333333333	
0.098203125	0.5741666666666665	
0.09343749999999999	0.5734375	
0.08909377647204246	0.5719335544505324	
0.08464277676750588	0.5702728497333084	
0.08063871814678075	0.5693406984086725	
0.07723124948497409	0.5705223177098447	
0.07427412037009104	0.5703685294006059	
0.07194771606547573	0.5691362437358456	
0.06985614082749145	0.5692634655297015	
0.07000762168688367	0.5734780291202877	
0.06934274547534461	0.5763321823286413	
0.07056679091811774	0.5778503789273091	
0.0750536022786338	0.5715137477408476	
0.07726443397289683	0.5736227000152019	
0.07986589761366424	0.5761483280425164	
0.08340486180539765	0.5787781234571822	
0.08460007604083125	0.5796370855956761	
0.08806091527973096	0.5800793810720373	
0.09264979125322742	0.5802092066053145	
0.096232593758102	0.5796098053588405	
0.10086530799730016	0.5775521008355922	
0.10635739723649844	0.5767443963123438	
0.10942761147569675	0.5771866917890955	
0.11616970071489505	0.5782539872658472	
0.12369303995409338	0.5811962827425989	
0.12746637919329168	0.5828885782193506	
0.13483346843248997	0.585935040362769	
0.1425130576716883	0.5880440025061874	
0.1463645219108866	0.5885904646496057	
0.1538878611500849	0.5891369267930241	
0.1613330753892832	0.5901000556031091	
0.16940328962848153	0.5897090177465276	
0.17371718667768565	0.5903843885174146	
0.18609059310687812	0.5921561087000311	
0.19486393234607643	0.5954109041767828	
0.19957477158527476	0.5973115329868679	
0.20819186082447305	0.602545495130286	
0.2165745750636714	0.6063211239403712	
0.22464478930286966	0.6106175860837896	
0.22888687854206796	0.6125182148938746	
0.2381743067556711	0.6145280202922204	
0.2480741820204646	0.616527805847378	
0.2581756462596629	0.6174909346574631	
0.26265211049886117	0.6180373968008814	
0.27306607473805944	0.6184796922776331	
0.2837925389772578	0.6204844877543849	
0.2881908782164561	0.6219684498978034	
0.32585937499999995	0.6078124999999999	
0.33203125	0.60875	
0.35101562500000005	0.6111458333333333	
0.35773437500000005	0.6102083333333332	
0.3720312500000001	0.6091666666666666	
0.38577896855394783	0.6094053804391752	
0.39350877247380145	0.6087472215662919	
0.408341573260533	0.6091339517421581	
0.421875	0.6109375	
0.42898437500000003	0.6123958333333334	
0.442890625	0.6157291666666667	
0.45609374999999996	0.6192708333333333	
0.46351562500000004	0.6197916666666667	
0.47765625000000006	0.6212500000000001	
0.49289062499999997	0.6230208333333334	
0.507890625	0.6230208333333334	
0.522890625	0.6227083333333333	
0.5375	0.6232291666666667	
0.54390625	0.6235416666666668	
0.5576562500000001	0.6226041666666667	
0.5709375000000001	0.6226041666666666	
0.584921875	0.6203125	
0.5987500000000001	0.6178125000000001	
0.6064843750000001	0.6173958333333334	
0.620390625	0.6156249999999999	
0.6336718750000001	0.6133333333333332	
0.64609375	0.6102083333333332	
0.6572656250000001	0.6078124999999999	
0.669375	0.6046874999999999	
0.6808593749999999	0.6014583333333332	
0.6928906250000001	0.5980208333333332	
0.6983593750000001	0.5965624999999999	
0.710546875	0.59375	
0.7221875000000001	0.5901041666666667	
0.7340625000000001	0.5888541666666668	
0.744609375	0.5864583333333333	
0.7554803465354951	0.5841240277877098	
0.7610334797330063	0.5824046943352683	
0.7718986895171588	0.5794345655136091	
0.7830763657180362	0.5763602069401145	
0.7925781250000001	0.5775	
0.798203125	0.5759375	
0.8125781249999999	0.5733333333333334	
0.8173437499999998	0.5717708333333333	
0.8272656250000001	0.5679166666666666	
0.8358083616025326	0.5652821123640075	
0.8410027527758859	0.5632243990323946	
0.8501117361633387	0.5605199020821237	
0.8587469697147825	0.558439381905597	
0.8673975264483005	0.5569140144329443	
0.8722798245519003	0.5557102815251997	
0.879422603746997	0.5537954864268915	
0.8864508960992195	0.5505065561725263	
