0.13592790122141335
0.13757939483242793
0.13852891004700066
0.13890894433537535
0.13734468412914436
0.13671909307403624
0.13622752006444436
0.13541662119295747
0.13583962945015812
0.13685772763808385
0.13657842282245886
0.1369812201754593
0.1343767358952575
0.13429936135339432
0.13460820568845178
0.13412444094470416
0.13258333195840316
0.13282956424402823
0.13288733034678982
0.13073277875407102
0.1286532185881117
0.12740625789030985
0.12774154275447772
0.12904679390446744
0.12872672921874811
0.12861932291978997
0.12713942548283633
0.12606503224497784
0.12541526602487324
0.1273250090572629
0.13063532895871738
0.13172612068180953
0.13761722226915118
0.14044982822015398
0.142128574240518
0.1432406754340428
0.14610510622354594
0.14653906914057196
0.14881907468488514
0.15157293674421224
0.15222798149294858
0.15394215060412098
0.15439298785077143
0.15459764033683518
0.1545204038404409
0.15340537597528983
0.15158164825837428
0.15240358727356024
0.15001795636883147
0.15048206440440096
0.14706139347444408
0.14543514348760428
0.1417596268902327
0.1378862976280777
0.13360157514505008
0.1317226541274668
0.1309205078142513
0.12668527656447554
0.12164316918655993
0.11784149188818112
0.11542047019052444
0.11424211795526226
0.11533496112411941
0.11893123757754462
0.12409417457581493
0.13213264213681797
0.13951928058686047
0.14458700585347004
0.1465839075251116
0.14841394250943368
0.15180697717203992
0.15884149471520298
0.1640641351204229
0.1729361178682381
0.18218197677221765
0.18487975721070746
0.18503063331936626
0.18338673139084025
0.18208110196676744
0.17947418467108017
0.1783795570804523
0.17316562985712916
0.16552108267555404
0.15235890136560504
0.14695776714283587
0.13604185432133614
0.13133937258087597
0.12526334047486118
0.12334971975977564
0.12723056440239192
0.12971698169476403
0.1382630753453718
0.14538110390718254
0.15465064021881708
0.16168911482223675
0.16171856676215957
0.16241568538973614
0.16393895867725383
0.16575163317492952
0.167791103470568
0.17043128813033653
0.1723881078151181
0.1834110354770421
0.185428519020305
0.18877826517379423
0.18956671473435932
0.1923872248993994
0.19350576209757245
0.19525178107448596
0.19692593674790393
0.1980794544612926
0.200178491644252
0.20327668194598641
0.2045524617466393
0.20800746604858186
0.20841723968020345
0.20568499408753466
0.2036659617541849
0.20221415891635286
0.1973414867886912
0.1890560308418841
0.18566070477645602
0.1810245456250649
0.17826254681035283
0.1787600508132254
0.17994208293026046
0.18106206140339012
0.1809471846878236
0.1808308730620586
0.18129568509697286
0.18305410404713734
0.18341489721198068
0.18182808392588837
0.18336588301817083
0.1817828252285785
0.1822628278394503
0.1830180570395916
0.18396273373894814
0.18610997316409378
0.18856447402946516
0.1895144490301071
0.18817731593210296
0.18698404730257506
0.1857284820652733
0.18684185376142823
0.18621077183652726
0.18592655249872242
0.18418929863912714
0.18193861899558395
0.17898735937901836
0.17776534775062838
0.1801903536965487
0.18320347636681553
0.18589762151306483
0.18460694179682743
0.18457703862163227
0.18057172539101157
0.17832052060348147
0.1756700334663524
0.1710450566993787
0.16911117282787422
0.16851632300456024
0.16776447423665683
0.1692087446435278
0.17027519802672622
0.1720154330308353
0.17331396179873573
0.17306764395090904
0.1715457453037343
0.16839503209269693
0.16747548305573465
0.16674886822812038
0.16597230502037308
0.16473813828625938
0.16328727461133502
0.1616274604508686
0.16016188179397722
0.16055153404672468
0.16157444335415522
0.16270487942030387
0.16357650378894967
0.16242728336528361
0.16200795254307157
0.16229526718365972
0.1629577489854404
0.16539394690425263
0.16662603793752115
0.1700781942189089
0.17391505610118874
0.17529263075317672
0.1754805304024593
0.1757555874520773
0.17629550466481286
0.17750719990411357
0.17641782502576137
0.1757269752450888
0.1742112230369237
0.17563509472650807
0.17876252928042186
0.1836535297336977
0.18610083623560308
0.1900579209826875
0.18915142048701683
0.18909600028307896
0.18775923953127152
0.18660127420188755
0.18639450033935007
0.18614813489083706
0.18682441212178186
0.1857707755596505
0.18611235352315858
0.186337568801093
0.1864481578184459
0.18580101129498955
0.18560996921557163
0.1859591477164701
0.18660669558019818
0.18783161459198328
0.18820543764614522
0.18757309343370418
0.18505430613053692
0.1841757396779996
0.1808275081954976
0.17994033147689686
0.17948463813681184
0.1776646459915534
0.17495325978341375
0.17324132435801584
0.17181542064971703
0.16913724915042389
0.16903548114042333
0.16815683253788857
0.167825469394524
0.16739055476324669
0.16884426376114078
0.1712051324538217
0.17351107324794998
0.1750718009705153
0.17322648100477764
0.17106114527056615
0.16617574164621055
0.16063055561505823
0.15760265704457688
0.15460233150430672
0.14869641286170354
0.14789269157975746
0.14736690884752057
0.14725160594707068
0.15055343671428317
0.15215449889435287
0.15558082261188172
0.15754230133450525
0.16117607539447257
0.16283729636144503
0.16521684827899402
0.16626850855887784
0.16693815701113152
0.1677797028780284
0.16842469987714345
0.17032469320708998
0.1701675572804935
0.17007703809469707
0.16928858496300808
0.1696466656400485
0.16817710592945384
0.16656847287055299
0.16726258906309588
0.16447264587151608
0.1642250318025184
0.1653877124586235
0.16473779277922168
0.1647871880306599
0.16492780327033446
0.16384850388539302
0.16234460827248443
0.1612706039910187
0.16120530244360837
0.16245204187408563
0.16120342279272742
0.16070709381373477
0.16131105155423286
0.1604969538907401
0.16076680724191736
0.1624191736571929
0.1605345808027004
0.16064105590584377
0.15957654943368152
0.1582688026623637
0.15555831218978072
0.15230069859051334
0.1528083755920095
0.1519528135870988
0.15103043597303772
0.15081967997192253
0.15097860180868236
0.15008045122761146
0.15096172994441476
0.1488504474750485
0.14748536529880257
0.14502317600371417
0.14363175899411787
0.14392692824801545
0.144289618693979
0.1443231629679814
0.1448102367949867
0.14440001157478222
0.14273245786048352
0.14205790160923915
0.14054341264756243
0.13873312113149527
0.13851081682936006
0.13864319988286286
0.13719609235752075
0.13247072496966714
0.13066871496676513
0.12612900297676352
0.12151168766830296
0.11869959306281237
0.11460285334645073
0.1139657329955424
0.11421101990963882
0.11623735656497189
0.11564169309343089
0.11660251781378088
0.11780289264803072
0.11813789173067438
0.11789953358331737
0.1147790189574518
0.11359027138888862
0.11347232549975902
0.11381519461108443
0.11468000742394575
0.1160194110473094
0.1173072172372416
0.11896714123122468
0.11966366289687388
0.12056337319926072
0.12006994035485814
0.1205372448444785
0.12387129705217374
0.12447095936145909
0.1244456757985479
0.12525503918835207
0.127007108119705
0.12848132883227534
0.12770029883474027
0.1252696336174338
0.12080428764407194
0.11455760623756554
0.11528698561337605
0.11555144406695683
0.11675715554209938
0.12069759813491257
0.12768427027606122
0.1315880877684395
0.13691083409429297
0.14497903618913502
0.15067484840693668
0.15589939039962572
0.15824773588691127
0.1625900698990404
0.16736986537131396
0.17102567308704136
0.17374840574015832
0.1733208405424209
0.17510287533408325
0.17849087607083935
0.17772169484608374
0.17813892750714663
0.17724523476445742
0.17523507955323592
0.17193482497753593
0.17152109841723343
0.1697282157178201
0.1672900748870311
0.16545516338491595
0.16233742629005213
0.15951406554352418
0.15962218314103022
0.15994890909141787
0.1596462831650877
0.15650766740857952
0.15282913248966815
0.1517293629699317
0.151904057269879
0.15407797407355311
0.15599864611800174
0.15839223592752144
0.15722305320924815
0.1574865318394128
0.15485725343191384
0.15497441525309
0.15364191325042895
0.15353487674142843
0.15415241474545133
0.15504015399764076
0.15740174132602044
0.15974621868687958
0.16303607084174557
0.16563345821093817
0.16761436144585282
0.168193142863849
0.16694918145216486
0.16306631053109896
0.15799238509846955
0.15370301261295094
0.1494725931523652
0.14695177116619795
0.1454167954840413
0.14551593640373045
0.14571993276654976
0.1458456093119352
0.14824904882203996
0.14990958497045348
0.15271072967572913
0.15264746156533393
0.15424400582133552
0.15331190100994052
0.1506607827930325
0.14922405971534478
0.14569505020126777
0.14331227285060516
0.1396616588777167
0.1381509634994083
0.13872835543445877
0.13782784088054123
0.13891956354393162
0.14105564664119946
0.14174323238219053
0.14263549175070825
0.14563092385702045
0.14700510369952535
0.14957535949635953
0.15052071438007425
0.1503234578092149
0.14972829933551152
0.14758088069884792
0.147296332322159
0.144042735958048
0.14086399821376488
0.13870509825900396
0.13863215889286448
0.1376860199178776
0.13789137917848857
0.13741234990642037
0.13553061791900295
0.13310748358421373
0.1308674021017676
0.1298116220210194
0.12851809983883297
0.12638658271575542
0.12426254650737174
0.12118517806935622
0.12040910139109158
0.12168450012242646
0.12434426415369729
0.1266612613830041
0.1297210826000518
0.13183381930955104
0.13263513212608308
0.13273430277951714
0.13177766303244615
0.1305808861150955
0.13066668435262635
0.1322686512360393
0.139174055739599
0.1400229899243733
0.13911937323924692
0.13240946380162524
0.12632931637754602
0.1260322317001134
0.1249078751080058
0.12478310026243611
0.1241152466188024
0.12124712256471773
0.11815692394717628
0.11704697390885917
0.11601605622262987
0.1147964837135546
0.11504811777054927
0.11703975780587814
0.11437951648251106
0.11005374943195238
0.10632740220645634
0.10779355614540435
0.10999066154405206
0.11300696241555701
0.1177164014167928
0.1217447262556842
0.1254483846601981
0.126742034198212
0.12719968609315516
0.12941120604977635
0.12931845871552095
0.13479845538638072
0.1411269835971337
0.1426812800358463
0.14402553613950772
0.14148881070282596
0.13674300390286467
0.13540819491125203
0.13130042921717083
0.12854965572170413
0.12876807695093345
0.1282960812564689
0.12732746503783962
0.125090512507132
0.12034249422467017
0.11876874970111954
0.11869189006065509
0.11982333583609692
0.1252284503662192
0.12567887430974772
0.12525262692902672
0.12554905689302004
0.12493353725113884
0.12324648050592957
0.12329913437925781
0.12176702138339131
0.1232589138926508
0.12429685839690527
0.12670762946363776
0.13114043407071113
0.13763002936554747
0.1443634787500657
0.1482882135790083
0.1549957668712619
0.15797072365942463
0.1599663326786762
0.16093330215499604
0.1647990675872487
0.16920840188878247
0.17022291171494008
0.17150967570906991
0.17148504350171684
0.1664892934404581
0.15923665927926164
0.15458060919701413
0.1529917926209731
0.14645137663525026
0.1441510213350046
0.1433023159834505
0.1383605823993752
0.1372739471449294
0.13878005208563618
0.13594253968667377
0.13477955983208134
0.13335382150807282
0.13110620858555752
0.13290352316470652
0.13411458723752134
0.13548172574722392
0.13728727790667064
0.13839018911521225
0.13854293695249306
0.1373213265465416
0.13527160284432777
0.13501988771240905
0.13381310926048245
0.1320986374922189
0.13000530716288816
0.12848129609736217
0.12796202601403656
0.12734223173015297
0.1289324590573711
0.13149920973499774
0.13529979245883378
0.13665328841351826
0.1394455736475918
0.14293446934809984
0.14393000352969249
0.14359299982152465
0.1423238058651274
0.14236547067529784
0.1431934120443605
0.14418377182974984
0.14834858948049856
0.15294479091117358
0.15776462794698196
0.16174668548683796
0.16265974295682306
0.16218455544213906
0.16187028181439983
0.16256368570981838
0.16481803543140855
0.1644421405695728
0.16237922722626313
0.15892213409390585
0.1582755845450034
0.15547286707145241
0.1524313448933725
0.1509805579180439
0.14846696238314122
0.14848690859866515
0.14494183554308165
0.14392935929632206
0.1427501737223723
0.14314595633304417
0.14449288587158834
0.14452716787274525
0.14473338043606096
0.14767068703277844
0.15042729255553933
0.15258804697907263
0.15452183469609526
0.1619391780413749
0.16462733528606469
0.16907964397804398
0.16834800502028477
0.16683469474677493
0.1674659883069937
0.16494011210755494
0.16024822379242082
0.15381654215130278
0.15079217421548893
0.15022137744225758
0.1514923226449539
0.15184051197825074
0.15164111008550427
0.15342251262577608
0.15669885424766333
0.15922815153874342
0.15941332922287735
0.15616925588949573
0.15184452496465328
0.1521472052214715
0.15257087243127077
0.15283490385276105
0.15447881994458812
0.15499481451283598
0.15711116281359075
0.1609715611911039
0.1652726675697902
0.16524687384177422
0.16786032599451084
0.16902262661358966
0.17093785629230626
0.16902045515301092
0.16987522152795229
0.1721187555209701
0.17141721265957377
0.17125758316195275
0.1722751400208699
0.17230834475092552
0.1734097832265018
0.1732522071139654
0.1723684940455456
0.17200778176328008
0.17111888820540463
0.17028393908077993
0.1727764061316682
0.17523229871618523
0.17639026287550844
0.17497021743601993
0.1731806900186649
0.1690967088568311
0.16842056519218715
0.16804418933568427
0.16872748468486512
0.16914333007111632
0.1698703870867372
0.17331305079307216
0.1747706871000215
0.17358293468839672
0.16939719927583793
0.16480784739210685
0.1624056161902409
0.16175079500266074
0.16356693779481793
0.16608424932743368
0.16683210343496113
0.16664172699840374
0.16564419828626195
0.16289510787608905
0.1602938246988063
0.15380211925184026
0.14802164081154842
0.14486120416487697
0.14396709351073222
0.1433153888427079
0.14096663072100923
0.1395018476975129
0.14160500077600183
0.14448326920689064
0.1461616479025502
0.1479268761550022
0.14932581116288005
0.14852459588943848
0.14552411035951074
0.13906982853144806
0.135560916697351
0.12898928392733863
0.1265805850456832
0.12727504007924986
0.1323266759628931
0.14003945844105503
0.14210672313128034
0.14072641447759998
0.14245459852388215
0.1460391852213992
0.14904805478885746
0.15191700078289372
0.1549090868668496
0.1561635607254206
0.1566389423530397
0.1563877474633698
0.1569826552225009
0.1576236369247117
0.1569830089426946
0.1561521799348314
0.15636968351504416
0.15507362246987866
0.14834858549305668
0.14002863913371869
0.13752742570498572
0.13180216809894388
0.12850845786228976
0.12623928918720861
0.125040524956111
0.12391820268476753
0.1222669346217355
0.12191421482956329
0.12195420782621984
0.11954821300452563
0.11868653282178554
0.11571616538706006
0.11229522624441284
0.11235555826349244
0.11344281239705964
0.11670279326027581
0.1174514026427979
0.12082820933732415
0.12335564282539
0.12424726328618778
0.12502095267129967
0.1230583284581194
0.12299920141075533
0.1237442806225835
0.12850031139030302
0.1296802093103381
0.13526887021794762
0.13893994261455694
0.14052336433575388
0.1412303071413285
0.14257785623653588
0.14446039058279253
0.145244453372352
0.14478410311031004
0.14285508969653643
0.1423789529047277
0.14128331969386382
0.14134254694509815
0.14017277858592792
0.140104930464988
0.13861788784354506
0.1374177568086651
0.1382675966447829
0.13974280574768227
0.140979505960061
0.14127840938707717
0.13859852972839376
0.13673062359359572
0.1335608011945788
0.13173295023462586
0.12919509840031962
0.12884189036907806
0.12525872365020335
0.12385429674922288
0.12336506763914523
0.12035228349793359
0.11925961975800134
0.11767680674087759
0.11648152493208246
0.11571145369585552
0.11463844606521947
0.11512577049793393
0.11371076005389043
0.11287396972883626
0.11063222685472093
0.1082393279201355
0.10979268921068945
0.1103031232184402
0.11194949137579527
0.1127191754830584
0.11501429400173532
0.11499295870566231
0.1147016477127922
0.11496703119618508
0.1154005018151413
0.11511249097008443
0.11324349603534567
0.11667167653664161
0.1204782875892596
0.12253225038653004
0.12013814449937647
0.12015703247710086
0.093917069174826
0.09515939106653445
0.09570618264248439
0.0955747904389271
0.09568540205605362
0.09264274628355203
0.08947618587899905
0.08772724718314664
0.08688397554540088
0.08940346273582607
0.09040110156086327
0.087069012886029
0.08384057647030227
0.08111801423481028
0.07951362370229184
0.07797590649955333
0.07902642953555758
0.07817602264857887
0.07471764677320922
0.07172369937511139
0.06915297146806139
0.06748946656480491
0.06876962914961167
0.07387241205868633
0.08168938211811626
0.08399136366187829
0.08680049813089194
0.08767780187255772
0.0874915827253934
0.0897273117689403
0.09019182697919534
0.08988355303448595
0.08750509200165582
0.08358447893152424
0.0805902207380402
0.0804046867688269
0.08042402056429546
0.08308282508714615
0.0855150107960831
0.0866725654394134
0.08873568354736437
0.0904542731842155
0.09105129625248745
0.09280660013597986
0.09260627303372371
0.08945861804428161
0.08471182852153984
0.0847483095742631
0.08228745469115517
0.08187441051612754
0.08530638588510323
0.09019021646715922
0.09685989310536178
0.09996698507069676
0.10124244438335255
0.1011686265175981
0.10054495756291235
0.10009469881058933
0.09798206677917085
0.09742535580864864
0.09924814186564425
0.0999152999596708
0.10128146496684547
0.10605584514388708
0.10868444814932925
0.10754970534599204
0.10796978146411355
0.11063455786930072
0.11115649358129324
0.11175822305632202
0.11122925751584593
0.11368946133968535
0.1128950197785683
0.11316962413786644
0.11472371028803563
0.09576127975670892
0.09567126912803352
0.09741555785199715
0.1006060905814796
0.10091009946301728
0.10382346086012902
0.10779224867682988
0.11009938562264947
0.11321642921807036
0.11574893907103698
0.1143050246958746
0.11256345039998086
0.11128252560442084
0.1077557458941292
0.10790005735696002
0.10771223914190817
0.10737220855133016
0.10872257015628743
0.11017506259332539
0.1100713386818624
0.10811216124494796
0.10557445436124094
0.10477536101225378
0.09875536267266036
0.09725596105861248
0.09304518544833612
0.09071973450381121
0.09082671090148865
0.09314463216170762
0.0964899326650128
0.0977056349835822
0.10043560395339961
0.10152059769298671
0.1026154710871989
0.10438135928495865
0.10330882180422689
0.10346523588035686
0.1021122935211362
0.0992008630519644
0.09782236526214527
0.09782104156518347
0.09753901289621636
0.09784321049880265
0.0974926809702198
0.09565471879144696
0.09574146056081373
0.09200625099241747
0.09157432984719557
0.0927268421194016
0.09562568965788268
0.09848374629038206
0.09870421671813946
0.10106584461951114
0.10293204092761518
0.10305899924569298
0.10538596726429506
0.10494762303884757
0.10675829261673972
0.1094095948361554
0.11050688710704348
0.11365370214017287
0.11633392495598767
0.11740164677318163
0.11816614170946811
0.12176581198459187
0.12394553264461008
0.12468509033882218
0.12438465089103468
0.12278448342259855
0.12032363240277424
0.12297620416121605
0.12324694254215236
0.12629197594360667
0.12639831235258434
0.12671262400887912
0.12792973856985762
0.12561514197236406
0.12190084245519532
0.11846071184083318
0.11389463847544741
0.11123244882689062
0.11118694591838234
0.10941424684245205
0.10858194572327359
0.10766472806475051
0.10959364809013997
0.11073943778909581
0.11014390826116953
0.11156185904412205
0.11003304761732435
0.10608450037546727
0.1044541687719794
0.10302087364972934
0.10227847448160192
0.1009561383106401
0.1004124186942422
0.10058106973658971
0.09878495524214184
0.0950914569591853
0.0937490565401238
0.09134270362517768
0.09094932886152018
0.0903885896633917
0.09122065839711764
0.0895337284236208
0.0888902564161354
0.08858842851498512
0.08645495581953325
0.08758549259282147
0.08775270179721077
0.08890539453068072
0.09101587185696625
0.09235680493206452
0.09510435025590343
0.09663526173361411
0.09804268923530961
0.09938896295001905
0.1027816307317421
0.10397639744505853
0.10753083307095976
0.10994222685231787
0.11087858255840972
0.11280057102489054
0.11424099705834405
0.1149635845699436
0.11699343339105764
0.11878430325507283
0.12075788768916029
0.12345604351066357
0.12472194112296617
0.12739137315388652
0.12758180834608895
0.12503316042074608
0.12225864724836596
0.12163158563727364
0.12298261944764617
0.12575916596520523
0.12937929336341242
0.13213909656280348
0.13599010995506608
0.13915793480194472
0.13930991419688182
0.14047137086773318
0.14024112447138753
0.14078173346616754
0.11309422520156065
0.11167936829438334
0.10390287158963755
0.08702149572940011
0.09565535224751189
0.11262297441847254
0.12212343415629416
0.13186283053957482
0.1367448108494842
0.15366280061825074
0.14944408164896336
0.16072546766927873
0.1349093867172944
0.14135174383484078
0.1433012466931302
0.14477797992125846
0.14705336078722267
0.15093307686744295
0.1518596551516586
0.1528358775750837
0.15251102875286637
0.14989632702585637
0.14799526547809344
0.14589353737905408
0.14488669219708236
0.14460813439106043
0.14704332981386292
0.14862645181045808
0.15042449417533169
0.15359382514241754
0.15315900161154908
0.1506523888234614
0.1468301752051767
0.14550143973380575
0.1435441192224287
0.14440661727410212
0.14499929065074024
0.14192148140499064
0.13790403742487797
0.13724953427266376
0.13523342216219694
0.13361820541330055
0.13618106993141577
0.137169446607515
0.14099749458769012
0.14331663991193633
0.1441594037978174
0.1443782718730952
0.14273444494326623
0.14125989642260176
0.1407198827106407
0.13984952634552977
0.1389786775110605
0.13851659317189013
0.14215001975545977
0.14870031160320718
0.14929955240124232
0.14938422991384842
0.1482206023771506
0.14736925865761244
0.14763993001661252
0.15066848144624959
0.15113967050966143
0.15101116420250849
0.14983925908431758
0.14609517499727945
0.1401041838661226
0.13887326573425365
0.1363487115943966
0.13508912285385072
0.13597298621996726
0.13601877436806326
0.13519587012509696
0.13600269993918465
0.13412367687869048
0.13453028950613594
0.13533687585406726
0.13545501486345687
0.13894659730884898
0.14201305698328728
0.14409527328536026
0.1436102244647022
0.1370502043661356
0.13212719430025774
0.1269298608574349
0.12341605113070553
0.12182992445493149
0.12307724862692788
0.12287526404436762
0.12251165923783244
0.12127810890613991
0.120069286811913
0.12181135144384403
0.12258703747323325
0.1122630175549166
0.11263846052607199
0.1133193967586088
0.11302242619755778
0.11125159208401
0.10814565058795744
0.10549715512214772
0.10487658609748525
0.10678849505876258
0.1092420590339789
0.11032690184399348
0.11123677885203964
0.11377832629392093
0.11360235671371463
0.11434154275289451
0.11461463338127079
0.11009954705066974
0.10735390216650012
0.10804030098718845
0.11110188519545752
0.11218732777916456
0.11825342581308525
0.12515024376675232
0.13051774590536294
0.13693192602258888
0.14008351938835312
0.14305517131878198
0.14529186045640088
0.14529449241891174
0.1442331188975084
0.14177135227228482
0.14020854727395
0.14289335647609192
0.14470509606568
0.14068379761860078
0.1382495996932496
0.13628692629527533
0.13160205966319335
0.12639597954198722
0.1223832697102976
0.115968904173771
0.11262265971338589
0.10700234865481066
0.10000214395602469
0.09577277352228011
0.09631098203062724
0.09673659666464587
0.09848100892759762
0.10118394581886889
0.10163252028540308
0.10228170484915036
0.09996141814042327
0.09936632020401046
0.09843376683778707
0.09550280717542466
0.09369745410996203
0.09354401350058623
0.09361640917196222
0.09548157416586149
0.0923285917391625
0.09171641504557666
0.08913671480044419
0.08840964328162777
0.08958933009324621
0.08761614537463541
0.08798326132634957
0.08820341174362667
0.08798594846913224
0.08694802543543734
0.08380579163418492
0.08278300040119535
0.08402002905871803
0.08516806702553746
0.08539950308210813
0.08650099122848684
0.08827653732768492
0.09141724351538746
0.09632053268851212
0.09796522163175828
0.10125889686838443
0.11689788362788349
0.11919901878734226
0.12601652657103893
0.13278998682956059
0.13717754809707433
0.1415579040504348
0.13165630971495526
0.13010284683321696
0.13314935440196238
0.13605831506114066
0.13853854234330115
0.1400269296579665
0.1411931602751217
0.14176691044553008
0.14094371385999385
0.14061239881941592
0.14071227358618477
0.14055317654370278
0.1404144558636343
0.13630592600482416
0.13383377813914027
0.1313234168278285
0.12960105292022708
0.13036900825592718
0.13286443920222965
0.13546274178860224
0.13303425648628017
0.1333482297383112
0.1332979585965143
0.14309979945863424
0.14436162450210316
0.14684204873551343
0.15028480870180383
0.16355789404602578
0.1867794740882144
0.09824817577068364
0.10324884479068083
0.11014380472017785
0.11364536240598817
0.1166076297545758
0.1196328436291342
0.12187045687828482
0.12211178766975453
0.12107894658431215
0.12100434144779834
0.11851136499244416
0.11626057749272409
0.11444090241592839
0.11353283804166585
0.11408053254884101
0.11824494635039132
0.11925142965641755
0.11864943204478087
0.1188126519616211
0.11807713680034167
0.1189379847232201
0.12213992616964728
0.12417574124507054
0.1283631779743918
0.13130103928557962
0.12953645298882363
0.12643457504927091
0.12669334960872627
0.12691516099823202
0.12914618951648976
0.1330910226600661
0.13852278333106363
0.14272468411042155
0.14588476238067266
0.1516996999412966
0.15804698491618643
0.16099962324858025
0.16123865354815609
0.1608598910228915
0.15747299833937645
0.15497028468995033
0.14880417642338467
0.14770042588047672
0.14469523888907004
0.1420762277977661
0.14218444588686968
0.14132952097076726
0.1409490786097546
0.1395793140154292
0.14119923569251863
0.14319570584563546
0.14307481972316596
0.14007075561617452
0.13698924055725623
0.13195127861581812
0.1299783318918753
0.12736799392931525
0.12596775652249179
0.12198958653768699
0.12073994792632428
0.11989771149736088
0.11833939684309422
0.11623638844695001
0.11862079150103284
0.11810900864459795
0.11889268526989452
0.11928728627330969
0.11873465109460102
0.11767093819043684
0.11942405512020679
0.12046875118603965
0.12178550879227446
0.1277135515441368
0.1325465379126931
0.13418445340505378
0.13598535387857388
0.1355727310970641
0.13532983675836974
0.13386364514516663
0.13282455053479195
0.1319618652830207
0.13059813766447553
0.13348284591427156
0.1293553224423572
0.131366770029166
0.12777107241286462
0.1259239361835267
0.1197110878256354
0.12894541779628987
0.12675939209416037
0.12431978873332446
0.12271838098462684
0.12049702566161036
0.12114212021376787
0.1252380376777495
0.12765385906160387
0.12805103868258605
0.1262559504523626
0.12561803906292343
0.1237669601784492
0.1243572896846541
0.12591403309685217
0.12762358635222917
0.1274584247371937
0.12759451468488056
0.12747667360592035
0.12952012585998035
0.13328787150385774
0.1367667050524338
0.1364135747916177
0.13867156879844159
0.14080791552156352
0.14249626130822277
0.13892604356466406
0.13645222489958783
0.13600927127968673
0.13510439961710458
0.13511514429013233
0.13507411761221538
0.1353249519755177
0.13805189186619243
0.13833680263647746
0.13947511021321615
0.13863343887880583
0.13957641868202414
0.14131074988428285
0.1461748812486396
0.15053860155034707
0.1546496488047705
0.1561077061077528
0.15636330277554558
0.1553345973272739
0.15389717760660818
0.1533346502290232
0.15364275634797414
0.15593499929304724
0.15718860628027406
0.15928591380941606
0.16094882334067534
0.1606536912481983
0.15930584579872864
0.15759324877770486
0.1554917278367967
0.15397993969788537
0.1589426572530431
0.16419943860824587
0.16944634332484831
0.17084508653902525
0.17069303813173686
0.16831407202464252
0.16699260317684655
0.16497668481867556
0.16501270539920995
0.1623549729143861
0.16194524341737007
0.1616845592200049
0.16375512668597458
0.16404377250978736
0.1642822735403123
0.16120612078350766
0.15930670666593158
0.16048549950803864
0.16057993961699962
0.16489242001034177
0.16745688311180473
0.16635778212362795
0.1618761927029702
0.15682947457396906
0.15497058717721507
0.15601577070541012
0.1577677879569217
0.16899000318631113
0.1731142034223984
0.17094559096063502
0.17246503253082493
0.17170490879228706
0.17044785994631834
0.16645743663674564
0.16534726419476006
0.1605900868868816
0.15255313077203664
0.1487912872371003
0.14615196761767105
0.14597667856012503
0.14544263171959612
0.1458493626218109
0.14195614885548283
0.14128071373512865
0.14045921872878114
0.14048767044725724
0.10819406906424697
0.11012713386946087
0.11280453672591473
0.11402351324932121
0.11748198342216294
0.11702838696039268
0.11636242466091602
0.11453998185860934
0.11129339133124139
0.11239104522750051
0.11048693194379382
0.11326793542084798
0.11347705666831613
0.11471693234008637
0.11647822096480347
0.11420151634621349
0.11442096541986438
0.11345206895780632
0.11110813353787947
0.11021429252736122
0.1074768377241937
0.10776129197802424
0.10789248096039043
0.10974284277995942
0.11152369562704496
0.11257434523011525
0.11326012391466418
0.11313953503196647
0.1139077652815708
0.11598509371369232
0.1168615649335141
0.11696636385606436
0.11749570226688362
0.1159775859173399
0.11609389144615356
0.11598628062482244
0.11733360743203047
0.12297172285704636
0.12650952547919542
0.13433814724315032
0.1451083261406055
0.150193717663207
0.15864182462590876
0.16178039948526268
0.16216841971084037
0.16279553098575808
0.16180088484488425
0.16336823276414428
0.16630113589379264
0.16797865924283845
0.16837194550640516
0.1688767519550118
0.1679005595128806
0.1653966743967914
0.16224703113648634
0.1613783019241636
0.15891401002498623
0.15652981632540724
0.15456400126294118
0.1502629338051356
0.14576639050928128
0.14431972565075263
0.14113841801011745
0.13769832962873463
0.1338914616122205
0.13147671926148352
0.1272314989807939
0.12590397404210224
0.13349466666335713
0.13460829102532268
0.13420776335125736
0.13210147057742738
0.1317104451155431
0.1276256854651964
0.12387593042416922
0.11827821559500244
0.11393507174457759
0.1133971397610442
0.10969493099290333
0.10085560540963512
0.09039457893065722
0.09217116381338467
0.09764845678172429
0.10181097451799428
0.10446679179479716
0.10543603577303587
0.1033160470408407
0.1014744443109753
0.10100131102394527
0.09865999275940732
0.09867805855363797
0.10416010279820662
0.11086218201484328
0.1159627713692819
0.1219062514663524
0.09816962094205048
0.09889701445365277
0.09877251209841484
0.09881103854229101
0.1003480356884496
0.09916766524352208
0.09659139959444764
0.09512470499872333
0.09858105393288608
0.10324537479333704
0.10686177084396394
0.10759210409449389
0.10777885309677801
0.1081426645993484
0.10837539684739499
0.10855228388021736
0.10887061650569521
0.10865112085338106
0.11051134690844384
0.11011394492669509
0.10987436027515782
0.10898999794053577
0.10788402383778517
0.10702308864695316
0.10450447627586076
0.10438037557621879
0.10283078524506448
0.10336197448208292
0.1025527723625329
0.10063934467120383
0.10086689991315448
0.10121001677821724
0.10070375220255445
0.10129614566880588
0.10302778316401598
0.10294197162619514
0.10036121431038134
0.10176580242904354
0.10407425645786576
0.10451104586273688
0.10377130216374417
0.10200230150348646
0.10284018305886984
0.10162090765405145
0.10059441796932807
0.10047401677837164
0.09655258101253945
0.09274446493591135
0.09180713647855525
0.09035440508304766
0.09127217010862329
0.08996531470145895
0.08869279603505378
0.08891564189850555
0.08636436707064235
0.08457154804397035
0.08461517832778793
0.08251557500061418
0.08023621145476204
0.07960965053222671
0.07766373087353612
0.07409562008155737
0.07213403174924092
0.06850939436164462
0.06707309114933421
0.0629218893833154
0.06145571085408311
0.06157399191416453
0.06337301178373288
0.06457776234795828
0.06833466193415363
0.07269098754818955
0.0753627998299792
0.0805010260775453
0.08488467849862771
0.08584605388235035
0.08796825030578483
0.0920195135581852
0.09656084490609076
0.08938351288389332
0.09038739752863412
0.09035920420343412
0.09186428833675911
0.09224970054288427
0.09412048243850127
0.09524784359266382
0.09571367969272519
0.09839651543814112
0.0974882853609762
0.09391155551243965
0.0935915423966317
0.09242006997376576
0.09524457548001455
0.09940878932633032
0.10276640794438616
0.10407439891172028
0.10500149180648029
0.10444641646965344
0.10450743220801428
0.1061134717522203
0.10754178263117102
0.11018477629488439
0.11305281354971097
0.11690041785049343
0.11930821064741468
0.12037258196789838
0.12153712021109027
0.12347171191717812
0.12400589164787071
0.1259622781916621
0.12614986468160033
0.12633826012428498
0.12675341847529045
0.12572039200565502
0.1256233536262744
0.12545112897249772
0.12374897313242868
0.12322925173236957
0.12317491555593052
0.12236293715498851
0.12205785636908809
0.1202145292308427
0.11557360893794226
0.11328840435981273
0.11355761233287923
0.11158204735938868
0.10879545168087754
0.10709197498352745
0.10471040170956325
0.1035411020011427
0.10170487845700935
0.09848966679260994
0.09438696919156814
0.09297413670562378
0.08793068244310989
0.08723463978870302
0.08345874079830361
0.08189519926795437
0.0828157674023538
0.079701665254784
0.07613335558787744
0.07866072655549658
0.0771862406659938
0.07908042355860398
0.08250534868844817
0.08280551792311368
0.08525526591272355
0.08836281593750911
0.08728797510719685
0.09053154555618895
0.09066547852926012
0.09226811170493046
0.0914757452077224
0.09023736356317429
0.09095954261391014
0.09205275636502415
0.09427779433752807
0.09658549084484493
0.09715475411427146
0.09922138009989237
0.10177341567238729
0.10138856224661034
0.1020272033120038
0.10278977860049454
0.10248310952391275
0.1018870814129406
0.10288673100715066
0.1035932689810466
0.10335251432102062
0.10648538120615043
0.10480868183639229
0.10610745173105388
0.10608287223526207
0.10883834104552084
0.11082825011215587
0.11084368483936369
0.11291388636213615
0.11348983735287917
0.11576443492541895
0.11937255380317162
0.12128911411125176
0.12078067080570647
0.11987440796687528
0.1187223192138697
0.11512378810172463
0.1150914578942489
0.11427684134570257
0.11424723841784853
0.11505381282437126
0.11427147561060055
0.11076944664012918
0.10788906962546337
0.10573849631301113
0.10082427665562266
0.09608860296086484
0.09546269008020526
0.09405815582409975
0.09387865079192408
0.09332920603073094
0.09184098500633678
0.08560777229684638
0.08057882102751272
0.07688301100583078
0.07661439103078824
0.07745923824350784
0.08145717100292935
0.08471956096090552
0.08177593236505412
0.08102040656798937
0.0800344947215667
0.07980115424810133
0.0793451156911574
0.08046091214850885
0.08190156737813203
0.08122170727995892
0.08185086128186016
0.08089358757481613
0.08173718705299013
0.08247601725041241
0.0834557366800904
0.0859037986910169
0.08723998200962274
0.0883825819777642
0.08906128907682785
0.09032096638131695
0.09079378293278942
0.09010995816185716
0.09026672061745385
0.08978279801477107
0.09001187645289119
0.08864898781085526
0.08746845559557301
0.08580332992615478
0.08448236505448352
0.0842458073696116
0.08363031907733452
0.08334821700456727
0.0858576670588201
0.08562472064945474
0.08560708760212916
0.08753142955553847
0.08768348300023118
0.08972438723297511
0.09177181254675676
0.09537934433429793
0.09757586220379884
0.10111016025598438
0.10155842341304551
0.09867362324169482
0.09840020189085444
0.09995681988893276
0.10378881550422747
0.10821572253846808
0.10998505880155982
0.11447113554761061
0.1168777929852604
0.11598664914487126
0.11638423477743073
0.11569522401436501
0.11467051575355694
0.1152578167799061
0.1189804971112203
0.1216698537211448
0.1232526500419198
0.12371729927927977
0.12395639905664764
0.12488473618470979
0.1246091339291016
0.12388552606518113
0.12337290350775505
0.12269754995128235
0.12153797578389373
0.12279912006988203
0.11921814100017314
0.11849441702695063
0.1191196037927302
0.11996440869281208
0.12081419570243304
0.12066871202207112
0.11945230354458022
0.11785493147659072
0.11618474785236528
0.11502626508510305
0.11529087308307806
0.11368370599379567
0.11461177913249795
0.1177354631844734
0.11888013300327752
0.11839451515920266
0.11600357832998412
0.11489857609595999
0.11114889830454147
0.10984018132818915
0.11013731224366907
0.1103474067428333
0.11152051631133357
0.11342696180351468
0.11240194679558098
0.11225286011639798
0.10846986789699727
0.10632718467838617
0.1036955729445751
0.10173002741286644
0.09989387488657198
0.0992045495721904
0.09950755858440373
0.09934110704432422
0.09895932391163502
0.09955891548792914
0.0997463049245009
0.09980370454961185
0.1000477137398493
0.09799183331465487
0.09612260640974182
0.09400599208931479
0.08999590184743433
0.08686477810724588
0.08580463312205944
0.08333535973447
0.08328520199925205
0.0780897746042695
0.07656687486510338
0.0787102624022632
0.08263267903146765
0.08560252462271822
0.08943239090871295
0.09080882903173439
0.09071018367839552
0.08891262262877626
0.08935382305292945
0.09195173039457351
0.09253548266433154
0.09404219523139082
0.09483014117696885
0.09841792737671815
0.10029841543418447
0.10176977985049292
0.10397348480994814
0.1069954767902174
0.10881943640452933
0.10828665357069997
0.10943115705594093
0.10880937012406151
0.1081202860953788
0.10924301785789099
0.11231724454762018
0.11506068646945689
0.11750273600030925
0.12351415134521734
0.12632866579572616
0.13000988775213682
0.13164879949903463
0.13379298240171783
0.13495167819421247
0.13547329941860078
0.1259895723411561
0.12691583888786712
0.12990626882370598
0.13070569265116988
0.13344915655966272
0.13811500552841893
0.14007748467413034
0.1439852758722679
0.145576482392724
0.14571142294065403
0.1472706857247498
0.14856089245178222
0.14991311072664956
0.15086885390989915
0.15270437664323427
0.1522252478449381
0.15132708873470085
0.15169688915453658
0.14932999376221961
0.14900355407777782
0.14907805756298229
0.14675754145299783
0.14323926212477656
0.14220466823821643
0.14080970659130976
0.13849273050042002
0.13594815199591598
0.13306585603907264
0.12913568012822446
0.126088652878039
0.11971490457849576
0.11621578306760158
0.1104961814564894
0.10939625512600833
0.107597786606489
0.1057783257373766
0.10483042543356477
0.10546515679042197
0.10417458762842044
0.1020527877737892
0.10326355328474071
0.10369705238578497
0.10430668935762173
0.10410050084779887
0.10332015129186804
0.10111921792218326
0.1001192673621942
0.09895887822278931
0.09628876080311842
0.0931209376459374
0.09085332738709959
0.08973460093160182
0.09012699149673596
