0.25276776182725536
0.25208304180436414
0.25027308613424326
0.24798757413702352
0.247101018183093
0.24573432868549788
0.24401892071931056
0.24202209832551919
0.2407859837446656
0.23929531887441552
0.23840338713558468
0.23729593917244812
0.2366485483070319
0.23529125581860125
0.23557550895484888
0.2345015191759297
0.2343472203391877
0.23342876410610586
0.23385644750504145
0.23508861855997704
0.2386273717782484
0.24030492921837304
0.24095866427358606
0.2406940722206281
0.23969023732124145
0.23732857857365705
0.2360002038569647
0.23508671714526627
0.23403291407366478
0.2349980502985516
0.23393871027579646
0.2336585456480867
0.23316334718233164
0.23103736329142194
0.22900442344914884
0.226299539516935
0.22348916849716854
0.22286419759604614
0.22157604090210334
0.22097457127246706
0.22093914634181008
0.22076353567867635
0.22055801949172774
0.21944786577734762
0.21720726500669016
0.21391794936453296
0.21215311250096663
0.20778553654340276
0.20527287764917918
0.20408848890489978
0.20388946730706192
0.20397847989621587
0.20267295141249778
0.20297950585344376
0.20429494012239996
0.20620745932863346
0.2079781987169816
0.2108836440238874
0.2139395363110325
0.2163509513459822
0.21830349647931319
0.21917237563873906
0.22055563356827318
0.22142784420951803
0.2244440071632507
0.22772675382413596
0.2307345528382328
0.23331802760431106
0.23472476924443977
0.2364561842375897
0.23775626314633516
0.2396395463581651
0.24070388436933737
0.2432338991988053
0.24613512767274942
0.24981468307182048
0.2523737818652307
0.25424949204389213
0.25607659407368694
0.2581353981305968
0.25933682019398996
0.26131581057684333
0.2641874961776971
0.26628633737712587
0.2686643196181743
0.2718842006074077
0.27311844513221867
0.27649305452147876
0.2809057744309556
0.28605111916581955
0.2885822372267041
0.2951299459660617
0.29849324692263574
0.3027916457001603
0.30628214917605273
0.3071561504440291
0.3084333033659208
0.3100931667823097
0.31276354260218187
0.3145127469152277
0.31749892864771156
0.32007630916820445
0.32558185937579204
0.3287689508811892
0.3337046990974994
0.33559395946817616
0.33724539100763595
0.33839589984547847
0.3408416876523246
0.343153798994992
0.3454614642575373
0.34695135367181446
0.3496764336974757
0.3505431927736661
0.3513626563551609
0.3528869238548248
0.351784792303418
0.35126294981119516
0.3513916004560905
0.35036600574598226
0.34936427266410786
0.3490700562396237
0.34770004670406046
0.3454663091392933
0.3433868127182574
0.34192895655310496
0.3398560518019164
0.3397167328961105
0.3374219259065771
0.33617877964013654
0.3338301426915444
0.332640466269289
0.3314290055899576
0.32938396505841233
0.32860082799005663
0.3284828138172121
0.32743869185455254
0.3255297995514444
0.32376026692416704
0.32189110647902136
0.3200370627493655
0.3191854272213912
0.3191257101048346
0.32039854763292014
0.32311737319706413
0.32580452530727994
0.3266273067558928
0.3269657035227872
0.3259631387850438
0.32378380631910353
0.32374432018204036
0.32293570614926487
0.32413132114463755
0.32569520444008543
0.324839709918318
0.3254908175546269
0.32641370247674006
0.325118914246319
0.3240853880223141
0.3232036324222092
0.32206137520480305
0.32201737621117704
0.32175136850406244
0.32122584577488167
0.3208449157406061
0.31966209971797444
0.31813198652943486
0.31854568969978386
0.31801902207480975
0.31808492994703375
0.3190757128232796
0.3204927996053394
0.32169737429155754
0.32193768657989097
0.32122626733303
0.32060765484327175
0.32055430506453114
0.3204876624612308
0.32132030083740326
0.32207673218890676
0.3226552834544171
0.32162076397071476
0.32031212109226737
0.32030609641902724
0.318629897390699
0.31732587307447624
0.3169281698937823
0.3167069775945929
0.3160486100656194
0.316220881028553
0.3157106822472349
0.3141129437001121
0.3118263626981158
0.30870909516100076
0.3056193423897749
0.3044655776926998
0.30173867801046506
0.29892258065410654
0.2964254497515852
0.29457444649552655
0.2921276526462714
0.2892982587063634
0.2871029393846446
0.2830482851723405
0.27818243621455163
0.2747924626147279
0.27161052696694704
0.26913033957078136
0.26789437296762914
0.26756808582276176
0.26520814591277675
0.2637887769891586
0.26178488843342484
0.2614449961524336
0.25995214762073854
0.2593832998018119
0.25737492684346736
0.25587163943736346
0.2551044579934915
0.25138423733157156
0.24870199996205483
0.24802230159997815
0.2455273653875516
0.24428929597049048
0.24373914435118954
0.2416894787837062
0.23857623670128456
0.23694585376715077
0.23575659573631097
0.23278643763245754
0.2329845056882835
0.2325613195054963
0.23312737989632018
0.23377636681392827
0.23511952330925032
0.23802334061464894
0.23919060584814328
0.2412843060198871
0.242331430656485
0.24350381739641627
0.24543582131080358
0.24727066456652147
0.24849576313840266
0.24901352327215243
0.25037735989320653
0.2521978315637109
0.2547101162940175
0.2565871265776978
0.2590110148185024
0.2609183541713726
0.26282462449648586
0.2635729987189337
0.2646833605885278
0.26506967646151147
0.26528350092002445
0.2658924647801574
0.26650381508723414
0.2669769168168715
0.2669292273744238
0.26853532911392036
0.2696090558265927
0.2721197378051408
0.273021671488603
0.27391448678037794
0.27390583431057525
0.27362913497570357
0.27442416685334575
0.2727114291657326
0.27228157228513095
0.2717415088135159
0.27135379798161724
0.27061990873883623
0.27089343658260656
0.2705340237275195
0.2702009116379597
0.2699038151504108
0.2697454441024091
0.2695246578663165
0.2691320704966432
0.26719891344099733
0.2669918574226616
0.2661804687268331
0.26377461810667313
0.26257577412651534
0.2603889260097311
0.25833740277637685
0.2565171230581716
0.252822105032837
0.24966569493315202
0.2460164751253698
0.24433063696536048
0.24272488251680868
0.2391122629576523
0.23749367487810247
0.2355327925385966
0.23122988535123548
0.2271242183017864
0.22473899104557016
0.22099631899342076
0.21910283224476385
0.21712330209749506
0.2166107632648532
0.21494388552199198
0.21372061063482076
0.21214985514286014
0.21134456921103867
0.21014274607661743
0.20978718118468417
0.2085546443377504
0.20704126139348653
0.20738025826807532
0.2083341070110401
0.2095625061751239
0.21053379739393088
0.21138652821681198
0.21257362614132225
0.21310647529871352
0.21388402337207282
0.21519903063813262
0.2155401438714113
0.215649780023666
0.2161085413359447
0.2157652314749985
0.21385436579751538
0.21148845229461605
0.20988398092637084
0.21000953191855426
0.20858895378789571
0.20817951804350648
0.208296169658081
0.20837510665916326
0.20834912123732474
0.207159653763348
0.2062896825378191
0.20429526408468374
0.2033494667432317
0.20247938606501276
0.19875521261078283
0.19815054983256936
0.19708500028642642
0.19823602079217234
0.19977861543077174
0.20108194174648295
0.20493741774444785
0.2063662538687227
0.20923552771832682
0.21256713065685956
0.2130183175051379
0.21435674344587233
0.21473878882249134
0.21801581982441146
0.2190839884365276
0.22208479581093857
0.22776812981395095
0.23013292836161892
0.23616712596111097
0.24137255643906746
0.24431734297145918
0.24613430862231275
0.24728672803654633
0.24980500291908347
0.25225604080503555
0.25359176067637196
0.25639630126471213
0.2610880411272795
0.264791675886715
0.26714725594464117
0.26619236209365116
0.2659962895456581
0.26516487917871057
0.26675622412787586
0.2669564031110452
0.27012219363194445
0.273917620382759
0.2775040661369811
0.2783862313038166
0.2804122057768407
0.28117790463036296
0.28176813929121286
0.28183789737812637
0.2823584510992899
0.28336189285534724
0.28352304759865316
0.2841359216334286
0.28520375828146194
0.28521742206820744
0.28445081553551355
0.28360998037944185
0.2815942349366813
0.2804728296351085
0.2784980062083462
0.27886696242455167
0.27779759512833335
0.27699449383856445
0.2757398162604496
0.2745602809825945
0.2742512514475425
0.2744279921259623
0.2723316383542954
0.2720195527133009
0.27064714428138636
0.2681909160160708
0.2674483350207001
0.2649977082342152
0.2629153556945452
0.263037788077067
0.2633337061060067
0.2643078004849525
0.26432189236384807
0.2658702919342664
0.2658904167713747
0.26574016237389164
0.2655423124685603
0.2654082922490779
0.26415752032264445
0.26214100942697793
0.2617382443614176
0.2588393625194576
0.2567330478738927
0.25547519875184077
0.25342211351926613
0.2530546936290522
0.25138350392674713
0.24883274996126709
0.24839391367595343
0.2458227110506031
0.2450841854174755
0.2407778027476966
0.23964361880125223
0.23805440109469841
0.23725840029051376
0.23612168453754223
0.23398037835358404
0.23318052865035838
0.2310210170384081
0.22924623844517464
0.227938124771557
0.22808114687119896
0.228737415475244
0.22962877074627802
0.22949242583693358
0.2306697374359577
0.23139805621241613
0.23226213285177008
0.2337671737241286
0.23424034706694147
0.2347598043130396
0.23541985386460632
0.2370345839201095
0.23777415380191594
0.23839682733057815
0.23818233940155897
0.2386748001379635
0.23918090872918146
0.23909217950336617
0.23859874926271166
0.23728086297693235
0.2367887206792832
0.23672337427379433
0.23622952938859157
0.23597731141609196
0.235331441461059
0.23418754570711742
0.2313446715446438
0.23039996297160897
0.22659319290446564
0.22660563560829966
0.22479267115804302
0.22268582468609804
0.22140425474853903
0.22207035532107627
0.22143830826958927
0.2198663036489274
0.21972456667400472
0.21667607841880027
0.21815524242307632
0.2194417888613227
0.22253052114918334
0.22696456704541612
0.2309454098834439
0.23461574326763346
0.23852747819245695
0.24168448886059593
0.24277029778082354
0.24468442046369293
0.24568744795391922
0.24778943920216295
0.24962993171592288
0.251797551093946
0.2526897818131203
0.25252136721243473
0.2523883161058445
0.2513501390736027
0.25154742102697114
0.25257112263558285
0.25407756453840785
0.254634681212066
0.2533991096948175
0.25227023983258695
0.25128339562983876
0.2516568456481584
0.2512728899504229
0.25308405662056904
0.2547980892037521
0.2575604080593726
0.2582202775881754
0.2612422197837625
0.2630954938697143
0.264671167487126
0.26492206412251046
0.2665522335692311
0.26760520897562873
0.26955685460619866
0.2697950833919746
0.2712508091409095
0.2734453009235859
0.27332760194794964
0.2743921289394635
0.27570017756738785
0.2756958111310293
0.27576094126093365
0.27503945078130265
0.2750169351546884
0.27497596597495727
0.2753925477950459
0.27529333649523646
0.2750423999036615
0.27386971766203155
0.2724647796736752
0.2708315536470026
0.2672550814735871
0.26577416381763175
0.26522028962979
0.26421443906677594
0.2646984435842147
0.2671624035465053
0.2696575193192949
0.27323501036058373
0.27495589834687706
0.2771558421942264
0.2802911846769063
0.28163955872864826
0.2826086695730086
0.284259945686035
0.2856556857000987
0.28649419424971023
0.28548201112288185
0.28707227716892947
0.2877012556021674
0.28794714901537544
0.28896398131357687
0.287950810928361
0.287326114197632
0.28734156018344004
0.2861787103585198
0.2863592150096609
0.2865145755002887
0.2870938250576519
0.2865278897297128
0.28545237607075524
0.285244359894626
0.2847564450430327
0.2847548282592513
0.28433361523130124
0.2854299111168296
0.2869524545262589
0.2898800891098247
0.2915265557728951
0.29348865782549405
0.29697017273579845
0.3003424688718313
0.30507722117227937
0.3094102670050517
0.3133089247033262
0.31704849084948533
0.3194132253009692
0.3233016929142809
0.3293284364364054
0.33406878502154763
0.33789601184040413
0.33947857825815664
0.3423672072745367
0.3452033804428628
0.34711800303660445
0.3498830753759961
0.3503073349602214
0.3518742736905037
0.3525455202942304
0.35446143795037843
0.3572285562702114
0.358733209048422
0.3586398865485492
0.3593406766930537
0.35905234156553634
0.35858555800634256
0.35759196901621737
0.3569520579141804
0.35638437770947345
0.3539829851086913
0.3537927977528504
0.3513594723943675
0.3493188404145994
0.34701980122196946
0.3446446364707264
0.3436232459538018
0.34086348021368523
0.33959287354614076
0.337888081860403
0.3357414301361373
0.333567042307391
0.3335506055847189
0.33205223561488817
0.3310015265220872
0.33009057007787285
0.3301849177589061
0.32980325496714535
0.3296547975973071
0.32900892077878696
0.329098779595929
0.3294610624266748
0.3289242920005692
0.3284465763025306
0.3279645954716365
0.327541290462639
0.32767486122625666
0.32827463974664445
0.32840533695673974
0.32663377791615095
0.32616585706857115
0.32552461530413346
0.3241228940858462
0.3233801492717155
0.32238421901176045
0.3218043723223969
0.3203018283905389
0.3194135219558737
0.3188969287764918
0.31757955543188365
0.3174123910494355
0.31554142930091506
0.3131180818659488
0.3116229228219195
0.3105658646735546
0.30990483137596336
0.3085868276793519
0.3075648207828042
0.305231121595825
0.30444917048039793
0.3033810782518235
0.30322799416633706
0.2985032276603266
0.29662460869010016
0.2959841813751171
0.29562453662656785
0.29664366413938226
0.29637169670805796
0.29556791839861535
0.294450644581003
0.2913577395598321
0.2880418049305906
0.28574010369431124
0.28535100209364883
0.2856940192091094
0.28751069557887277
0.2881685254760361
0.2901916502598273
0.295241875920487
0.2969909385692071
0.29853606113998266
0.2985731016183458
0.29838818952046275
0.29941985628218903
0.2998453868707339
0.30161901429770194
0.30389860418743664
0.3072972180712736
0.31107909320465926
0.31502605317757204
0.3167569856073181
0.31715561315336616
0.31711716384707034
0.31380851492887957
0.3107178628934529
0.3092878554910382
0.3091727918597299
0.309050034487833
0.3089255941937936
0.30959312282721196
0.30812555061574354
0.30706172063366977
0.30668862364949223
0.30477299048619105
0.3011628369728928
0.29742884831860555
0.2942979518491094
0.29087477573081316
0.285496803087322
0.2828996886866241
0.2790337967828027
0.27450771302738763
0.26948610694913705
0.26417462780966844
0.2596419529335111
0.2584915403890389
0.2565494184991373
0.2529553304363822
0.2501643018610017
0.2482328298200353
0.24399961711051774
0.23972077560519617
0.23376846527317124
0.23003532747906946
0.22239667101793065
0.21499252473227576
0.21249242877344296
0.2045806658940615
0.19991941272140293
0.1963226307464531
0.19569400662013053
0.1946951672757014
0.19381526648735098
0.1920571539910885
0.19019793451056055
0.18703456693620865
0.1850148168656272
0.18328623658084225
0.18475050603068777
0.1884047180721228
0.19175071082516862
0.20225777942240514
0.20558876034832627
0.21468313399875377
0.222923786840279
0.23099961905855398
0.23461225132731228
0.24260736590561272
0.25042295807620707
0.2569322939100677
0.26203281031054765
0.26503554179132804
0.2712826475376905
0.2776316743605528
0.28465700531839283
0.2926888359123424
0.30069176533326747
0.3056816824554516
0.308302077178998
0.31244646568799
0.31620874973503466
0.31961710138096544
0.32143285524909887
0.3250040434987795
0.3269413264913027
0.33081938709273817
0.33499099596453785
0.3384711075935904
0.34205821219438504
0.3460492411327785
0.348583698154535
0.35172120362135656
0.3559586109222605
0.35720677166149706
0.35971839478435486
0.36157726558521863
0.36203792643834753
0.36222659156287434
0.36157133561719534
0.36042528903315935
0.35899156492161166
0.35649461831611584
0.3549786704767618
0.35246780525306326
0.35178679490730763
0.3478023957859303
0.343305048498792
0.34127904556546806
0.3358465688049074
0.3300711634827147
0.3250174789835688
0.3185903058907386
0.3127559288114824
0.3078214539931601
0.3064990531420174
0.30228606399792185
0.2980516140190872
0.2939861870095024
0.28923728741436217
0.2873784020063393
0.28215903030799416
0.27766476509916294
0.27141502419144853
0.26767569508999295
0.2630328957329004
0.25901300699103047
0.25568551528951017
0.252814831517492
0.22998209551998516
0.22477949659738883
0.21993772139364212
0.21703290594697924
0.20945297927846265
0.20211281330851832
0.19489301317074967
0.19142873848377323
0.18469105380102335
0.1777356806183899
0.17184576191513642
0.16707535617317154
0.16580904657340312
0.16494437929270953
0.1643571251388522
0.1626883909026019
0.16073228187044966
0.1586127481087492
0.15714391078142267
0.1565864296683504
0.16103163624582645
0.16267143670172304
0.1678204612152069
0.1723729673131375
0.17637635354634412
0.1786893590510394
0.18318130401426033
0.18957816953698545
0.19182501421053408
0.20344482008848605
0.20717401912788094
0.2135696939640937
0.21658638360102458
0.22084378702350946
0.22448093358469884
0.22922851271722489
0.23473792418868417
0.24581963879109753
0.2527695023644331
0.2559215192898101
0.262445456436142
0.2677133586460564
0.2705138732100026
0.2762820747136696
0.27737085173720344
0.28079785462437984
0.28387830888750143
0.2858049400776792
0.2883984549375092
0.2897473386969171
0.2923302258856186
0.2950928583185584
0.29757181070360034
0.29850470704984844
0.29783811244585795
0.2971388101315466
0.2960981437834681
0.2934774749509361
0.2898105609574389
0.28833963372475113
0.28643210152240195
0.28105962505909937
0.2752239022293767
0.2708795934397607
0.2661267227383926
0.2617219649902605
0.25714794266948504
0.25490308446857307
0.2493190171414736
0.24307627413134023
0.2390108028162551
0.23090990517384338
0.2283054178426008
0.22327396575252867
0.21879616190254342
0.19056098898978413
0.18809723024823083
0.18483322591400644
0.18281042955945978
0.18060918428002828
0.18213334719849134
0.18164682091123946
0.1811147973929277
0.17794760472146873
0.17427410678034594
0.1707995894526572
0.1669718723444114
0.16589428741955373
0.16443778248738905
0.16459545690277633
0.16437429292884997
0.1641353316596576
0.16383905909099894
0.16447325340131302
0.16458990631629833
0.16327073183948035
0.1622056978483298
0.16160107474219135
0.16057280167151744
0.1603075623073037
0.16039365120566818
0.16014868984452163
0.1617489065393486
0.1634882562598318
0.16520335297814406
0.16615283272273207
0.16609982563931172
0.16428857569557145
0.16348624200265904
0.1613366587947847
0.1605817764605579
0.16092313931898145
0.16143155591790384
0.15932893370646034
0.1571245846098035
0.1565192684895205
0.1577929522790861
0.1610317030682221
0.16416725773655721
0.16670915148371063
0.16748733441999783
0.16680837347834437
0.16603387414474596
0.16354359212902542
0.15967929040210313
0.15853800645478772
0.15793199034334787
0.15625653779612042
0.1564142709990169
0.15649965170792007
0.1591419530735637
0.16076784814459583
0.16512748587978746
0.16904034207501062
0.17057542129493347
0.17314515214803317
0.17565702024618976
0.17485315812881508
0.17492412465364252
0.1740990016445249
0.17421436464078238
0.17456136490082796
0.17447938918788186
0.17613463371090968
0.1783678294224535
0.1811633210619254
0.18281377354754047
0.18462583156877577
0.1864304237874834
0.1867040989753114
0.1868349597372566
0.18388773128998892
0.18108296723059658
0.17976291631114835
0.17905023618838228
0.17835828442278645
0.1781646909453545
0.17755477610415318
0.1764172128341726
0.17588147189739273
0.1761936025170352
0.17735592694319371
0.17755658444193764
0.17851971665739624
0.17837696175383375
0.17734816534120465
0.17655253776390087
0.17714167756939742
0.17631448950003986
0.1759388334351076
0.1765552351114862
0.17665027553936813
0.17837962372835275
0.17973318115785442
0.18126209340766328
0.18374432305232224
0.18493418912258747
0.18552323482528849
0.1864015847632007
0.1853604977111771
0.1841403765228747
0.18348220078511385
0.18274421368132937
0.1833682614861394
0.18431022866030505
0.1859289435885259
0.1864787714325055
0.18649774399907476
0.18575753826130503
0.1854739975896899
0.18481888522376952
0.1858435755969574
0.18626011793949407
0.18480843506873443
0.18495345355359386
0.1842373432016552
0.18234485441924905
0.18117705450321697
0.18111017726424425
0.18096658719385844
0.18237557501524881
0.1824891561369432
0.1838459531719669
0.1850328368678931
0.18512788720181367
0.1851324419362019
0.18496430997096314
0.1834854209786153
0.1827930625157018
0.18249529701765285
0.1837945655575839
0.1854244172410531
0.18746988122050925
0.18987050781378798
0.19199937047936735
0.19542681566261072
0.19840832285646656
0.19494779643802843
0.19664548104370855
0.19799799585491604
0.1679656041373355
0.16806897467482815
0.16329263175862158
0.16424544316114142
0.16760054385932127
0.1829225927138069
0.19262524293403024
0.20225402704863646
0.21182836825821968
0.22256671189401428
0.2226380617278192
0.23266827234434184
0.19508098996226203
0.1964975578101802
0.19849325131486056
0.1995560448237579
0.20187342431370014
0.20370163441965455
0.2050889454969133
0.20756639772663413
0.20823090833440477
0.2070558982907774
0.20859091877269287
0.20853409090774105
0.20833522985471534
0.20925507003166413
0.21136482354928177
0.21332388728267776
0.21619017798449364
0.22001331124359141
0.22103894843518512
0.22621014842598358
0.229127825985864
0.2309086376712775
0.2332077306692028
0.2356674861351249
0.23812499889572666
0.24112231509947762
0.24245044452244996
0.24322679317198004
0.2448886574888834
0.24784700609993413
0.25100273392405426
0.25147361819179465
0.25367702311191426
0.2549773716416713
0.2550291887238812
0.2546571208394497
0.25300256145007927
0.2514274378281946
0.2506415732098998
0.24975079491112342
0.2493194915226248
0.24857874660147683
0.2492742595732694
0.2517117741679075
0.2533186378680924
0.2561037064608668
0.2570419113676418
0.25712737228427757
0.2564649501311691
0.2565163817364459
0.2556214745039206
0.2555523733146138
0.2563012175704887
0.25832999718165467
0.26099836552524863
0.2611347913100715
0.26196081609609867
0.26145485720566713
0.2605621533063282
0.25895654539430624
0.25765004101585964
0.2575056594189969
0.2576924596815676
0.25812511885989103
0.25893946534144513
0.2586125428349705
0.25953623394182523
0.26153842827662876
0.2617063409851347
0.26183478096881113
0.2613694990222508
0.26213298461065704
0.26420860395310264
0.26763740989577933
0.27008858286729526
0.27241157184409776
0.273336102991958
0.27627579726931495
0.2785156459031541
0.2789027968250963
0.2788565208594711
0.2775439832193402
0.2685828109472389
0.2681729797497184
0.26723600366311534
0.2674354521548071
0.26689154310621416
0.2661117913730563
0.265189689830643
0.26389458222010226
0.2620965030522699
0.25861273397920154
0.25693896205569444
0.2538474299772696
0.2543301930518547
0.25226567976725456
0.25133910773840457
0.24978042149804902
0.24819602900718785
0.24701526652398975
0.24453715504150994
0.2429492934699371
0.23976498992763848
0.23709649239453418
0.23419699813813755
0.2331022501827341
0.22949435618937625
0.2261528888876382
0.22408275567788646
0.22336384249756785
0.22155109838279524
0.2198397269161087
0.21922899504040835
0.21803153283359927
0.21517279342906953
0.21131470537155886
0.20413210311053528
0.1996864307072944
0.1979527712480307
0.19516840151449752
0.19257904492063022
0.19077730655841543
0.18883375358970658
0.18767771619898416
0.18827484199767305
0.1891528284130595
0.18986743466037126
0.18894697871168065
0.187959104103575
0.1873814103764942
0.18510785769821542
0.18440902024165215
0.1844538215603015
0.18655273075808335
0.18916533793162335
0.19000877774929273
0.1913262183346107
0.19476579954285983
0.19651281156440642
0.19789101317886768
0.19899911534397155
0.20040762109412738
0.20088802475657777
0.20269729057547106
0.20299179394950836
0.20483122690142777
0.20500920586103297
0.20797885760221932
0.21062647486495467
0.21235838969345672
0.21601278309115735
0.22090962693408564
0.2242293966172657
0.2251718473433817
0.22780620798531853
0.22831011258861142
0.2287291601055398
0.22905642499492415
0.22908192855023407
0.22830054871179786
0.22833888612997547
0.22812389882720102
0.23724392498200902
0.23859006861308676
0.2446114071289805
0.2523792644783141
0.2600183091449858
0.26610981863104666
0.2584141416519881
0.2583703568454573
0.25929682910581164
0.25914311073458035
0.2580978466604558
0.2579276210953646
0.2558133844986238
0.25406547490499487
0.253026022090113
0.2528548842334764
0.25339249389991625
0.25604577677490103
0.25816638259286184
0.25968939487855325
0.26021801095158403
0.2608149986265378
0.25998441853347887
0.2584933717942275
0.25717265065676437
0.25784448900227896
0.2808368558071358
0.29023280795234596
0.28690524560442576
0.2646741244996213
0.265600531847641
0.26644187327914326
0.26844928449192607
0.2810920459227049
0.3058974870613494
0.2340813594765569
0.23118669764944602
0.22632075218668235
0.22043723364620132
0.21821646347376467
0.2144527965112068
0.21222856814077437
0.21086145236117523
0.20901063130580985
0.20808512725320077
0.2080431571671597
0.20705303674254413
0.20535219182174713
0.20351532061521227
0.2027773591615282
0.2022718004051538
0.20206535201950282
0.2040196302941947
0.2052693995035922
0.20736811493131097
0.20936412998978032
0.21296889948427628
0.21396731409947187
0.21615513896614486
0.21901722663577888
0.2218305556705018
0.22655271507656777
0.2277753412086277
0.23099537476276094
0.23275810611880887
0.23276214982167515
0.2326246057655129
0.2329515593274049
0.234080956330661
0.2355195225838142
0.23891254517857954
0.24224656148607582
0.24373695896562286
0.24613921224750243
0.24838160239048301
0.24975803902451071
0.2544903302590173
0.25724254840422456
0.2615705179156887
0.2671674631268349
0.2727394586337495
0.27732396165785006
0.27910952732613614
0.28112625136127545
0.28304601747569585
0.2851036685658018
0.28767232261467784
0.289648113796003
0.29116989960632406
0.2953379606551022
0.2976136520534213
0.2982784064252912
0.29915866692997656
0.3007546726173088
0.3023923461210825
0.30294884556575974
0.303503410019217
0.30502108022557295
0.30685963238862934
0.3076466670263599
0.30870586114256626
0.30754449480691787
0.3070395512099225
0.3060955516220206
0.30425332819497247
0.3017440878651373
0.30036483340979203
0.2983351441067392
0.2960795032220213
0.29443838702880915
0.2937381023363804
0.29389811629155005
0.2929262825676639
0.29210456099949317
0.29032502263955723
0.2904627108592271
0.2884512444618329
0.28474805665935976
0.2629735517438214
0.25956077143622264
0.25018981427456416
0.24289140713710058
0.23668329012439487
0.24321185985915528
0.23984257926341038
0.2385969205906587
0.23706169243226055
0.2350976325712811
0.23358030318477696
0.23135454608761777
0.2297530989330477
0.22893822812975148
0.22866587688097226
0.22835897148200374
0.23024839301377747
0.23127845794540333
0.2315212709075365
0.23188550394815283
0.23132063592920332
0.23038862297530138
0.2299334223530261
0.2289977608164615
0.22996275862363183
0.2315008339974219
0.23242918122672349
0.23248920581947036
0.23282122236603264
0.23261942025255022
0.23206341903743835
0.22974712151519833
0.22840561053935143
0.22814418559737257
0.22785003687352762
0.22902713614850995
0.23201542554537471
0.23643749954919993
0.23877487937095365
0.24273245097877855
0.24644749370816443
0.24971342096028462
0.2512265032156761
0.2555051586549847
0.2601661674864102
0.26392810590951665
0.26676812372485187
0.2689850938498236
0.2699820106404129
0.2717174742411817
0.2723366220003126
0.27386144362458736
0.27716696344422875
0.2794793743052213
0.28569560206811945
0.2911685936235428
0.29352639014936976
0.29802740167721314
0.3018889286575003
0.3039331773102131
0.30632194182711914
0.3099102469109455
0.3134061236472027
0.3159222442258264
0.31806240423855386
0.31793025553584553
0.3176231065981521
0.31554773693361426
0.31458840071133887
0.3149118490562322
0.3151742350172532
0.3143729229171547
0.3122275864831014
0.3117885688138486
0.311124615139507
0.3114755492488794
0.3102942018574327
0.30989648857621904
0.3102805728008674
0.31067186518148454
0.3123356944584447
0.3116165676588431
0.3124675399566645
0.3136370064736395
0.3144155701257424
0.3143348494242452
0.3142149588613713
0.31425774137501633
0.31314066750912833
0.3126750801989141
0.3128019946918575
0.3117839271110685
0.31161039197757245
0.3110895175989478
0.3101976693834917
0.3110404271427331
0.31044913780112193
0.3083463620805772
0.30654761329072666
0.3042749808310681
0.3038419572429597
0.30071476041942635
0.2990034047800957
0.2963761984915466
0.2953505674238017
0.29478220557542634
0.29300892663799494
0.2619673524837168
0.26018483115524627
0.25671653918289544
0.2502487039355339
0.2510888884765245
0.24978712804378764
0.24586468743298023
0.24237452997222708
0.238087858640987
0.2359966027913928
0.23273840903193524
0.2307632308071946
0.22666155479557926
0.22286885683277485
0.22130418077679245
0.21791049095628406
0.21588016907678406
0.21515939953634972
0.21479041276735183
0.2149787103202323
0.2154537453268329
0.2160015064914173
0.21770414386778972
0.22075109643959645
0.22261721789775604
0.22345246683591752
0.2255981579798986
0.22611981472268514
0.2259538688496217
0.22728665713786497
0.22774966449847364
0.22822144077967996
0.23088677732227042
0.23175649203195045
0.23334504916572985
0.23373873879657064
0.23323785675863432
0.2361768472364135
0.23696819627079088
0.2394313908166855
0.24213626318295348
0.2442806416135584
0.24763323016774877
0.24908789599671494
0.2489373151731724
0.24732340217226872
0.24664586587339668
0.24572006282821168
0.24573275192865415
0.2464903512185553
0.24689075050661105
0.24829179976848254
0.2473504129683445
0.24630017370292517
0.24491725428111327
0.24432956012743548
0.2430308302741083
0.2407494656821721
0.24089071466681328
0.23985431745598937
0.23956070451775746
0.239371335615615
0.23818677646380318
0.23656925597812592
0.23402244349526188
0.23227230349502634
0.22824794948897523
0.22475008227336066
0.22784944952743674
0.22634429534143458
0.22579469680067996
0.22441012528511423
0.2235251635258261
0.21328668930111777
0.20637413059072546
0.19816607724384389
0.19164286889578866
0.18669880138206524
0.18245164933536387
0.18065489908428292
0.17976838476988352
0.18124102123279062
0.18257342405120433
0.1836619681363255
0.18608148427170468
0.18702920572209408
0.1894103012678666
0.1930318274318191
0.1962815276226369
0.19745108987686347
0.19883150778508374
0.20118609653191705
0.20551937151262317
0.209851864813669
0.21413130918423046
0.19055765229490707
0.19246296462281984
0.19251198641132977
0.19309501210618057
0.19373614474064538
0.1940156375190857
0.19456762010445003
0.19720218019824354
0.20314535088603608
0.20772391198119738
0.2117769171072074
0.21283214718201376
0.21339878105340468
0.21373819266176425
0.2136153207085209
0.21458435777023138
0.21620318227400057
0.21734884104632446
0.22038573121958294
0.2221937483512988
0.22293735455118582
0.22289023786122994
0.22102067571555187
0.22021729885532842
0.21832808434835319
0.2190717533065686
0.21876362800898472
0.21846436838326833
0.2160108063347969
0.2136992531586705
0.21178935379474279
0.208863710473625
0.20608224463095975
0.20368212969793245
0.20339289193216867
0.2029629708964192
0.1997201065745153
0.1982825185979999
0.1982815651796163
0.19740407958625913
0.19553718856299232
0.19437973510076012
0.194819340261851
0.1942118900217587
0.19216677411926505
0.19286401171195458
0.186513082871755
0.18427753100273464
0.18252382002320994
0.18021430758049248
0.17851741788300174
0.1767546918790905
0.17527588854882775
0.17539569178918235
0.17366553295139608
0.17268592166945915
0.172108150406656
0.17030005243784324
0.1659693456945364
0.1637872404122123
0.16164067091665965
0.16002817444811188
0.1583349469896614
0.15569277057100697
0.15337517186536276
0.1526740565656346
0.15295605549071462
0.1543101996835871
0.1569118007232104
0.15971363587281112
0.15985186193549855
0.1617173746405437
0.1628972788062562
0.16486473529572043
0.16701211227980642
0.16847090269043918
0.1702507735043115
0.17201075888728068
0.17411542066902605
0.17246005401692702
0.17339036028249474
0.17338163900420062
0.17515050704223534
0.17636897549134065
0.17750693771751094
0.17988631921224557
0.18092251205777277
0.18318454145389967
0.18608158854283155
0.1857236516599831
0.1878907518767833
0.1896259210576383
0.19204260677310564
0.19408749843999676
0.1968185289872399
0.198908299555537
0.20083469857817615
0.20292828742818333
0.20292505355107265
0.20350245337072748
0.20401489557060054
0.20497582871593015
0.2062722216768099
0.20829026737236753
0.20916690681681316
0.20901363115750513
0.20924465044074872
0.20891879215949377
0.2082086490032419
0.20688722235170567
0.20538646474387817
0.20444139044514667
0.2029820185241788
0.20103727322512704
0.19915628313975234
0.19757536019525176
0.19512020584738188
0.19208822840828696
0.19087718266449544
0.18615227564333686
0.18527569851863662
0.18372070858653078
0.18154722370279108
0.17945183641058343
0.17896028142253928
0.17691332571039226
0.17575212388948197
0.17284830217413005
0.17005016060048772
0.1684660737136926
0.16682956653025047
0.16372348951023286
0.1624450264951731
0.1623971142293363
0.1616903220239811
0.16143134428075917
0.15958418964488602
0.1569402655949855
0.15671802561212486
0.15466859639784866
0.1531710987517165
0.1542485273233592
0.15385524646045842
0.15565369792352618
0.1579851513898159
0.15788148554754353
0.15821040058926011
0.15612568503739782
0.1554170750435607
0.15595395614273866
0.15752147254196847
0.16046165553366193
0.1637985345359088
0.1654931369132878
0.16753035363440633
0.16964991552045577
0.1696722081558245
0.1700179502174805
0.16988093072805155
0.17085304209179472
0.17379072223684527
0.1753787659024714
0.17791468952463704
0.1800662466284589
0.18164815934647727
0.18210281946123724
0.18203663292314093
0.18353721220148372
0.18433980845518844
0.18915583428469865
0.19489167638230992
0.19994932107555133
0.20138253827950972
0.20502810083618161
0.2072557464121431
0.21001196481213502
0.21281884564066145
0.21425857717580216
0.21652949896473608
0.21973823089272365
0.2217730049970891
0.22571592376622593
0.22712305651924
0.22645971964092676
0.22688877664308538
0.22687177253580953
0.22726926598514346
0.22713483673039767
0.2292510131553119
0.22990767593307587
0.23029369370478028
0.22973188506034342
0.22939084504886093
0.22717099005028918
0.2240968117165012
0.22372764424296204
0.22352509130022374
0.22418023977719512
0.22414075928929994
0.22345630136389222
0.22050023525387502
0.21808220849473656
0.21556750493560561
0.21539021353192572
0.21546651205228134
0.21651179079346675
0.2171321657688751
0.2123091825830908
0.21071979660666545
0.20750734784913322
0.2047338033074786
0.20255533809116785
0.20286248583254812
0.20229992878516762
0.20074073072277415
0.19971686821450702
0.19669213008234582
0.19585742064238368
0.19391510498715953
0.192301491216121
0.1905679480258077
0.1887307114788046
0.18643601245696223
0.1852292812643694
0.18414308125090392
0.18351166713938716
0.18357108590104163
0.18359836898347998
0.1848909219269026
0.18565435618575993
0.18652885026889574
0.1864482499092303
0.18588161774276807
0.18655606368388994
0.18793074659993728
0.19055575913971487
0.1949236354175273
0.19699366192075107
0.1993685199536313
0.20013682986022344
0.20146426929621927
0.20236672620599355
0.20308335741840328
0.20444775882759778
0.20707495595690797
0.21030151928009175
0.21352778201419848
0.21460678864900049
0.21722615130286504
0.21979146854512238
0.22025202815996114
0.221921242467303
0.2237076763902217
0.22536255152835669
0.22820465915346033
0.23037154901986284
0.23208042162388454
0.23489460438531826
0.2360774555156368
0.2364543243272415
0.2376278725074877
0.23860870006861168
0.23793351596979329
0.23757877446023143
0.23691048704132736
0.23768841505274838
0.23882216053303434
0.23883362936931235
0.23788589080009284
0.23714648496956076
0.23607644836069683
0.2355719974462759
0.2344520912825055
0.23288004598369522
0.23200782049156365
0.2315097289671518
0.2307525836382805
0.22998239779057145
0.22946554894657467
0.22832124259362302
0.2276514879083062
0.2277027008785682
0.22631459498028073
0.22658004227053072
0.2243211944674559
0.2237306228138607
0.2234545040977288
0.2200132400098817
0.21640481552252339
0.21338226708839497
0.21200279011879747
0.20897252946738995
0.2077846247878849
0.20695681611273375
0.20644340300029246
0.20361864045439146
0.20136713268706918
0.19952358058502678
0.19595628569409934
0.19209955567557474
0.1887269533601114
0.1861042659849927
0.1850548894674014
0.1824013365782878
0.1799107884345336
0.1795836579332486
0.17659579088697985
0.17318068681245474
0.17224179190898845
0.16967728389217718
0.1672773936986964
0.16396680081142828
0.16135195360839813
0.15847673333168516
0.1575422600387414
0.15615176878705278
0.1555274756352622
0.15937909562817723
0.160769054402048
0.16167592624117447
0.16603021125647335
0.16715380665473467
0.16867950229946987
0.16975750598165934
0.17039936289191931
0.17280813134375486
0.17468229482118
0.1771904907164832
0.1796145459021506
0.18276039039995468
0.18523781612265683
0.1885992500722097
0.1925151874713893
0.19458923554145974
0.1991749647707915
0.20249802367792644
0.20396811460679665
0.2083456258462033
0.21257042436610774
0.21722848412355092
0.21989694752843603
0.22419486761945903
0.2275509851224249
0.22914826217878215
0.23175678081876852
0.2320640018468773
0.2325824486605593
0.2339046428884532
0.2384645614698989
0.2419637327015502
0.2462097797083908
0.24788585930584742
0.25083152175777335
0.25221793856000985
0.2523869879252656
0.23308525751614223
0.23195207334863094
0.23137317270038996
0.23262986046053666
0.23452832368655177
0.23514719980906293
0.23525627648690825
0.2353170318977642
0.2347606532040663
0.23404689948362245
0.23282386184282955
0.23195395166935184
0.23146550334456326
0.23135785326631875
0.2316452520423687
0.2303471635597886
0.2301588238452983
0.22845739300270074
0.22751942829162863
0.22553423166480652
0.2231486839878163
0.2202786749228438
0.21706568322905437
0.21533386501289037
0.21231039309493566
0.20904918409236908
0.20558460891277003
0.20418028044092879
0.20378650661294584
0.20394097114351117
0.20436155661514244
0.20406214908066972
0.20331214897825006
0.20079131880044793
0.1981175330199685
0.1952648912716551
0.19375712433635042
0.19368196208851554
0.1934301215006003
0.19487846085171984
0.1909279828207749
0.19028225624131304
0.18802194390385835
0.18604868084291765
0.1836630035745973
0.1806274155765725
0.1796116364074737
0.1781906062068753
0.17680977252987093
0.17652878434909924
0.1772650048655104
0.17715244095439822
0.1770527136262976
