0.0076021550055360865
0.007498912712610592
0.0074972643284128395
0.00727146374637732
0.007179856344128736
0.007104823217857471
0.007174506456850892
0.0073009875158627155
0.007394495692920941
0.007630860851987971
0.007781751027671158
0.00787406824184913
0.007649930404486888
0.007274743685305546
0.007144930041818405
0.006947080038903301
0.006792530086006288
0.0066442721790418045
0.006614777954245403
0.006339264791247873
0.006066384990288961
0.005819882139186072
0.005750459790525712
0.00568530077233023
0.005568157970705725
0.005424355127396652
0.0051525969489589285
0.0050978428708633085
0.00487883384546643
0.00485996651321448
0.005007163341441425
0.005056014232252928
0.005370555028127284
0.0055397631576617435
0.00551632801750245
0.005685700624709651
0.006022366452893472
0.006054034967653674
0.00634640110483072
0.006757728678423334
0.006910842072953621
0.007261985620205348
0.007404705285282471
0.007584377505463406
0.007797827623148542
0.008001117911244308
0.008116377629806718
0.008602721394733089
0.008766654235696293
0.00915394406218301
0.009330563528360583
0.009685143563013771
0.009802608142483422
0.00959584865943797
0.009439608256357236
0.009313729485459134
0.009398444102580355
0.009287735628735864
0.009220876864652356
0.009196896385542599
0.009333902570956846
0.00947888588100342
0.009662610640403498
0.009844286631642102
0.009569598613129403
0.009474223102487
0.008797091978320268
0.008349628333375608
0.007905603775193122
0.007490168356805951
0.007531193275662866
0.007602852013961164
0.007834090814486622
0.008017408762533255
0.008391074771873511
0.00876233169551064
0.009125974661068745
0.00927065133470233
0.009200188259503857
0.009359554952661381
0.00966713775851039
0.009911282928157603
0.010722174030242946
0.011179414759782461
0.011466793070049653
0.01192429396007087
0.012131071466102658
0.012438344521205047
0.012603426604235732
0.012301927362870977
0.012068057792343097
0.011834752304182388
0.01184668024532952
0.011871175714248514
0.012126030015724631
0.012149277846835503
0.012441687223961218
0.012552636443564491
0.0123952424605998
0.012235340561909112
0.01186783720126874
0.01154045289622668
0.01103712015693828
0.010565969085780582
0.009674060220603293
0.00929010853947909
0.008345244594801213
0.008001510459305394
0.007233823976761387
0.006744564202318529
0.0062106796915538925
0.0060714494016584014
0.0059184279850610436
0.005954911477113413
0.005867734077121586
0.005988499391714684
0.005887993351306642
0.005982458036986386
0.0062009722695672165
0.0066161399093164095
0.007047936149073353
0.00745229378065927
0.008205903650466384
0.008805821268988443
0.009500687823418693
0.009926561869289608
0.010374285494585349
0.010686446012788583
0.010817003270794993
0.010990925152003549
0.011448432175132245
0.011851483285113908
0.012127091405457636
0.012458455081495819
0.012447092632443674
0.012608372623949005
0.012674233073324142
0.012678768115281139
0.012764180647346626
0.012950167219016873
0.01312750806329153
0.013181671757180258
0.013163414396612857
0.013035189511520984
0.012907785399627544
0.01301418866017468
0.013084752220975252
0.013080939570543269
0.013215583829834596
0.013489906683047958
0.01368512296236853
0.014398781864014523
0.014847741497866915
0.015434366118099044
0.015835693005934695
0.016299500067177865
0.01680814612724033
0.01671629036774084
0.01618548052498338
0.015990378379063423
0.01571308694776224
0.01542038084276543
0.015394861119235248
0.015303504752956715
0.014997835833333922
0.014642504444216936
0.01420273793155768
0.013944361482760173
0.013346915514597305
0.01258772780174514
0.012089407407515056
0.011396752147008552
0.010949781171877645
0.0104726108771226
0.01029165826556654
0.009896393141357583
0.00976332943167882
0.009748300706881024
0.009507257325316194
0.009296960526959643
0.00897259705743067
0.00861101734261603
0.008508902269957718
0.008387579358089562
0.008261718767655454
0.008194858989543953
0.00824972631701397
0.008402093988731365
0.008667334913480682
0.008709509159555252
0.008668323274707688
0.008657890414286294
0.008517456090430062
0.008616401602805631
0.008799764198951624
0.008904502803818378
0.009022368282774692
0.009447667755340916
0.009914066047947182
0.010443875750716997
0.010635911013372468
0.01095857981957886
0.011025710790447103
0.01140116297128389
0.011797857377049433
0.012398478168301785
0.012514804567169625
0.012421698457281537
0.012719597662315524
0.012793183706955693
0.012712374259042031
0.012698884997411189
0.012342462335468742
0.012225208648312315
0.01217470191090744
0.012168860641562255
0.012236318147771246
0.012482642635325131
0.012539636111890346
0.012726787703862976
0.012801667021514732
0.012812228083745662
0.012452896640335562
0.012195241879263545
0.012066872414595833
0.011905474816614603
0.011679052485662696
0.011624622994535153
0.011567265066825634
0.011521097962419478
0.011601144506972656
0.011734694068517005
0.011820947198684192
0.011909201275225809
0.011834261147719786
0.011667497422686236
0.011615577598303745
0.011334466133779269
0.01111211576394127
0.010930951270360619
0.010857653152430532
0.010868509270568658
0.010934073367193438
0.010820928443695227
0.010743833496006678
0.010632595442930154
0.010551676470856114
0.010355895866961593
0.010221856078774603
0.010194117474948335
0.010100013226380159
0.009871305189407955
0.009836796861070298
0.00975997959802017
0.00964213986118655
0.009482225412065035
0.009465202899201048
0.009553838039735054
0.00945585137537647
0.009396342664379897
0.009491447467682119
0.009799668283840584
0.010206024620290535
0.010526225025592148
0.01070460054955132
0.011107131214670381
0.011157947040169126
0.011079854440578055
0.011135816682999481
0.011312767596831877
0.011247922120647845
0.011267241974435713
0.011228565837977895
0.011056792852152077
0.0110171536564391
0.010778100407747678
0.010633939439813573
0.010324763923572827
0.010304135363045759
0.010333685561549389
0.010211439178306986
0.010205444534602202
0.009976098538182444
0.010010098909569536
0.009788921818689244
0.009756801110827225
0.009617099801049139
0.009542287595871047
0.009498611547200778
0.009292995339501153
0.009372290816663737
0.009398331087105945
0.009532042283131658
0.009518798256826423
0.009604899884630133
0.009828085850706231
0.009925495086887547
0.00977005585282088
0.00959239307751272
0.009260325312913136
0.008918211161106282
0.008549591284041671
0.008145611129877198
0.007987805195999124
0.007922538789252344
0.007854404054583812
0.008118501206274139
0.00819662824274597
0.00817455735748952
0.007996505598823145
0.007613165893860847
0.007422178908467712
0.0072915883458890465
0.00666644897433571
0.006564785174650266
0.0064841358693029805
0.006447647329856028
0.006550884745827386
0.006501714451991374
0.006395042408537175
0.00634118542370455
0.006374195936520069
0.006319323898042052
0.006237605395358117
0.006048245575758805
0.006005724777278313
0.005994876847316759
0.0058158002673933135
0.0057973837804111885
0.0059315811669264544
0.00615213548142296
0.006292607655328991
0.006961894047311222
0.007390286957655891
0.007585299049348832
0.007758282569687744
0.007728346726765039
0.008114171449625864
0.008163074010772675
0.008290559302724303
0.008249680581318749
0.008340407078933593
0.00850379413141542
0.008647752925642186
0.008906255397002391
0.009329763824330843
0.00967767225582618
0.009646981129502486
0.009732190364150272
0.010102289603044271
0.011141932845569271
0.011599441796333713
0.012698626808372405
0.013345832686888525
0.01373445974117125
0.014418665767837197
0.014925056277800112
0.015153013787949726
0.01543514997600392
0.015655092821874977
0.016182335326709558
0.016116472803800505
0.016048793379948304
0.015417162283712465
0.014870155684182849
0.01493299818253718
0.015009730794026172
0.015325128560268145
0.015503222889999672
0.015337321686294333
0.015087978325670399
0.015016811804675406
0.015308154831468055
0.015593570973230417
0.015765549945193767
0.015502012931612416
0.015081875303840725
0.01476598315362471
0.015009456158883317
0.015074903534853473
0.014700292006872437
0.01425394959692256
0.01367108339009406
0.013552154014084638
0.013310818893422833
0.013108794636830234
0.013227707499514584
0.01342883456845212
0.013589339221301861
0.013635692384435483
0.013309629445311019
0.012739880272660962
0.012295987460359006
0.012136789098395287
0.01226102974861878
0.012568057949857724
0.013237264839542304
0.013446966846951222
0.013930099519494398
0.013815140095518545
0.013974017199665501
0.013965749536946922
0.0140506008767734
0.014380202938990515
0.014621157151686107
0.014739269423081286
0.014712673274699273
0.01452529502294542
0.014588114734555416
0.014544229728767117
0.014797362766540492
0.014681764625803262
0.014684627972226203
0.01465235342952538
0.014701713773654809
0.014948676555296877
0.015303701383264295
0.015657019073064223
0.01582539866692493
0.01591972818837581
0.01601353880303934
0.016310159733044404
0.016399530568094445
0.016671542060602448
0.016471112520270757
0.015736983170316764
0.015154055573197878
0.014390904304685741
0.014245649102605718
0.013937595202126752
0.013757971348357167
0.013855830147576997
0.01388704485020117
0.013971155294450494
0.013905708414838147
0.013789766352531523
0.013694580877405623
0.013919745650251891
0.01387548111153199
0.01406178500774947
0.01426023784195441
0.013997648989038842
0.013884282571566885
0.013707795687803845
0.013129896878790018
0.01273634804380602
0.012457606956854722
0.012239466825855267
0.011824040704640007
0.011269007339338381
0.010995528700702351
0.01023418309845925
0.009565345600770618
0.008801246697226043
0.00839077008661484
0.008051689503264455
0.007848312898255603
0.007472845058764596
0.00733116367420861
0.007207130847839344
0.006799086887674763
0.006596000680693502
0.006279036860155951
0.006119829172944296
0.006114668911639568
0.006016924262041919
0.006006656743891833
0.006383391434600982
0.006568021666677889
0.007083599397508682
0.007383021854628217
0.00812144555227644
0.008965211107648263
0.009348725070103125
0.010257816559279091
0.009557159018432957
0.009195466774432937
0.008771421477771626
0.00839242460258936
0.008122527178009454
0.007896781440155378
0.007759368302745931
0.007663849232213815
0.0073638093220508875
0.0071638937844734464
0.00711737355591107
0.006875925503905371
0.006524795194975902
0.006338688792605515
0.006119629809598772
0.005932864157586305
0.005571395081841373
0.005462916660410443
0.0053413278728746145
0.005345947178353078
0.00528697401073115
0.005215003993821136
0.005172607026186355
0.005024431498454903
0.004785452823793473
0.004859121345059603
0.004888872303089376
0.00502978623933772
0.005572243227049084
0.0060158859832756
0.006280285882259598
0.00643789282055128
0.006303645898202881
0.006119604958640595
0.005955015897014646
0.005849266588281837
0.0059337093176951485
0.006030663685376926
0.006140083463628542
0.006270841964881052
0.0062320890607956755
0.006131930867549875
0.006022659255973362
0.005855026238616354
0.005860008879534714
0.0058845518208908345
0.005974232181671115
0.006275050205595862
0.006636319942779768
0.007104594168649542
0.007430877600938543
0.008237806320555513
0.009008513191512541
0.010102855404215887
0.011051454987518836
0.011916296540478623
0.01225362360506816
0.012132075599983732
0.012355257233984838
0.01196979255784431
0.01148818038841572
0.011015955629598825
0.010795363488251726
0.010878703427152442
0.010498333392166355
0.010495437404395559
0.010277027475842346
0.009697704465507388
0.009345529833476912
0.009345515099602244
0.009176499295757916
0.00936635772388927
0.009473427630047057
0.00947798277775751
0.009685405845271318
0.009963904417469268
0.01021828773396319
0.010380477781729947
0.010609708433707631
0.010644039031805254
0.01063770390700219
0.010635276932139346
0.010651078349226397
0.010730040569580929
0.010975819576289287
0.011085429996395394
0.011211966469344931
0.01142754110878213
0.01157643368808343
0.011647213756505464
0.011591923281459488
0.011546080839806832
0.01152623970702407
0.011262910331956732
0.010974778245721416
0.010461664846834185
0.010007359607911232
0.00953922330380703
0.00893270067108051
0.008533260092424954
0.008362930896278488
0.008047022303204478
0.0077033664849514485
0.007651258679782562
0.007473027261342474
0.007363895055730369
0.007012399918624693
0.006686047571792383
0.006488529901907625
0.006290465971033987
0.006085452632312071
0.006142868935973141
0.006041636589220353
0.00591101695753893
0.005903201835968512
0.005850062633807262
0.005596664632346564
0.0054099198923546156
0.005485187310793222
0.005322773050434446
0.005492063149314699
0.005691617375354131
0.005794645810742434
0.006709659127888968
0.0070774817589380635
0.008115913682010265
0.009106497064081936
0.009996423277095736
0.010854515334295885
0.011257342862091521
0.01287939200157987
0.013515164937195682
0.014822462655252343
0.015922001579073548
0.016772872036299246
0.01700039964511241
0.017650053735698192
0.017719318107582736
0.01746151342435414
0.017185212429379475
0.017230350122451096
0.017028137598161804
0.016790988120894558
0.016535440208574278
0.0163216687884801
0.01622502988561351
0.01610962562213378
0.016178243892516396
0.015753802244543123
0.01535988960521048
0.015192356317719527
0.015039029422956766
0.014767406374222544
0.014642407033418894
0.014579629372111541
0.01422036135667222
0.014251023007740874
0.01416565111776751
0.014001641727842646
0.013881673625511074
0.013565089882369569
0.01355979710251139
0.013362103930531813
0.013203736665615261
0.01314353819601451
0.01307361411761676
0.013108688694146178
0.013090369307206275
0.013004240851163838
0.012917909610267893
0.012818865825869299
0.012211333133115693
0.01216594342701861
0.011847676601796973
0.011561095515569136
0.0118733628170356
0.011908283251215786
0.012073822275007357
0.011555053700229818
0.011359083725322888
0.010757054195613076
0.010459151083799734
0.010287562815217728
0.010142923754541107
0.010250596924504685
0.010216425121311174
0.010297867255926046
0.010106158668666819
0.009588307966691693
0.00917579749459856
0.008584829127355052
0.0075432074677086805
0.006895362442503677
0.006474644135656465
0.006384040734141545
0.006204875317591019
0.006160019086696315
0.006025976936749633
0.00571270795279792
0.0052582136244778265
0.004617055149275213
0.003981612966934688
0.003636081481971342
0.0033157010880625316
0.003231311185937333
0.0033266376618194897
0.0034480122092162427
0.0037002185981962364
0.003849285927742473
0.003938346476134108
0.003983163531159489
0.003950559391768496
0.003971730822783867
0.003822858679689279
0.003873621209072775
0.003944767175853297
0.004218273880998001
0.004624886342194608
0.0049928581984477974
0.0053448190439908515
0.005844754588883663
0.0062655744503563576
0.006276497355999615
0.006477865404883265
0.006748415272439488
0.006998441738835075
0.00713860494148937
0.007224023583685481
0.007267455550249066
0.007251994921154923
0.007329611681641877
0.007404064072010466
0.007499106405266548
0.007890874811075269
0.008150377694632074
0.008529980018175082
0.008729255924097293
0.00902196966219961
0.008968332039276519
0.009000214784275767
0.009411183244121893
0.00977372099011794
0.010056198528319607
0.010105971658376971
0.01009935621123143
0.010200410271576015
0.010328337252753035
0.01064069894142346
0.010941145450889391
0.011193902441437099
0.0114451644047277
0.010831909809599244
0.00984817243494344
0.009539360753077278
0.008539503879263543
0.008155746970000962
0.007364439736889802
0.006698485694817629
0.005970949540809897
0.005759682808597061
0.005166801642020699
0.005077024794056648
0.00479715973586752
0.004741584098534334
0.004658971917238344
0.004685690015817921
0.0046835114646726185
0.004687021403242605
0.004750305336618197
0.00492838587187431
0.005133082383600347
0.00521227291913773
0.005351449243146204
0.00552924460858436
0.005717307729004997
0.005844331024745242
0.00588237604972122
0.005853358425553579
0.005990301747143554
0.006025841243563738
0.006162143851277862
0.00638260796430469
0.006770741052308543
0.007049489066888999
0.007459623851095621
0.00769965491880169
0.007698543226436738
0.007685440125642017
0.007561156728062107
0.007572132634675775
0.007667366013858486
0.007820098730883114
0.007865472461995489
0.008240722683404906
0.008377035787862154
0.008503305398911686
0.008769690617727604
0.00887198492848126
0.008677292991860507
0.008638643741039996
0.008560187510109615
0.008301740686856376
0.00800826240559634
0.0077792535977165315
0.007569092017127107
0.007640119957205649
0.00774405644122973
0.008048339534348112
0.008356566824486334
0.008443655082134693
0.008196484002100877
0.007842812621934824
0.007659108063422626
0.0074174553441353295
0.007405262382061152
0.00775366819234647
0.008264970222808931
0.008650831707897728
0.00900046554603821
0.009228051315765365
0.009784525131071227
0.006194990433161767
0.006631198308730024
0.0070637437873827345
0.007251568674794711
0.007273941160998108
0.007241184039944186
0.007103284494387513
0.0070833665675351055
0.006991043877277045
0.0072796248674527496
0.007749541517405203
0.008023952665380429
0.008287286967865213
0.008750079170298337
0.008754037526551735
0.008629755803195803
0.008767602775872827
0.008620333404100547
0.008538563825791153
0.008225880606810943
0.007784350322436269
0.007419622605008429
0.006688405062772318
0.00615169588185152
0.005471148077229737
0.005206449224949542
0.004909345102690696
0.00469871694598689
0.004667802188102347
0.004858800014232991
0.004890067427089651
0.004948033563138923
0.00495408898116457
0.004763083039538389
0.0046217822722632125
0.004537047203976843
0.00441453015179764
0.004399661700456343
0.004407264682466378
0.004396146450506477
0.0043331198363462916
0.004283754108524383
0.004322405126834125
0.00424529581256999
0.004179072309052264
0.004083456765428995
0.003977561580845924
0.003951648016473744
0.003629229003242588
0.003553022686803988
0.003510986082274357
0.0035781320798433302
0.0036295737896848345
0.003722752911618913
0.0036411811054176436
0.0036520503271937634
0.0035178353200332733
0.0033210429041049564
0.0031007792122362205
0.003009375444090473
0.0028669142151891546
0.0027744365527916193
0.0028650246108901135
0.0031096274845051055
0.003383983193280614
0.0037191152996939535
0.00406708909164229
0.00443366420911682
0.004929756046649271
0.005638618305535992
0.006134429761948194
0.0074610319697446855
0.008296990977704078
0.009476048270723863
0.010860711695551539
0.0068211537080912765
0.006629388163265225
0.005955615772701024
0.005171837187167733
0.004650726252757806
0.004242862675079378
0.003935801810478993
0.003940716976299658
0.004123704335871085
0.004494899231303216
0.004695178736727371
0.0047384426008517284
0.004848160922391836
0.005030670435959349
0.00519431172256526
0.005592772596710066
0.005970988842814472
0.006454256205759498
0.0068379701666725495
0.007000171961882409
0.007100364657803615
0.007346793139355781
0.007449906552758968
0.0076106027939150805
0.007824936530457991
0.008215268149662194
0.00864976110050161
0.008753903646519517
0.008557017582480675
0.008437795334266581
0.00831929140824653
0.008093912701236076
0.008219224833420486
0.008333447270683077
0.008399807208839736
0.00810031286586341
0.007846061618225417
0.00748192157445419
0.006953961701019642
0.006333322837628992
0.005739145349317901
0.005487362401154227
0.005089722274699687
0.0048234204336563705
0.004815830621477056
0.004843329722946296
0.004864512571580342
0.005003887076590827
0.005005652761729422
0.005191502623798876
0.005434526464202796
0.00556437661716089
0.005714808024441807
0.005832657967603054
0.005944094031501479
0.005972933417113935
0.00605758416380479
0.006078128250770582
0.006053609821475889
0.006095616361861499
0.00611111612378896
0.006297812193090788
0.006405746600409104
0.006475671707906944
0.006926790773081104
0.007324056371722091
0.007704862544550268
0.007873176065680946
0.008224301989164294
0.008301394884804828
0.008755028103766863
0.008964207327900825
0.00921781349375331
0.009371098480733583
0.0093927465536383
0.009485446843415199
0.009304090936619793
0.008899514127617204
0.00855213216258364
0.008317082392455684
0.008130325415954844
0.008067954879512982
0.007921768523619659
0.007918221356100034
0.007825584687824703
0.00790070646765928
0.007986403498433024
0.008067919303951945
0.00809875546942407
0.00807483510683418
0.00781413825987437
0.007527259134820806
0.007349440027318052
0.007109387451411523
0.0069132576023840835
0.006968294120743466
0.006902379397742045
0.006627970716352469
0.006314037864724562
0.006119240893889917
0.0059394699355081225
0.00590392282805446
0.005857762942057489
0.005893461436132029
0.005768389264442449
0.005700579175028733
0.0057225391466362826
0.005416694130473837
0.005259244601288541
0.005015621045792129
0.0049063262762780845
0.004717459229016385
0.004579850935782989
0.004409585322822646
0.004106892900187478
0.0036517797223757377
0.003400346904636655
0.0030635095464960505
0.002722517942702677
0.002602240894781393
0.0026001640676745416
0.0026693821206654014
0.0027861229834988026
0.00289127340262914
0.002830758968168619
0.002880638374417719
0.003047226515931773
0.0031666339166424146
0.003306026909079776
0.0035669397099024917
0.003913542342278179
0.004338586298811077
0.004846408843888965
0.005450885699068296
0.006139867128804073
0.006845858560802484
0.007308302760406604
0.00816142906230845
0.008477926570583893
0.008737265729609119
0.008821299735713545
0.008936231950410075
0.010345684215609798
0.010888310655967653
0.011680289305159764
0.00552484966358546
0.006565485903010655
0.006754340741416264
0.007681501500426335
0.00799098799817433
0.008752164213722418
0.01000548855420239
0.01243923888941811
0.016761917003647465
0.020470509710420224
0.025401697241398107
0.032115966230854
0.008584727477956654
0.008586231069122749
0.008498882958497272
0.008416551234063945
0.008297837379862515
0.008658438711435412
0.009017088667285626
0.009374469614649836
0.009504672414267449
0.009355105527385246
0.008885979321709684
0.008435302135011152
0.008173556702988829
0.007831836743517286
0.007918661365980992
0.00807454414173411
0.008349850155923589
0.008607321044033334
0.008614421790100473
0.009096075547054563
0.00923322541042389
0.009441102307475219
0.009496857671153927
0.009657440389558018
0.009915940874217469
0.01016462985551264
0.010676208193270942
0.011107740972163719
0.011518209170271538
0.01135909029993811
0.011480703191990703
0.011498815034951107
0.011630511788554967
0.01181088077101756
0.011669859535123738
0.011704612595041446
0.011623005359117288
0.01200264425042191
0.012342023350046985
0.013037003141999815
0.013450413976760939
0.013517317133004067
0.013864038935205224
0.013012591843551611
0.012570890175017118
0.011299359961485365
0.010108563466484992
0.00851872365069815
0.008070664792584979
0.0073001278290103526
0.006784116443665433
0.00662526802191408
0.006010003254697552
0.00556153608585721
0.005341621449442138
0.005322689370961038
0.00542778589832799
0.005573684111010795
0.005754951556565108
0.005689463956128011
0.005623095587661284
0.005493716900708394
0.005603386162042909
0.005900241855517827
0.006357528948774734
0.0066246322547350005
0.0071907757976350465
0.007648429452864945
0.008401239440271498
0.008869521273094007
0.009487408734922412
0.010163835736615442
0.010677138121991678
0.010989585205346247
0.011007806207602085
0.011183879206851616
0.011421679426602976
0.011723966741527387
0.012199162064154752
0.012644810821744915
0.01308313077434072
0.013614311354666144
0.009776403682125897
0.009644142282200553
0.009644230954674347
0.009442738159269524
0.009119038297254134
0.008941979375622503
0.00866726695475775
0.008437861260764661
0.00824792985059713
0.007814159546910341
0.007690753558800956
0.007520162240096466
0.007768141970131684
0.0074414979758444825
0.007388613858762676
0.006820950481786485
0.00619282522361155
0.005712474676181684
0.0053082265327201355
0.005152407431147628
0.0049518907725341395
0.004950702648592277
0.005132384010133811
0.0051889384261088805
0.005206466996320929
0.005230109563053345
0.005394158733672712
0.005456776373402249
0.005643301587712046
0.006027343970318807
0.006526094158268788
0.0068701337197450115
0.007596774246793829
0.00844193133973821
0.009893864861614244
0.010805844256832292
0.011142318763427944
0.011793638176360937
0.011978684856980459
0.0124083439822209
0.012433352676228911
0.012452970702793621
0.012732329015065482
0.012736367501893211
0.012186321268803008
0.012051980452090535
0.011343616395518955
0.010991734199178708
0.009706977719766103
0.009086090081855932
0.009149460237842128
0.009041642150391284
0.00898132681323557
0.008876330176831003
0.008768193108332432
0.008419848459723947
0.008337836418829873
0.00800699358272871
0.007806993849634977
0.007790203126993037
0.007588804536807564
0.007206407190499203
0.006884529790763895
0.006654203139046322
0.006454016635883172
0.006375281472427258
0.006325102141002502
0.006324371594181059
0.0064058935996222505
0.006443338962242318
0.006778661812192663
0.006671720520674829
0.006636749744468139
0.006641482049661131
0.006715333459074563
0.006807850588750146
0.006893867265557523
0.0068518824552928
0.006765977029688122
0.006697751488427346
0.00832827987567365
0.0081484377768311
0.008844414730347114
0.009594781148104805
0.010350340729270798
0.011402841920291566
0.007205533592293941
0.00752805626051579
0.007637940251064475
0.007632323060220397
0.007693493744981203
0.007812523225244658
0.008091498303574703
0.008444658089569521
0.009001515667208916
0.009297179604115286
0.009797763850413916
0.01018947400826588
0.010381419432923141
0.010524504098580018
0.011215837102328883
0.011804596026594744
0.012738026866713516
0.013695604859170624
0.01481955102635987
0.016160836760349427
0.013378741659226145
0.014813216152638118
0.015210658047799797
0.020874814945961783
0.021908512081329823
0.02352615135469687
0.02513720598424492
0.025773982331719004
0.030302989151314557
0.0077272557144003355
0.008110388374431475
0.008559587295669937
0.008817595835778087
0.009041373924254867
0.009170927430502105
0.009836983541131954
0.010134828143595905
0.010325071002231876
0.010308468949048764
0.010324653507005548
0.010222857792530928
0.010083778637789097
0.010039186394027986
0.010001419108872426
0.009991854031039908
0.010020592455291686
0.010100263458092335
0.010035372064934663
0.009750456690433569
0.009121872119629297
0.00860649014846317
0.008387791692587462
0.007935498107728
0.0073998117772666695
0.007017751473043123
0.00681648407203445
0.006613376169281086
0.006455014876406076
0.006274477838068636
0.0061595013369545645
0.006026364217135897
0.006020862131062493
0.00616970790697767
0.006480761323255066
0.0070873267892793
0.007656247138494057
0.007978598545127762
0.008334772590880321
0.00862213135174851
0.008734932901832367
0.008339204682260465
0.008267531734293586
0.008039089661875682
0.007875757393984162
0.007993225139065066
0.008048768923207827
0.008094701318497866
0.008241924702892037
0.008524829324171557
0.008662328861356558
0.00898740450658526
0.009418144894024944
0.00973667363029542
0.009980085115090163
0.010389130197579633
0.010805163836994706
0.011034178263700177
0.011553332628022033
0.01193773798672062
0.011969648417655358
0.012576514854010235
0.012930709183233876
0.013148737182552267
0.01344271721467786
0.014102581207220211
0.015005669815022465
0.015360682433299227
0.015674987979852492
0.016119429014281553
0.01647491506054617
0.01684860940118694
0.0177204579325695
0.01825133916625791
0.018592071653755503
0.01892645055123012
0.01933518586571557
0.019349134370548592
0.01942671141568408
0.019889002726924686
0.0200733116112135
0.02026974552864978
0.020738908500784477
0.017783477842137248
0.018046490029740268
0.01810445987838738
0.018401581477270768
0.019110950310900054
0.01919567527875512
0.019011268509080265
0.018421989627884047
0.01741964135094396
0.01662315155347613
0.016325816644012177
0.016311088346522597
0.01569361403521847
0.014709994134504722
0.013994957114839357
0.01362637719229251
0.01289889162590117
0.012614864734146284
0.012447781759720207
0.012208931445212907
0.011810869730114505
0.011361799634447207
0.011180898655901644
0.010805123739831408
0.010519840285315139
0.010373536818567541
0.010075732382026668
0.01012066859149446
0.010021872410127
0.009908654133216375
0.00983789170177234
0.009780412851878261
0.009792862344328405
0.00986216905467412
0.009865437763789384
0.010139778372889662
0.010331060190943122
0.010308596241817916
0.010257027494624375
0.009950727207112639
0.009593857454339261
0.009007844979117243
0.00896040209526176
0.008641744977080004
0.008638399822342904
0.008606215436188544
0.008691549848349897
0.008790099256219621
0.008970370545853935
0.00910341207068199
0.009254593202007435
0.009613310981664246
0.009593546667857354
0.009634134833838754
0.009929352847172595
0.010100022179302077
0.010118805188006725
0.009981548363472422
0.009876734368186828
0.00958494397660874
0.009584522455207608
0.00976536960035026
0.01007223056640845
0.010457675533872892
0.010982808339200834
0.0117450114962054
0.01215631242576672
0.01311182040465959
0.014045287500380954
0.014674520564029458
0.015704156036099898
0.016935130112491908
0.01775057418932386
0.018588112586023494
0.01904696882623191
0.01908367305291462
0.01916100754252186
0.019398571429214966
0.01962213001541535
0.019607486347538717
0.01881855660805131
0.01824941034961948
0.017817138037918807
0.017196406438513945
0.01626868674683202
0.01600750678638672
0.0156283670981251
0.015351028193838384
0.014857422082104657
0.014912557238018459
0.015135906956084647
0.01577651169675546
0.016461070575404753
0.017341993987926976
0.01799319337800707
0.01837710025748126
0.01891308971845488
0.01949939313408667
0.020606457100642746
0.02186898270032624
0.023374392164415878
0.025320417040088822
0.02654956841125451
0.027425216013492636
0.027952800743024246
0.028405636262726897
0.028624005418099025
0.01522838780819292
0.015057488619354926
0.014535968553359707
0.0133607605761891
0.013180718282408166
0.012873976810983182
0.01233359855073988
0.011954088766965958
0.01151142200183555
0.011650188974393804
0.01171668441527666
0.01156630685969129
0.011264053059638485
0.01120548176863544
0.01131628967596448
0.01118800412388304
0.011322762690524953
0.0113184528805166
0.01032058259798755
0.009345235380751011
0.008402454485100276
0.0080865898889677
0.007883682462627781
0.007916099688077107
0.007691520720159181
0.007758508546931019
0.007558338337859269
0.007199324968120551
0.0070891009965060175
0.00723102416654949
0.007476704884543055
0.007549080852391923
0.007747014504113298
0.007352472780384754
0.007338163116648662
0.007268407389434367
0.007187252239742944
0.007368123240058089
0.007521841642799884
0.007713342598532058
0.007855732227359724
0.007999928880481106
0.008088330869855146
0.008102672867408902
0.008226030849832668
0.008182599581684212
0.008090491326729073
0.008099802850435812
0.008023948700751054
0.00785286442216888
0.007627205578171233
0.007573795693118395
0.00781297177209776
0.007842987129221398
0.00828489348161577
0.008429205370850543
0.008680580016529297
0.009041444448227824
0.009042023764804837
0.009231185812743096
0.009420295447106129
0.009782778607640557
0.010097277410929436
0.010498341254086486
0.010773669274657909
0.010763763683397763
0.010592210687282572
0.010538624999351976
0.010383363518090851
0.010279514780039975
0.010031004381856745
0.009935494489383499
0.0098555585579185
0.009633162495640652
0.009698202885083669
0.009695058080302587
0.009900579001068225
0.010320289318015357
0.010917091181372929
0.01129021356666417
0.010844770796436476
0.010160201517016566
0.009483927409979229
0.008662529276421433
0.008288817988007189
0.008162763450627105
0.008217785173914397
0.008839026628350472
0.009447007416010521
0.01023817613848986
0.011108116614014146
0.011758910992708982
0.012537688231902672
0.013358836175335643
0.014461175394763473
0.010331753591089394
0.010517182188916365
0.010704448130498692
0.011129830080095908
0.01142815517936504
0.011446715492680792
0.0113702518376669
0.011326432096630656
0.01116750311586322
0.01071245716379721
0.010577566460428116
0.010573614278671406
0.010457241169400226
0.010152682046293647
0.010037429220401305
0.009878035279677618
0.009746115208319223
0.00964811044621019
0.009908685789913904
0.010138241687523303
0.01034275104988553
0.010745880451233761
0.010680625337664462
0.01049115023126054
0.010445220089118653
0.010746553448324812
0.01106461929320245
0.011111308706318053
0.011529170549412033
0.011982461013662547
0.01212236109055942
0.012050483867328626
0.011800073725643036
0.011529194018494147
0.011438582488031649
0.011530346138475658
0.011801144980385082
0.011827408296949437
0.011613894796485249
0.011107043751305945
0.01028365181381825
0.00969763575731276
0.009558459743934631
0.009445984574919769
0.009191740091040798
0.009134246216799754
0.009663393988541207
0.009380046368968465
0.00882481545942131
0.008306147527311406
0.008068817211170459
0.008049409116277054
0.008151143532756137
0.008129943900985679
0.008290398054876273
0.008289438533672342
0.008217034825085508
0.008176751783080543
0.007899849575317742
0.007632115798468997
0.007472741084158846
0.007255710808146613
0.007249082889089614
0.007365396372224964
0.007129459885540904
0.006614819327878473
0.006627996521013093
0.006433413232836053
0.006520004108992441
0.006532867895563846
0.0071925826501579694
0.0069990454856898214
0.007105411960553307
0.007067687915097055
0.006948723887651155
0.007177440574703671
0.007416988708477751
0.007881604642446164
0.008175587010657017
0.008098879052332779
0.008063506485412219
0.008031133102571222
0.00811538866865516
0.008090723850454316
0.00800580529131836
0.00806431236100793
0.008044687431424077
0.008120251146926674
0.008119329254334673
0.008024412524194096
0.008130282047545099
0.00807565535384093
0.007928985735222606
0.00773427200746397
0.007485790893175753
0.007483470138758094
0.007378426369799585
0.007241974988938568
0.007022481262171025
0.007037231615324058
0.007267795974726693
0.007524781197122178
0.007510714927577228
0.007457933208268828
0.0074257811560546364
0.007503186430458562
0.007500251023213586
0.007656898786090466
0.007778878532328136
0.008050807652943127
0.007963308330263416
0.008000074752195368
0.008164307642829091
0.008184014774205616
0.008248078596896288
0.008231132669801588
0.008399150191950325
0.008268334973328623
0.008256678725955466
0.008365305126322758
0.008451963525627455
0.008442895355386632
0.008522240930951643
0.008549301932880157
0.008529704991926675
0.00863028032931783
0.008861519181843124
0.009131355842729812
0.009166995071588606
0.009082523614480522
0.008987128587231505
0.00887141545069163
0.0087840471777464
0.008788757693629731
0.009158611318685814
0.009284290251458736
0.009652898486782614
0.009685424150426792
0.009778037136642957
0.00973019961557634
0.009853225777282742
0.009845415177313072
0.009866649557723785
0.010100946288914173
0.010768944805807819
0.010887261650898969
0.011257841968350474
0.011382055891386045
0.010985083111256804
0.010777487369852356
0.01031126479519771
0.010238480171972798
0.010167268409626543
0.010090681882741374
0.009549034712693246
0.009145653803876172
0.008834162535563765
0.008765081438521073
0.00877566902774873
0.008549575464576641
0.009135481153458193
0.009040291942748361
0.008950389537159287
0.008886840862682408
0.00843139914114965
0.008338392245830523
0.00834798938793794
0.00865228618175198
0.008825041615926659
0.009227004627978024
0.009892194464957201
0.010537147934802824
0.01081458553738653
0.011341690351232503
0.011921317650543
0.012275248855631206
0.013225598385705828
0.013410515388935892
0.014074107615623757
0.014727795024110035
0.015070161039500332
0.015407888164609279
0.015767694915457073
0.016048285012314308
0.01641105076886417
0.01670731026309185
0.01698995678024079
0.01722401561793476
0.017976459946429664
0.0182680010472688
0.018452656436683843
0.01847758770103088
0.018539009722743447
0.01843619338460613
0.018004403700721226
0.017708216727753273
0.01733278803513808
0.017381251777467063
0.0172972237361536
0.017132982335630497
0.01686413586344585
0.01627303879291935
0.015623925874250372
0.015262541618881511
0.014649941763907678
0.014683722216912453
0.014874672050281788
0.014120628726359863
0.013974521918739977
0.013909061754030495
0.013513287990719932
0.012907546490807411
0.012825403421700327
0.012207119998411939
0.011788342670434538
0.01169190245849853
0.0110302244300275
0.010989034705260938
0.010501639224702571
0.009990563402889202
0.00951712059976834
0.009201998778476326
0.008802715181935487
0.008826010172180949
0.008864777368959447
0.00873220283275054
0.008721896146693185
0.008611178952646768
0.008495694051948546
0.008558331837656995
0.008661092585070009
0.008419470040118485
0.008214449313320014
0.007992509204239006
0.008138853094509641
0.008172578863298297
0.008331203235156813
0.008767564003330614
0.009029391195291918
0.009224342757979138
0.00933697797667134
0.009349948793071215
0.009331258801342043
0.009347362598186242
0.009648699170851777
0.009757646261376863
0.009855981236483978
0.009880820431251696
0.009780828297132612
0.009842601895450458
0.009969637037189638
0.010279871782610537
0.010523790997178121
0.010865925690894396
0.011457139427154739
0.011723833299758358
0.011630215035381709
0.011812726392915297
0.011876911044354517
0.011876983393449421
0.011963693534822113
0.01213232705365066
0.012151064287279918
0.012376025361738359
0.012401199585787254
0.012082128048497143
0.012048166854696393
0.011857961051075358
0.011520278137282765
0.011355192263153058
0.011288147752706531
0.011052514384840183
0.011091980483754487
0.011074935397909748
0.011311881321900218
0.011566244525500357
0.011809560248425045
0.01177126402420767
0.011557015432801646
0.011565135006892834
0.011360564620191606
0.011147807730704246
0.011046623803772589
0.011016278417123746
0.011039293297980278
0.011110626752995604
0.011379435102995383
0.011393089829078128
0.011000727330164358
0.010575555428371373
0.010410478331671472
0.009826109098139722
0.009528696403146771
0.009523578006016567
0.0094094070835703
0.00975603183328998
0.009876208022042785
0.00997805780441921
0.009742518645583618
0.009340994204248164
0.008819834554109608
0.00843056661011041
0.008004873024181803
0.007891503716537494
0.007970541364586723
0.007995920198279246
0.008030186406627084
0.00805050971950673
0.008160934200926891
0.008324606852674901
0.00817467199456561
0.008038287464205684
0.007776993480511503
0.00751526527018956
0.007345316731223539
0.007465138067246806
0.007670570769359686
0.007424297872854549
0.007590201077063516
0.007751237381509411
0.008087253524271826
0.008246292304509021
0.008358834794229813
0.008626728091187297
0.008834443823355347
0.00910600494990269
0.009332899546965819
0.008970366409237113
0.009018671734592639
0.00901680373712156
0.009073049424149047
0.009156414701439526
0.009214592336179751
0.009013894260002585
0.008979680139548047
0.008950940390637445
0.00874998118568915
0.008887929455770865
0.009243851154616047
0.009638411869038889
0.010072712429163345
0.010860252425720704
0.01106683558105992
0.010958844783345028
0.010774941223220043
0.010678168890726697
0.010559035711136363
0.010556802920335704
0.01080977241491208
0.011135487278302204
0.01153952778771674
0.011647655499065143
0.011599976708455778
0.01159029068735945
0.011842379529627632
0.008627114643781226
0.00858349228819494
0.00858997993827949
0.00880298303187687
0.009092887372282955
0.009258721324077035
0.009127048065026991
0.009076622661327721
0.008745874834804272
0.008620611803257634
0.008490657456634423
0.008309658141777547
0.008345032203505253
0.008464768232868587
0.008255967250715349
0.008166845074378397
0.007913380242997899
0.007770446578937325
0.007803206733357414
0.00784682119805984
0.008171936427387642
0.00845666803157116
0.008573285062741336
0.008582406900875927
0.008385750570028393
0.007992975983830405
0.007443190691898673
0.006684510436919576
0.006017503407387613
0.005537006205925217
0.005206911496629328
0.005184470068871905
0.00498615426295869
0.004926780756182437
0.004918464377442802
0.004868462650080177
0.004884882380606568
0.004974480760944431
0.004898068866483599
0.004814502383988159
0.004602365429158279
0.0046106106864948
0.004525030647289683
0.004483536468589332
0.004648093853417525
0.004872413365839668
0.00492633686776053
0.005004002798511595
0.005004533106248221
0.005169853533342069
0.005215653638099786
0.005259967194764873
0.005504958472561432
