3.7912822045649497
4.01596295976843
9.905318430524407
6.739022028639802
7.13067884105337
6.293050230214676
9.134570832117827
8.613299197984983
6.259220380411403
4.8626967922966635
2.1990048341699504
4.802897092080872
5.51818244888103
10.610540613388713
7.703803408542375
11.574565711176284
14.725845328446956
14.920867702230197
10.27748892425438
11.861168111636829
7.602260600618348
7.984050627315165
13.207867320850335
13.9252831057995
14.434129083711294
13.75265455938003
14.08389462453376
5.717673214825252
6.385871390921241
9.318372658234654
9.54401470272434
2.8874761385475813
12.246341570701592
15.700690090709733
12.603243848097026
12.399130788867707
12.506126417441351
13.06600291266139
10.31950435057908
13.392336931796484
9.743486841671176
6.442397838563683
3.897295354964671
6.931718791471164
14.533225131932975
11.850138839065387
13.323906033506393
13.200529775932901
10.030910146623667
10.181634371377692
3.284457518514138
6.527357095245025
8.598678231580642
11.682072195446791
12.007116061938605
8.887734301434682
5.3030187039149235
5.382119230059965
4.403909045172614
4.302439462555785
4.38837660951083
4.559041439907729
5.551604436250169
3.798963685173116
5.1236730190304325
2.9318190513655
4.040596883985415
2.7125697654769922
2.9945398426973426
2.6787984680456107
3.400713369401089
2.68125662033668
2.6813688756850595
2.621440671392743
2.098638499906688
2.267276715573421
1.993775671205847
1.9566808490164918
1.8627513387645738
2.010998763721853
1.6620543726650798
1.9256932011311167
1.9398903397137919
2.107231631671293
2.151143895867102
2.497748418492883
2.105768358210674
1.9822305540388316
1.798508219142029
1.8798135469181152
1.8567029172455065
1.7886129887843516
1.910850371228306
2.2665045971431144
2.2169655056322006
3.532539766233436
3.227523997997359
3.0194908168575973
3.0897840291799756
2.7049711659930185
1.9804231299355564
2.196678891456952
2.057464844265321
1.9557261016878684
2.237594197717627
2.2836603854408937
3.1764418057670474
2.496929534054006
2.2933207215281506
2.121923960958132
2.4478768885709266
2.325869605638687
2.338280628374056
1.8712962560093236
1.9003816739318844
1.9044374267845097
2.629847125811187
2.867597562656955
1.2328630448299993
1.822501579159424
1.8537622519446093
2.2730561819793222
2.1873990910189542
2.021852014020566
2.5653986535642876
2.366571887589854
2.385148473136238
2.0152304177558467
2.729340104084002
2.5148292391563443
2.1780072892004383
2.160370620219031
1.7511811834432272
1.895757867163996
2.02493903868295
2.166158771769153
2.1849339005052646
2.1820306021640805
4.771241914147123
3.017431707541773
6.351604305131918
3.851628458519195
1.6745178097433215
2.9282767038623487
5.02743491043365
3.2713148673806023
2.33020315630599
1.2543521596610359
3.402792014481161
1.8035220186866614
1.7736833594896997
1.9211915842799534
3.781842595809475
3.9885304710429885
13.554705143302423
3.4867553589297167
4.45109431651277
9.463383705018648
5.869582727990744
7.588089489986965
3.7095168374096503
5.034201002974713
4.777118186581513
5.823134588620555
8.564905012446696
8.171455593161387
8.069612485259317
10.734755953997139
10.486021895165367
14.559574167281147
13.059724636149625
9.655682456748124
13.43839444407909
8.105005050129767
5.880545850478601
3.1762790098001306
4.386945375934438
5.131330353499722
4.83130245236047
14.054344371051306
10.124227668901971
11.18469466460351
15.43604153911572
10.973586495782753
19.33307080712256
15.568902301409372
19.61266823612816
11.545681610781767
19.113589816368012
10.963735670141434
3.312200624115232
13.584269558480017
13.5270564629193
10.207340913212828
4.519646897777063
12.939814639180472
11.015529823425323
12.41773463856443
13.463647754608123
12.498022670910448
10.560627031830403
8.640231399845877
5.252259699978078
16.466607178943622
8.499170592467625
9.477607392531883
6.219368202854872
4.488799316167723
7.13943789607489
12.324867101419729
2.841456404498728
7.707333081329152
4.639857585407496
8.127364530203778
7.474478441700268
5.847437636092467
4.123617781554291
2.7225440092041273
10.461059706036949
4.758918744234313
5.369383564781172
3.995517570417011
10.314679300446866
3.185275039526366
5.839945478443666
2.748258810665248
2.8873501646445425
7.176620119595617
3.7151913296992354
7.087801644185381
3.0523945543695628
3.231648452890762
2.479653711568501
2.5086162523538436
2.8735532270053428
2.946226109205679
1.6992847960744146
1.4741640812180523
1.881464453720853
3.088177219612458
2.0239347757287875
2.69852979239613
3.2906737761789535
2.680903623140442
4.5386727380381275
2.4319778857079966
2.193650563526569
2.0395903653913363
2.458936048200206
1.916457874604885
2.3480781861032516
1.8201220664310718
1.9955774564357944
2.181440808372314
5.89156544005551
2.743927321756919
2.537639653022496
2.1239159585043312
2.114544891473349
2.6116011542012894
1.9391197038025887
3.0333235048912517
2.3227471381421303
3.129328670005699
3.4982222228648645
1.8650884043897662
7.735301169816838
3.9792042113923585
2.2077365660339257
4.9646366894743315
3.9039596178175393
4.939738751776801
2.175270591908366
2.124995971606892
2.5204378421172957
2.0554880765768453
2.2537156324391097
2.9948800077529576
1.7796472111100634
1.9527829450896874
3.8846920593362837
4.7959248891140165
2.021263880218625
6.301916931883532
2.7460133271315756
2.9794433484284046
4.110899742415176
4.878237380676124
5.438237309853981
3.870924590667587
4.3223939915814995
4.152998489398491
1.9029038088395762
3.3677597767860865
1.773083882730432
2.9009253838762388
1.2246101694943292
0.781113694285098
1.0856476039480643
2.4645958338273615
2.8524168718715095
2.5373843797685907
2.466162142775789
2.8380913863363553
3.432969201407757
3.6125830773137415
3.0778621390541647
3.5206832637803984
2.6634309781775634
2.63523752134647
2.7257918105713026
3.138376632517284
3.7035269660600547
2.4911393722228965
5.79291116557384
9.696298393895527
15.887811364280447
5.926346184401348
3.3572420088172246
5.9466505978157
13.764511026243287
11.52921882275546
8.562221143922729
10.091995667825357
14.460282232919434
9.642899686502744
9.342450714288713
4.389400107995362
3.7680900878169106
2.6396488123285486
2.267737662389009
2.184443650764404
2.6646910814109144
3.16054044848078
3.3688777104918493
2.9383872204975576
3.7526447550847473
2.9066356371694866
2.640275627002453
3.434970969278667
2.652435760590109
3.1139226210108326
4.750267411983509
3.1799001515428396
5.249592515224826
3.3213093818028794
2.845039831660938
2.3585506456947845
1.7714204583249675
2.186385714582016
2.939787360887368
1.38026687612543
1.824402342750211
1.7772277337146718
1.3582602589143726
1.7365716296499127
1.5113635402236039
1.3909707344096724
1.3567730244125502
1.5646945801778482
1.389994279266157
2.110207303526054
1.7054696326553647
1.9041982658367704
2.127551298722338
2.239947603245672
1.9868353584430327
0.9463738428228716
1.1122617512965969
0.9159808211851406
1.0187955402030058
0.986496072205348
0.9205139959190964
1.0483289346816393
1.0805199298116706
1.103174855371615
2.160205961030167
1.249704772632183
0.8082662023443756
1.204772801569292
1.0217682950680476
0.9534049948361096
0.8816845503171804
1.4166890173894235
1.1688135913511437
1.1462920337339517
1.068027735542394
1.903188561867306
2.4006421559712243
2.3856295416392643
2.7295075017909936
2.1951155335460997
2.6930096805718446
1.5158505396088036
1.573689957779514
1.6635969738205945
1.8060929795835783
1.808241452715622
3.2661295698577186
3.3012760109160935
3.2387116904441298
3.2533700115917967
2.849623917079455
2.976270068714318
3.6588907190496824
3.6009956312823865
3.6965214291346493
3.6733442559402234
3.5159672949628638
4.232195744959238
3.142865292147193
3.8064255734221093
3.9477382052423984
4.316415565372691
1.3380106991253036
1.6411795801711364
1.3092244027140123
1.6655181865221131
1.966970820622393
7.765580319938763
7.962298307552549
7.491775437695134
4.7241017270394785
8.142914782980576
6.910969875141658
6.94746341892448
6.825536647076463
10.846180076892493
7.339197381168195
10.31876848379066
10.171309390210409
10.475385104752252
15.33334744037577
13.786380887400668
18.584349856981298
13.766499654286786
18.78783739614582
17.6775887023276
17.8468573779355
17.78191151224985
14.12597259406174
6.592768051883847
10.324129858070963
11.361885309502274
7.1662484524029875
17.075458100637626
11.241758121388733
11.431536201887203
21.36780476553827
4.212466462400479
5.4271426078513425
4.68302167722072
4.187458562693098
8.699146732531577
4.997431871029521
8.171235681306474
12.105026245683769
4.753182494375759
4.610305184063689
4.953470951517085
1.8288113008097355
5.2840439293460175
4.809705886593655
6.708759331807596
10.513317027802982
10.740351721157086
7.358668223881089
10.799464966541999
6.859762898560343
4.135203254834508
3.716988237961899
2.825910821940394
3.29590627007056
2.4511653842256296
5.216929583291012
5.29708202503753
2.484884397208627
6.239273412596073
4.776719881504073
3.66366892216366
2.646997075991781
2.0128041171330824
1.7485903964222533
1.691796165188612
2.465441526360161
2.1823696911886055
2.1890669133224785
2.206454863218004
2.038297613777215
1.0658089250514344
2.045558192967592
1.9518302767665774
2.021064080043807
2.1262296518448003
2.1007165030045862
0.7175369062911083
0.9198584515635764
0.9133628025071363
1.046043798241114
1.737749287252924
1.1296991827060392
1.7167812895628276
1.5494545603955536
1.6498682892199596
1.4149873902750343
1.5624508919933766
1.2566457624319682
1.0974973841514597
1.1072541050926579
1.5070308225195093
1.2056365603805543
1.2134579610896155
1.3428798490040847
1.3718095813665179
1.436435393068534
1.499266032191948
1.924100839002542
2.8603902345564562
2.6091038169083696
4.188001996871154
2.0739028682235285
1.9923866333131375
2.6719441237809893
3.6420127965782862
2.431441722521739
9.534219654281497
3.5804098011004086
2.5697183161357784
3.470007207997501
2.9794503964086823
4.7438604728067295
3.3833447210982244
3.077948723883596
2.4333669330697476
3.0444505561428707
3.655600803847757
3.7387295549157322
2.3587910484196364
2.6887006807035183
4.736947701763361
2.7586086346604635
6.828259345150512
5.7154536559168605
4.101079310167952
6.116731824809614
5.641330780511727
2.6448408864654853
4.047594707606143
2.9734603188250204
2.543509622367622
3.100166752680833
3.230432813387415
3.8447184311505325
2.0701674111400994
2.8418688144060873
2.6806941113308795
2.52076961412934
2.551347165156325
2.665532865150184
2.263086589113965
1.9648491341092207
3.644115400406877
5.625535189543503
5.5291028876408035
3.4315690298426738
4.586232763153722
4.191989183215611
2.750675228199373
2.6619589173748897
2.3551417873852953
2.9036014169105906
2.6405591142531613
2.7677908130650044
3.399380874301486
2.6980689266266844
3.3545743398790373
12.730958063394315
8.187226907491809
13.825571606757546
12.712377534952534
7.479301432102434
4.659077721466501
10.134167324556577
10.914604717854738
11.399683110394609
9.535934065036553
5.067438985653886
7.823288721245211
7.987963663571527
12.551122966108707
11.389943389654885
11.527925619478527
8.412444561533471
11.34486713577512
15.81465277525705
12.341961755844737
8.060185716432127
7.551640694962397
4.772526683859036
7.574021839607629
4.7814128879739615
6.124858181976746
4.892548116183711
4.900020526473355
5.125298772397613
5.393049529932768
4.47298259916367
14.794902980858074
11.729300181585854
9.77804270039829
13.143179284280825
12.395327173312282
7.357215251197692
7.80624742475717
5.490978371823097
10.144125520015816
13.066297713803019
12.625043384269159
12.820458814651047
13.089382127403553
11.809553365440587
8.760612431306347
7.141081093623848
8.088242018714478
8.504878515785311
10.860366985090447
3.122734769828946
3.9965373406431466
3.129064679014643
4.079337051568223
3.8207771244982425
5.311830019660912
3.1108268362960803
3.022256450257084
4.10551965833143
3.6392723222316063
2.8719648947076144
6.011197188271319
4.518389173093186
3.981709749854872
3.7644281153277164
3.6967356698663307
2.9897797437745455
3.4870261127299513
7.117431641677652
3.8687716507413428
3.401279588791283
3.893129848820948
3.6165121027892093
2.297682406057407
3.077053295691038
2.3828124511955897
2.437602858704662
2.522319081380432
2.166824580371545
1.8680490132537422
2.0364966844432746
2.32132524335356
2.3073064755859574
2.1827088918307718
2.51831720004659
2.1992717224895983
3.0736253754519027
2.830454998153024
2.8166804930503613
2.68670554301875
2.4990227895057706
3.5903706779195885
6.11439726445551
3.863860656314466
7.563204076278159
3.6956311053128545
3.2440780789615573
2.47253546580711
3.6698840014969987
3.5277006093765797
3.6357405867103383
7.168332539401232
15.7246495074718
13.88714250854944
10.329064008370322
6.927351854276236
6.8311646381917175
9.382212247833216
8.361688127773299
4.546379456521942
6.367984172072001
5.726989183349977
6.237190883159776
7.445717141954101
6.716423467024015
11.86796879147444
7.810073419789818
5.621684303586148
6.550160256963916
6.788112124594986
5.320089109866634
3.753343925972453
3.5460753943654497
3.0077041823889505
3.1287553857538386
2.7616874054107567
4.060854892221836
2.7098801226712874
3.844929798550626
3.0311963074517774
3.6148050460327865
3.3554127626636747
5.439353789115984
3.2978383614802427
6.360805089455142
5.140226263612953
4.40109994770482
5.456638931914206
3.710728477826759
2.064594994467782
2.053283001071728
1.732419838083303
4.736377169758429
2.5886778414278178
2.770919228218447
2.7206596797699634
4.621200004080684
3.6936623863840494
3.3453365348713335
4.117466756344902
3.2245057244520012
5.597892884329311
3.564645784279821
3.8357988314200684
3.7269803741303065
3.0477036606238888
2.9256345015989096
2.4558765724518516
3.7522454210775464
3.4890936808007753
2.551746507058029
1.6801812952060362
2.196039543251758
1.757681258487866
2.611413906639846
2.6729587377232074
2.831074790871663
3.035004554130809
2.3517583225576364
1.4717272733940785
1.1154696413086487
0.949585270236313
0.9231616090980026
1.0362359927441278
0.9676573692303524
1.0882897182956663
1.0849059421844527
1.1332193006254916
1.281439583174964
1.2382198028153029
1.1821722458772015
1.6309786537678008
1.2565507838351067
0.9457099748840999
0.8244044515281489
0.8129613156752272
0.5174558142236287
0.6054848475711161
0.4851013793736388
1.121901437031793
1.2355321007281892
0.6738476432219132
0.48150112020602076
0.6380996518563327
0.14401972405512628
0.8168763733559029
0.46568789463021876
1.0680255501036917
0.6903556401168752
1.1302661289732796
1.4854145035741435
1.348462160815531
2.426248831782617
2.828402926518088
2.479509180483153
1.8963148635754632
2.627709677908477
3.0464943680116026
2.2432883370854593
2.4584330583194385
2.537056760332953
3.4220253279276784
4.56806212202479
2.587459463539907
2.719416717754959
2.7393784511114276
2.009190058911289
3.015622053331111
2.2504592633346605
13.04596249412877
7.410987335699548
11.977437455082715
8.883453267237453
6.6467442096645355
1.5425916529859902
3.601244662239732
4.415889429386292
4.647647923351457
3.6322783267892227
11.853384677329855
6.342678346789053
3.897630614627066
6.862377499081852
7.756576315046374
10.854493678120624
10.867997722425297
12.138608524917817
13.078055667131267
8.507457011620808
16.268187216894695
12.539251774685713
13.043745060296024
12.71761942654605
6.0152134896752925
2.2512897208292992
16.4628626237581
20.97373682198282
5.706606041972911
5.268965817633512
9.529914559027285
19.95084060176307
15.828908251390928
12.710286138276917
13.2767405550468
11.078971709095466
7.858302117483976
6.833151300374171
5.754404490807572
7.5238039656882005
15.537343336346206
7.146380157481419
17.267166497497332
15.178554303720102
12.097870223783161
12.398442611021101
16.095506868476413
12.208413436044577
16.247058092743526
15.73881195091603
12.16500510111644
17.363253799914695
12.479907651700163
13.733376378729664
9.434355716179372
10.038710290799568
13.246901772881102
9.702428792104659
12.79924055321518
13.744427128811498
14.824291393074446
9.584129883494716
4.337586368585203
3.895969507949256
2.5268883319798903
1.792779587753769
2.2539008816418025
2.5794397108097464
2.723266623972267
2.4086358423147014
2.994832323596908
2.4818009683682907
2.86811551126455
4.945142421375838
2.4318911070772877
1.612900266644764
0.9127588233439582
2.293549965021184
1.6110943282797465
2.075269949292957
3.3646433307266697
1.9918876590960644
1.9027502161245078
2.2700040456981116
1.415989184736914
1.5126414527917225
2.178253039307257
2.367032966542874
1.8917475685792677
2.025938940957759
1.812025266230694
2.3586447521055915
2.1757336814581385
1.3930301065239217
1.0671761416845467
0.5932942657581295
0.5617303479978938
0.650461604630092
1.3402611063222436
0.8411008929870581
1.204772147933266
1.7538896587922186
4.031315075393809
2.2555238607066914
2.2644150566481898
1.4814979539039597
1.4435124610597587
1.036816490539956
0.8956958242029309
1.2695888187231392
1.115448840293198
2.5977687560368343
0.9245863484447778
0.75443502324779
2.174226138557631
1.614272699626083
2.213727849920496
1.783792815555956
1.7167167728237724
2.4168325530179477
2.48000808346423
1.383245077629896
2.87146506031095
1.1445579016253007
2.3154236216317745
1.36705816042981
1.4897954033212812
2.4393000658296122
2.9491621776362242
2.709572923522713
5.455985210192237
4.350323780322029
2.2094903344658037
2.396873416850354
2.4587524098226554
2.6388493294715625
0.7139709789410912
1.940466335782706
4.080259692549714
2.1027155916591087
2.1384055105993403
1.8803651324574122
6.110885584041396
3.198278377722416
3.4289026091769292
2.102253319791773
2.3044968288854055
1.4912904432222567
1.2972686902822206
0.9805470156329564
0.9242874834427461
1.1579901729236424
0.9441530038049301
0.8341873313616144
2.376152259933223
2.1976522793590845
1.0638135973338945
2.0593334945247594
1.7779428122288414
0.9206503239170354
3.044572180300727
2.16332120015947
1.6586645951538717
1.7497203019904972
1.2278734980274486
1.753781175707194
1.3704241372132229
1.6040919369610809
0.9781938034452213
0.7710942007809749
1.1911798729410772
1.2375136204969706
1.1166810069068016
1.796740577562361
2.4931128402556544
5.399519385346578
1.9665373969194413
3.5932272404518897
2.626115728072892
2.3575568124170436
2.203310519281913
3.218739027112202
3.31159306277862
1.01507822158348
1.6649206007727948
0.8525099526636668
1.3058526698407718
2.025327968752774
1.212445985519448
0.9816794765186074
3.8944725001011795
8.377287726965978
3.8628109385232094
4.037796072284896
2.8498896880124436
2.3276655955664802
2.568059755972509
0.8286487877173213
4.831886760520876
2.221845631817458
2.8751996581037647
12.616520894837766
6.341620249350133
9.224233500784795
6.310511116445223
4.245675748364335
2.2262533516446537
2.6430428226705494
2.365854462500207
3.832424966380844
4.767937950853891
6.1084304404665435
10.23864687388868
7.923769862140887
10.033923854251212
5.357167451866238
8.291859249757035
6.733685072108939
5.087709570023604
3.339101185819949
2.9077995091804283
2.3959259496979515
3.0703280398616126
6.639864721395519
5.708821479305098
6.412255599867903
8.99627439641027
9.855321000749573
5.604183538933462
14.405775577061084
14.956046318098249
11.518804273117917
5.490848332452577
17.25500265652513
6.93410441821987
6.566275601889925
3.6223408945732833
6.754940789716921
11.176553863345603
17.34751021396152
16.306319380502636
12.319751254726427
15.636437066484401
14.678071777348233
21.456363355113304
17.797087462804605
17.72597997788058
13.42163687180386
14.237523372988068
14.08253792351702
12.919424557368487
13.473739192741258
22.723544400380568
7.029023128263946
9.689862034613352
10.284190994323465
2.7595267762952287
9.298733986357316
6.9431027736503905
8.541705912214866
6.486677517616833
9.85609220313398
15.078474847415347
15.390223977679247
11.226635017006497
7.451111148906406
7.939675780639402
11.953342877546639
8.436229428352814
9.162757377508147
20.395926421359043
9.444771691448462
10.360541052331596
7.165451748541064
20.8113421684374
20.1680601406548
11.046601712257393
13.440746614685505
3.4113768517711387
3.1747503969555604
4.994154376744468
6.434214730574686
5.323296738644965
2.5149674240971325
8.773622193256974
8.689222225417893
4.820971690746201
1.9944063836030115
1.391231660764538
3.4894138785631936
3.4322372068598233
2.428061346121128
5.859687930086176
4.439522440711206
10.897680960027262
4.674872583909388
9.137998829526015
4.628042550551691
3.451155939493952
3.8716037325422796
2.6613205000816813
2.1574442018444264
6.129214165627384
3.7015927753096562
4.539745261576195
12.714572705539942
14.247970900747944
11.508188887858026
7.960235230108675
6.089708835301237
4.557709031149033
6.372514580069374
2.486992983202468
15.393966937372028
2.930135624811632
2.143920642951955
1.6253931976389118
1.1722589778882193
1.3952501875243135
2.2062580907973524
2.1999173049803677
2.5667142178035336
1.962255923399206
1.5237237535986288
2.699981039791441
2.238460666019656
2.984897104683222
0.7353442415814888
0.8810949638499729
0.8545712598866138
0.6119750064825629
0.9744132947409876
1.6710523541215416
1.2258516451952872
0.8963559909803702
0.7825410017135479
0.5847732612226167
0.8254553478299197
0.5447245347501211
0.5766001919532956
0.7075216233033513
0.402326721392
0.5548541203058919
0.6575548293007583
0.9066563687802329
1.2245451898909026
1.3439993627352242
1.3277639736449403
1.7076164227466717
0.9754993260155841
0.828857943567787
0.6408996356649765
0.556982840050386
0.6055551158316426
0.8247715055695558
1.0892017082379024
0.9466346451358042
1.3854616440340475
1.3250178700443371
1.3891914046345266
1.519885304209617
1.8557861821314248
1.2718445608386124
1.3849498083914618
0.9056944820445629
1.0814376842349671
0.6398144369526092
1.2801218514499193
0.8847326441322773
0.9573316944845238
1.5338862609629156
0.970873725951398
1.2918255681421116
0.48426254262023016
0.8101621523710081
0.6799142370630963
0.7254181789856313
0.8442788609933654
0.9095586976270044
1.1876971331491977
1.0902164899949383
1.1086825440067518
1.447955611550541
1.1119347870499143
1.1841600193409343
0.9930041242599383
1.244210811618744
1.2485378467759254
0.9734853895262094
1.8703515862527926
2.9401594656828367
1.3574813308501414
2.0779095740637024
2.208728534285461
19.668862787798645
3.995879590827505
3.2974841799915224
5.992793300713904
6.142975779633989
2.3383107210270007
4.990637609698545
9.568838604759085
5.553266492501292
10.619616640227017
8.870821487251858
10.866463873108083
4.366168676426521
17.518711838399646
3.61587204810877
12.382062726349126
13.536225423017171
13.526751680112586
11.044723991057444
12.04488031114617
12.538554510826923
16.39234195685768
13.953326887414638
14.678810279774435
11.335512725295438
9.929969893753073
9.65587430654951
18.712168582952792
3.2237467695916266
2.4452538645470696
4.450933731469678
4.850888568104604
10.875428570062084
11.48137029876292
8.729843327628469
2.8932898508289986
4.10914162717639
7.291458517168186
14.708190201978141
16.08522140794547
11.6159670696001
16.875601579255097
19.12015981686614
15.16795020634369
19.13688859537329
18.84679591168237
14.872477436270998
6.785832114630106
13.642330460466209
12.711092380948447
16.846029138022246
16.357511037203242
19.895402501081954
24.301089383167582
14.962071791336076
14.80943377370934
15.252331418898029
14.967003244765104
11.90457862426041
11.643592124244261
19.395177181809693
18.72823642975802
18.720500118236906
18.888608295120072
18.82549281506045
14.713260723111617
18.452348376202842
21.918940085286337
4.628022670487146
22.38299851296377
18.094660540049258
17.514563710077045
16.78387251963998
13.61795293110211
13.570098831007147
17.111613932361013
17.832203986432457
2.955361059506166
10.342827527111245
5.85573216303038
5.939126247379719
9.786775826932498
16.634253425588692
13.126383671115795
10.095068029551019
9.72885737518575
10.037165538049038
6.590321590019468
18.307821499597594
12.148728347297437
17.681914634895055
8.95526652462033
6.829327078555918
9.870388545417537
13.310458905100024
7.721111583003278
8.932358584903428
8.326896972554326
3.7895584582101107
3.573962010361055
2.6542829699920336
3.311458149931364
2.1338500031305956
2.4295416254571176
3.3712116199733857
2.909494430332185
13.01156285221919
2.7684512264116385
7.257136137017142
5.064525350945285
4.475698921398206
2.717629833135505
2.948922861114064
2.772503446732325
2.743995732860342
3.2920731854787904
3.9574183510466128
15.192751011725147
2.965972577535393
3.6849054403630914
3.20978199926627
2.9996566868896517
2.733627670533373
4.407737843217144
3.320118757040165
2.891689506482814
2.78334460917846
2.4334815631822995
1.4513907239413366
2.416558429291757
2.5360843955480172
2.5588734333981846
1.8510857240419696
2.5238271985801974
1.3853254992323762
1.9474327096964665
3.8864360063631516
2.2015104685831175
2.987427733070948
2.4496403883798137
2.5054127016683148
2.557846519302282
3.319761040546004
3.2333882729996914
4.763295120233529
3.250163227629757
2.684147052337208
1.8618583563315336
2.107437356840904
1.549524642220929
1.639753914453151
1.4653497880778197
1.8225718921343066
2.006374892007058
2.9097964599461066
4.391277192396795
2.6096391596407136
2.83717466865977
2.733780172406507
2.208026324970506
1.353438255574789
1.3683822771509895
1.3027887040694313
1.5691348420710356
1.3917825112386175
1.3334937948315972
1.1590618249594393
1.251546276926598
1.4673027954914075
1.4959112033479394
2.406679339040948
2.8822873698339513
2.7572689209633197
2.9149605246591896
2.090686440684769
2.1855019034953767
2.536038847400661
2.0127613763499292
2.1907392099984033
2.2838360378694693
2.2727402673538917
2.2505596890881643
2.13661534055658
1.9424610362261283
1.9204693128127126
2.120590142870584
2.0732605956462926
1.7392382703585216
2.3950169158260985
1.72900617071597
3.2586639749941106
2.2061069755625455
2.0402007464278724
2.8568522707301294
1.9949282291976569
3.3832858647578505
4.506078750533784
3.177299851696201
3.464917072808094
2.350773803137783
2.4837350269920413
1.3518998313505906
2.5243754251291115
2.1327443190825313
2.497391730213725
2.4444503116100167
2.8400502095359537
2.347745072846895
2.0283651479824982
2.912133502521626
2.808719706111184
2.7669543899425717
2.7681580775233074
2.94203754046078
2.3602803865086943
2.964537895602706
2.956591446437691
7.89931018787599
7.169840144168893
4.15845722336289
3.6231646460527642
2.221362516933002
4.479387798735286
5.3126563115578795
5.01830913794369
8.104970980753762
11.598566771554097
17.51030817085458
9.853884130646252
11.057370963388358
5.269179246652404
4.200345682275023
1.858178913769556
10.327378888292705
7.667403820055765
8.855802506392568
12.20890737974818
9.019759781588636
11.301844266377355
10.564550755797532
8.099798406304819
8.929801608920151
16.09633681718175
7.241944450050414
11.391448010310533
10.338388809832583
10.017564974868787
4.3715860551552
4.100503457494339
11.733006644067238
14.757219124181649
7.52444784333274
7.716924982410743
8.117108401671487
25.46907035755074
24.908520431193466
18.762689855570322
15.472752990804711
10.555068172928296
21.593529525864724
22.22886653865861
26.163920896046534
6.30462596603887
26.156459813347016
13.823777088875591
13.294809827479318
17.209704193556608
17.497506277177557
21.399261240738646
29.52281995545294
5.446611239073154
5.281710482124509
29.71326576664631
17.951110532955518
21.724852724868327
21.582254463466363
18.12567111765028
5.928440103842522
9.634598092355734
6.030766239142993
2.6152359132272758
2.6357031700194247
2.8309597674591442
9.664842408814675
10.000841675551666
17.380513401366624
13.48568983365109
17.30470058955208
21.581209058759356
4.26942944887049
7.447508392191405
6.272947437449041
5.859082356936636
21.037930171974242
17.83815687849266
15.207464545417597
15.088551856619366
11.290236494818021
12.39178041486707
4.587772318625284
2.528712254727041
2.736698052243281
2.7305953491157773
2.997448582493163
1.6559994707167873
2.064733716184196
2.548721869960145
2.7188872071811803
2.113104180810063
2.0749062580398916
1.6081157814426341
0.7746265375584438
1.4309121436717454
1.414126514137285
2.052086999711151
0.8870331625032847
0.317729586698634
0.3298230123338149
0.6004155369814959
0.2854297818837022
0.9771811487882159
0.22170171162369331
0.6367318606742105
0.30232273643831087
0.09940091251999258
0.12257690614039048
0.11340464685278455
0.12360751830248469
0.13046306471291672
0.08597902543789232
0.12550822128210118
0.15865617156147213
0.01968895240341451
0.07059142986781561
0.04796645758012163
0.04909510972482607
0.06795547977258205
0.06913191281921897
0.04690198639765063
0.036954804161227664
0.031087125211877474
0.04972098207582663
0.028935838143559704
0.07138994874250706
0.05277556620843697
0.019726164506586725
0.016396888360685757
0.019261270055621553
0.07220176479684286
0.09628045043167979
0.0531624704596949
0.06925537016290093
0.059843896471374815
0.027775262309737127
0.007745526080417333
0.037951092006585224
0.04175493332253077
0.0302398752756885
0.07373981052873103
0.04893437871804438
0.11447334579032939
0.0995184413360826
0.03319604051553231
0.04324458403287576
0.07017122832733572
0.06111302349109758
0.7620209565232055
0.1456782000198022
0.10970785005822481
0.1514159622728707
0.22789658679569472
0.08388042059418313
0.1400493088383598
0.1382238128521089
0.2449096638552739
0.14177478923160786
0.17878040396978054
0.5318759084806566
2.2979533359355284
0.8253740497348432
1.061722944381009
0.7866277362050579
1.1560079002853711
0.8827909797796545
1.0035569983957209
1.262571416999656
2.1315853175657304
7.352173857867442
2.9167580821632897
6.302839900342891
13.50540242233684
13.62682258954877
6.724114718620422
4.467581881413254
7.479830666483589
6.890082496477712
10.647389434734864
14.183035963316854
11.194731944475343
13.865282792754021
13.510982746978456
6.402284384986641
6.94958183599059
3.0436940549009632
10.734517695768862
22.20390684028748
14.469892678322736
14.6888317528324
14.396083570519053
14.100177386871115
10.034427604926673
14.681083500049946
7.0574526683547205
18.632232595113024
18.02132159449548
14.244594067117706
22.34214093066179
14.237157787078896
18.47995345037392
11.175472253987094
3.3731205907667396
10.950611155546337
18.541902050494393
14.708376252619754
14.620391157374973
7.331994479799159
11.072880346919069
10.955902366418286
7.419220288732143
7.324079901882381
7.369703860792174
3.5800752295664666
14.645065695817696
10.895963834354188
10.626036800939989
6.907747808789418
10.627065501584868
10.786726483355869
6.984708549770133
14.704221547373256
6.784346317956823
14.545077994775497
10.514914872055082
3.2280730917134806
0.06155471079268482
17.13289693290471
14.453267323892314
18.363093567597534
14.063457356862154
10.140373311394658
3.4745197957171134
14.077477106128436
6.154529212904029
10.456871423411185
21.71011635977106
31.38564549037202
7.541153511410445
13.542259263352554
5.31008527789895
14.43085878365503
12.625662288406208
6.59029553537992
16.386307121946622
10.12569289279533
11.425823386813995
10.65102066910998
4.166729466143878
2.646375839546153
1.691968080518654
2.0777640607104066
1.0751049992648998
0.4871770169841918
0.27291252723916676
0.29767423651203534
0.1786177865123972
0.2670412411222572
0.2758592831109038
0.11213823474932731
0.22946930075684696
0.1075307809893449
0.1975426125545017
0.10555708961846133
0.07751507475295023
0.13723047326007126
0.10281656765564666
0.06927201978335988
0.08340601181709625
0.11824922355576609
0.10293346327991357
0.22978413864254285
0.23570516090619212
0.19165937953942305
0.15187394403923743
0.1107149488693345
0.19084106371157433
0.10435666381444479
0.15376044210714965
0.14795054701595872
0.13248174988987066
0.13201853647440645
0.13275169241781348
0.09735905615587681
0.06666938877137354
0.10667425279428903
0.13890184328666422
0.12194508337762269
0.18607939181422842
0.16427625886903108
0.15649285288054166
0.12384208775072689
0.15442593624858214
0.15032945810699855
0.16934282699994266
0.29552925471216207
0.34151551697320665
0.22383640464928983
0.2733326849039825
0.3100651145119589
0.3271069021007859
0.3750968271679133
0.5396816999471664
0.6335699557442434
0.7659975355487674
0.6972023982334857
0.7743396805945416
0.6487177348288362
0.680104127410273
0.38183341305866797
0.3964864469721123
0.5156891668390123
0.9217951711826797
0.7299994364481373
0.6370643241338398
0.5804730877411297
0.45201095134401903
0.48119388946006414
0.6520034696238104
0.9741584703822191
1.6664164601924643
0.646880565556488
2.2232022406988556
2.699892889113997
2.5746092698219476
2.6792457107926757
1.5178996473901727
1.5914872617755167
1.9796643097255449
4.401597553967774
5.721282058242013
4.648376726042709
12.611757606123307
17.794560208574516
9.640674320494947
7.520361737117082
12.884074351511481
13.265578235481144
11.98115698549382
12.237876850283984
13.326320599167724
9.69159850649756
9.82841160343124
13.183535193374928
14.089991042110075
6.970867474083855
10.105380338121558
13.29050531822011
13.514919657475152
6.465940635698412
25.955772365621204
26.065295189066028
26.321204957117594
14.279176854519202
14.110760295381505
10.538675515342039
18.126649243493123
18.14023068378921
21.928792764360757
22.243103893275766
22.506036171869887
10.845453075643025
18.58193217476202
18.392889006845728
10.702211176946076
6.690116547816754
18.116908422531296
10.528454092458972
10.961099677389075
3.3297493213896914
10.459336567307393
10.94654231664331
6.765399307136636
7.200933861759182
6.964838618426443
17.84577889194351
6.668381442974318
14.381429558909463
6.95528895074204
3.2534189405074008
6.524883313321777
9.989904836507131
13.893800224056594
6.663762273506227
14.479204492664
7.267882455580034
10.1944078889352
10.335571279533132
3.6864944482124047
14.42559201975891
21.871087086379006
17.823340807886744
21.694843098671083
14.255883248532896
14.884605778496645
30.57022399782638
22.189318038527666
17.576926255098194
14.037247809868807
9.98923279531758
17.216902447032396
21.837108422745438
13.58240723445608
13.485679660197937
17.868815199868564
21.842996602149217
17.490470948536323
9.732135749011773
13.58218352789876
20.391393989614826
17.850103640713062
16.658694648169142
16.59534932802376
12.559055331348588
11.59270951657243
11.866553405574445
10.383048791516996
13.920835124389887
13.199555816442501
3.627594010025979
1.3719775831149854
1.5903117359581116
1.7714936094934057
1.821376308618838
1.0950468197238294
1.5994512254985516
1.512439716388812
1.2446171392660608
2.3289146180697466
1.7861051336056946
1.4069719631112139
2.5022482676094793
1.6546919014891408
0.8664204154714964
0.615694793128972
0.8808447948219248
0.8481291543707782
0.8429418577236154
0.8600794151085858
0.9277908351277047
0.9810829831484801
0.9798229664981992
0.9654139161566402
0.8310410371245895
0.7408383577645921
0.7748398789461092
0.45568736330783866
0.6810807779344838
0.7269998116588
0.9492325343007009
0.8729073929893498
0.7562608465453243
0.7327547213600366
0.7660950792559081
0.6895471308147858
0.6382129243725585
0.7242439320161104
0.2552266906702681
0.1394993019220618
0.1090609168445206
0.14776082485311015
0.07223832244613687
0.04516687824671218
0.055094329517793764
0.09361241365452286
0.18396494733252194
0.24452250119955274
0.1509290194401274
0.21463430606767275
0.2274463314412237
0.12683122024122068
0.0490335843160686
0.05553836810845346
0.11074543243292076
0.15820709936516608
0.22690523927179776
0.18470093336685273
0.209071075691516
0.17679793857095677
0.13306512790449238
0.1612945343936574
0.10793044139140899
0.16927869409734847
0.24634077630692777
0.37134315345227126
0.3122418853610537
0.3688076729371107
0.32852249402654016
0.21181458003695824
0.12077969830567703
0.1478937587371219
0.1879324423404161
0.16283712771080333
0.07744375816500465
0.13379809487680577
0.0886440940413602
0.16139089627830983
0.4506649597137762
0.14290517910455752
0.11214538141006543
0.22497301260944846
0.14263783906006283
0.10698961131961834
0.08365561201485419
0.08718625474725088
0.0912629885483123
0.21518016427090486
0.7215602260895474
0.2518891449247325
0.533771964668514
0.6107466141315521
