0.46988327651953815
0.4225613447026952
0.4035122696375756
0.368786986249998
0.41729905088477404
0.37296919419971225
0.3956516646340953
0.45498150045137603
0.4484574702547877
0.41408135879889224
0.490233670350364
0.44874581494031435
0.2406826941436259
0.18806338105562076
0.17210782470516117
0.24641959499168176
0.31082014996327084
0.3032965982874222
0.2928395013340398
0.39859491612315767
0.5191976240477352
0.31065584731894763
0.4096148905387551
0.48623085126754945
0.46686143258304835
0.5342235975331581
0.5715117139471153
0.564851852957326
0.7032959306628088
0.8401416775743958
0.8882003588234602
0.8768727374790991
0.754116321490108
0.7197969704942274
0.5970463846890378
0.49870599672475074
0.5294054599200511
0.5291945373817162
0.643131901099555
0.6697641310293964
0.6323918676165838
0.702772349358697
0.6559595860507937
0.6413461718547954
0.5646644468645046
0.5801942154696318
0.49419219984717205
0.530634091812727
0.5267822652914576
0.5650417768823032
0.7305169972974832
0.7527184839173944
0.5724197320137263
0.6266632673977344
0.5692739738184821
0.34115617906984197
0.3639313021352688
0.35499649238971265
0.3647223275335997
0.35400222649944824
0.2958799756288324
0.3287512140697845
0.22419509121829187
0.23416715906639932
0.2032893941426003
0.20862997421395252
0.2266466375155106
0.3161882793127099
0.35319211242058857
0.33153028134953016
0.29716875308309315
0.36558127409630187
0.2627151397741005
0.26816503309698375
0.24640563867534845
0.21410086133245507
0.24788401637793278
0.25631799118559934
0.2928436764340918
0.271515579023957
0.34554562413965423
0.29372255812603326
0.3271135840117002
0.28167633566643324
0.2874168510164607
0.23131766570286497
0.28040805278093833
0.2894948789860926
0.3234777693996947
0.2740279427186753
0.2964391124193427
0.31789799926213386
0.30328842466764633
0.323321111598483
0.3522757666407612
0.3201842779957468
0.2683646904605869
0.2330658405529126
0.20898151942375034
0.09251030951024826
0.25102672256925274
0.18247397811560787
0.22554168844110967
0.30641099478682426
0.2635046461165932
0.32619082155665646
0.23899404228157428
0.3121224305380597
0.2737135914663951
0.30605227327537915
0.2612752080377059
0.2841953070261535
0.2715175014400848
0.3648232955860195
0.3362653769963669
0.37966046694647265
0.3750809627159952
0.33065678478298044
0.460242080490317
0.3812770308754676
0.3896792913629462
0.2546202397539892
0.24909248536341674
0.3298120361088168
0.278746201084951
0.2986907103829614
0.3378158111247686
0.4192022326340132
0.352582105701777
0.3599037378657969
0.49591336307999984
0.33989677908905763
0.4530304906128318
0.4505393562677673
0.3581054005473734
0.3447305215010529
0.3422500573729639
0.3837243860225071
0.24303452027548944
0.15060920033958203
0.3221210000163587
0.2618290114933893
0.37321193256510243
0.237720752109924
0.3536444692375526
0.18108178374008932
0.4378007092100391
0.4640927801386642
0.4259239503832489
0.3616191385111954
0.2987209175743279
0.3365775292826925
0.278769745824849
0.14869455133465614
0.013313023035369416
0.1711724063612592
0.20840916177182145
0.16026856841800347
0.18749518775757767
0.14118372306552365
0.028650815533565722
0.05641331943232743
0.15085588889208582
0.24705889245808407
0.18534583997002024
0.0703293689187729
0.11785348592952032
0.1793987642607382
0.1046031227461494
0.39605848425185963
0.2611222521782334
0.3611072916719829
0.35042446720801457
0.20453288374352518
0.18951804650550483
0.2810323411161923
0.3587742559080509
0.3666561601084527
0.3119530578548624
0.4197333776935469
0.3574484979974995
0.20607137644794954
0.2782478038877738
0.26083937994485584
0.5913644617296103
0.38433713383080687
0.6562961770676881
0.30789849636994865
0.20223241967520109
0.14493502404629338
0.20283666006986384
0.2206695862864604
0.16110311301025274
0.18278649920520693
0.15226691819049618
0.24398615806075247
0.16025094827513853
0.1982631418408219
0.1048781441074075
0.07117399509178222
0.0768690608995367
0.15454576372832282
0.11954667162260203
0.1246936767236191
0.1023158411040173
0.056876292973920266
0.11727781033176651
0.0343273693129978
0.050141460941411246
0.10805279640260733
0.08292207043638546
0.12485778673150934
0.10466384068138104
0.04492472473270236
0.21916066787057936
0.05960525879679421
0.09938227169852298
0.18146851380804738
0.07728728200741732
0.10678656715608878
0.06265964062831367
0.19389807669566547
0.03976779675442236
0.11428740715605924
0.183756077875251
0.22684985345369166
0.23821433719647483
0.13882622624042873
0.17420310492868976
0.026578080772985433
0.10093921639921499
0.0999993718521369
0.20171472508341237
0.23925132318620615
0.14291159508178655
0.3226849979303792
0.3313306322035617
0.39889016313251113
0.28525147795359573
0.24289827127030564
0.30326273208245874
0.16986222712194501
0.257427458226535
0.046895356270387545
0.031077830773728207
0.20902401207262172
0.2188395873780905
0.2509271895051479
0.1183245607248624
0.2709805927240377
0.2165592232324792
0.3042714406789582
0.2656430803647638
0.23281629715147897
0.17026956472647245
0.11691862891439427
0.3524058486996176
0.3278465036016545
0.36092145780563045
0.39541954715456856
0.4561764580434921
0.4503082758922902
0.5341818424494104
0.3665461117944307
0.4784201483513781
0.6479683332879459
0.2829208652276238
0.3745867337434707
0.43515517495773537
0.29761217010502977
0.24996528859426392
0.23894723837796325
0.2699955636250978
0.27553110503132155
0.3493994160154825
0.39744782652102145
0.5326984340696862
0.4465120158767678
0.38716368682357266
0.3314276384847087
0.23537129981655697
0.1741244517872777
0.3916489768161884
0.2967523684690392
0.35937312529899673
0.23238745125849875
0.5839806356124411
0.5403306138570506
0.48379826939055276
0.481715375125254
0.5509715384745978
0.5629484594222007
0.5765774849197679
0.322776473013977
0.5847594456897408
0.6044097384183789
0.4760419610299352
0.6613495142005757
0.5511570913711805
0.6524506868429666
0.5160599210971636
0.5936722635390972
0.4837062006119405
0.37705716069690737
0.37679030643209166
0.3730437241686679
0.28959687494947894
0.4159279193957851
0.37276969728051484
0.3480646207014935
0.42260898200494623
0.16629882843121996
0.01909261097436067
0.2648262770517164
0.1115496342691654
0.34734168540910715
0.12907190049824474
0.23011616205760155
0.2004126385474189
0.19681648699169757
0.12580833599499014
0.15936191058802826
0.120412682472125
0.30405347888892637
0.22940272334687942
0.24773374032657322
0.2928864163607956
0.2203119970676792
0.1482458988676046
0.1850400865310424
0.16971825036147095
0.21536015908078532
0.22800686304862175
0.20562083648302557
0.17645410248726737
0.2510194030366838
0.042507419067924025
0.3098655842420709
0.2756849477155169
0.2972645827885233
0.22411571923062049
0.16569698280555265
0.2175800609349413
0.1073688916709365
0.14979054157668556
0.17598915868122644
0.35251053030092705
0.35153983379672976
0.44759550144431337
0.3953075019783318
0.4040245054886439
0.5231472837175432
0.43922364754585885
0.4477188385314527
0.49133172916242057
0.35350145809459943
0.4399105689470672
0.47297623810734724
0.5090464703773011
0.45589066495423214
0.47378663214777816
0.39305733260988507
0.4005792398389923
0.3684102588352057
0.3888149362613193
0.34251355050447096
0.35371856374276434
0.6277814510158285
0.5725749372913994
0.6234100079485915
0.587280058168335
0.5967441058842164
0.6283309858033562
0.6089798510909881
0.5920788245842102
0.6021095516904783
0.42997649999496246
0.530745830436051
0.6928633850525523
0.5728867344065831
0.6277153569925443
0.6413714748361883
0.6615180620885459
0.6900256082289484
0.7554955220259376
0.7746270653306219
0.7615791668934501
0.590612667789595
0.5784587083066731
0.5740604099735207
0.5087856926076882
0.5403214674312432
0.5257462854613539
0.625650468058582
0.6057490649634577
0.6133510512231221
0.5400831552713624
0.5659254295009861
0.5152148318585212
0.4827575909775056
0.4677169898418598
0.5358919603450852
0.4382459772461214
0.4250547223516349
0.45813716875032867
0.47391889709325
0.49146153967580397
0.5551069819222001
0.637171044439609
0.5840643408110111
0.5921059526609397
0.6741244302936981
0.6219074772372294
0.6860739669715575
0.715465710882538
0.6722541979578658
0.7133690238832068
0.6211738508857966
0.5369142929484702
0.5592750260054344
0.5942424772653231
0.6642914815787534
0.6476392403969238
0.6783308612810584
0.5804486332252189
0.5710151790182226
0.36381335227312317
0.38923250153736566
0.4013315925969039
0.5886066365015479
0.5751730777847776
0.612546893902265
0.6808892633480363
0.5540574253522577
0.6410285974362594
0.5648554192109136
0.5996066709151577
0.6004682974753338
0.6003262509596413
0.6272001010387618
0.6722923018360151
0.6724298437268789
0.6770651828412458
0.7213746269356595
0.6776617551034743
0.7077481509721989
0.6941150565806735
0.6962381448992295
0.7200092354004878
0.6381390195011845
0.508338414169204
0.592179669336817
0.6285440177377486
0.531269163003507
0.597958874345179
0.513887714573282
0.5696364938281855
0.6357579455487777
0.6929667491042223
0.683877148414494
0.6623863194833297
0.6201477879754645
0.5128312779463711
0.3319932797404466
0.34942443337168033
0.44795830197821085
0.40096658860250484
0.45384559498397575
0.40481973117209236
0.48435851155031323
0.3829792690056274
0.44675491497535297
0.37347337290567795
0.3748965754474337
0.31233947744819207
0.26615401822749
0.30273437986144686
0.33920129980153924
0.2573474030549783
0.2581931891147839
0.29537243877844865
0.37380908834971444
0.3860313635853429
0.41872892884583424
0.39745206556315477
0.3418581814125836
0.3897799206631553
0.4635943406910789
0.45374134031200636
0.5565425763206341
0.5651990548456327
0.6073037632820976
0.6586249184233702
0.6124426478152368
0.6406288569866904
0.6853938324288515
0.6232807744707076
0.6242348513780354
0.587100701308113
0.6389644762779451
0.5748032385073075
0.5825539615158403
0.5564741576020892
0.5907692246485873
0.6840147950178437
0.6959384682936138
0.5528787300067487
0.5882536378505048
0.5838778283273852
0.4602391234077753
0.5438701596436534
0.536037470904115
0.4831167206747522
0.5084412858532266
0.4765817193899478
0.44398702792336203
0.29092740735978834
0.1617324601646839
0.18437427048709534
0.19439835454732043
0.3200629285249965
0.2994923684984386
0.12937322173590543
0.11181405590805672
0.10221545911217751
0.028032913911510533
0.07676295154665938
0.10597297204980399
0.0897618654450459
0.10566578968109551
0.13763748519014593
0.22105800730846875
0.13701757375999998
0.18477181664600195
0.09187470594248734
0.17508413877682294
0.10572001687378707
0.22039777198366872
0.13402953411509982
0.09335542987655793
0.11162965590949116
0.028419706479351596
0.08696205749046872
0.16802466256060922
0.11411695836754841
0.10165445793890744
0.26750924849166124
0.15471256970545222
0.12510527709550093
0.2354204010384448
0.12353884974422336
0.2404342053022019
0.16897431603492866
0.23485162020034173
0.2637628269094761
0.2893798544812198
0.30228429638965165
0.23248840215768882
0.23350475245568664
0.3390999210109362
0.32536390617641014
0.1634922235336364
0.01754450510816343
0.09680800249893134
0.16003253236012654
0.14945312578767647
0.04049056497809946
0.14507999387372922
0.1703180804129001
0.17895784483661106
0.11504090337719167
0.13858560311056012
0.17416659100426762
0.21129955933427166
0.22131844808254778
0.27210018553760656
0.18246752230714305
0.14698371481612105
0.16247933335718281
0.19010498528955955
0.16977914157713223
0.3000386726500367
0.17617260910390742
0.24537129858463483
0.11675015066844616
0.1335768916205231
0.13027643555297352
0.13982453998383088
0.1208693764881817
0.17955704453070062
0.2577130260103293
0.29003730001368905
0.3444156684709295
0.39698953914339385
0.33646655363035377
0.3728586537466374
0.34393667879838213
0.3030708212429252
0.40284497467886776
0.3065044863526131
0.43579664652727235
0.2576905583076656
0.4483594765542324
0.456945460494523
0.3610845321516666
0.24334865604494027
0.294020663000816
0.18777098334322354
0.2766926473347793
0.41075711717512337
0.31576411893263956
0.2966001680933002
0.3085812938881707
0.32822106719956357
0.34107391402452103
0.21643560184389368
0.2147734049827412
0.15842692531902122
0.16293194334977718
0.15702338909007468
0.1698551264908729
0.17919442380151587
0.2135637548796055
0.229358224433539
0.2432607746461521
0.17108997996834646
0.08389571829844104
0.13524172416768893
0.16557348470270192
0.15437704904049412
0.15182751731115057
0.040113551171443065
0.12519146460888028
0.07496394921662304
0.07405501891857014
0.08413021596676636
0.152175796126735
0.15398952757984402
0.25072745788468254
0.12034382975126592
0.1605078885387308
0.10246387499184352
0.1306671302011897
0.15354056223173135
0.14097889275941575
0.1250225192547255
0.0707129654731379
0.10268846301016285
0.08406600003676087
0.3147254608730953
0.28786760385294646
0.24076587544807568
0.29712101382914535
0.20988309436762997
0.36725750828772885
0.37581362546317665
0.3516516013630736
0.2840173754006707
0.3526126673369353
0.3211571401832267
0.27670426397067677
0.4101318230992453
0.14279258349313595
0.23298776154455253
0.13739591224026293
0.182958908117901
0.24632015754774186
0.2301747280567165
0.21597121722296966
0.21404859641821267
0.2816450063542471
0.1693631350256364
0.14875827314135154
0.12028875916517079
0.07295160851285129
0.1371240868600486
0.05780657384961463
0.1618505610484961
0.2873980571833314
0.4489874007797702
0.3692028093946228
0.5044489720845016
0.24084147469826503
0.29450642538504224
0.18591521389010657
0.056954939749829715
0.26027277972439056
0.2704286671145249
0.23537346797052422
0.11586841216509473
0.18262660134733846
0.032718699973676095
0.12802976459426113
0.1894210468613592
0.11117526864503932
0.14512667699462797
0.15896059652962327
0.025407794842183886
0.05064129263148232
0.08875738999202049
0.12931611317673394
0.17404621902576314
0.23626126757636215
0.16243159089071432
0.15771510226801905
0.13121399335588618
0.028989262262866106
0.16551864768077856
0.1054649960991026
0.09590607475391581
0.12919883535066665
0.1483499782531461
0.14143954469329104
0.0721768715874937
0.18715517134214746
0.24997741124473227
0.25329475760560044
0.3634733012082705
0.25437685394765097
0.34499839721336933
0.3117890432695832
0.20508713188478833
0.17834896344386805
0.210171152528211
0.19350544557508814
0.05635450441036062
0.0700942901692435
0.1697983653813642
0.12045079962016324
0.10141562915155457
0.06550250994584397
0.12149199954760367
0.08213967210085228
0.17542665206299557
0.1409849977018227
0.2498782109124793
0.25558552163725284
0.331794943764709
0.3280609186482029
0.32179858672178124
0.27728752359277664
0.3368493851152373
0.4028546810103066
0.39762356491995576
0.4098992946264674
0.42140121650801593
0.536095395578145
0.5993834584951762
0.6319182249171678
0.6183713908139884
0.6276348898392985
0.5998727354407967
0.6012279645446693
0.5375619621613752
0.46648781319767946
0.4808051781182043
0.5055547211778925
0.36687945647592
0.4866210725775333
0.5923768735974229
0.6385398572829836
0.6343960993683798
0.7625903996489712
0.7232826117167181
0.7765053527994764
0.5516997869207678
0.5244067035781749
0.704729647494876
0.7907716314948747
0.7384165827946448
0.9302448244906838
0.6571871709285576
0.7889720404936542
0.595937759805503
0.6973377168363575
0.5776584340849048
0.5066432906155662
0.5546795187157704
0.28151409343163974
0.2721919710552074
0.35954591157480653
0.32275784187534035
0.34914362330627247
0.4099335880323406
0.299281866625994
0.34172681245359177
0.2597295182671691
0.19779389767314037
0.24621088682433565
0.3299539811408711
0.4040372582419901
0.3517291737503196
0.33900785875998407
0.3948000539175602
0.32600595857600195
0.08078782752186797
0.13476114697397829
0.149095555613025
0.33025280905699517
0.3895955437021499
0.4202951994938653
0.4812257049383868
0.4365120572278178
0.3111045240842932
0.2478098448729487
0.12978492787473792
0.02053018199719321
0.07716463408623712
0.2957170641970356
0.12340125598768736
0.28942507581699584
0.06364894121038937
0.14510081613469128
0.07416224852446092
0.17957936627804993
0.23355834150979554
0.06113743526151039
0.4050595578316974
0.1881220132752044
0.06253778436065074
0.19616543882237808
0.06280237674052093
0.10964335925388785
0.13164518454462673
0.05616213476725893
0.07751246970573321
0.18819573779177234
0.2585984698680957
0.2615084067368016
0.37397881537363875
0.5822543789911924
0.5430985943845316
0.38891304994492293
0.4557380233947808
0.35652763973860313
0.23692669333147423
0.15528297089173526
0.33172405006030203
0.4297574952738991
0.6420130959325733
0.6781225410603843
0.6284028850063565
0.6921054000327925
0.6382326126371889
0.5537173397034109
0.5974381531867577
0.5491490018254833
0.6023728320132764
0.5942234279089947
0.7101442324109157
0.8015911387011826
0.7693510033079086
0.7911011431518007
0.6390321122673016
0.6167520367747027
0.3947392812614433
0.2986375479709087
0.12132448708951106
0.15743171515797558
0.11630424033114643
0.3600164527464991
0.2704273263119925
0.2129837697608216
0.2509023303233315
0.2960112605073722
0.16164712268777942
0.13152516661399538
0.0955688860231178
0.20214252591923634
0.3326555882572491
0.38234026738769694
0.6353740620809527
0.31358176869942184
0.3954858339084561
0.4213931990724651
0.30762266928441656
0.3545589418445549
0.40546604260679636
0.27319376470627166
0.5122645543835507
0.47388176284427985
0.6190943592176551
0.2969984342247393
0.5637755886792662
0.4869673830481549
0.47913615036796653
0.3154806167132874
0.33177999198852
0.459134985132031
0.5822616913275144
0.7689201225942333
0.7604797145410994
0.7153858406709456
0.5923894457911553
0.6456592671219786
0.49258674846879424
0.44974411212493315
0.24991321531466354
0.2760882567682984
0.2681000521799131
0.5029750605818288
0.4492472919291892
0.6290134292877252
0.6252002605606254
0.49622419410571117
0.539127134892492
0.356327435642651
0.6133344832026519
0.6677020321834962
0.29071540925008543
0.45337979958187347
0.3566726948480128
0.4166399805714336
0.3895443981804788
0.17388980209138258
0.21234235660435535
0.43369940678264496
0.27351369907066825
0.555702645980516
0.3689098803242468
0.4834119271083077
0.48472510076789815
0.27892933111937357
0.1970408187823082
0.04019339694301654
0.2224277280526763
0.21005170375486748
0.2588446560748884
0.19192827253094025
0.15760497957296682
0.5696090136684493
0.7361880249505292
0.3184070773442125
0.2547726635208678
0.3140339595506469
0.30516551652995144
0.4885249132574358
0.17956660792037377
0.19702196827853696
0.3349534843674347
0.3566994985355502
0.35113203196158144
0.42572746040383025
0.5408256308960251
0.5912073632686654
0.626149159092276
0.5121848841819658
0.6002909005745384
0.6505871990400206
0.3767324420423487
0.4824768022240834
0.6239847737262945
0.3927249130662088
0.4950423887553218
0.6935716956653071
0.47195387179704673
0.4214484040133245
0.44382145823779334
0.4799248650015396
0.5919863554106555
0.41057707701363544
0.5891215090448609
0.48353153854105296
0.6006291180436187
0.6919923355592699
0.554627754942076
0.555008710948917
0.6065898159457901
0.45909511445234114
0.34384387045262277
0.10978479508205122
0.22704804027925296
0.0989136249487058
0.16506400056499368
0.22727369151390742
0.23100042967113846
0.24962968299910263
0.34431051468638935
0.5742852193662021
0.3852144742109376
0.6355066460311147
0.483201014905748
0.4760708144131198
0.5130518395092573
0.6207452828017551
0.37909241264828947
0.2811617736237949
0.33747078517062257
0.08716667681043815
0.30763236330954274
0.45362724900218526
0.5720474401614816
0.7021685053746584
0.5093275303996632
0.3778898571488622
0.351641833324692
0.2951846487186436
0.1712125842317291
0.2727135212551398
0.15579197516114435
0.04575033858103469
0.2341778008995269
0.24396423239888773
0.2388412907574739
0.19776011449241052
0.08579393547757082
0.25401287490815644
0.11354216141652047
0.2796729720459375
0.17196053233059502
0.32924109093828385
0.3339934944513285
0.3274996124587608
0.3157936594114978
0.2385226160016761
0.4808844932700823
0.38813903740469685
0.02504251545481268
0.2546259275356205
0.42318024340975563
0.39685564542082574
0.5005289011991462
0.5977870458514543
0.2872192300592249
0.5806330479798598
0.34629386490570596
0.3152884126182456
0.24367782058711898
0.5065922011428966
0.485534776459762
0.3941488670874985
0.5754815543235785
0.6633651446318588
0.5629566894200984
0.28862074240968555
0.5471772368843083
0.33729697098492867
0.45069216308851995
0.44054734545405716
0.5590400745601389
0.5732362795791189
0.6285402681646388
0.55007491178743
0.517962640854189
0.4246747388447859
0.4662512754522514
0.4193551281200017
0.4611960863618614
0.5836383363566687
0.6077093834024748
0.6760427769198428
0.6213448497445621
0.7179757291861977
0.6114098261404879
0.49528738408497014
0.4900145161700855
0.3599374052690577
0.5037113665963644
0.5857064951163741
0.593349885416658
0.6594266102213371
0.6409966472286226
0.6802838046530701
0.7012543770214437
0.45234560135577834
0.4757351228330046
0.4594819753445211
0.5052993850927738
0.547341450530654
0.5014544637609116
0.44863914495113966
0.2443068785947479
0.2934939314906616
0.2630419479802473
0.29709669073527356
0.19338461124480996
0.21563677152390948
0.2255908317769106
0.1985958340554166
0.19089148828620872
0.23710942224338316
0.4391144118203445
0.48403020786069473
0.5459919865607087
0.5432580642175254
0.4388289701825007
0.4354236982789944
0.3235107574571989
0.23844044141467038
0.2564151177714178
0.18624276259356298
0.2131637990179553
0.2628925093744295
0.30953549590403273
0.2667792983108061
0.3249555934369505
0.42185730742984345
0.2388083542416962
0.39089417754618727
0.26942919058598086
0.09077580444929187
0.1656648348114481
0.22907629020042852
0.48437397299412904
0.31358354231610563
0.1464744706719259
0.08820641528491137
0.399146682951304
0.18547838419160428
0.3238857563748434
0.40348839155048244
0.40504384253194026
0.6074161230519931
0.5540012775707824
0.30593961864958
0.27816802446047295
0.48180697986994203
0.6043778789448778
0.6632483667144018
0.5256611513611261
0.5084927232329117
0.37200586637063254
0.6935233585818789
0.6326765305013626
0.6583387106168972
0.725926985131343
0.615439725184444
0.43234804766580853
0.5072456669083314
0.6844930669308177
0.6693557735037124
0.7413945133904286
0.6524917226205089
0.776190557062877
0.7684559792449543
0.7199941501271565
0.8324733524694075
0.7599187290094721
0.7215883472467294
0.6537122949824408
0.5929508562154001
0.5911852506402941
0.5505389024378817
0.5235518469893263
0.6298563000093266
0.6749146733413185
0.745674959452071
0.7694118192514325
0.7392859591251092
0.6634757341444611
0.5902903650035327
0.6342220761719802
0.5098964385099558
0.5414095098521903
0.5709372240362054
0.5095613041086973
0.44016095564501656
0.50216485568378
0.4942038576058023
0.6251139402123072
0.5819968181288584
0.731369454917068
0.6790445432096385
0.6556003004218457
0.6410950340801216
0.5086183406023872
0.5920447696550936
0.489007751852
0.7905908767155728
0.7170581124625929
0.726423606082061
0.7092664448772753
0.660022894183086
0.6536860437103315
0.527234697182732
0.5287309854415959
0.5258029465087953
0.43312799397139773
0.5348933051912044
0.5205196216169568
0.6455732054255942
0.5411190420289109
0.5950467035865961
0.6602605401863477
0.42739634556009654
0.3932606058790733
0.5214687448559132
0.3130514443526167
0.29529775354703974
0.07510547924358053
0.26783093879833264
0.14818567063229757
0.2501879126908441
0.02266147850524026
0.21529117150110894
0.265433198136938
0.3689895554065397
0.3814784487954335
0.18670052871752882
0.18183883207882326
0.13318230008110132
0.19374280789685877
0.18191319288130028
0.25700034269430777
0.2352092556230209
0.2077978110152642
0.3955684015161099
0.4087762996722516
0.3110775769849058
0.3937554394150553
0.2736096129847187
0.48722011825207107
0.4088378580611584
0.3807734454837333
0.4007742035671521
0.3747498007041045
0.13999566164252336
0.33960982347307084
0.30619854529783347
0.22993599195803055
0.2773758141763972
0.334728624136264
0.3629443427920604
0.27620300736315306
0.7455914451542449
0.584148017913304
0.5011269910864369
0.4986725229377425
0.5982540861253328
0.5490819633831605
0.3281000003111336
0.4482947836246242
0.4227949374843555
0.4492894962144768
0.3927288139364286
0.4666586598670781
0.45406894411023824
0.5041607758021786
0.5788833200741749
0.7559895429209758
0.6983434981386342
0.6917652691496383
0.6935566748041517
0.627546729310158
0.6653265125178519
0.6423600927849208
0.6873919931519873
0.7215421421643713
0.6481024339256157
0.6573107281763872
0.5451649076332217
0.6376803480860598
0.6338520744360291
0.7278701735865627
0.7497571511241017
0.7254672845336961
0.7107175530978215
0.5347447077126035
0.59350069341842
0.5573249439867028
0.5361847318593284
0.6205298457248385
0.644909843181945
0.6831552842458007
0.4801187275944404
0.6271007788630971
0.5623027517657485
0.5728331110473452
0.583983915214065
0.5595688728159602
0.5725032707290488
0.4669296787579049
0.5763132214656472
0.6953092566034096
0.6392488570327824
0.6735881012916489
0.5393823922694589
0.4052030993999324
0.2614043612541621
0.3548528413699544
0.16132452130421537
0.05244002219658237
0.16636300909430707
0.3301800248551786
0.1012691563377099
0.39220716622836477
0.325358844466021
0.27716509981923615
0.23663528076031654
0.28186816362216893
0.1739147137183509
0.3345936186434744
0.2227472855850835
0.1801399828884803
0.4085301691962718
0.12149920866815905
0.18128904770342186
0.12044679804207623
0.042922335116540325
0.12478906138828626
0.19117613053757784
0.2865382212358622
0.3512233605573793
0.2976206704266727
0.2479728239931325
0.24470721946636928
0.17294502887712482
0.05853759828570835
0.24813075188701902
0.368724009285625
0.20205445697301022
0.23472871020381667
0.0889042444506256
0.10762464910810801
0.22127443281418246
0.33553263549900036
0.3850394576127416
0.5574248327514418
0.3346046169212588
0.35159464650777644
0.304420998224166
0.3285321353773931
0.4692821213661607
0.47398872612942317
0.36315471521155135
0.33517983525899725
0.3290796370534789
0.26546618339707834
0.3692246332166187
0.3790704766443157
0.3198914731944057
0.1830771606936608
0.27584178174536333
0.28975670831926725
0.3571622377167927
0.44952846643828687
0.38373464760292736
0.3107502774624633
0.40960224664837014
0.38819163388451866
0.4408926220718248
0.34924531480131527
0.25421810663016436
0.19080458613900272
0.2092273426316024
0.21385006149754374
0.24803301289724283
0.21957972670370432
0.24073215450613167
0.5170806991489814
0.5316324566728136
0.5505461647233156
0.43710241786949344
0.4851406299128795
0.5219101116345682
0.571145620691088
0.5563064587484116
0.4967546985974487
0.484953324221771
0.23450197959589178
0.27045980530151226
0.33342029235180753
0.33860114506650807
0.3481731718119887
0.32799042506989273
0.24740191287808894
0.3362427614079946
0.3096710947091298
0.2998665456754239
0.3204291535670098
0.303704061051472
0.34130552901083266
0.354767420623213
0.34742530969392466
0.3128513100913075
0.2787057869955097
0.3474198985410746
0.21081752543508364
0.35250054201429115
0.21107326402829285
0.20848319262622744
0.2709985328988345
0.24158842520204418
0.2632157170936731
0.10688993766020552
0.25981572536882125
0.33991111040672173
0.3674961910129865
0.3600042501687088
0.3714537671573152
0.49554794582516404
0.2848396982157194
0.39376623474741546
0.23496345500644555
0.20582680016966556
0.17259537637224845
0.19141888042933344
0.26611742222439594
0.223341914947644
0.09441030745996741
0.050492549683515756
0.1363550119508949
0.06890554450867906
0.18521861112339344
0.1418668885618296
0.0960462705052593
0.009981579086130834
0.01841709187197233
0.11176056742162065
0.036477574535659744
0.16366944712659168
0.046359966665792285
0.18793975772042673
0.12933449527222965
0.21207825725381113
0.18587092837474947
0.28885560838926105
0.25261214565790385
0.1049732291052674
0.34360234544194096
0.23274403097171373
0.38746804918641053
0.2903584908279381
0.24792011006628548
0.5014891545006601
0.2871412268445035
0.4128193786632416
0.42210873970998763
0.46184724811539957
0.45242521738131436
0.442804327429058
0.39547673572851993
0.3578929754527206
0.3451625125270481
0.3840372583798337
0.5004371291408376
0.4819489402898502
0.5729958019632907
0.5598159756103233
0.5246265530626321
0.6859190029788483
0.649062134708847
0.7017204093061057
0.6641524517822648
0.6226239027029117
0.5824412779684796
0.5885133509729421
0.6838184483564707
0.6741067222817436
0.6558903862952139
0.6920788880811201
0.6339551943716247
0.6488709568476971
0.7131858783112355
0.6901267803397767
0.7900682952877252
0.8158616157021015
0.8676122601660347
0.8295982381104027
0.8603101268480289
0.839485741326148
0.8797220484108136
0.8977391092711511
0.9024770363521055
0.8979898471160934
0.9166715217105591
0.8822149815955301
0.8991465604071971
0.8831179438777195
0.9035289180111902
0.9129104835332941
0.9281743855605306
0.8253214222596299
0.893210771617549
0.8653602559727569
0.6932635835538197
0.8566265165245712
0.8328709698095024
0.754671611654166
0.5377478973962012
0.7296067207753335
0.637341572723295
0.6176511040660757
0.5122375326263923
0.6886050923750343
0.6779921690740758
0.4295269672983961
0.5240691341683922
0.28954531421244867
0.12597013814986474
0.21142833845244172
0.23078844751050284
0.27654014050631615
0.383623374108157
0.37691763478382834
0.23322153065850995
0.2932003216537014
0.4278042262694911
0.3554293387288945
0.45194660430920186
0.7035043044061434
0.46296449723188743
0.5402874183906192
0.5655099165736098
0.651763307203396
0.8545186048213546
0.8454710569697448
0.7298859728206025
0.8626254017007838
0.6150227868859636
0.8937878951419885
0.7965262558014401
0.8697667488046192
0.9514909276845587
0.9402877879647775
0.9444390250862272
0.9397669034398408
0.9360263558378501
0.9577168775423466
0.9386304773650253
0.9231538495098067
0.9902012606749004
0.9656723563745273
0.9763356406443296
0.9758837703071381
0.9664728220942641
0.9657624725513625
0.9767600511175734
0.9816374470267147
0.9845225542152712
0.9753647773138852
0.9856575661135757
0.9649790664482727
0.973891554157398
0.9901662921004203
0.9918245526800356
0.9904047136562182
0.9643894532940993
0.952708815766706
0.9738836395344336
0.9660045678875429
0.9705618675453004
0.986204295462229
0.9961340479483316
0.9812293041986802
0.97927253932579
0.9849307382138328
0.9636791112590247
0.9757188375750003
0.9437687838746391
0.9508878013382013
0.9835662739670178
0.9786058049782592
0.965357520095367
0.9697447977576195
0.7658688614494462
0.9313305316530078
0.9462433559020033
0.9259891445968487
0.8927326482667816
0.9591574429839071
0.9327681895975315
0.9327014390511529
0.8880126903283208
0.9312307052457552
0.9147395487025939
0.789621875428907
0.4528951005305889
0.6896482376957342
0.5988135874123663
0.6977544137493163
0.5849021738639955
0.6826226577965449
0.5731954735354408
0.5023673618369242
0.3421620270694551
0.14309416631984642
0.15694881052139845
0.18690280249517577
0.14292723912039365
0.5377765594598941
0.5277063054922015
0.6250588811696781
0.641553533114523
0.6728421434317854
0.7225982387439338
0.6206859150840282
0.7122863623808288
0.9295515273771373
0.8852396683797974
0.9104209948049201
0.9611160272367577
0.9295274014144155
0.9632600611899269
0.9408498216875918
0.9497718178324692
0.9646275258174974
0.968846058972873
0.9426257323117931
0.9066741500792577
0.9604540604542354
0.9768470937244458
0.9719176684256731
0.9390145392815252
0.9328461581270331
0.9549142143675897
0.9523505729684406
0.9696637893640172
0.9790724557347393
0.9789477291378716
0.9799437792448973
0.9783708983512045
0.9723786420286764
0.9649989531578145
0.9889039598521209
0.9848228756361904
0.9723169150487991
0.9850659207452467
0.9817475755430649
0.9915695499737576
0.987067233843863
0.9733515829326419
0.9750738078508198
0.964437899428861
0.9717152324028082
0.9583892632245206
0.9672070619754858
0.9692974668573916
0.9801008211698881
0.9371378691091435
0.961077750999285
0.9560778445113352
0.9722795938762696
0.969422424690898
0.8423666098650356
0.9515706357211697
0.9672219027101835
0.9344066014531504
0.8909660887449719
0.9504814009747111
0.8754430536203839
0.8846131461828066
0.6776619820296405
0.7001500656517068
0.7371634231324646
0.7517453705308941
0.6782080452733618
0.5452834743771348
0.3638788179707049
0.5439033030590048
0.2720964350224432
0.21549326023690146
0.0691936687512451
0.0773089889306195
0.05247133323993626
0.1698675734588965
0.18167003169523144
0.4258466927901777
0.5425549954012552
0.619874733942154
0.7752316513392197
0.8689166977958409
0.8597844434814774
0.9159313849757693
0.8759484886584623
0.8725211033693844
0.9451934698696381
0.8932127508687475
0.9473313793856333
0.9032398479049574
0.94819175157346
0.9618242132594453
0.9337092564394994
0.9493065871134571
0.9657416763605053
0.9591582433649637
0.9430696510033159
0.9500381535176655
0.8920192880066296
0.8938111520124519
0.9099283551577385
0.9292581529413312
0.9475330570343184
0.9097605386482887
0.9491419050599789
0.9273063009355544
0.9283717095732597
0.9361689163148572
0.9361093208507723
0.9357911232515111
0.9521728407485602
0.967023446585086
0.9480876815671182
0.9320402175569633
0.9413602217094662
0.9133826759344351
0.9237673123938871
0.9240007172002656
0.9410640498633152
0.9278000654860551
0.9286395618596059
0.9206382056737996
0.868123361423769
0.8570769555780743
0.900934876191538
0.8804923192916163
0.8709954781769943
0.8686815606831971
0.8512347818341752
0.7865714094569607
0.7721278315268731
0.7542825853674824
0.7647575766831581
0.7382502664340578
0.7895285505445254
0.7888511134188265
0.8337800036424902
0.8357547199384284
0.7890668202532963
0.6881671264618991
0.7396847419589523
0.7718311298483297
0.7615086840291018
0.8019093189781961
0.7814592954366875
0.7273565524055935
0.6255843309725037
0.48573506776070025
0.72196792065263
0.39215156992360023
0.3924678511045278
0.22099744158053233
0.20745336631504863
0.40745503368917935
0.33730083778540926
0.2904672044995337
0.20448395679662296
0.22518280936533197
0.10276959972997746
0.7082589578482075
0.5358470426020199
0.3925904355694893
0.4574507594875662
0.3393380983370177
0.7239681480610958
0.6001161568631934
0.7771629146097024
0.8795036652272017
0.8836549076128419
0.8648594516497362
0.8575043463748977
0.8961378658819382
0.9615800963967988
0.922575538483254
0.8797005846744703
0.8920619125940153
0.9130909282310784
0.9169039979486248
0.9402819330714428
0.9589563196657647
0.9547086625760314
0.9510800166647062
0.9429205940712736
0.9484013790319464
0.9554918144132587
0.9207155003729234
0.9471414924579479
0.9748130045339745
0.9769874334381272
0.9746627371995908
0.9675269225884292
0.9529667201857253
0.9442013264576031
0.9337656668401553
0.951635141438586
0.9804569709903862
0.9599551423592919
0.9455485025990645
0.9793661919310145
0.9492613129219559
0.9792827515227835
0.9700599262781445
0.9392125305822224
0.9451307439758058
0.9560577907046403
0.9615629305968831
0.9555566209993804
0.9518207461394684
0.926178072920338
0.916616559858076
0.9567771364331455
0.9688971492072387
0.9806370146452686
0.9344286333026557
0.9594187649870972
0.9725580699503084
0.9531676972732833
0.9410290945739924
0.9376160755285387
0.9080667490215465
0.9425702680030827
0.9789777092891954
0.9682954247916256
0.9533093669655661
0.9128608981547206
0.9351224669737368
0.9122883991846391
0.8784606931588204
0.8942142029283923
0.8947043844312884
0.8874106569147566
0.9201428879746086
0.9194674696820231
0.8837174720002069
0.8700382743787612
0.8700853795361398
0.7384502187215046
0.8314510892200436
0.7419067660896309
0.7159675315613673
0.4886053397367025
0.40836919112802356
0.5686007594778477
0.34720627407569393
0.44354366055134564
0.40396170999681297
0.27905227392071774
0.5379691268573562
0.43067673826474345
0.3616342421413032
0.33715943463503
0.6007096221158857
0.4294525850942018
0.47987683006390447
0.5135446960822293
0.25888704280786773
0.46493956859408836
0.5504443166566056
0.36195286284607653
0.5384556849448111
0.6928460178360817
0.7473951688663742
0.6726277152121131
0.6843592637521495
0.6909137554021324
0.6928026795433474
0.6585450744992625
0.6209511361597969
0.6213068621781105
0.6234269831124227
0.6709262617295342
0.6948914646454549
0.6834772702634903
0.8029496983972911
0.7106532226184511
0.6960502293067018
0.6481200171768648
0.6644034107936313
0.7047661614104318
0.7201668130912711
0.705259668065725
0.7371728697859259
0.7603675360607639
0.7133206227392349
0.8774112324906025
0.9318256408116387
0.9466009263095332
0.9275983614798283
0.9642813634483729
0.9776179353051778
0.9726862314473907
0.95380357772017
0.9101777111186348
0.8821015666955673
0.9264059948242411
0.8968768306220634
0.8903674757324258
0.937948123452251
0.975847932539225
0.9724672822953849
0.9457193660501445
0.9229562413298245
0.8914475842401611
0.9110736911066244
0.8997681390447358
0.9145698394586148
0.9350776870557497
0.9214308908935908
0.9470960810538458
0.9198295048866921
0.8837441320002828
0.829024921716922
0.850761322262129
0.8265212029025246
0.8484180334996139
0.8975173984807426
0.9407604585675571
0.9286194548312442
0.9098979097427903
0.9214619437917919
0.9616862739567771
0.9345723693156618
0.9562654733186731
0.9220597230646631
0.8078834219495689
0.9298239622234616
0.9453752819986504
0.893133999254693
0.930386408734029
0.9473219468348881
0.9590026974284148
0.957106273007937
0.9549577406496428
0.8956936437675355
0.7465411275896541
0.8830688579338997
0.76305580843875
0.7494036605724667
