-0.07871715571464351
0.5483157877833957
0.19461648054318786
-0.18730208342081858
-0.7424759534002122
1.6832936212461436
-0.6659990397972434
-0.5571804578802282
0.4374289228709337
-0.368655777933717
-0.34906725041545167
-0.7885047189786621
-0.3422724362260264
-0.9071684654659786
-1.0203510290934616
-1.5144081828427718
-1.155712919198476
-1.0588270885375641
-0.9756143998651972
-0.38770744756380543
-1.082873801553798
-0.9621602885547222
-0.610806786676853
-0.891735999237059
-0.6326460401779057
-0.35181674540915076
-0.6368629605817083
-0.29909959065905106
0.36170523165485274
0.39271582771463553
0.5334820550740924
0.6465070775585705
0.08522759470245157
-0.2958453873788928
-0.3401387422050777
-0.039177439939303595
-0.6828385334939776
-0.3355642159219908
-0.5252729655075136
-0.6051922492979177
-0.4389856130456176
-0.19388743641096035
-0.7687868069921431
1.0314671722400308
2.046230490658629
1.7558458309685894
1.6208512369574322
0.6566882182215736
0.9383784823497087
0.8923962635452368
1.1266684740451578
1.0597604237983516
1.3003062035888349
1.4270126612765799
1.9818518114792933
2.2646902614510327
2.319375067702798
-3.1128252307177173
-2.713014976333272
2.971684075032636
-2.927682078846748
2.713392619571005
1.9914340175634522
2.7772747673691973
2.7033604461038427
-3.132092103910062
-3.109491988604157
2.394691682373034
2.9111308739734505
2.866444235712702
2.734876816883765
2.853710714162175
2.78353057243279
2.3436057812707225
2.196672421838091
2.6864401643309446
2.707741327907036
2.260005416003677
2.525958798360645
2.486243438189624
2.5378470859108218
2.7212347735094773
2.54347251639355
2.2550436646410636
2.078128697637713
2.4004960601353247
1.9940713239895587
2.212246510120864
2.178752280237537
2.431858921972953
2.4524173583372404
1.78753559070467
2.039563580222782
1.9139422062617837
2.137093168044594
1.5201690850369525
1.5052613854340526
0.9181477967299422
1.2445986024389508
2.0614484726131552
1.0502756216948574
2.2783869678932698
0.5455590653020845
0.012376594092920511
0.6931009052271477
-0.19284121894943032
-0.11402887045589877
-0.6228024977014244
-0.22793937237406986
-0.4801066463838734
-0.2839439384693109
-0.5827256545523024
-0.10063689989743523
-0.21550529627665355
0.006994458097079867
-0.26017372126286503
-0.5978079644312951
-0.725800981959954
-0.6807518644561847
-0.4803285996621467
-0.51023799229597
-0.31778479152524014
-0.42185699444290353
-0.3509490575366963
-0.6606453448717641
0.28781608260930097
-0.6728257756888947
-0.9383218882608687
-0.8471333176892382
-1.119043445877772
-0.9600768506326772
-0.818384757237938
-1.0199632990419494
-0.6993907407905117
-0.782168182132855
-1.0703216247886074
-0.972542884449793
-2.2596562703107526
-2.2943421858786115
-1.3949454647720732
-1.792227960432488
-1.645979773468186
-1.458419121341147
-1.4519477149126552
-1.4411856312350517
-1.4133853212272909
-1.9911249233260795
-1.741601453119376
-2.197407044034889
-2.0845798777129434
-1.6350904429485238
-2.0528410973425326
-1.670130260738273
-1.597089460373367
-2.077438507429551
-1.6946973872142221
-1.7887830172161279
-2.608456108031615
-2.7274225192285564
-2.7562140365523886
-2.592069192991212
-2.076342266531088
-2.223116531641367
-2.056347900563392
-2.237619528018726
-2.5663399443553185
-2.705793190669809
-2.2880794907063238
-2.1899690523695727
-2.6867327448432388
2.6712483053808445
-3.0626167445017742
-2.922248461427158
-2.635800566637595
2.9993361398130056
-2.5473237129151154
-2.759832763316358
-2.6949739012112133
-2.8462609588505337
-3.0966599437519418
3.0979496742311396
3.005081843404326
3.026265501743047
2.8015927547187305
-2.848994576765698
-3.079679560522024
-2.606040501138516
-2.4842844513361664
-1.9026958376363805
3.048986632887738
2.0569129575164005
-3.112914130931833
2.4449449173796225
2.4454428274401363
2.2804107877123805
2.1026958951124533
2.492614984577572
2.2674206761362066
2.5894308072708334
2.537160406101346
2.5348439046507263
1.7594167381348829
2.4538116323234735
2.1290681117648784
1.8077744235488518
1.6824195424503092
2.0365678135584786
1.9924653333752078
1.900358854881364
2.285115043816748
1.9220974290264417
2.098296255294631
1.2110612309710087
1.554146911608079
1.0037983958141685
2.03819258819946
1.6075374141196581
1.881401503216738
1.773683259479882
1.8030781037719574
1.9916420230177694
1.9846876133962226
2.0992007788358866
1.940418457849227
1.923936416131717
1.8814866720045
1.2373597202328799
1.6954955120182105
2.0662550046673314
1.646945934881354
1.4575445692882525
1.6601001265982944
1.5100443148951546
1.6388615056231528
1.5700034920621564
1.42506742058079
1.479219172368266
1.263665781432971
1.1893761118104316
0.9965267873690549
1.3259383491282764
1.5236766407836786
1.1249922622540516
1.3488240022895568
1.201579132062511
1.0875714123928042
1.3685376002148486
1.353310768334199
1.405490650617151
1.2627940280487553
1.309992987476637
1.1811337102583503
1.1854198652147154
1.177617811473743
1.0499698350642799
0.8648734198740745
0.8135623270992909
0.7715467941796496
0.5033600717953203
1.0239376212519231
0.6356258744923069
1.3623678964337786
0.6207533994122547
0.7507635152087483
0.4626780418447045
0.35612558822462376
0.874451618706604
0.6553328846687404
0.5972997491885879
0.5580819181081988
0.5157673853716086
0.025003227754622645
0.5986410729400623
0.6394305574592265
0.4138269392635392
1.0458659604926426
0.17134964207829925
1.684335062893514
-0.25481738347997057
-0.6714554669512944
-0.5201146473338364
-0.6093681842903587
-0.4737893614748419
0.23072394850766817
-0.47170036861193265
0.24257715738118105
-0.15357403055428967
0.5592352645706733
0.04855813035531304
-0.2914106865702158
-0.3850812949996185
-0.5864572914963333
-0.7850049276170299
-1.2719280835624247
-0.8825271971310767
-0.5033648693995478
-0.879448339292449
-0.3443658776268623
-0.9793151197392556
-0.5686165952916258
-1.1702046783608286
-1.0841394919215521
-1.2574480166031936
-1.2417920396545892
-1.621843111467297
-1.6647125764645698
-1.1348694764161142
-0.6032468156762508
-1.0749227786141033
-1.0803406111251872
-1.0339661670464184
-1.1617997337348673
-1.1709299705753327
-1.2325989274091198
-1.4220216272912956
-1.4740100419755549
-2.012831927977296
-1.14367301783407
-1.780722873665743
-1.1064785464768738
-1.4373404216810421
-1.5017794932718347
-1.3547629046702683
-1.1425459688063173
-1.3019991959365746
-1.5435571969364967
-1.3116166219971557
-1.7280510209970694
-1.586149828866634
-1.621592089748145
-1.5975307604123377
-1.656939981459894
-1.535073820404985
-1.9642372138857227
-1.4796049751618103
-1.7620566860131412
-1.5815324647801814
-1.554961704113312
-1.739886960116245
-1.9536325078316186
-1.7354802346240727
-1.7578415136579035
-2.1714356564436263
-1.7120883580036799
-1.90663445199491
-1.8117738797131602
-1.8482888494518481
-1.9849679260061426
-2.5479664491430114
-2.16709177628779
-2.334148134307268
-2.0829388683754684
-2.088649421075701
-2.0681898682885014
-2.0803947922402566
-2.3677888141304284
-2.1052898771524635
-2.259904925867802
-2.4149192196032
-2.356392326541896
-2.411629704320203
-2.318967164664422
-2.558674565549318
-2.4044121791519117
-2.3750484066842623
-2.3095368344471665
-2.707930006507768
-2.6499517513394144
-2.7927577109353243
-2.914444914671286
-2.2344893346945334
-2.3437191876466623
-2.353517444695311
-2.282022758977645
-2.6015786202772353
-2.667603880925761
-2.8205063853879255
2.980798095268269
-3.027858992271292
-2.8826642707838306
-3.13801591278948
-2.5030906241657562
-2.4665008050723403
-2.3985750221884037
-2.409161747386837
-2.521726547711115
-2.8954353073274026
-2.938878260203873
-3.1192778592668198
-3.1299860018183905
2.8352659783389615
3.072721115882159
-3.0038556924285937
-2.7066258616980727
-2.9168260746967274
-2.72954992727495
-2.9142847578667093
2.9895076631287365
2.9574379264219117
-3.107907069132457
2.706229895957537
2.687105990222817
2.2101385336820463
2.925982351730421
3.120050387825151
-2.641561466084836
-2.9982920422993082
-2.824880208239237
2.918823804825774
3.0823821952774395
3.1028047951315716
-2.9085695033528287
-2.6359818397393138
-2.1791621939371693
-2.8157111245669744
-2.3221715589623573
-1.051224451549781
-1.3246540338325312
2.6709648709006166
-1.380540983251955
-1.9615133902750288
-2.2329561126020887
-1.2662867482158178
-1.9663153584586626
-1.8755988061675963
-2.1795313541533106
-2.335885183309736
-2.3363680543673415
-1.7932789932390256
-1.6801938110102967
-2.2407595558178923
-1.1574241736164632
-1.531962029220838
-1.9146704231750455
-1.7698686329817135
-2.022045389286644
-1.654157077667129
-2.0433500918943954
-2.038840392693777
-1.8165797222666502
-1.675775849521033
-1.00076775005503
0.6632480519339967
-1.2769613571453067
-0.38091380490608573
-0.7750646477905474
2.096238890319294
2.9583361443000795
1.2969924982222987
2.6441168077168116
1.3657842310910142
1.5488594603737202
1.7811944072237136
0.41072375769973807
2.5260043614795893
-0.7279189011062506
0.43589989233202625
-0.6499978755758782
0.04908252927150378
0.3306579494229081
-1.5240877537135493
0.7341273075632185
1.6106638657068293
1.1750496847181466
0.611776838036067
0.5809756551865587
-0.4349491432775325
0.5331116021620351
1.0411232217492299
1.5835065688356071
1.340848371509273
1.1295673981792997
-0.15698072399979932
0.5831767160334844
0.415551015407246
0.7567397735614948
0.08310092725339069
0.775283111172027
0.42451231134046735
0.55821995459393
0.33957677650459944
0.43516691559526754
0.6179977396088393
0.9052828599189467
0.5846183990015772
0.992645920187865
0.6300628216045514
0.42970947267248333
1.1960562255235008
0.6363640791444681
2.0122354541097307
0.390055263577045
-0.01057341278823142
1.3689708822729634
2.0248034936935526
-1.552376962203391
-1.3795288086188133
-1.3216172753947357
-0.2828443441720088
2.3276843940368304
-2.542991250065613
-3.0017582285180877
3.0212857098765338
-1.8379857360703042
-1.461076011724375
-1.8309115920440544
-1.589077815571019
-0.33195632321832286
2.2433017931454953
2.8088619528373995
1.9514097690226382
0.7570726131160528
-1.1117342900417038
1.036036137376176
0.0869824642079038
-1.243730553956715
-1.3292673339045527
3.004768066684857
2.995252443470061
2.838672182539116
2.742749095853261
2.697701787303228
1.9166792961361774
1.4822444064090172
1.3297228760469424
-1.8666900432947615
-0.17092576187549183
2.8787623684818717
-2.4202725784062182
2.225662457579241
-2.7065337617063627
-2.952806793075158
-2.5413349402850325
-2.7399941862627877
2.743894047555487
2.4123326491621513
-2.8490945873513223
-0.457861729524455
-0.05434680830404669
-0.32458324274551853
-0.5441141926842411
-2.43181036591731
2.5615542870579553
-2.62954994958526
1.1841470997043042
0.8184896700309012
0.260885812074842
0.6411101093736491
0.3535384458846513
1.867972495385066
2.3500108550293546
2.5404275727677423
2.8224825498282278
2.3924238711778703
1.4430053055638794
1.1582553256104025
0.8843194061002255
0.7630574667919333
1.0823590154511076
0.9483481970690288
1.1660021424636158
1.2493174748549996
2.205913126644416
1.410181264946434
2.7635386123322676
2.235400687444368
1.6576147627428248
1.0985780950487367
2.42376750649864
-0.3214229610905855
-0.36443663416188227
-0.12863806781100573
0.20418358305166523
-0.6067604395877282
-0.6910356561154594
-1.0419819911094472
-1.3534413250584292
-1.5498894336366957
-1.5591319942837873
-0.9467204175232092
-1.3417780304433726
-0.7106163099464813
-1.7946831953479154
-1.6719142037266117
-2.1901435248959467
-2.064384269284577
-2.631601237534138
-2.6243313941342747
-2.8001028359525035
-2.9969708471344134
-3.018173489940389
-2.8491084877379165
-2.039016577683313
-2.1911982377045502
-2.1735150485532877
-2.1056787868078004
-2.1255046225626733
-2.157427051190016
-2.5081481876124503
2.907145531277973
2.836571248112685
1.2700008800472433
2.7664322652978806
2.8808596038219463
-3.0340126512549768
-2.460589831353012
-2.334328334828458
-1.6978220209185475
-1.8722625158403046
-2.0315228913524788
2.1556449081114417
1.9287225150424816
2.2708273712023628
-3.1080442139914393
2.5501753949179182
2.430111826966551
-3.0949973109235986
-2.720678975574513
-2.9052543253676695
-2.690865607516609
-1.9333506863686303
-1.0098097252690985
3.018660871045145
2.3995603636148504
2.9770899187261817
-3.0695806314169634
-2.908674638610183
2.8311960108739287
-1.6032902477120952
-1.0529439665228686
-0.8638095726390368
-0.8103040054122082
-0.6446779247848136
-0.8812298042881433
-0.5597742426283878
-0.7714214524240951
-0.2790925771386042
-0.8728427224133538
-0.7172794599201985
-1.0841793572339826
-0.8882276579454638
-0.90744942285973
-0.9296529249051162
-0.7019181916057008
-0.807061434371435
-0.8356654864950112
-0.610377021362244
-0.6261205735924068
-0.7822483787876235
-0.9488822535178324
-1.0604705520903626
-1.0830474370530123
-0.982151152813274
-0.8735467791003338
-0.8680855217879815
-0.6943151854248537
-1.5035260198463134
-0.8782431955289923
-0.5674510764179618
-0.88256032801387
-0.7886468700707737
-1.116548742233193
-1.195626015155485
-1.2115080210916538
-1.177979957522891
-1.2588192481330798
-1.216979138509326
-1.3859609386419713
-1.2436787255184572
-1.450375413695751
-1.3016784438117774
0.034520292346363675
-2.61822902134666
-2.941751340182681
-2.5121715541348872
-2.303951929427749
-2.6182516784037437
-2.357043515594977
-2.379398836147734
-2.492678205156876
-2.711567204855625
-2.473475006119274
2.9147662893279827
2.86248342306273
2.6288821945125953
3.0092167811418085
3.080474933413888
2.618240100013654
2.5356814042442037
2.2929522691919852
2.3511999982410985
1.9794685667886993
2.467983814377278
2.6044840800572286
2.549507351222919
2.45919113952904
1.9389243313903213
1.9979032415739053
1.5290983983855428
1.5249194068601435
1.3186773827976443
0.7434601511087043
1.9917221144487274
1.4937478129947843
1.7969189422928307
2.072517555463381
1.3710937067200792
0.011348690187470077
-0.17462406009283998
-0.33087592805690674
-0.21899481319656033
-0.12622709364962711
-0.553625167256873
-0.2663721191966898
-0.7624656888600886
2.0376482774031808
-0.04806165049829679
0.5671215083043166
-0.47384236422497467
-0.9353129065939968
-1.3621066560687982
-1.3308242111284396
-1.0076255005188743
-0.9757451349787954
-1.385858907787159
-1.1807038729168338
-0.6361491576003442
-0.8657917176766974
-0.368950608822693
-0.15037963132379298
-0.8433026390766358
-1.691853057380523
0.0824975684744798
-0.05136454187529713
-0.010712901796613114
2.0131619374072827
1.8107167527871555
1.4625833730210622
0.708663153915126
-0.2388446145244814
-0.8181312592557993
-1.1095046092428953
-2.6577557862743992
0.6392695692425829
1.1322762268703268
1.3918990503427113
1.4780388500568555
1.3563894407239745
1.5089485361445076
1.4322702905938425
1.3823723522485107
1.4709356261000626
1.3204378161187875
1.1059672604554982
1.1663517522076594
1.0840672402169629
1.4103178637593714
1.373288169971339
1.3933947513195721
1.673342250445422
1.2264056909848922
1.4537660024079848
1.47524893939923
1.4670203335949572
1.4745821334693434
1.5609308389969858
1.945182149321879
2.6562716512929017
2.7257119928477254
2.46441341603894
2.710776900469999
2.1751131337785137
1.8476175392664504
1.5798428173421533
1.6636971066737798
1.3840544668908519
1.4460508816600486
1.3021654905634763
0.7775820415682109
1.4104487180551424
2.0828506699450435
1.9355784982245208
2.6860740226818565
3.0198402351069107
1.1679903500558568
2.7442282777884333
2.8355664574866317
1.4791552302043722
1.4657537874626467
1.9361163551331977
1.861743671756674
3.0658394714371586
-3.00468051764226
-3.079381281459675
-2.9231740305277194
2.150828364636093
-1.705423197024209
2.461885901054767
1.9501195828158138
1.8815580741071525
2.2340587002445025
2.2143085904273407
2.5749553663863716
-3.0393145322939716
-3.0067949283618436
-2.8670162034891535
-2.72520641017344
2.3657278955595524
2.572816894105877
1.793848169847024
2.2245903050737446
2.021435950526346
2.112514146090235
2.347428366619738
2.9459959564141815
2.7972269168456965
2.723143834626658
2.572500933602804
2.5755842711075
2.5114895065574383
2.236340943289018
2.355652891385619
2.4933730444028845
2.204808486576293
2.6114747320159712
2.4922236649296394
2.1794704660541337
2.7095206849177162
2.45000508268402
3.113733654254744
2.9180238472090387
3.0007151958388194
3.0961452619555945
2.9938512261355075
2.628485357074143
-3.067692148557317
2.8088635634525416
2.2759731767276494
2.282691044952492
2.4135439021340743
2.2655369916376857
2.280562133005904
2.0513057408424618
2.2740536124096535
2.3576217058347293
2.5198862910630524
2.0784487583557616
2.1151993905192303
1.9194379479587627
1.2290395080270526
1.545418554869484
1.5956057524614438
1.4436158178851348
1.9339507589012261
2.1489126286018965
2.2362440618179797
2.0130952649539084
2.2434055999861275
2.018526822267525
2.1291361063928207
1.9122222908500082
1.710458806274606
1.7203615688075125
1.0635730977564672
2.6893161359060236
-0.8606048145459939
-1.3198797441119334
-2.687649586465878
2.578932761683642
2.4409501563646177
3.0089967344120874
2.6278163194745345
2.4215844737592875
2.4382734984002443
2.064401783813543
1.8149949473797606
1.183734233098083
1.2626839014176428
1.0636352348401528
1.8351137972405378
1.637094984990214
1.7175622522818166
2.2125435407885545
2.053374324488528
2.0183650332575658
2.0846883051840854
2.043770606990601
1.5870720776567226
1.723575853551052
1.6208598102389826
1.6504115125810164
1.1877765265165614
1.1697758122032798
1.2128702451558648
1.1947009763246699
1.001673200352542
1.7383518665459363
1.8476102766342282
1.4837251557140507
1.0142777177960434
0.7014613251943915
1.293949435874956
0.9829216279104077
1.0133014200189152
1.0294284018128712
0.8866203540380425
0.995987430482413
1.1619540262897128
0.910453968940293
1.087511071494047
0.7926145986700628
0.5748926262272385
0.563349935965392
0.31423953603580124
0.2511695068761815
0.11637339485617798
0.17664731163400474
0.4731252184014615
0.6786405034340685
1.1024845942082804
0.9899083217041545
0.8557009486541554
0.7270565937547016
-0.05658457463187094
-0.33962104301931795
-0.19975490570829665
-0.3353863042119163
-0.44336452904288737
-0.1585413047311589
-0.2384659602478188
-0.12926772191621974
0.3126677304249929
0.29045210810940325
0.17702083333774563
-0.1117050417662761
-0.5122112353909936
-0.2755590641262276
-0.3549858053055026
-0.49857111820720545
-0.5853873033797833
-0.46462570643807705
-0.16811261434102392
-0.37988324226797515
-0.8676723393241158
-0.7585855811070807
-0.7036608376367324
-0.8127088102255093
-0.9398904914188658
-0.01997085275715821
-0.4516568832689077
-0.0352674894226986
0.1773864888981464
-0.054588324636566654
-0.5809443356104688
-0.8454398076718639
-1.0150724661224906
-1.267854903566874
-1.4046784940359716
-1.5637517189074723
-0.8247680263785275
-1.0868654183119724
-1.2101389652084797
-1.2585013909851495
-0.8855910481297942
-0.4403515939818743
-0.8432045906943015
-1.3829620996980836
-1.5613637062741517
-1.2854185788418642
-2.1166734993772427
-2.4937379199753402
-2.640916025398041
-2.8487247503311566
-3.001855468916109
-2.1300534943208813
-1.6795116554960574
-1.4941423095015436
-1.4864401474368736
-1.5473502575723779
-2.2951017444134707
-2.8056890827381586
-2.857563614042328
2.9464886324090798
1.7118772841305054
2.4539316137439853
2.104937070484543
-3.0218080857937433
0.8961844902673881
-2.6518202413949963
-2.42550252954891
-2.5793986741182144
3.113417649458703
2.88360950587081
2.075211314188637
2.323018189072796
1.0767967187382732
1.0689688120705265
1.0895610556102915
1.8687159488875855
2.7668265871425293
2.3671298992981984
2.479024949693258
2.416857655689536
2.195325774905031
1.866748632193951
0.6117348848118093
0.3450774002083874
1.706825182618845
1.678913678741144
1.775829239980446
2.5183766972555084
1.8936038911534485
2.008382755616551
1.949971410074017
1.9886205929311156
1.75475578541396
1.635635486903342
1.4663850278859563
1.833426412363329
1.8659884702548264
1.4280382162549845
-1.3633796752054843
-2.3690889242044513
1.7570328088828138
-2.9023927502008973
-2.5020643157262255
-1.7097123073314124
-2.5111814628641604
-2.0832713205352196
-2.4518170257362883
3.060125993061152
2.408783429130296
2.6785942192712366
2.2036573035218803
1.6430796536745458
-2.8706125372836535
-2.6154298021018305
-2.803987441006336
-3.020467006983677
2.7587431910092732
2.1453693502552422
1.86050516975139
2.306718400440771
2.0217904332875865
-2.8972045563798368
2.45442834256112
-2.386039632136904
-2.148447521878244
1.8869081695428693
2.3719439703174627
1.768540699396741
2.30769852762296
2.7072004565932577
2.729503784102654
-2.5020867711962977
-2.336322480222099
-1.095969442972211
-2.0175783839425896
-1.722129936854809
-3.1087115433672667
2.624996235116744
2.3875016102354145
-2.934489519968711
-2.973788363767859
-2.8635417772858003
2.676105759850143
-2.7448661063736743
-2.7592572631835384
3.1371862242900153
2.9079887856111397
2.6289915510205994
2.6662605655265965
2.900261739402817
3.0737497541593712
-3.1013679921313733
-2.8182803807793415
-2.726881814093497
-2.9955930025057143
-2.8736121744777523
-3.133801346427021
2.7924826146683115
2.7646803033541625
2.899010478514232
2.7987370087231076
3.0874993623605103
3.076947746246529
3.0521554202595764
-3.0559539343419333
2.8268289368495387
2.379355963511023
2.0658868732796227
1.9881981006458673
1.6158082004907177
1.8116557668170534
1.635731167257399
1.5832218454845737
1.6759264524037056
1.4734292115505119
1.47729907788211
1.1830369994482812
1.2746370639453488
1.0671410473975438
0.9609214464864898
1.211393091464519
1.285017655967806
1.052362688037812
1.2290811066002447
1.1102832839048813
0.9453836202557686
0.9483726715165979
1.4014992042381222
1.0521140358330974
1.0574600219766954
1.4899623097759178
1.1476305916311464
1.1077810673238966
1.5760584543331249
1.3160787065586952
1.3265918823319156
1.5460832976170378
1.3294428765901034
0.6165125338549128
1.1301594889720434
0.930081418601554
1.253319029541043
-1.0394416477689417
-1.1955168529994507
-1.439026003186505
-0.26146844387101514
-0.0029470285675521892
1.5085947611124755
0.3711533988121864
2.811015650630185
-2.6430737045401496
-1.1892521316009284
-1.5751368449135053
-1.48631180851001
-2.4139540929784045
-1.7783776383540244
-1.352467692868835
-0.7829156762385133
-1.010605465813312
-0.8767087596865041
-0.04962682376624315
0.20840870063550712
0.5352969929053596
0.6386874897634358
-0.28583747889831196
-0.640075801918589
-0.6249981035130819
-0.8469124696739504
-0.8099211624233961
-1.2460081659976567
-0.5906407383157442
-0.8083147594195482
-0.2242390780884257
-0.4371929009335444
-0.3150188861251907
-0.30177367284298134
-0.4364740227953358
-0.3372292014628293
-0.5526487773545121
-0.2632810722957672
-0.22246332089456658
-0.11645598982697832
-0.16379861050645245
-0.379760940744637
-0.4974533858283725
-0.49292428034809954
-0.6964927861198718
-0.9627581070016885
-1.004131807058948
-1.1258355097868216
-1.1761472722137816
-1.164415768201286
-1.4398407063269283
-1.362515527445214
-1.298514289947841
-0.9486580864860783
-0.7958411407139612
-1.239068370975132
-0.9286802799814932
-1.0532483558784815
-1.619831435019549
-1.8557108415123245
-2.5162417817470764
-2.695050294356367
-2.7829463670287464
2.9520565171074558
2.8346765175927953
2.968754787453838
-3.1249437679055148
3.0177655264729357
3.036403591718385
3.1142403150061098
-3.0522270451719438
-3.0370297327024445
-2.72532597463813
-3.0231143938367206
-2.8546602763710287
-2.9413530978701523
3.1336798436365108
3.053741659306759
-3.0742160782045898
2.904228013986878
2.921034180646801
-2.9888530728537894
-3.1002809163952194
-2.7942231105954347
-2.7743257882775394
-2.659467789096403
-2.33470219101173
-2.3807144039831325
-2.249765701636371
-2.312422322426091
-2.270347063227399
-2.477791722371269
-2.304437850524984
-2.4190996765200787
-2.4833352371548716
-2.45089932107145
-2.6233933035604067
-2.8727427597457553
-2.2730733175580182
-2.6654404561830756
-2.126904651697226
-3.0115182918730503
-2.063492409402038
-2.241330020284142
-2.509477774457099
-2.447624125778085
-3.0138524064780623
2.390907346487467
2.610879518725239
2.6544813237487235
2.1772174934398825
2.3329064082583066
1.9938574644430052
2.1440026552552416
2.038695740019947
2.0530447340774702
2.967488290943908
2.0173619602046156
2.0244503309268675
1.7636930962421211
1.891948237033014
1.5526939484997113
2.649575395649018
2.089420018178951
1.4761048924468538
1.5598669523737823
1.211960592623324
1.4386924104096828
1.3210508509107022
1.543378186640754
1.5935308162692914
1.5587064235388695
1.2399585706554799
0.9176279556822455
0.7543694365372662
0.8246595083425508
0.7387403295984281
0.8627342937991973
0.8184138569265091
0.7705382788019793
0.9950139106918974
1.155829989200807
0.9929615684038996
1.090975489710062
0.9571458086196917
0.4159135870132537
0.924963779104699
0.6535228834623926
0.7355795446644192
0.7028557254073178
0.6346951938728768
0.30025293978652345
0.3648776632625533
0.5290857034658155
0.2104697849352422
0.12467303946455108
-0.4098131251170931
0.0904186564405159
0.1538690174333831
0.31784061368320543
0.40027023627342573
-0.07190598498446583
0.024909960170322775
-0.6122740237678391
-0.6243244294421149
-0.9121825302435623
-1.3617479987569079
-1.0614538211557742
-1.0761337416323906
-0.6740279375431842
-0.7165141495819156
-0.8785362002557073
-0.7734171937955158
-0.9339801597110033
-0.9084155504285104
-0.6250351151484779
-0.6275884231970613
-0.5132313091729196
-0.6822189612007129
-0.615664084050275
-0.658108925804571
-0.8595197351353411
-0.9520000856899749
-0.848844579020083
-0.5861413986389611
-0.7076087980450515
-0.22654919743926724
-0.034712655652569945
0.1895889789521306
0.01843717204340187
0.0527468837020677
0.019632711245219373
-0.24561190567838898
-0.4218358428031583
-0.35599722575038184
-0.3720205182714469
-0.2967084833997755
0.18199791443084729
-0.0064857502014781425
-0.19697435066854752
-0.22784229686175753
-0.13203517766092404
-0.6840765685147414
-0.40086863349728097
-0.5865007805217501
-0.618081108182759
-0.5764811330530553
-0.547383875939612
-0.5353988722150512
-0.930863580437887
-0.9543840633615077
-0.8841235322185936
-0.8230790418659815
-0.2841509674218917
0.3337458816957162
0.6545483920149542
0.8612632140760623
0.03853755203622624
0.1434300108190597
-0.5457480254706961
0.48431503336217585
1.405438837531346
0.9012779109675543
2.603682525544772
2.024183217743496
1.0065546048826648
0.8079316472104014
0.6587705378533406
0.4474431846711035
0.1481914811101676
1.5861429208399769
1.4712034377851848
0.6635239732040704
1.8209399550948524
2.3275160235695576
1.6142982725455397
1.2378152415501602
1.4130447644046105
2.4208214435666053
1.5857361025169523
1.7142743072983933
1.7354332419976768
1.9326305018616188
1.8287826485184218
1.8483966688612086
1.4835020730788373
2.102065093707948
2.1573272798711574
1.6878411433977103
1.0351994791201484
1.2189974620211002
1.2526414061076845
1.3432913158579842
1.5804298561127912
1.3212534955012856
1.2780530912277204
1.3650193453189767
1.289725977670694
1.4795364500272772
1.2235805577803005
1.4580818453831117
1.4053016111787657
1.510251663657831
1.6915899735367708
1.9753643298126198
1.7890985618545965
1.9023366897171023
1.888001752659281
1.7308775630313844
1.797715845172253
1.8170159800947883
1.602413508818935
1.7351521377109687
1.8320338520769752
1.8618185509477148
1.8028814783534548
2.107003206707277
2.264178322425861
-2.899842494083596
3.1034973892971642
-2.65133134306784
-2.307726472160558
-1.246886084829182
-2.150588972664871
0.5039154721896365
2.1940275493362353
0.8620146610041786
2.0532860155823727
-2.6500280131647393
-2.452358843795725
-2.2528488233411323
-2.0375117852848454
-2.1307932315771487
-2.0993361812354037
-2.250628326440662
2.478240466603824
-2.3376174390782953
-2.153513981421653
-2.2609586897795713
-2.2142223944788597
-2.3775539327167325
-2.189570741070267
-2.260310214604108
-2.1473035342724973
-1.8136731103254826
-1.8364497975980736
-1.607597204272493
-1.580994854832006
-1.7540992012394039
-1.6656674519190011
-1.812821102073568
-1.9996613319497352
-2.338479967232402
-1.6133699552212126
-1.8057095453953516
-1.753791928747819
-1.7126119461826141
-1.8289151535486066
-1.6936375214772825
-1.4955078774290391
-1.504828681636801
-0.8391893776391136
0.5281147399412578
-1.7292379853334607
-0.944090594995955
-1.8528281613763402
-1.9551197204451645
-1.8994024837551915
-1.1953652194688125
-2.3183563608905526
-1.0256027765961757
-0.4031987127736238
-0.23518384694653718
2.6902518890151677
-3.0120854986452157
-2.6138382230655797
2.7507230276101478
2.67796944436363
2.7961525289255102
2.904425494629323
2.899335475109148
-2.6312125662764996
-2.2792183325356614
-2.063664539432082
-1.6443851807444994
-1.7289503554748509
-1.6673769804565388
-1.8910508090399039
-1.1178880183490059
-1.5195601514737007
-1.4800343892269614
-1.5236229541316701
-1.7433855279721326
-1.7168971347371225
-1.4543499578289258
-1.6645063438271648
-1.1471423610349254
-0.798826917650253
1.663411600515656
0.0015492432122662123
1.5811708722779565
2.0600282456003365
2.1915092172696853
1.9449517556952047
-2.893942087211689
2.1878823726332177
0.4565502620281578
1.1326819736796125
0.9527760195630794
-0.639369597306063
-1.2151416973947382
-3.018259316412116
-0.12032887879474263
-0.5518009050289767
-0.23268232326004495
0.5327215875472769
0.5946258128813664
0.31897628957530066
-0.34822393505719496
-0.9807291138920621
-1.1803338270034478
-1.5762857276623639
-1.4596450624053794
-1.4756048733228644
-1.3530508322430546
-0.6932462396564568
-0.7549236906115931
-1.1496508913266599
-0.9917286472624508
-0.9006033100670368
-1.170684841222862
-1.0957692239319858
-1.3221230177637462
-1.3059377732386808
1.9000484604865941
0.3067176025465979
-0.25369644427404126
-0.49410806822557296
0.3967691304020792
-0.10314312718161141
-0.44985573254374844
0.02088640815436543
-0.027969283809163865
-0.35052830037955934
-0.849294142703345
-0.6253417202833034
-0.4824103040477781
-0.7803529265537903
-0.03644335313026345
-0.003263238324208032
0.8658253238853136
-0.09221585601987864
0.40192205971527145
0.35740966145283165
-0.3078984052211681
0.004825638999651556
-0.7460908279833924
-0.9999986484757246
-0.16216886723567234
-1.2953888999374055
-2.234078526324009
-2.130893562737688
0.4086526821347104
-2.411426773873015
0.37891480635424796
0.4290490086046977
-1.4893319853407962
-1.4397921199887167
2.101112962341735
2.0957453242980844
2.181027854973803
2.1980124522107274
2.5260003257434174
2.0183875028896123
1.7282207177058302
1.3677777055014364
2.465804547449334
0.8936015991177275
1.4953579008171396
0.8613427310952145
1.0996706656105
1.279835358057673
1.7147600041470532
2.29516719723207
-0.45440493381007463
0.031978555601834456
0.699073234611102
2.24453827566016
0.7261509197229419
0.3871294815545564
2.4182070879667354
2.4248118227621966
1.541715721806061
1.8291067643536556
-1.6921611703731472
-1.7858504295287305
2.915538645440853
-2.8150995007114954
1.6963775627495268
1.868270285219466
1.6076423414329997
2.0808529707713506
1.3768189418327599
1.2542789900128903
2.448963744019645
2.436685703210112
2.6193295948204445
2.821722026538933
-1.9905628682210639
2.5493250387846182
2.16122924668391
1.9644007858716404
1.80569139883793
1.5565284122164404
1.564631764224855
1.693524960301115
1.876653604407317
1.6137890956802354
0.562540012214019
2.635623906278599
3.0889700997941554
1.6670702967963584
1.8959671818910482
2.2521058673336
1.406851235269637
1.5488312577549892
2.2201182743183616
-2.010554975481249
-1.905323152215946
-1.332995906338846
-1.0693474976308448
-1.110984702668404
0.6534832841569082
0.5845426231032481
0.630260014937187
1.0720615957548154
2.6905032698290805
-1.766998136665763
-1.4449728593681888
-1.4682297550587757
-1.5390006375296004
-1.407137453944311
-1.3560043054992021
-0.18407014613230543
-0.21670002678984135
-0.38508842325999393
-0.4750817074861448
-0.5467518581695113
-0.9925560593226759
-1.083352140631923
-1.274872263098496
-1.2616914918700108
-1.5116465899689528
-1.189813172885025
-1.7466619253703468
-1.3155946068559714
-1.5129893333800535
-1.4099282764763958
-1.6126343481929937
-1.8624604071862036
-2.0398067037036722
-2.718830056256845
-2.5205000458898352
-2.221378410626565
-2.1316152621223705
0.83930219326314
-1.3333337796261213
-1.048488455660562
-1.5139908425216762
-1.4099305435622471
-1.6826866899410267
-1.9102909369494048
-1.862255400879774
-1.919573041915107
-0.9356285518719357
-0.5302128383739823
-0.9661468186266797
-0.9926081480341439
-1.0316319031508443
-1.2879266510438725
2.888922023173531
-1.9404538441000634
-2.1614846497221074
-1.63453437408247
-1.2549638838955577
-2.9722266688910755
-2.0150767083625265
-2.3282089619614106
-2.4948907001404645
-2.3348982146241486
-2.5879749894649833
-2.6882673207275922
-2.741304846230263
-2.6178240221454354
-2.9260243009201017
-1.7468807389209098
-3.044786974447896
3.0456490090079607
-2.8150642722802584
-2.6781430106074424
-2.4096928825648223
-2.6645395629622657
-2.564111510425002
-2.3683820685669956
-2.6454369431221303
-2.610677424904529
-2.6209840420818518
-2.6494513474223087
-2.79390625619695
-2.6581581621994315
-2.5360434771084277
-3.0204209240938824
-2.680587255872508
-2.9213810365577677
-2.632013132063115
-3.015209618908009
-2.8510598782258936
-3.1352846711408113
-3.0287096041895767
3.049840125053995
-2.9729319676016814
-2.7607344629000434
-2.8054028780159115
-2.411997714344471
-2.20801900060984
-2.1173281461741653
-2.1940027229031105
-2.170697503438131
-2.020931525514718
-2.2458488690520855
3.009087998340571
-2.445527279773173
-2.7719553117936
-2.545412141016371
-2.64504952653691
-2.3348059663732625
-2.541988535440164
-2.3561854557088697
-2.3835364573248623
-1.8936170742021157
-2.183562433561001
-2.5525064859193294
-2.4413581684638426
-2.63541014569084
-2.629897319564116
-2.8413686676988568
2.9412304391243818
2.8506368101374955
2.5265010777114196
-2.633268225412556
-2.8063011244438476
-1.324122004417447
-1.6049655429830774
-1.5467808760395942
-1.481601645729772
-1.6095600822987128
-1.6759297783049776
0.4402689076817901
0.583300433729588
0.7610898414824551
0.7242417506547232
0.9518031623725627
0.5345508591936222
-1.4137751650784574
0.4550549736351006
0.08607758854602227
1.1505797496748174
1.5835601133985062
1.165719147898652
1.0745295113237583
1.3305737249041152
1.1523180046524817
1.7453611057097973
1.8076496240195277
2.0105865119596382
2.0187844326256337
1.7712953664787352
2.0039245175798905
1.859109868285781
1.9000830607202994
1.7814007438669386
1.85687994616546
1.7915116840568726
2.040932022257862
2.0004436073954435
1.6816364974812252
1.759873668383457
1.5878103504269225
1.586878877402988
1.5122029816738234
1.4481788690190298
1.3979052131757213
1.4958854308161131
1.5892285493947864
1.6660337879837537
1.477659212662815
1.3026056355315423
1.2952726661242784
1.0641943776796128
0.9854861831125994
1.1768920227452808
1.1624303626506016
1.0495467533757843
1.2647789601429682
1.1354520870840632
1.0581983996290272
0.6861261748644528
0.6534503277120907
0.3679990372710327
0.8674035208900651
0.40473413162819954
0.27142891880128
0.5355038477817778
0.3801958220530499
0.258634405028235
0.5173348176968083
0.09949702095829202
-0.16915932478470141
-0.20633687661862044
-0.574773852614416
-0.7549891002079183
-0.5290916857012136
-0.5744808134296522
-0.17228897307675192
-0.28014737224215697
-0.1285739081942278
-0.24526006825926436
-0.41857393431813633
-0.2601143178370085
-0.521996722838262
-0.423083252540002
-0.8053642481091203
-0.6118684129181848
-0.9611961508440166
-0.7701562429486394
-0.8844964212713452
-0.8772670332119039
-0.874055993224358
-0.938579812614463
-1.175469917872787
-0.8994338883813823
-1.3519887197018463
-0.9270777812892058
-0.9113815056695616
-0.873131874225447
-1.1683148999941189
-0.9882177462716641
-0.8687447037171078
-0.9724747434581127
-1.037424705543142
-1.0899602983485974
-1.0769410307047371
-1.100544235128396
-1.1269663586611915
-1.3012997214183148
-1.2418977977631878
-1.4787133896468498
-1.2191960150294836
-1.5680205356359316
-1.5817863428844086
-1.2886852676906804
-1.11292494362862
-0.8942894384702803
-0.7179052602332638
-1.006942136033428
-1.0889136692914696
-1.7657828149205252
-1.4309226552826948
-1.5263114468873322
-1.587860282616091
-1.4326738822637246
-1.2028812552121544
-1.0109166527018203
-0.48597877691211244
1.2770685727457847
1.2996469387271998
1.5763813196515775
-0.5339129979747335
1.0968602885621361
1.1226915028842532
0.5762412748944649
0.5849974581619483
1.111582559670711
1.1850614092988643
1.2769861811535461
0.7802021525139219
1.1506039319544332
1.2798007515771306
1.401260486136873
1.189192311769642
1.57100324110478
1.505735129842247
1.772303715118802
1.9236210521440409
1.912389428956976
1.8035925362995244
1.521991236573018
1.7090256865741036
1.5751474898388182
1.4728040382272005
1.5358357487333556
1.631570093287254
1.7166203843196182
1.9070269902107493
2.0006211811013537
1.978226099095154
1.8584723811358193
1.6607917833806733
1.6150621854513216
1.69563628667854
1.5974743911546607
1.8184074439518692
1.6101090460941379
1.4896431315852265
1.4524761259181154
1.6835752867356446
1.546779717407645
1.4189211515737727
1.2277602044762317
1.636443677984709
1.8176205914688963
3.038991893476954
2.100824813680456
2.422255785209896
2.585286186727581
2.316756078494068
2.6341709834621683
2.765288437378436
3.081008151526463
-2.9978640966096917
-3.0774846915052634
-2.51221004387402
-2.3057627886210827
0.5374140996158512
-1.0698922460102398
-0.6883559079461187
0.051257815740582593
-1.4561973185791124
-2.3531273072768406
0.28645905705236735
0.49526556325791743
1.7588445077971115
-2.5366504171541564
-2.6572182236576474
-2.539874576917333
-2.676408415118675
-2.571921911553349
0.06443727183585445
-0.5616775795703988
-1.1031683667928542
-1.1244287159846595
-1.0652917375004227
-0.9760895281364249
-1.0462313236368623
-0.9046309906862247
-1.0616132994640606
-1.1394849557562858
-0.9453990691145794
-0.9938793150384894
-0.7999197082387417
-0.915229238216642
-0.991627954408135
-1.0137073789733515
-1.0236835447415253
-0.9232014256788991
-0.8310664166972094
-0.7328177040287063
-0.6074174955308881
-0.6747430310409098
-0.6812286633721295
-0.7420815665007257
-0.9583292873945997
-0.9529739872797335
-1.1060727610628092
-1.0191344671192284
-0.8587149021046029
-0.8933025701943524
-0.7918596572741163
-0.7741102819196582
-0.6620467513108603
-0.2912830985082628
-0.6558305998261889
-0.11610194987350561
-0.10085662399243497
-0.14817121293893976
0.2060561883419273
0.05720171179014042
-0.4174080995356347
-0.09161220478909202
0.11056036472550447
-0.3153039290596877
0.35916332382155863
0.30658434684732566
0.22440919521227387
0.15322180917837797
0.5556987760189191
0.5529461868205994
0.5339558353127216
0.6829005485143025
0.7327346572765303
0.8339832038293704
0.5292628975417308
0.8050650762457106
0.7427498250715724
0.9181640145925918
-0.00623624142018674
0.2977996402973023
0.9332043315218622
1.9314493831040722
1.9023092722948733
2.3470617840723134
2.8413810514755133
2.6866465043040706
2.6970486037329406
2.731360322997436
2.8161460838738854
2.5243634373116275
2.0569441342703993
2.4555949061178475
2.1766785206923465
-3.004517784823907
-2.5102834705730186
-2.8635519182407148
-1.8020422666728033
2.745489609281758
-2.111798394488659
2.940768186689768
2.942446685939474
2.6925830141678224
2.7006355307606973
-2.975928411038668
2.5429167436253532
-3.1143757390153652
2.2167678198064196
2.654806402201907
2.447790765680547
2.3882435249039933
2.8958011947775097
2.912312618803035
2.7812404725220614
3.1329956168734303
2.5644276800238437
-2.9468234272920415
-3.0652869089248163
-2.537942010210705
-2.503776573412981
-1.9812929879467645
-2.8805782458229547
-2.5687813051606834
-2.5669562490963727
-1.9792683165564031
-2.469081825687151
-1.7287695730654358
-1.8581689408160824
-1.605901690739764
-1.843400269985834
-1.9042719787460287
-1.7254470639972252
-1.997806904407058
-2.2006541775989
-2.400216021482882
-2.3427315316558914
-2.209200433214753
-1.9546718198450426
-2.0204557031131727
-2.0578647539081616
-2.160629109190654
-2.0963185084801994
-2.5414791402029735
-2.800587462023322
-2.996871601535532
-2.854073831885688
-2.7009291230104475
-2.839528902058106
-2.6615819207135636
3.021222029013734
2.9599337624874194
2.791842989163198
2.6387521268066334
-3.0689495766199717
2.488476039810543
2.8236835702144796
2.975549234692075
2.8846132888079934
2.7451133897026354
2.7041785934501514
2.447492910698594
2.8458437972960744
2.2918655678303317
2.5768494813082254
2.8793260431178145
2.535731804881709
2.9379735666773876
2.984094071979439
2.947312276434591
3.03127267145175
3.0511288433913397
-2.9571060293877354
-2.7765815146877912
-2.901799296543229
-2.3853849576309996
-2.957506610840326
2.929750840657594
2.7167297085236197
2.5389932608058547
2.5796181008683035
2.5867322652166402
2.6730827988020534
2.657716539438335
2.601982129900315
2.46388195022685
2.042192143474308
2.339956296246598
2.7493355243070003
2.414793926990003
2.3627833887562857
2.8918885195750446
2.7438723414145687
2.3605673281077584
-3.049708172513725
-2.9445279745944317
-2.6672652443334792
2.7815943305017936
-3.0461913950690227
2.4836169130997163
1.9596580796949679
1.858523112949483
1.8573565206222609
1.6408193431952285
1.9400401300900165
1.5322510437112862
1.7066265985860638
1.859196135349057
1.5928607230651584
1.6619208862512407
1.7022767910939998
1.841279842217049
1.620027654879896
1.7889067875948026
1.6214421178292422
1.5837506193505544
1.5716858450879916
1.6943977497228693
1.6887189195907513
1.466991547260509
1.4031218328257489
1.6649284320732927
1.7183091776099912
1.7564680314989374
1.596588426750606
1.1813597507392517
1.3100059990007553
1.2363680450269579
1.213749958778605
1.3084291987923575
1.2195390343311712
1.1848027730354693
1.112012210855821
1.1808627963271476
1.0748583647085628
1.0914458319963267
0.8548646990155188
0.7619468850093846
0.8912318191086729
0.6818231868595584
0.5055187479839912
0.4878289022144761
0.38936938556470935
0.1241755970984198
0.2619537895515311
0.44259206570050375
0.5196242448276936
0.28882668915232845
0.5543869876267785
0.685365689103942
0.680684964437521
1.0507209931661998
0.8308562403038943
0.7082269062818912
0.5227084306607309
0.5360343154566461
0.44958983091552274
0.47276660989820174
0.6432201395115303
0.5530396843282226
0.5152759903475476
0.5924865293940919
0.13391115632929473
-0.30170055990892536
-0.21706758705585713
0.05206472062688176
-0.10066448472848956
0.07411259543946343
0.4267423692590877
0.2811924130627232
-0.6297787110453226
-0.6809681898089137
-0.9275249116408809
-1.0414275478802932
-1.0433938754824639
-1.1226782491649625
-1.2055694431514385
-1.0431730519434455
-0.8029535205080434
-0.8823455901501763
-0.2857671244441393
-0.5184679657733929
-0.10104405173026659
-0.5322407862378874
0.9061571718513765
-0.11890606698479894
0.16925347069026828
-1.0744729186913184
-0.7905745587773855
-1.5240307544184233
-1.776206770996706
-1.6968638349230598
-1.6952148047513147
-1.7944937409572501
-2.0693527158724656
-2.814426638453301
-2.352706219031606
-2.9860580329354933
-2.4644064554309373
-2.710009389240476
-1.971076792161291
-2.2773681195424804
-1.8975557403067445
-1.8233599399287697
-1.7294479277535213
-2.0905661362121917
-2.192283437631857
-2.476646634356633
-2.6214398410885305
-2.799362305255697
-2.4014914043028646
-2.5320072338163717
-2.5267166710597366
-2.472995376654575
-1.8993462835757076
-2.3184837799869147
-2.0636101612864914
-2.0502562607509613
-1.7492038378895332
-1.4816745670022031
-1.732818643629686
-1.0734232390041067
-1.1398701070042276
-0.7031744141574177
-0.7147442398834554
-0.47424614804805776
-0.4963409873779851
2.991293868997691
-2.324777061994273
-2.2365474757975567
-1.5130268711103518
-1.4968223937353733
-0.7611542002739679
-1.0856330643901488
-1.1372851652763927
-1.1886952564295532
-0.9473682198185335
-1.232572701335435
-1.6881672745720893
-1.3407038318841704
-1.1177292840875375
-1.234729670452934
-1.2937528403195702
-1.5965578314310716
-1.2441709790384092
-1.4206110727732464
-2.065738192751534
-1.9640996949250233
-1.9152351574698723
-1.6816529434530612
-1.1954290276505
-1.5377306323063182
-1.0077669959045512
-0.9624549837608992
-0.9484542045070931
-0.7186847734408867
-0.9716476820826943
-0.44497216371394
-1.283760501492507
-1.3886533511861447
-1.6532701544184876
-1.9039074261234112
-1.4879940859810514
-1.1098840210557648
-2.0138806813517998
-1.7594820731821572
-1.2324236003573368
-0.1596252487664289
-0.22546726232316214
-0.2909725366601842
-0.16393087510311033
-0.145171986478805
-0.12545019524614853
-0.6615659311777061
-1.3381798713158204
-1.466544862978123
-2.632874724264225
1.9225778238299827
1.8711348493743423
1.3492222714169408
0.8175714022398488
1.0739339536458943
1.2462948449666214
1.2219767506978618
1.2472721286752202
1.4714572641552555
1.8256632754826345
2.197824204516849
1.9478500492389255
2.185807353164375
1.6194873084730959
1.3994387746927452
1.3397912677176518
1.2976749307061382
1.744603427709452
1.6194530782431165
1.6998090674999549
1.7623067569696955
1.6856971385759851
1.820583724169312
2.170462961472862
2.2958576652223215
2.9981536501900323
2.988599270677571
2.4913441054072303
2.2837280784171194
1.9732508979966465
2.1466935315454565
1.8253282896681309
2.084305451856622
2.1804771657223667
2.14779596922914
2.5113049837741492
2.6941633827862583
2.8003868844021724
-2.506521883655026
-2.976354089602432
3.0608956089993073
2.9696547829788407
2.898265658817166
2.622148642286542
2.446066836188422
2.549043180033319
2.551374089378628
2.7781053556467294
2.645694336239882
2.28013462333466
2.625699999033964
2.5540636786604565
2.97592640689259
2.9134929560910945
-3.039235750275175
2.8940378740267874
2.7899811263984646
2.9140554816858684
2.756171553188947
2.4384955521798726
2.2948251701694518
2.340214083274693
2.6346950453039333
2.5799444811217
2.9927133737747327
2.702191975277734
2.814043790339458
3.025577283676091
2.6066990260971576
2.6297989282491256
2.639869999015675
2.5083475160830964
1.814457499958751
2.0883954279298824
1.733247937504998
1.9188553578499992
2.7874305413147824
2.5423553100495058
2.1978616897522696
2.4022323714017464
-2.8739319811069604
2.751562044378552
2.8234128129267613
2.215525506432707
2.3673724106517957
2.6113749165605546
2.384778141884267
2.169602291414378
2.286210363631827
2.5919534460701468
3.1377840129571473
2.7598657889660814
2.2804237840659694
1.9731361125969809
2.0823446395909984
2.3117624047368808
2.525610224831779
1.9085838192514157
2.0548450749604985
1.8887778621912772
1.784590855302343
1.5441971807210095
1.5178318802377313
1.7337622714470773
2.122791580907314
2.4879005690165803
-2.8102194177613424
2.9919912376450597
1.807261233425788
2.3159802496883817
1.8225299931677472
1.4176152494830132
1.4057190883852089
1.9043142352270552
2.2198282818516004
1.4825142266695281
0.96703459468478
1.3391958515299178
1.5982280270322375
1.4406512787415697
0.8153383907020787
0.8077866971027323
0.8823985178115185
-0.1919468064066283
0.2634437620558732
-0.6372897544176813
-2.4945190303525266
0.15197745697739143
0.5289574351245339
0.7320218696913536
0.9360953848659701
0.8539748778588507
1.0131951674713608
0.1324220898822371
-0.03881739552010543
-0.3469200994569972
-1.083029868643061
-0.9739986947412242
-0.019408004420438614
-0.9379387212392472
-0.8450881060112475
0.13470252992593557
-0.0688008632160784
0.16008435506350496
-0.13144185623283938
-0.37922778886351605
-0.12558017225401452
-0.011565531696699001
-1.9064740294937688
-2.908444484997436
-2.8565416706370446
0.674027492409383
1.0377314630259094
0.4502324662667436
0.37271381795720177
-0.2474144992436077
0.05897832916153597
-0.04335591290139191
-0.15118473484770292
-0.2939554440018312
-0.3889211384715929
-0.1565392575568355
-0.6647637194706226
-0.41321773938604445
-0.40365007164514394
-0.25733208986398676
-0.16960983656715214
0.12600173548794952
-0.20904495329774195
0.067801144863259
-0.010135486530220313
-0.38347800590375475
-0.3842748259567097
-0.3172452381788094
-0.5156835118886461
-0.5958147430641971
-0.6656389538624857
-0.5093301163483037
-0.33515284891249447
-0.6007321901593397
-0.1455005653593977
-0.6320751847474688
-0.4065754247425042
-0.30241637857980797
-0.1321520066292574
-0.3713932011786911
-0.1253971674422711
0.1102537359585035
0.469843616814757
0.2667647537660538
0.3634023551362071
-0.4513992274873629
-0.6853630769151948
-1.0580579901814884
-1.3360871341371332
-1.478800775775604
-1.4387458387599141
-1.326464547479934
-1.2239191577793898
-1.0780377551429865
-1.277541361164018
-0.0939031605832392
-3.035252139051142
2.9587393879239876
-1.52355125542476
-1.653506499234698
-2.197191159408981
-1.8901883678890958
-1.8265531651129359
-1.339063034705912
-1.8114823027440217
-1.8353615611606144
-2.6426105520597676
0.42275368988160006
1.0602330342087218
1.1671086510156377
0.9552350611198543
1.7909844086922917
0.41612137964825274
0.657735356133645
-0.20338363621044286
0.14183852366445032
0.03556612906613748
-1.2941529919644703
-2.379284944755973
-2.299285282377686
1.7550733236552747
2.738698663753591
1.1856256899245636
1.5344270604138495
1.0010484138569145
1.4103147697667944
0.6716311472567712
0.18911643672335174
0.4002141329584564
-0.06638613820633066
0.13594349390466864
0.08057624817884317
0.4183181352807198
0.8944897165524959
0.8596401545007201
0.5770384424029777
0.5001229838938925
0.32866120522329356
0.24522763383629684
0.4351335424798089
0.20032386237267347
0.22918446932646408
-0.06328259933899194
0.26883263444564637
0.3626500349349799
0.17957009706834623
0.08501490892653463
-0.055057445559163996
0.15928262104079272
-0.14348865529060667
-0.04075421635063851
0.16222931664401688
0.061459470960305886
-0.14117318422287517
0.2030792122618349
0.1228504406165315
-0.09884304550324124
0.07235695672190433
-0.24318808551474883
0.0966507575503257
-0.23327113481868167
0.12437465405266636
-0.1966270554553269
0.25817761053701616
-0.024421984620524674
0.061571840397353736
0.018131363575906546
-0.06842639252255439
-0.28668093584730797
-0.18608855756668702
0.033066293823072065
-0.226156485347229
-0.1876171135303484
-0.28824703462419526
-0.1591296337294813
-0.13699283888326652
-0.2377764856879208
-0.14508814858524055
-0.22227338720141596
0.0018402319028590674
0.05707275897591566
-0.11883585400601042
-0.01839706167781932
-0.19915915281993962
-0.5080405102515363
-0.3821077712725186
-0.3705938050174924
-0.5147860388666153
-0.054537827635891364
-0.3226582029690944
-0.24395614762259704
0.12282407124181664
-0.3730630882174378
-0.30940856083144347
-0.5966049214310112
-0.2925650913217651
-0.5260830130518247
-0.3885351584114619
-0.4726717795012337
-0.4009779299178864
-0.7396951647348753
0.3268559899779627
-0.08796039190105283
2.728127157812295
3.0693319468182625
-2.0553456070801674
2.6079328361247853
-2.3489818948484067
2.8578414712083697
3.079293613878933
3.1320920539718355
2.9954560254372846
2.7162117191184056
2.2908294498948085
-2.9574986406850368
3.026014458937091
-2.568099802476452
-3.134216989836067
-2.6087402893237837
2.7160837689708366
2.9201614216571983
3.0642953943888385
2.5476804694307567
2.7717313662724576
2.893383529273555
2.5655029452319655
2.819013636100937
3.1413806206965957
2.890456919107886
3.1331525183295432
2.512182837388036
2.717168339252117
2.2645693392554738
2.456460670885102
2.4172577896112353
2.4123391508023233
2.3109276873718656
2.2776234540875944
2.172222059507581
1.6621636462139429
2.007256009862856
1.8429294095805975
2.196631441353329
1.842111246764187
2.011000818870036
2.3056666205429326
2.112066826023357
2.141044069398794
2.2195161591720884
2.503116735518337
1.6163268426964403
2.6547353259871587
2.4292053519571697
2.397776446390455
1.9320247603817617
1.8754153600490568
2.139128288314251
1.4447093656962005
1.1432377330769332
1.6748193889740595
1.7515268009108822
2.1106172799446945
1.740689761909076
1.8064707792787928
1.4572088526505236
1.6830527188731403
1.675351243816325
1.7752557475636808
1.6619431253877195
1.99668221710325
2.018108411341212
2.5533142398605415
-1.766817477535824
-3.1226579881504963
2.8240401009325686
2.6683349227459665
3.1139804769087447
1.923473713594221
2.119385340094113
1.8841413343476283
2.441070467534645
2.0802620574879134
2.1122982296604715
-2.9376938360403333
2.291452466586068
2.812693445285352
-2.715704742642526
-2.862283731431114
-2.809370424506569
2.831128505043993
2.9759168272004928
2.866455701057816
2.440684326553222
3.022399445120307
-2.8546216988988604
2.955525452365892
-1.3801874129774556
-2.4186999401118423
-2.4024423480023644
-2.797373709944954
-2.1789947047006315
-3.078996549887633
-3.0199808147644083
3.061204448476251
-3.126406719777469
-2.8355623249481
-2.8343772554005584
-2.871010479208475
3.096361201086548
3.130275895736329
-2.9793043146820555
-2.9778603695013026
-2.769589660057016
-3.0721621557686243
-3.0762591146027236
2.827193200953579
-2.883194225635554
2.880818251243468
-2.997614283386752
-2.9111196779706403
-3.04841087086948
3.060720251832288
-2.992491978470447
3.033386864519094
-3.0943163515409267
2.7973168586041677
2.8429347797980555
2.9788835740426136
-3.0207863901324963
3.060785863294421
2.974885794963636
2.780835273087248
2.7416696765018407
2.747863471003832
2.706371988284191
2.741093495374854
2.5749907065508575
2.6860565509828263
2.6110332358626107
2.71716651779349
2.6383256346934236
2.618631248345022
2.5747642061729703
2.3943390670867335
2.594440178771076
2.577283696781561
2.681917742868128
2.6235946247514623
2.5054691099507154
2.3975897059209066
2.470674120874753
2.472087915701468
2.3425662336380637
2.308478935654465
2.1609168851196463
2.024887837450326
1.9510368184779008
1.8573474701428248
1.7368481495466683
1.6389997577151265
1.7785107328860505
1.858958502362105
1.8902455345612668
1.858023049326086
1.820039234552877
1.7715472491153001
1.6346747170483686
1.4735204395322439
1.373765225068584
0.9214737322939646
0.6978267129918482
0.41378910924591894
0.7038957554409865
0.8160112065015727
0.6116824683185045
0.6869142137042051
0.9696291366098546
0.3877411336602389
0.37165650570267367
0.2148208065452092
0.5796858377335652
0.24371556570295255
0.3441150213413512
0.31375396962923735
-0.09774980143033976
0.12763985348600396
0.16255980034260495
0.035810320787873606
0.0003289874229542939
-0.0404621050611253
0.16783210536864243
0.05658461101188351
0.08127149744526653
0.04485959075693579
-0.14838041221307674
-0.06888003460821256
-0.2744863947647642
-0.1916066467583749
-0.09122758061011002
-0.3487751821885792
-0.2464340533182801
-0.4536365197107445
-0.40876430498543886
-0.7242014207975218
-0.6033839723721638
-0.634202202439668
-0.8997297980025812
-0.5724856426970978
-0.4635519780670371
-0.630039183179518
-0.47709657578624703
-0.40093206331077447
-0.15005210854811815
-0.4417250965070276
-0.31389939411112616
-0.46069700827804966
-0.5199739141992711
-0.7313473164810557
-0.8084647219285709
-0.9399355759314502
-0.8314411090268066
-0.787143281768668
0.20226234432894188
0.05239717359870975
0.5391876649765841
0.2578505187446651
0.29899818289858165
0.49521368854913017
0.22016800237431136
0.1970471824955533
-0.08171334079557489
0.35232021078986675
0.0012880537272164188
-0.008593894228073442
0.35795414492848904
0.1581957103677563
0.7225453936580661
0.7735826617493113
0.5811353055142672
0.8580106996293368
1.141535638197924
0.8377818920450387
0.48813394471793886
0.5873720945181088
0.29454655774059135
0.21330539290443468
0.685894487363052
0.8696335922946614
0.6453508219956519
0.7676774646309322
1.152320665580656
0.43482490366297866
-0.127646945338896
-0.36604733804311423
-1.5465535972991538
-0.11037251875915677
-1.2646323137254947
-0.5175937340901612
-1.0682031715566513
-1.668842656984762
-2.4525489912086034
2.6116472545516256
-2.8096224816668682
-1.8380273976622186
-2.1463125326021717
-1.7540659316060339
-2.7167877185198464
-2.2466514863941507
-0.7109406505842264
-2.2126598077033384
-2.6398809453265377
-2.74996536418905
-2.690074603061949
-2.8737564745160986
-2.6264780356574646
3.021514853759473
2.7761385685405178
2.9643553391869646
2.8466780943600205
-2.8324164389059985
-2.338770971385462
-2.559090597037592
-2.3591988277902605
-2.855730933055941
-2.2705360415057037
-1.6383876270182147
-1.8346627701372016
-1.5914361766408314
-1.3822719564668573
-1.572796075121999
-1.25461432802577
-1.6735266764191945
-2.021572186091313
-1.9658013831139411
-2.251656286673765
-2.519980467934135
-2.3978403486093067
2.3148189609134104
-2.4958120580191494
-2.2969021139777244
-2.378645546966316
-2.4502918690701923
-2.4446981371795156
-1.7457994959009373
-1.6858186245403874
0.9813621356972514
-0.29475039797409514
-1.7910019774743071
-2.9299922413524677
0.7393840602914196
-1.6654227706156333
-1.574338766033085
-1.3792688512827487
-1.552722380612786
-1.5680370672084336
-1.5164022355108537
-1.6068828902215009
-1.423970740304409
-1.2067748607901057
-1.719545349387627
-1.5170805916199752
-1.6035469550637973
-1.5740597729258388
-1.6177050863565856
-1.7580966408192376
-1.982645684211129
-2.007398108200638
-2.1589764099312996
-1.9485257097628443
-1.8984255470045281
-1.9687412003284814
-1.8454927074551588
-2.2251117549860107
-2.2849407535268753
-2.81388779726273
-2.8139298149775445
3.017430923516288
-2.73070953009874
-3.1320745407412103
-2.6668223545109107
-2.9955655755341954
-3.101188207663894
2.762694756976671
2.71713854431289
2.5693069527328025
2.9081929447880825
2.9488689772243206
-3.124410473450905
3.074689993579972
2.95625034818084
-2.8885481272154685
-3.005330460248502
-3.0065306082981946
-2.9008162058270157
2.6588304585710354
2.2238387446191146
2.3033082027055016
2.1691739367843557
2.4817306725803827
2.1984237572218714
2.2960452583535966
2.3085021405475703
2.483128307763929
2.4590807918312527
2.5601788486610064
2.586658230046794
2.5642447524314274
2.5342841181694915
2.4375835048271544
2.387121379370025
2.486437553486521
2.559292472517957
2.556685759679739
2.641303207772471
2.644959482665295
3.07602819608574
2.5563247728413545
2.7452706691737463
2.943211254780714
2.791617897924756
2.7346420844961417
2.785009579512479
3.0125880139297823
3.1216569258159113
3.0127898697197244
2.9853586445617197
3.04243032440055
3.0046582746184893
3.0254076153262357
-3.123847988280808
-2.8871520626124356
-2.9839992770596813
-3.0279222264664734
-2.6757083526015384
-2.4800599228024507
-2.3728005080760783
-2.293552765003587
-2.6183288548436883
2.994734537771755
2.7743463644368997
2.353420965384378
1.3553329631704893
1.697470383353807
1.3604088517699235
1.4966294621556937
1.66917426808284
1.8790350923282242
1.2643171707618344
1.4580636410467844
1.3807880989960786
1.62525510858245
1.5785846638601209
1.5309579359450598
1.1965361950577165
1.0799125438700576
0.2037936027928562
-0.005941883253522379
0.06361448840685588
-0.5084539394524963
0.0341131398441599
0.10988994448724469
0.5892866003294577
0.27958189406538114
-0.0039780905394724625
0.36337226599783556
0.3132438212286667
0.7678674592234827
0.5158103198977789
0.6131261158776998
0.6726998574439105
0.8930902876034152
0.7112249178319308
0.6643299382043835
0.694725356456773
0.8240256408343539
0.743040085156135
0.6409340517570565
0.4735280636059554
0.48847722809771177
0.18006091822559558
0.9323228779571329
0.6399203793895336
0.8853843518508393
0.7370616699078363
0.7159416546001702
0.42888964472219054
0.2831427202161449
-0.05155563319480003
0.1106232734005532
0.11913163278193636
0.22423203493951477
0.48567113955059943
0.7892749083392249
0.8912845775892053
0.8231636554582755
0.7934743392632764
0.7305108865161285
0.5338666609375563
0.260970618550139
0.3237931688730044
0.7091879272804096
0.7654247080174771
0.6681003033572263
1.112449469061375
1.0474564741090708
1.094359194309051
1.079746328524082
0.7252848995338251
0.7909483480747836
0.6641843928920703
1.0818426415666509
0.4817289351051295
1.1448261326984657
1.6002518365477603
1.4389181827659625
0.871115326987543
1.9854174830012254
2.0011361525724496
0.6383797189472323
2.1657297382007665
2.681273780104207
2.5948747780573718
2.831651501584164
2.0452670338649783
1.8339807269360187
1.5381922798572858
2.1657650784288323
2.014965918720103
2.192240621884241
2.032485564313158
1.9611586589255008
2.3638488174074626
-1.5732103935287085
0.5002271319999992
-0.9132246458701349
1.1454588734857372
-0.17914424608028467
0.961796932891804
0.1885537555369512
-1.3050407446489507
-1.320429205243333
-1.3578552625161668
-1.4934102899296664
-1.240026969663986
-1.4754128230580315
-1.1383299517767673
-1.065080331413189
-0.8055320575904188
-0.7539941582915062
-1.2153976567210478
-1.2384695875428853
-1.3872098782788937
-1.476810235968302
-1.6832601413111108
-1.5659407742587752
-1.60935155719504
-1.4961982298644174
-1.1334407016283663
-1.297267323687254
-0.982160318611917
-0.9439634021603702
-0.685965115551778
-0.8684287686058728
-0.5152187113764034
-1.0364020190586396
-1.0325107069392154
-0.7621042329722159
-0.562465048513967
-0.24766845688972733
-0.7477082148206122
-0.635163038641683
-0.6903922320451616
-0.4346025321470387
-0.7765762843951948
-0.25203190659119634
-0.5438115264402783
-0.7526728748326862
-0.4840218551707381
-0.06655490258753267
-0.02337927583587373
0.1610612893832475
0.18716453778804662
0.1286002421732787
0.9611329586321599
1.1834372225986727
0.3704832540706384
-0.12385381658991018
0.3905267663391899
-0.3000320086602927
-0.7607403786919652
-0.7147680351804208
-0.4968411043600539
-0.10717833439616471
-0.1327300882223594
-0.256674861413862
0.57259554615941
0.21326582106808437
0.23543133977159061
1.0088369982150802
0.8997725951491092
0.6061034583291989
0.7307329811849894
0.5779756577745314
-0.33637305703832315
-0.9371312377952732
0.9791458794791671
1.0838719288752003
-0.22995502533529352
-0.954103296314891
-1.099329637025132
-0.6433844375603522
-1.4374423730946042
2.608028240397603
2.3108915483224304
2.529240060542004
1.7051334428028453
1.6579703028232613
1.8980873926779864
2.1250808070990956
2.699618238957471
-2.9625742634304006
-2.206583126842575
-2.520281002761643
-2.7755737478829374
2.988384188610307
2.170336832935809
1.8900746796660135
1.791877515767759
1.7451731298811
1.7945164863859
2.219167416211156
2.412101987812491
2.2540175622161347
2.323454978835196
2.5080755360098843
2.2421314032529227
2.3256411908989754
2.4226535253383967
2.3281562877111526
2.4462258514888306
2.2693147657833874
2.4164203162061413
2.1975675681356543
2.2972472409565583
2.587195172848839
2.6209117051128703
2.7766006801064544
2.9523702189710357
2.7422562161504165
2.772057735920061
2.7888165359741466
2.526140251393128
2.206063177573445
2.2832817284356013
2.135949214214367
2.4400957832325028
2.2925694341773304
2.3945719989325207
2.36234408712929
2.3305090541910953
2.165346977606587
2.1149334128929294
2.0173306900817947
2.2300344877638496
2.2336189955928685
2.380447191482806
2.257578973188329
2.455193784698247
2.415062634672254
2.2607183024293827
2.3699325594729386
2.279416538536717
2.3624279347030726
3.0715669373950965
2.7033462005376707
2.3842364135449263
2.454302970921499
2.3545447731216167
2.7555435156185264
2.498822691135886
2.2516609565730543
2.303093515029904
2.5345719105083524
2.6959958844639216
3.0566530691157565
3.0129152123845118
3.032510345228093
-2.52513894009767
2.656532114354189
-3.12415059945879
-3.105089747366895
3.135407773061014
3.023164287972276
-2.9582769934855095
-2.7257903840000166
-2.8032348158792444
-3.0064613449422355
-2.686922181293522
-2.3357855508796064
-2.4525419395328827
-2.7628635413279015
-2.373217491312315
-2.8694339097821504
-2.0195420007097735
-2.0925074443584655
-2.2694129568860784
1.4928469267294993
0.04108954996118672
1.5661931116029804
-0.40751720585419876
2.772504148415741
2.6646886011221733
-1.712571378982163
-1.6773850805327422
-0.821921040460578
-1.6330424630393074
-1.5607709392879439
-0.6670271127345021
-1.3443275578508105
-1.4151667725333963
-0.7575091241673807
-0.9197175421377689
-0.09020734941121407
-0.7449080480854332
-0.13909664035518324
-0.12162014843050807
-0.39189231418563075
-0.7565229255679142
-0.9059893029210051
-0.7825581080235323
-0.881858695674355
-0.8172710699705998
-0.712898064219223
-0.516829408403781
-0.474942728327964
-0.6518416008933006
-0.575679777859214
-0.6804759008820522
-0.8045783638124665
-0.40801379343351246
-0.48893948774827156
-0.3307469674606992
-0.3476419076897907
-0.3853069016114193
-0.7134002808140626
-0.8516590650414475
-0.9270091961838516
-0.896630699518432
-0.76561596104013
-0.5604983739876729
-0.4594253815874178
-0.24178114613239682
-0.36576931433346876
-0.5242575263482631
-0.8284812761527386
-0.8991798823337548
-0.8182025880917989
-0.9185224868208526
-0.8618547038604023
-0.92633138297992
-0.34016412729526224
-0.659313957188383
-0.5913757505942634
-0.6137926030406882
-0.7763782337970649
-0.9626395353549497
-0.23265186486603937
-0.6634330839181436
-0.7605934848631429
-0.34038423712346555
-0.3557498741490801
-0.3111233757546632
-0.5045829792527272
-0.15016607016786548
-0.4703757036209163
0.24505795431144203
0.304562837490809
0.42143105717758694
0.42627835401730435
0.4472224194231941
0.3382136603284366
0.2863254330341682
0.05150434402366428
0.8053293378098959
0.19714850700680858
0.3154436930909978
0.6728395375245685
0.4885101872699264
0.396803642852903
0.5925626354423357
0.5179636672764184
0.9219029955676611
0.42602235605142724
0.550777377961685
0.8846252012112191
0.41355215097853304
0.1423014517666839
-0.09197212830024845
-0.054036927551697575
1.2429517878096565
0.6110945103550723
1.0124841630629562
1.110638090118757
0.6566508645702861
0.9390046665295767
1.027011426212403
0.6514461992389164
0.6534579566400364
0.5408700500391646
0.48058022994122457
-0.7447581070642482
0.8035924031495674
-0.028795975718253566
1.0479826057892045
0.8814514210768069
0.8398307133729157
0.671213153832838
0.44283454130523775
0.36123766133532936
0.9750528235663016
1.0489773250900274
1.9191178054370919
2.3306365528741444
1.4370960093596292
2.2707040045331377
1.8673366663821342
1.989208019003408
1.924702825377913
2.6666858646828264
1.0217069479692096
2.8725644556222427
3.1123217499586544
-2.5391886662382146
-2.97639525036732
-2.700772530409332
-2.621368199306942
-2.6208827588969386
-2.84632580734376
-3.0401638626196386
3.0988340984647302
2.742743181205983
-2.827168787076707
-2.4245714196691717
-2.912260901107038
-2.2999071124161166
-2.0019202895529555
-1.4675385560063452
-1.925323935701456
-2.1789039766476486
-2.25202826964624
-2.4830846255011
-3.0553889788623905
-2.705787249661779
-2.520785360574612
-2.342025923814329
-2.4004570503483458
-2.2035297446173012
-2.087315471510318
-1.5255304867016435
-2.207561018995165
-2.5253873457364064
-2.8246043740437288
-2.950999190005691
-2.6218352884377154
-2.6173702871543
-2.1834521021129074
-2.2171077628938134
-2.1473207696514667
-1.8065694913650383
-1.935214254120506
-2.0925060772149324
-1.9506899473820494
-2.189968274673749
-2.1352488702767123
-2.152014788616743
-2.4095619462348092
-2.2072995928708643
-2.0706568928902693
2.6847481226436956
2.628480994029156
2.2304555676427613
2.5569667423258013
2.277992253527132
2.1256350383351763
3.115660648481582
3.1310264281816123
-2.616010561298497
-2.8278748251770627
-2.4615342074767352
-2.2759862741219683
2.712464631858954
-2.01002192110756
-2.0452992345618597
-2.209356726451819
-2.3192464648709166
1.8784485039069108
2.4576285438016607
2.55605702730321
2.50508442192509
2.04309676561369
1.7329212642249778
1.5799775347901213
1.3904191524056542
1.2869288525592957
-1.1208746454421363
1.3144519308253235
1.6868949633003052
1.827157761357028
2.017887896438028
1.4888170698795438
1.4275479207888173
1.6854694168243387
1.4503183819009888
1.5146423118955121
1.7692609663892802
1.589679529449385
1.6638302391825717
1.8682868095736804
1.9249987438441885
1.9480047954557664
1.9355166908594321
1.2594120531572721
1.6320687316192959
2.3540509749369662
-2.5452465587009416
1.4310298039907157
1.4514291601625233
1.5766324296776288
1.5262368437186142
1.2096610434070614
0.29921979642074703
0.8793969673650991
0.857499719759386
-0.6023735592564765
0.4445086911858634
0.704705461256309
0.4664977004941366
0.54506550119022
0.7279287317842619
0.5469119910898941
0.6305758675033832
0.3881944735910155
0.2951327474787843
0.2908438724961606
0.3011425692123447
0.5523987146962226
0.598177971303275
0.59888617157388
0.7036736039663953
0.534163506713068
0.3932303946074036
0.3425353590637416
0.24455731113292603
0.30522693428383485
0.5883370480676433
0.6892074121744127
0.6441405540908162
0.6422397096248453
0.5317165932636966
0.6399657444539255
0.6380855355157293
0.5363281840702759
0.45920796947890447
0.5796963901946168
0.3918654632603866
0.4290851237938003
0.37787319664181046
0.1267538950968143
0.38993834564736524
-0.07284755850710907
-0.1959671856081907
-0.18255722290202864
0.029533112143624266
0.19747345587991932
0.46334961183243856
0.5066769118235371
0.2326439776683706
0.10229631786780459
-0.12226858568453891
-0.14441313744263604
-0.37664244867833013
-0.23839662152840335
-0.2768518238300264
0.4440669961920418
0.7119040727005242
0.1716010832570643
-0.30125158043513817
0.362334088564868
-0.22843567121613348
-0.17230747686888168
-0.31831115786548025
0.2971227568858726
-0.707128025175484
-0.6779435109476991
-1.0234367746099702
-0.9265949096758976
-0.72648450296955
-1.1677570615773232
-1.196512355457472
-1.072282158882149
-0.5303539304935267
-0.7565294256501699
-0.3657495532430913
-0.2718422502883841
-1.065196848594903
-1.1445123063077793
-1.8110697279867545
-0.20348753517733056
-0.3073811011813679
-0.5816183261023097
-0.6227569889303793
-0.18887238119786992
-0.01782776368275715
-0.635732111744233
-0.5388368723840371
-0.6284789014840574
-0.6034489404460599
-0.11011128903230481
-0.2771017098922174
0.34970999616253834
-0.6750488148924649
0.025354193694737584
-0.48296840326468315
-0.3206011696453725
-0.956377136168334
-0.8452702637901505
-0.8829981350061891
-1.132816507875686
-0.42966814678664134
-0.2978265997036068
-0.2592178018012873
-0.11756206907436753
0.27166572054560045
-0.009098758557701345
-0.3056472348544134
0.6833722293840828
-0.5369931105891691
0.35897587703565237
-0.47854110151655915
0.5221476800091326
-0.1478587601795317
-0.5427490209511535
1.472022230734442
1.362450883764469
1.6045971133997867
1.9161313717826782
1.619729640230847
-1.959706916056352
-1.9771136287934665
-2.2595020545351825
-2.2093178054905867
-2.4924198511792595
2.3260598642637142
2.096415773801742
-1.8960486726095553
-2.408561728653566
-2.068626550606549
-2.482770998574928
-2.5417249908331163
-2.541869954565928
-2.6273200321384733
-2.123702182641893
-1.8664920656846529
-2.463083013571077
-2.910707704029177
2.6409548277509733
2.383371079437479
2.402010553524691
2.872465473397407
3.0928249186629695
2.9701755734701716
2.9917608832438973
-2.738855949135127
-2.573198571655042
-2.652230176357457
-2.388880539119699
-2.8610437244054387
-3.07595527209673
3.1017970610703296
3.0362863541353398
3.022785874894086
3.0909919010985374
2.924647630376936
-3.0895224333000564
-2.9844964545735535
-3.125800613286931
2.9501138104658993
2.9727423166781612
2.845219882545608
2.8690738588761393
2.79335727298807
2.6777923621282302
2.634058714894329
2.65329500148993
2.7222657181868026
2.570236758852785
2.859260659219342
2.9230029545663023
2.68578185245062
2.5979120206309503
2.7742562468528864
2.890721957159239
3.122584648948022
2.658968070638039
2.917843535291902
2.7583586489399776
2.534644102930917
2.1230622349352544
2.3576532237628
2.1731551810095935
2.2211955603426694
2.2324066707192185
2.45543045314242
2.5562653187710365
2.948841882889637
2.4470956484462385
-3.115536509997972
2.443487579893293
1.4861514882259743
2.6505897039719617
1.8660782400539826
1.7072158058500624
1.4487150274923375
1.2064081779777407
1.2540719099924151
1.0187283206685553
0.9861559403423263
0.21567116500862094
0.04644513591046413
0.6573859275366155
0.49404174253003347
0.09313334695512022
0.3759554710336247
0.36431447879905937
0.6525997950915085
0.2953467926894548
0.23325777434707765
0.4405075628115066
0.18056317491626875
-0.23047137517109964
0.18135409314512121
0.2783050454127541
0.09974429940030043
-0.21555377330980183
-0.43832598494393993
-0.6260913108581441
-0.8533654663720431
-0.5453557320169897
-0.6321027365472284
-0.8230121021348531
-0.6078800009383802
-0.7389103177202964
-0.36816514322665667
-0.6962443963411049
-0.6646111260502192
-0.7279956507782958
-0.8333974835175417
-0.8073705334843237
-0.7904555766694641
-0.7120553897939723
-0.7637543799541284
-0.8973571545492314
-0.8544447946416789
-0.9665817339894612
-0.770770172829504
-1.135328745986789
-1.1703222811488847
-1.088054125960383
-0.9276159705689605
-0.9926414868783677
-1.0312547514973858
-0.7084910919709896
-1.0670561508795575
-0.880886067505211
-1.2598977134410496
-1.1933476901266273
-1.2766823434211116
-0.8819028697306186
-0.5530046845801144
-0.6395199540776372
-0.9010148776491
-0.595548272534915
-1.0095044650348468
-0.7660100293222278
-0.9596523975612938
-0.8199279372639975
-0.6666704206353912
-0.9586148506063871
-0.8524958009346093
-0.7762401956348474
-1.2780918224359659
-1.08152511470322
-1.155949520351214
-0.8462265549444266
-0.6501819410721998
-0.3911150587780954
-0.34771704641671763
-0.3674860970770163
-0.840050830637933
-0.8329587258564389
-1.0018476316253584
-0.45007430769082685
-0.5417568136901609
-0.7819164182924013
-0.8518358482783728
-0.7869529892592664
-1.0164058152911863
-0.8407587679469516
-0.5496040425472923
-0.1424554728514529
-0.5984720942558424
-0.44540200727920753
-0.12474080863608171
-0.400628973194959
0.2729590296982371
-0.7617462744448275
-0.4515870496161353
-2.3189986308942023
-0.32376466706967955
0.21447522294081448
-0.028338218143285153
-0.2819968850293914
-0.18076335605023142
0.03576907540976939
-0.6791652972803548
2.601735470976942
-0.5513988279109927
-2.7106952504105895
-0.47223326785285163
-0.3322293578827203
-0.3861776887346008
-0.39856979985018437
-0.8373175652996341
-0.18038592901307093
-0.5932696860459425
-0.6443894387329593
0.06490927205826486
0.014457262779512342
0.47785967997547174
0.01661337106676613
-0.5482504422418664
0.05815954338089349
-0.195923603935626
-0.4637990233184164
-0.38197795233389154
-0.24638129028611555
-0.827479783877197
0.17686373547692544
-0.24061250579132004
-0.23178907921678846
0.08124245827365054
-0.09748103634207278
-0.310263927938644
-0.19780235678779767
-0.020484227273999824
-0.15241243180644068
-0.29005032475043635
-0.3501024938372053
-0.4713667018872674
-0.6427601151521279
-0.07502212524088833
-0.2633839398877032
-0.23568067697925274
-0.2267399702189019
-0.5207859000592542
-0.1509453531519702
-0.9107759282720866
-0.07165801320565515
-0.3820141848990332
-0.5114081444213249
-0.23178907921678846
-0.6363374953867986
-0.22860982822341777
-0.22284644491036978
-0.03002780730132879
-0.10386454376361082
-0.0773459277639024
-0.3223651313480467
-0.21228198002044144
0.044957065521992155
-0.32844450421708365
-0.06706272737830178
-0.2109716797119217
-0.18038592901306985
-0.3223651313480467
