0.005175077477491872
0.005313277641773211
0.0056286238069777955
0.006171554772098424
0.0065187185979953145
0.0067955691268626935
0.007347773452550091
0.008297496620163719
0.008433145536449265
0.009108409400476015
0.009411837286527924
0.009293882933925789
0.008776606491438018
0.008444511450953488
0.0074927211760252325
0.006933912765612875
0.006470392029317035
0.006031051502936802
0.005696840785787678
0.005617168368798019
0.005668815546411515
0.005702571096051915
0.005807969639430614
0.005767839271308571
0.005539008345829112
0.005431452191968818
0.005450934605974597
0.005441239768443945
0.00548762657825443
0.005357583559267176
0.005381792673328425
0.0052509963904533285
0.005263202882256906
0.005020740815173226
0.005028035067955243
0.005002235545277535
0.004903544105157302
0.004907469705318144
0.005125748622135233
0.00515196628226329
0.0052188829278854085
0.0052603247807084825
0.005418031778645376
0.005479413795572938
0.005867714869131651
0.00610673890513749
0.006468680158815741
0.006712421945764509
0.006850117530665126
0.006854796449408893
0.006857850535574024
0.006495556444527968
0.006307190162789212
0.006084239283468925
0.005901177878263027
0.005745602666745735
0.005573385012891859
0.005405356269411093
0.00541554869509241
0.005148941072202809
0.004702926198873239
0.004473386846354058
0.004235092278900321
0.00378603706781476
0.0036933563551705038
0.0035880260209974887
0.003661813795340295
0.0038506088672818446
0.003939495682283131
0.004022892089146209
0.004286752539289796
0.0044149672056636065
0.004548277916593843
0.004732859707864637
0.004801129253561296
0.004823779502925632
0.004958200648862181
0.005206516931329572
0.005294528595628871
0.005542993621535698
0.005626524842903331
0.0056087836879752506
0.005670997147056941
0.005829989565717701
0.0058971434379899495
0.005764390734106425
0.005658157551933238
0.005631185762465384
0.005569989246432232
0.005638231182471701
0.0056001015627285735
0.005613052778482492
0.005511795233476297
0.005230296478896281
0.004902449570599357
0.004667408143683017
0.0040805948161341445
0.003865732911251881
0.0037636379947763067
0.0036165739885186906
0.0035664402088680528
0.003342860079931996
0.003211344438860334
0.0028976497931631003
0.002478537335630704
0.0024833852912335996
0.0024721916293293
0.002519903146602252
0.0025716711026231008
0.002773452698314442
0.002852745988672801
0.0029172993557321177
0.0029285360153804745
0.0028769108293928555
0.0029338920994674226
0.0027721275795175087
0.0027134606840462146
0.0027524395796270505
0.002852742028065158
0.0029101296621441503
0.002954501481412431
0.0029552468307764415
0.0028182968868901313
0.0027428681238526823
0.002715403667635166
0.0026850689961347416
0.002646164187405632
0.0026192379672254594
0.002712388503003279
0.002736126892422049
0.0028523907431477888
0.002880308890400048
0.0028697810073503244
0.0028513940319951922
0.0027602277663833752
0.002668033575096003
0.002569681989001605
0.0024487075572623166
0.002190663846010774
0.002142380816315453
0.0020799268743108236
0.0021149628427719266
0.0021499122048977554
0.002076676299806413
0.0020317991378704684
0.0019726531153245437
0.0018973166397126776
0.0019282682574728147
0.0018848475299673769
0.0018993093646563221
0.0018608849328700082
0.001894847657523876
0.0019333620495849545
0.002013414144801727
0.002048082835214117
0.0021047879089363367
0.0021905105100124425
0.0023293752943300376
0.0024718955155042708
0.002551352361357884
0.0025887694059745494
0.002649145109528221
0.0025656352256198875
0.002612353834879981
0.002612267749807738
0.002758227666731738
0.0029034931903162047
0.0031245907263594682
0.0034083651668577824
0.0037440266399635437
0.004054207112622403
0.003933276058610156
0.004049748349085522
0.004125089496815568
0.004245855516760198
0.004257764355410242
0.00441297963556854
0.004563467996286691
0.004753012205779517
0.005142104949214011
0.00539190070695401
0.005778058322337843
0.006079329203430628
0.006403295489159388
0.006684940169692467
0.006945536262934112
0.007289013077358337
0.0076441427068426925
0.007987669334853596
0.008448758777721912
0.008923559509485635
0.009546227430130722
0.01007329241282432
0.010618121703796238
0.011158798799875833
0.011551537935587053
0.011771835095960269
0.012016510510348372
0.012440319608434643
0.012770527455203698
0.013262076015614046
0.013848279113044667
0.014457092905638274
0.01524021565737819
0.015826513586907273
0.01649747377378597
0.01702449631987895
0.017250589852204685
0.017656541467523285
0.017892870338754228
0.018413832653960717
0.018846744865074004
0.019382962726930714
0.020207408582184894
0.020857021593164535
0.021621483703391127
0.022311040812973797
0.022935250390157213
0.02329261330247185
0.023622211384573284
0.02395345767481969
0.024443224948796066
0.025046745255287755
0.02581781156914583
0.026533141083437906
0.027563721248569817
0.02850783918045536
0.029493862513000603
0.030508613918147715
0.031227385509386602
0.03200712546793273
0.03272310048819042
0.033173145266621164
0.03369869430197884
0.03423036016018556
0.034902583408939175
0.03575949317374407
0.03694054677481033
0.03789682107668911
0.03893935905755309
0.03992097278917611
0.041004949854312425
0.041936791697754904
0.04300013560526984
0.04417981032858302
0.04518996053920381
0.04623721037265574
0.04732679433949769
0.0486814603351647
0.04976595530903305
0.05096695713217023
0.052029822216367635
0.05316120185869988
0.05415118469510517
0.05527254885399121
0.05627912236277469
0.05756396135371768
0.05869304663257223
0.060087943110650056
0.06164937180834999
0.0629216963638031
0.0642404122556629
0.06535278122563166
0.0668725556135516
0.0680279900873802
0.06947087854238929
0.001193661082426081
0.001223150514607951
0.0012005410230923384
0.0012304350862415588
0.0012631469400484119
0.0015468656644217272
0.0019000683859001217
0.0022308463171486406
0.0026079177553911836
0.003091455595532098
0.003540304701361162
0.004109044509958302
0.004699022449350963
0.005432588922562298
0.006325328389714389
0.007238780609287267
0.008293459400800163
0.009398604984519762
0.010400135142870668
0.01151530434636908
0.012690112850131774
0.013760680810864947
0.014897075741575266
0.01623844151954166
0.01760349569098272
0.019085889633593388
0.02072617566075059
0.022445728759640446
0.02412127463685695
0.025963305627951606
0.028191957813282126
0.030282550651090135
0.03231561461733183
0.034321858823547456
0.036295879479083706
0.038391519011745256
0.04047443598847693
0.04277521803102997
0.04507385819149528
0.0473848310044606
0.049975095016283444
0.05233499024768801
0.05482833935865903
0.057325941983335404
0.059877146948893824
0.06231172255845317
0.06487799176561464
0.06760654783381473
0.07033938014835676
0.07335007397472566
0.07637407001657781
0.0798445840312952
0.08315284652963699
0.08678196313654553
0.09027759082402342
0.09378482685000343
0.09712340212562406
0.10043487952837593
0.1036382938625146
0.1068869290666045
0.11042260988551675
0.11397963581823004
0.11787847988703126
0.12182064991688324
0.12618106959628486
0.13063852140792087
0.13484021637506258
0.1393640356960092
0.14371086210524497
0.148316732701612
0.15252043079689465
0.15692287687311973
0.16106185467098263
0.16603033158581276
0.170955313036456
0.17547234889093768
0.1799092081230578
0.18450922811488638
0.18894896472851438
0.19334322848796656
0.19817016651397856
0.2029566411813155
0.20878216070193836
0.2146216449555362
0.22072936863792997
0.22781532758842227
0.23433895583603706
0.24010065579983517
0.24624652322847607
0.2523681454134454
0.2572259723536995
0.26316770186913074
0.2683536298159601
0.2745963083921305
0.280550234422959
0.28770928240178717
0.2950388703255908
0.30150711399533386
0.30878806230963163
0.3156497531998968
0.32171456880803995
0.3287418815905588
0.33529237227000963
0.3434642312514215
0.3511544304484467
0.35805210696341705
0.3639008154650464
0.36882130828146725
0.3742381610803882
0.37861164138993475
0.38434676829782677
0.3909251120931295
0.3976493177102242
0.40402754000525726
0.4107897344717893
0.41679057238225103
0.4214011976071309
0.4253695633284031
0.4304567864999619
0.4323487614816379
0.4360799572140016
0.4418686387856785
0.44665534253685857
0.4517623314385878
0.4578685980237339
0.463262446892535
0.46877178732246383
0.47373175260569117
0.4777782110089534
0.48385322328993574
0.48844812348191124
0.4939607452804222
0.5004692201288709
0.5057529266466279
0.5121531631605933
0.5191932939630162
0.5261224949709138
0.5334090711653094
0.5399533596216174
0.5468041053398564
0.5535651958934193
0.5596073856394381
0.5672751099084069
0.5751432023947269
0.5828041110392564
0.5915015127847194
0.5999512038510411
0.6081006014294659
0.6158473035988582
0.6243196160956463
0.6327898158782643
0.6404599600653836
0.6489962273142085
0.6573477888016575
0.6658842027445749
0.6739082054460008
0.682066932317437
0.690820247799791
0.6994333300216768
0.7082820768315383
0.7169270675452564
0.7262360819066684
0.7350556572347704
0.7439715417830103
0.752519797968761
0.7608537201825933
0.7689101985528917
0.7770520375314977
0.7851295258653934
0.7930462439612489
0.8011796296338403
0.8091659862034752
0.8172331492236917
0.8257567342510643
0.833390536350687
0.8415418033972836
0.8508084695341269
0.8600368474656586
0.8692966971323426
0.8786091735191999
0.8877417260908267
0.8974301058378652
0.9073529287454617
0.917725042561204
0.9276069688702039
0.9380632512799219
0.9489963776445303
0.9602754827157712
0.9710917571122704
0.9824895891946239
0.99343152385385
1.0058965120467191
1.0175572428533726
1.0288256848643618
1.0413800072786592
1.0532315261915923
1.064184778285656
1.0757334032827122
1.0872758554695292
1.0992885937276704
1.1113788702521858
1.1238232026064119
1.1358916154412761
1.1484748811392904
1.1607766946424056
1.1736101864640942
0.0025775323811996266
0.0024971723706222566
0.09169191963458098
0.41546489323629565
0.9399797301234072
1.6627443978635168
2.5855509659994533
3.7088495754761026
5.0348066083583385
6.560212964082574
8.289263709604601
10.219169097893865
12.351894946502673
14.686162827445614
17.22153672842159
19.959918837067004
22.900027183932206
26.045589581082755
29.39147793078677
32.94545923593064
36.69913620667835
0.004163157034675594
0.00439402645101411
3.406521372019742
12.697216459235158
27.75557155232365
48.61268185618164
0.005385838258287029
4.917520968398252
0.005294610553311815
0.444604409198737
0.893121240349843
0.005584191818768257
0.00581801746308859
0.11734536404125007
0.42820269139469014
0.006606568546811987
0.006800240502014292
0.007040851941006078
0.007095861003441041
0.008120141672766807
0.008163502777955977
0.008308284081022858
0.008832916417976195
0.009320919516008335
0.00957815460051602
0.009982514376213763
0.01043599385032502
0.010646975325514372
0.010960779865682438
0.011114197155886888
0.01109933443968416
0.010820444224537883
0.010539788187558009
0.010239926502642872
0.010014603282519545
0.009993473823427437
0.009888193561578665
0.01032429230598427
0.010387456371199255
0.010999308058021209
0.010526102978983404
0.010361182913981406
0.009769446825787115
0.00904559900824638
0.008925437569263636
0.008707784988701124
0.008475528446284979
0.008364868083325617
0.008112571073801127
0.007877551758212573
0.007629364942076779
0.0076402033788017755
0.007508311993930315
0.007804561649312558
0.008091655777967485
0.008539312386353571
0.009076224308964516
0.009605346656857864
0.010316665274213717
0.010781368429775102
0.010980174262235966
0.011390334327881576
0.011954152521245934
0.012254760899477687
0.013612235680048834
0.014515128835065876
0.01494652689038788
0.015882823500252836
0.016184191526224707
0.01607536636752609
0.01560323920986651
0.01501810412965933
0.014599717749133611
0.014307749995240227
0.013981198719270985
0.013940036309293436
0.01390750752008241
0.011255389404035181
0.011363984128191614
0.011118944470942051
0.011132909351854483
0.011259631689709382
0.011417997063329311
0.011342363320381951
0.011885801410462018
0.012266169461331237
0.012453975807587905
0.012361622701587633
0.011934679579385663
0.011688017319913048
0.010614630980945625
0.009721622151566637
0.008854031666415057
0.008472677558434633
0.007702931286469551
0.006863689524442468
0.0062703135656187155
0.00587371993441764
0.005064220067706199
0.004363857207372093
0.003988080848020974
0.0037760722726734794
0.003383454981724874
0.0030810044604655815
0.0028402408146028864
0.0024378919860504385
0.0022829866537268434
0.001710641285956594
0.0023357699405635647
0.0019860957567575228
0.0022839161542546173
0.0025382755630046425
0.002971744134169942
0.0033376387789919365
0.003784963976770648
0.0039811091764452525
0.004488695985956083
0.004988608246296303
0.005430327844449873
0.006062403908992832
0.006603048390731779
0.0071446928884365294
0.002892682918108614
0.0026335716955324454
0.0029550171806051757
0.003626171426969465
0.004590737626283432
0.0064675901817561054
0.009668730791879115
0.015087918339493408
0.022592163778199524
0.03205363279920329
0.04399420143800544
0.058862501031498794
0.07585746673451135
0.09486417936824229
0.11573396959486533
0.13919901375417462
0.16406188728011595
0.19290850119417874
0.22266771813748037
0.25385902814841776
0.28740521037109945
0.3225989636684454
0.3594625187793497
0.39841780603040855
0.43869454600341096
0.4802854105583229
0.52472049698409
0.5704498166593922
0.6189953306846341
0.6703213004363472
0.7214930999224516
0.7726502526884425
0.8261390652402205
0.8801662819104396
0.9354684909160251
0.9922806400604554
1.0523143864655493
1.1143875621792776
1.1797045254581133
0.013807216359104929
0.1512438701740027
0.8507585248007242
0.0141501932143288
0.014088756315204601
0.014212991828187665
0.014372799655003548
0.014610111648281196
0.015041940519919772
0.015438949019353155
0.015638435702212433
0.01604392678244423
0.016153598913280158
0.016497585297373926
0.01616144809564344
0.01578609293462664
0.015563179512350311
0.015435295717202969
0.01541533344991996
0.015358686239915455
0.015387112009769683
0.015266044075575441
0.014975302522858858
0.015060754388973693
0.014851094182190789
0.014729307245502764
0.014157807758794803
0.013210862383418653
0.01297731343624963
0.012680435076701895
0.012012692573339947
0.011770115169594692
0.011456095626458588
0.011199442258359749
0.011110147604439683
0.010963580972267751
0.01075748521230108
0.010663514887310302
0.010643492607772611
0.010686088453313794
0.010826043496479629
0.010572540337030855
0.010648480903557574
0.010739301889979722
0.010576020749043017
0.010486218285903421
0.010001849150266025
0.009624139867488569
0.009725894290429327
0.009638625034890807
0.010023871005749632
0.010130809307534933
0.010398784426778693
0.010457695320189583
0.010055214118285916
0.009741485835632087
0.009312118137811597
0.008741107636416771
0.008471911390642019
0.008066615690224616
0.007795661274006693
0.007505461903323215
0.007393771801127774
0.007229885263033639
0.007005342402824093
0.006737785077653368
0.006674795165489253
0.006087104046632485
0.006050512507478554
0.005840376119408951
0.005754991478934416
0.005849939177772571
0.0060098297552617
0.006266939518392234
0.0066126229333253435
0.00707128064521866
0.007223422510585525
0.007344252342685006
0.007313629806204526
0.00725640792649152
0.007322065002413945
0.007316987712920999
0.007510418087543389
0.007939556825552186
0.008243695905548612
0.00832587209853396
0.007988441875923643
0.007814168384398284
0.007428358129464166
0.007381376952248402
0.007306036395435214
0.007264472795027338
0.007347492444325893
0.007274866017098476
0.007064760270589032
0.0066852625373840305
0.006726989494925388
0.006770553228445958
0.006775983215120504
0.007207127505641983
0.007519725597734436
0.007573939414102742
0.007333890353927408
0.007170060198821204
0.006762540397499159
0.006312438960133041
0.0061085247732957995
0.005735319536766816
0.005704158424790334
0.005762409022109113
0.00582924888532029
0.006013889630260895
0.005862173919569031
0.005634184667179014
0.005484296956837072
0.005483218074507044
0.005427497287586946
0.0054209103192027165
0.005559277549620234
0.0056682345062417094
0.00579869116402483
0.00590566966070422
0.005924217703649179
0.006086859276619935
0.006167774254991111
0.0062231377808813675
0.0062746588649446764
0.006210832514102785
0.006357457834350935
0.006436885226580202
0.006854640179430713
0.007058100372860167
0.007539217868385299
0.007939326931637083
0.008332143298556466
0.00866643314589315
0.008967161436672243
0.009088567555114868
0.009169794192038044
0.00919221639594212
0.009394040424543993
0.009393386792676301
0.00953071307560074
0.009827567149490391
0.009831876559661034
0.010271998288293732
0.010471341782196662
0.010875415778134844
0.011479922619917876
0.011860682077492208
0.012241493636248161
0.012688303086654118
0.012929939083519618
0.0133187240620702
0.01258773694230945
0.012839873619322381
0.013360701694636174
0.013686109992079209
0.01435271279441334
0.014928469205524042
0.015299808751332519
0.015597565912778217
0.01590316366475255
0.016399819802482833
0.016606680366776365
0.01699385749507729
0.01761948893941833
0.018239037234659465
0.019213155426531497
0.02056356025454903
0.021657282696654914
0.02314175363127957
0.024263036752484986
0.02609443415478651
0.027053625197837113
0.027990251967332135
0.02907838405106139
0.02997838773271409
0.0315565184486948
0.03299324942902435
0.034632102669302056
0.03582500200657067
0.0374361363789133
0.03888188091651114
0.04000129019525682
0.04077888180547751
0.04138013510236309
0.04213217036062765
0.04261767709080434
0.04351737032908768
0.04417701327253378
0.045298071625513324
0.0465661290100798
0.04795734765851045
0.04948025861390819
0.05082379232488354
0.05209644411521961
0.053506813682220454
0.05463279864010612
0.055790733921330306
0.05654909179795968
0.0576592579876397
0.05843834832855329
0.059507025551671464
0.060924191970011254
0.06210930956470223
0.06384484459922829
0.06542975156865691
0.06673536409947187
0.0682168106205821
0.06967370707477753
0.07091381025301505
0.07933543927070771
0.005225796823309514
0.0049240139234699234
0.004599135562241371
0.004386896477391389
0.003894481520346921
0.00354077761635332
0.003322976187232858
0.0032423190154294143
0.0032098542153062314
0.0031693106866365465
0.00316658510786983
0.003139241553353416
0.00314451608287705
0.00304522646179193
0.0030535615326732
0.002998978786854428
0.0028685632493146464
0.0028690948923911315
0.002707929386226557
0.0025986326547014355
0.0024089269197491046
0.0023924534704707944
0.0022831710253967035
0.002200378283175995
0.0023732983366583837
0.002426542386824985
0.0026632237383275325
0.0027638467144674027
0.0031833874555067462
0.003335634523167762
0.0032365976586364574
0.0030871063362660953
0.003046655425757924
0.0030322664167607752
0.003119629022642114
0.00316042277139758
0.003340763453755849
0.003500830510258319
0.0037600319349943346
0.003848073006549167
0.003884922614721517
0.0038543770521310403
0.004032702451196742
0.0039914135669086945
0.004100884789323361
0.004315459314130764
0.00466507415259256
0.004914575913082493
0.005166262402434774
0.005354043553381684
0.0055678890262509705
0.005677266599270542
0.005722205408200025
0.005857147945156191
0.005816737212672381
0.005967655254708921
0.006162280523034051
0.006402485831410338
0.006868209971105536
0.007235315824468703
0.007706435799507217
0.008551888083974607
0.008936993948688304
0.009522204368214004
0.009951550501749474
0.010257314531611545
0.010619086391271005
0.011095059674666629
0.01157045151587
0.012232643175926206
0.012893073808861835
0.013622720533237657
0.01426626796617116
0.014830167329949202
0.015506602960382292
0.015994559487897304
0.016483556669215412
0.017166611393243388
0.017814462547775932
0.018393519745158075
0.019090818248624086
0.019924208893685066
0.02041766007522839
0.020606828781806814
0.021346730148928378
0.021575429255737834
0.02192964123720375
0.02273438126978939
0.023526213982013072
0.024623594667303197
0.025694025822883094
0.02700915278066555
0.028349815379771298
0.02945834270374446
0.030801497497342185
0.03225456082270342
0.03353392789582271
0.03515348409115448
0.036550845852136284
0.03830446501681653
0.03983193738752561
0.041829257245941234
0.043572886159994925
0.0453472791529448
0.0472142882068476
0.048786992942480206
0.050283722098877805
0.05178759037968824
0.05367973477844758
0.05552686469919536
0.057559596642222724
0.05984493235966961
0.06173771626475842
0.06334474774157003
0.06495702743642238
0.06663661840838653
0.06809745254789962
0.0694569358800792
0.07113964147732274
0.07298680613491206
0.07484200967733051
0.07688680356538459
0.07861654997916898
0.08027476939527307
0.08186960658291295
0.08310920739243774
0.08445446524832272
0.08570001291321061
0.08748593986308034
0.08927392278327093
0.09139405545865158
0.0936709601625518
0.09569147301499668
0.09780578654699106
0.09987107689819139
0.10159069288449571
0.10337249203633851
0.10538989817914524
0.10784736157294458
0.11104100192297979
0.11418764571474475
0.11673543118754157
0.11966526370346871
0.12204645643500327
0.12441192311909235
0.1262968997552306
0.12863606430727567
0.13101933355629722
0.13342204854418993
0.1360974346783166
0.13869461719810158
0.14170989723530142
0.1439653584144903
0.1466886183389028
0.15023902449336296
0.002643366080501911
0.012168426782955696
0.0022455222889830135
0.002109411059137069
0.0020641520439663033
0.002108448356065095
0.0019209050371301576
0.0019693511088547636
0.0015677009644989263
0.0012025585888706682
0.0009785836792644098
0.0009256841646811088
0.0008618835473646407
0.0009094048775208956
0.0007901602877965813
0.0007816606401453237
0.0007442927180245325
0.0005946633317692403
0.0005035148479507624
0.00045839857638446755
0.00046772950463058375
0.0005703181661202344
0.0006959891508501861
0.0007536448797071471
0.0008436083828086468
0.0009411747158344774
0.0010637256263987644
0.0012360937922019101
0.0013305979251125534
0.001464696632748837
0.0015961483372591398
0.0017651620586630046
0.001880431496544928
0.001987185927943484
0.002057114723375962
0.0020888248832239957
0.002149915161309227
0.0022869549575913572
0.0023592705923830724
0.0024554151660302276
0.002476403603526499
0.002529023751196665
0.002556483898878372
0.002635433186078676
0.0021392902282325503
0.0022473101568613414
0.0023247408914569886
0.002464725527557299
0.0026965470114354716
0.002825050795129835
0.0030232135037753195
0.0031110539116165972
0.003134924106619788
0.003402472907898349
0.003632689259580761
0.003890755983414303
0.004240355702120254
0.004680334972965027
0.005102402426324044
0.00543445355779796
0.005967055267023409
0.006488308010881907
0.0069557373081915825
0.007503648152759512
0.008184719783075913
0.008872765149512695
0.009484887925156008
0.01067973272678394
0.011419654384404825
0.012595699841492147
0.01375257706538239
0.015173814085224644
0.016011622666874597
0.016893704296249555
0.017188459788380784
0.017437481862726704
0.016923476654266627
0.01643495363345536
0.01597791545558833
0.016007307880830112
0.01622463432965153
0.016631954838087076
0.017113267290491764
0.017570573084561454
0.01802110938892906
0.018145104522306138
0.01847960517934452
0.018953131460004165
0.019585114438252903
0.020699456684323388
0.02203914963274367
0.023448963174265654
0.024521649267256078
0.02566009580670996
0.026489952855878372
0.02730653929289244
0.0277385487319017
0.028572221675074498
0.029619488460933197
0.030733961432666664
0.032012560466268034
0.03320852264095654
0.03461701461118158
0.035743961672861084
0.011414688214769743
0.011057460640203154
0.010292978328469713
0.009503163576289598
0.008922281060560824
0.00871865670402305
0.008434383392459862
0.008155438637277603
0.007765196692113808
0.0075999175099916785
0.007356456986199624
0.007249242974254645
0.007294736313590108
0.006813762099436159
0.006579418383779466
0.006802653159617389
0.007174337775433255
0.007410606415857295
0.008059028270461423
0.008562212293397379
0.008941127533078335
0.008902164247067036
0.008640296642591307
0.008364904464529381
0.00820709841566874
0.008026660910300477
0.007966079238758734
0.007587070761809046
0.007416299838657002
0.007168317404779063
0.006968812440067772
0.006794401003565291
0.006565753526788858
0.0065462106136941435
0.006857036206549727
0.007228516662127375
0.007492694941195682
0.007970752387252754
0.008297672495919464
0.008344165627080371
0.008765208284023964
0.00925101396163089
0.009943924099017658
0.010426503148053236
0.011165645800692053
0.011396974207862976
0.01220566496907509
0.012545745804435644
0.012933765190893873
0.013276956413354479
0.013632507670360538
0.013868122275808642
0.014130487578067421
0.014429590766829242
0.014531583046945573
0.014225810137819556
0.014288657642673147
0.0138138548059261
0.013376159941381496
0.01316919677829281
0.012347246699914069
0.011931954935448779
0.01139158088672904
0.010646260881246958
0.010227095021867912
0.009700382442960518
0.010039111470921725
0.009414356307139087
0.008926193385503727
0.008630635672181438
0.008474607754646892
0.008362133427979004
0.008370681824041843
0.008464708091301914
0.008540152900921551
0.00857382768369859
0.008929576479987468
0.009251478137737927
0.00932756256042806
0.009217754781125343
0.009049432097663608
0.008902372524341859
0.008965478976420409
0.009029562289303347
0.009101743728339242
0.009373472223926503
0.009764088046212784
0.00992353964399334
0.010529734874799222
0.010766657619211783
0.010973322721465808
0.011327996560889711
0.011588644284000124
0.011915410052830599
0.012121968498776533
0.011924786983080905
0.01195810196431296
0.011980941432978077
0.011486671671656682
0.01107331096658858
0.011061340696066995
0.010654724961236612
0.01059077858397255
0.010768263936543742
0.011174689410862002
0.011464696736079137
0.012019496925735115
0.012819680887110524
0.013151098581714163
0.01365368185058367
0.01376903649756426
0.013192082928114782
0.01304686855369958
0.013052270972481673
0.012996566865561752
0.012592285207164267
0.01239838626203987
0.01220754592372198
0.01221743905335626
0.012107711858848394
0.012211253067740718
0.01207837688455601
0.011885760206077609
0.012033128521031434
0.016275504628844046
0.01662536494008134
0.017249023652800434
0.0174441424389207
0.017933300500615056
0.018302986743197615
0.017912120787695496
0.01724344259912378
0.017026699592586205
0.016182320080501772
0.015444390708406969
0.015314720307179461
0.014691622717113911
0.014372665398403725
0.014112806526135974
0.014123255986766458
0.012097577077668606
0.01221505403289613
0.012146244404917707
0.012615226497160298
0.013311699638958521
0.01390274617495097
0.014132886483735622
0.014887305069371224
0.01604463527267203
0.016732613115265214
0.017414157591925376
0.017176430752345994
0.016912497846683323
0.016124253788791613
0.015146045588883916
0.01429736388367069
0.013944040753070064
0.013220721729518114
0.012283602935131413
0.011893098121079674
0.011493800110604325
0.011279824851447197
0.011013780681077497
0.011099660976205477
0.011288406317719395
0.011343170999199723
0.01178964018266449
0.011879736361878305
0.012110243894797992
0.011518839338720322
0.011399005529632956
0.011236561152395524
0.010940466094592805
0.010827718621311868
0.010841335756940901
0.010576729594304534
0.010385494162257081
0.010398905361624402
0.010300879476994604
0.010425342505749755
0.010446617287082752
0.010166960631900408
0.01006438135967652
0.009872958389346636
0.009411412047539171
0.008815118150724766
0.008504891190214296
0.008359675823731639
0.008145194846373823
0.008135800612775797
0.00813044676117451
0.008273828789049925
0.00826366889089774
0.008249730269738988
0.00817948848374568
0.008120360198873482
0.007983862946616599
0.007919769089796328
0.008002946632462992
0.00834316859401446
0.008703702966275652
0.009087501359556164
0.00928389890028791
0.009555413454404556
0.009744089153935256
0.0097186716988636
0.009769529747655784
0.009809104024020902
0.009868110618449836
0.009907524993015542
0.010339910285192617
0.010524866085407368
0.010693270481745837
0.010831442658282248
0.010897207338090497
0.011077774001173085
0.01129657284861916
0.01138034720356548
0.01166563978184888
0.011908973105227545
0.012222026975239268
0.012877197066560347
0.013610218916855585
0.014533456248033904
0.016315280199413276
0.017632453162160645
0.01916161718896456
0.020466767377201635
0.021773900625543303
0.023183627483903443
0.026861499757504764
0.02654025130267528
0.029974135813526297
0.03173922023842181
0.03291500670376579
0.03445006764199631
0.03610888726393153
0.037160444038037255
0.017474685800037845
0.01812657517594344
0.01888854453603487
0.019229953943197632
0.01971571889856153
0.019809471915207773
0.020083561783820054
0.020424233669937706
0.02015450778546349
0.019953308115263038
0.019717241535824482
0.019291235624675426
0.01877888084830818
0.018097090405523326
0.01762099290561951
0.017428782325371008
0.01605481013539159
0.016000645370922034
0.01507215375910122
0.014285130872920365
0.01370687541301754
0.0125685433025055
0.011501991311366498
0.010396124595988106
0.009913321207444563
0.008687922442415964
0.007764448653291714
0.00690192549280322
0.0065735562207464345
0.0057354370417954095
0.004983301728193694
0.0042846969438005665
0.004082317220121802
0.003470822559805263
0.00309841786113189
0.0028148836407121216
0.0028668085357608565
0.002791622764049539
0.0026601156562690046
0.0027139066335326893
0.0029124765312591784
0.003302181535139103
0.0038002546690136876
0.004337168929666362
0.0031446355739827626
0.003695484093290629
0.004361589572689065
0.005076837026435252
0.005565492024724199
0.00633979316128417
0.007206550561428234
0.00795597527762396
0.008391916964949368
0.009188435479192866
0.010128774392818852
0.011167524816614743
0.011870026147385243
0.013251085767296722
0.014611348657390513
0.016042512226920446
0.017177374197646922
0.017481693344698963
0.01772661492030893
0.017490275422246824
0.01751665291818601
0.017331719504335364
0.01737383453712484
0.01773669585188439
0.01778455996475926
0.01807873470004146
0.018205960509161994
0.018432389280004544
0.018181490057431787
0.018066861320086974
0.018226301003707045
0.017947856356042752
0.017667093596910207
0.017366429785136722
0.016936410385273517
0.01670712624435435
0.016838656002974066
0.01685326824736432
0.01655453691675458
0.008013636950874493
0.007979740654863579
0.006969146720149773
0.006593475591958162
0.006442649831938261
0.006144341291976263
0.0059654863962074756
0.005984577859594829
0.005908664439415091
0.0058789714863951275
0.005761810040554021
0.00581193095843101
0.006040287383107421
0.006238930431156323
0.006468938587822262
0.006566307549408133
0.006768855002315728
0.006951579218612368
0.007002313932565595
0.006932611370493491
0.006959901686672365
0.007108920625694258
0.007156889248230623
0.007438954512209691
0.007650535886829612
0.008058793940493096
0.008367227512093563
0.008661818168677555
0.009028785699900536
0.009133347368570924
0.009478085303423185
0.010034013642503798
0.01001597642332147
0.010644286261106771
0.01127119941653291
0.012304471452013127
0.013095689426664905
0.013571927488456814
0.014212169227302743
0.0148430055728084
0.015082421255768521
0.015386513104353952
0.015438252560122679
0.015853839998714845
0.015859704994379904
0.015240451110456008
0.015244447752794649
0.01511498231138829
0.015376493881677902
0.015785700285593642
0.022838842968365698
0.023648113690503025
0.024975009734188508
0.026046314202820275
0.026959194657970365
0.027997394405383614
0.029123782394167345
0.03014513063964343
0.03131400201554579
0.032603256241480354
0.03394489093515968
0.03490863292542353
0.036003053929334713
0.03710556984800756
0.03969900670047047
0.04130093240335126
0.04297925685803787
0.04464370736300232
0.0462176925493393
0.048159571293784106
0.05011927057313972
0.052158353972814965
0.05383613610979785
0.055494786123598025
0.014834797726669102
0.014078339175629595
0.013364874937017737
0.01265482975530217
0.01227369217442677
0.01137105755288188
0.011106972783402846
0.01052207558126424
0.009897899646936272
0.009270620032151147
0.008558158958797812
0.008362755025552494
0.00726337441302021
0.006933489417009836
0.006595875798536195
0.006497444840647791
0.006304639068858135
0.005969294382544574
0.0054993465092365145
0.0052156950715883865
0.004956849844853053
0.004510107230193551
0.004126163809446153
0.004039106876649099
0.0039124528817034545
0.00398709673274877
0.004008951823921749
0.004138334552036806
0.004304209539142985
0.004501981424440174
0.004613687210217552
0.004923929416725712
0.005226290383318993
0.00549104957763436
0.00569970452965733
0.006057488659136282
0.006567310037172295
0.006908625686512075
0.007427353186981231
0.007823765782033731
0.00820048884624286
0.008796657311836317
0.00936685840130234
0.009830019626128698
0.010496882035512627
0.011228786220473668
0.011736473153704427
0.012789117344792772
0.013731600945411515
0.013691555584088128
0.014195802467597782
0.014713284374018042
0.014266212769345157
0.014654404708733564
0.015733381645571053
0.016402559519162113
0.01717534966298565
0.0176978598634715
0.018196969686429747
0.01848116268158524
0.018229589275993986
0.01844021802363573
0.018503995712015525
0.01868383269773708
0.018926992826338397
0.019286317338992328
0.02317643121667288
0.02309506412998409
0.022842700950529753
0.004986097311885937
0.004742297901441249
0.004294967322978616
0.0038963196499257786
0.0037568164366327214
0.003429660157968269
0.003347388744457987
0.0034088670314249927
0.00350574829408531
0.003656300808110674
0.0038533327426412585
0.004257237065476299
0.00450500157914075
0.004812445716933706
0.004738280560763515
0.004892862691516135
0.005132743933992003
0.005623825137309324
0.006349190671306572
0.00692830254490232
0.00817793195745733
0.009409367866089157
0.010401416886005158
0.010339930065175891
0.010865038411569742
0.011447856377525593
0.012030791248988896
0.012213316538407069
0.012437838060955045
0.0126087261867897
0.01280224573724339
0.012578927590649273
0.012305340634921998
0.01240394462320826
0.012361366494428132
0.012638206942890126
0.012739448717879054
0.012843630587805304
0.013309343784891726
0.010500911400361012
0.010294980059748144
0.010245469609243526
0.010302851546246146
0.010552832902493441
0.010767855305273844
0.010920670757720907
0.01131914971458813
0.011851178363505
0.012010371602462327
0.012504334299009814
0.01264921903139741
0.013374926162364126
0.014124046675548627
0.015318132975732557
0.016181177623391746
0.017088102729998323
0.017344186284766507
0.01728342366620097
0.016943388787430604
0.0158751223854975
0.01539834351652418
0.014602862872865451
0.013922230031690538
0.01351323088509106
0.013189389681501778
0.012584452746997866
0.011853809221435826
0.010874563744622113
0.009683409502347215
0.008529821198618063
0.007756379181405615
0.0066879733369285006
0.005986414889585391
0.005730066278697033
0.005322358695922783
0.005173937491894081
0.008196495811458773
0.007281319461138938
0.009866704676207162
0.008399788898451398
0.006098645054428706
0.00793253231555011
0.008091867869561023
0.00844773833519872
0.008668537343879793
0.009296370586936107
0.009714252895392126
0.010178098090409043
0.01025145266010283
0.010433322899890072
0.010427996225845696
0.01026763069398693
0.010106969522177855
0.009785201938570649
0.00916009923129862
0.008336026358137431
0.007988989825873495
0.007645815455439775
0.007251234544873153
0.007200639451627455
0.00699618432133161
0.006941040666792702
0.0069508520826165685
0.00706187344597012
0.007164314287599982
0.007261802738035174
0.007469969105812722
0.006376058902919755
0.006773310445425613
0.00727999126418459
0.007750466008568943
0.00844230147984235
0.009049047623787143
0.009713723572488366
0.010027155373834694
0.01045669233132744
0.010901097524512347
0.011016136884275517
0.011054275517410585
0.011114793603027195
0.011000530948297222
0.010884016263564588
0.010977753262571692
0.010808684198775403
0.010509221081635304
0.009946725869732631
0.009724519090149203
0.009343956485005061
0.00877671188577556
0.008576771888776317
0.008534649196035344
0.008584837145076896
0.008966383518330349
0.009366953805255734
0.00975759369405549
0.009902686414391484
0.010402934377446256
0.010989516742081842
0.011551480396965127
0.012456987678703426
0.012989406393468872
0.014206231113307127
0.015493603046494154
0.017382377926693268
0.018476444110563303
0.02031674525992031
0.02221261396028155
0.0238926751413565
0.02505578531567662
0.025821148631532436
0.026879421577367925
0.028245752686089844
0.02929736768288514
0.030380919388069177
0.031165725912877328
0.03159264209435187
0.031752420695106594
0.030842191847365846
0.02989472111197978
0.02924130617516858
0.028259329138417295
0.027364902531619884
0.026710798285712434
0.026350938819776903
0.025964798344559954
0.02522560451383412
0.024738089822722204
0.023930367038785583
0.02364394917103333
0.022176551978825756
0.020874048062754304
0.020430938925048898
0.01970933669256463
0.01908206740746804
0.018577042193273347
0.018300548590464344
0.018036728285800704
0.017287475896737826
0.016772765138165224
0.016100166735076683
0.01559026090464801
0.015489897719233725
0.015430131083868915
0.015458038456669859
0.01564923057849527
0.01589213243124803
0.016080241473840223
0.016295701673615937
0.016807192355483853
0.017116525287493942
0.017315177126459295
0.017879894019216705
0.01895101050659897
0.019679830529479306
0.020970716633149117
0.022135875861455417
0.02300785150576615
0.023933801480290402
0.025016347432128067
0.025790942904281765
0.02688917066404483
0.02799208645901046
0.0289100491642454
0.030029740290257817
0.031317905290504953
0.031750783847760394
0.031844084229429456
0.03183585960371958
0.032009827856799136
0.03227596259549584
0.03245092622303396
0.032826875110327385
0.033284865845242095
0.03360090332684418
0.0339887548017115
0.03418459047343478
0.0343439682197179
0.03477375296686857
0.03506292783933615
0.035525205722986494
0.036061489394578185
0.036798812798364985
0.037354853977648796
0.038003723928663205
0.0386654531222141
0.03944489003676976
0.04009637723743684
0.04082387881516143
0.04182764452615389
0.04242197294570843
0.0432250533897039
0.04387346681547767
0.04457998916938136
0.04523961578475164
0.04626944260128289
0.047256825622830914
0.004868318839283325
0.00671610839402471
0.026662135783385256
0.07136582960639369
0.1390766997165936
0.23000161061414387
0.3434789920280301
0.4797295733926757
0.6377921731416142
0.8198499140916589
1.0245231099240744
1.2502235080047694
1.501847161980368
1.7730276901341775
2.068438996021282
2.3864774075841004
2.7250053558838987
3.088354476275642
3.4757037148259515
3.885991271473306
4.3156489029618905
4.7687891623317995
5.243629569628633
5.7388696236405945
6.258169931453931
6.799751622634545
7.365024421816254
7.953672647785605
8.563240303622493
9.198550132693432
9.856178395805417
10.535740061927271
11.234049890971459
11.959191574710044
12.703880307859476
13.47076792347092
14.258171940221024
15.068035096183587
15.8997798103186
16.751170778690128
17.62240581968726
18.51779939509445
19.382092306304184
0.006548837224130732
3.7612979558697552
0.006895420479698435
0.16830465669553926
0.2747801127733586
0.37926617715107747
0.4969468833856179
0.6298796753712922
0.7775778367358577
0.9393087060161255
1.116368097958031
1.306784256206321
1.5131368395670095
1.7322878551944796
1.968403599183492
2.2203010645466015
2.4830704546828146
2.7651661001721957
3.0602743402638466
3.3695356193682016
3.69356579501058
4.029549231358822
4.382896585299078
4.7518838789714675
5.142258218896476
5.540038519599457
5.95341621892203
6.383539693181548
6.822633118598793
7.279175806508799
7.751679607556982
8.235965472418071
8.734895781078796
9.251391116617082
9.781883243868126
10.201735211062113
10.754331053971448
11.320539446272823
11.900292618597486
12.493729428910669
13.099998606449088
13.721384287668352
14.356582407275997
15.002435087247733
15.66426622235455
16.33850329848904
17.025855511922295
17.728378335434442
18.443568178280746
19.17291027281404
20.07505178691259
0.015487982439782305
3.153669657604974
15.978248205791042
39.08137075878934
72.62830825750423
116.10638572449436
169.74109701145704
233.53216403184393
0.008615933307839638
30.447210690604884
153.0370010621124
373.55393810585554
691.3194584762257
0.007345062012923146
62.97227646122762
335.2982992005463
834.1859242417282
1557.7483216845446
2505.609835448225
3677.6960492983694
5074.0164923169505
6694.477901641832
8539.23142111221
10608.107756759764
12901.215541273905
15418.405855034773
18159.911186257166
21125.6103660441
24315.40903208426
27729.592146423725
31367.784802037775
35230.19051305344
39316.79595020508
43627.46777912781
48162.38485338155
52921.384127889934
57904.6430747541
63112.24378890572
68543.86895203314
74199.7863073115
80079.93355727445
86184.10081947524
92512.37538000058
99064.88773024187
105841.54925459332
112842.39547784871
120067.09072932701
127515.83430315423
135188.53483697242
143085.57173761327
151207.03358708002
159552.23079640575
168121.790077591
176915.86570134285
185933.79489179217
195175.89659538714
204642.1932237159
214332.21807738565
224246.86919644862
234385.07278479735
244747.57195982273
255334.06388923904
266144.84656492545
277180.2807941001
288438.876712087
299921.854116675
311628.91570957866
323560.7165623135
335716.46651195333
348096.62455966964
360701.2042477067
373530.0948158732
386583.37907234667
399860.4908948453
413362.4616837875
427088.5968916112
441038.7837090859
455213.627900132
469612.56055066735
484235.42275003425
499082.8482730015
514154.2330848834
529449.6907920612
544968.9632353842
560713.0962912941
576681.3538636479
592874.0323467262
609290.6559740021
625931.9207841521
642797.1653649292
659885.9779400842
677199.6809572189
694737.3345933433
712499.1599745054
730485.0615868061
748695.7977745989
767130.691551208
785789.1277334054
804672.5823562958
823779.0965552486
843110.1578774459
862665.1159165183
882444.7158794717
902448.4570973392
922676.7529740727
943129.403807464
963806.127233864
984706.3995397631
1005832.5158055164
1027182.1386005301
1048756.1393791793
1070554.398422291
1092577.190294549
1114840.7302807025
1137312.5878045964
1160009.1549700913
1182928.3113439928
1206072.8216214501
1229442.2796028242
1253036.1453039877
1276852.6569808885
1300894.9725027974
1325161.2888728203
1349651.713926463
1374366.213170654
1399305.8794507906
1424470.015682384
1449858.196387376
1475471.3037063961
1501306.692633441
1527368.4128667072
1553654.416776454
1580161.941463737
1606895.688754928
1633852.6994295153
1661033.8340855897
1688437.741065912
1716068.3589821737
1743923.2782526803
1772001.6431066215
1800304.6681580972
1828830.2793789234
1857580.6090060167
1886553.3559295423
1915751.2374042552
1945173.4407830834
1974818.2958140324
2004688.5828464185
2034783.768823808
2065101.4305919285
2095643.7186772828
2126410.066808204
2157399.537561408
0.0036348845856662955
0.0034843025689828577
0.0033252749384391584
0.0033546403049570495
0.0034172618840128525
0.0036998162643549722
0.0038261044805484486
0.004220722374175853
0.004688683439259307
0.005025279973657039
0.005710386562423094
0.006442469644580002
0.006734209599777392
0.007228298125185423
0.007653423058019046
0.007918884637939784
0.008216526510140435
0.00867554924166111
0.009199038137497622
0.009698646971328702
0.010419493736730819
0.011257426439691482
0.012157604182594163
0.012393525439705351
0.012023732694907207
0.011485174963436644
0.009463523446389815
0.00877798619245616
0.00816067994914731
0.007756582342706851
0.007290809507489515
0.007002300178304194
0.006523132680974489
0.0063334324445780245
0.0060434770356143615
0.00565178917533029
0.005547665694150375
0.005413739216894026
0.005597446117511128
0.0058256001938975805
0.005893918614893489
0.006136550066082943
0.006091633250591026
0.005911390246850429
0.005798699522137104
0.005727675871963038
0.0058155470065411234
0.006065844069782795
0.006493607121205483
0.0070145116078474705
0.007394211864188341
0.007663606241691037
0.00790755417098627
0.008047644991860075
0.008065172534877676
0.008150225756476944
0.008278849368724691
0.00851949370152667
0.008964264004621695
0.009356212660243345
0.009859439474561117
0.010398743047473631
0.01086958985505055
0.011256010331799059
0.01174863321699049
0.012315653826723881
0.012944634239584243
0.013577255172699223
0.014233916198720697
0.01531404009728626
0.016481320390516335
0.017609449414326347
0.018394512513365362
0.018836000307690053
0.01934869016261216
0.020113848163240647
0.020795234794562634
0.021858007943767386
0.023054255113282688
0.024404809689592792
0.026112593304154857
0.027734521648145043
0.02941368360495724
0.030702211857385885
0.032548600816394394
0.03411726476671162
0.035173382412459465
0.032832098080259484
0.03373364155439461
0.03475967601862958
0.03606598503143408
0.03758324935813091
0.03920238032613136
0.04052951353004268
0.042336111632475866
0.043979976279497665
0.045843152619795643
0.047490902669307875
0.049352590991181736
0.05138616499197015
0.05321846753776469
0.05470997491710061
0.05620522573013387
0.05757138370139325
0.05924087155068221
0.06058084610532547
0.06249147632605512
0.06445409337763966
0.06642326974010554
0.06870296042678761
0.07132783994122732
0.07398858968461161
0.07638617213036548
0.07936261254130719
0.08138568808438859
0.08437596486974551
0.08666238304477895
0.08797028150472619
0.08887654206926902
0.09034199585435312
0.0918272032651021
0.09390059770039902
0.09534291292498973
0.09661732246403884
0.09842715859624122
0.0999023230797462
0.10149511841015277
0.10277124511934832
0.10401599698394622
0.10556464761478837
0.10705416989500434
0.10954202596136312
0.11182824874393593
0.1140213007599292
0.11636191280475194
0.11883022119569167
0.12069245116586184
0.12213260318488602
0.12415268701177273
0.1251233533028448
0.12667214311449523
0.12857845985999886
0.13091292398803514
0.13321775317465623
0.135600780422326
0.13867949756724346
0.14117448052180637
0.14320731111028837
0.14601647174391566
0.14796600321965583
0.15065838796530265
0.15328095118365398
0.010310487408411406
0.010258557029372947
0.014328570340336036
0.04819578844913024
0.11438438286865212
0.21243299872560922
0.33979134942542866
0.4933481080364334
0.6734517515893106
0.8815451656706552
1.1151438695681093
1.3746915347549522
1.660878746824915
0.01394619578690304
0.013725249303912243
0.013354742122869629
0.013258508627763583
0.019447699923100865
0.013653506797408612
0.013684744871437546
0.013790292963097195
0.014104211830837668
0.013955012362626562
0.013698075163715934
0.013265316072677929
0.012557343845396108
0.012184213373647775
0.011997424930163706
0.011166412202750935
0.010753488462743804
0.010451633141251093
0.009890161987307753
0.009629778355941268
0.009307279001451608
0.008900860582790781
0.008803137906122685
0.008464769490226298
0.008414199635989708
0.008169592599301225
0.007960655485727577
0.008128942353705771
0.008020032211869766
0.008021782267714373
0.004471201559768133
0.004225574698908665
0.0040377671217071125
0.0038163785686700646
0.0034605609437352975
0.003675538755744458
0.003783186806905674
0.003730409458601832
0.004005173508226599
0.004473181504920627
0.004662601137042887
0.005132899968409257
0.005930988844831545
0.00688897463508283
0.008139766935554911
0.009469962151915453
0.010836164862883513
0.012050846372808306
0.013338914750362255
0.013827797994520039
0.0140639167764016
0.01398970363324602
0.013474504107279545
0.013155066747947993
0.012786315860384603
0.012411184731464608
0.011865225573700447
0.011427976361775966
0.010985815765838042
0.010507523941111449
0.010208157487165746
0.009908417267454872
0.009723295229496316
0.009640794218600358
0.009396486571893172
0.00917097211540248
0.009330416387879101
0.009416555947612036
0.009731413019495073
0.010179458179151479
0.01047948819244484
0.011020865410289071
0.011373665685156964
0.011698243887014648
0.01209616424635337
0.012492085799130092
0.012557641120158863
0.012512104740565615
0.01259363933417348
0.012403110611480216
0.012282306087225124
0.012186197578680122
0.012171453454247395
0.012645549815994934
0.012083501425347443
0.009611615635388007
0.008392100248748832
0.007378258066739092
0.007885518996300574
0.007442512609497694
0.007041736280604631
0.006727037568860017
0.006568944636082009
0.006398783469154191
0.006178337732110818
0.006188241142581841
0.006035761443922901
0.006089765697470052
0.006003300104642438
0.006045430570205458
0.006105117988754547
0.006089025897786905
0.006188028951056107
0.006460078833288372
0.006875964873704389
0.007152737848904632
0.007417953521053991
0.007999841620359261
0.008468670875312079
0.008855187700625121
0.009460514730642518
0.010158526305085179
0.010521478975208599
0.011814598857898817
0.012755793421656756
0.013292145410889435
0.013899641497098578
0.014308778974964784
0.01441502065310329
0.014416260981723505
0.014435990400227982
0.014487289345301708
0.013815785625950424
0.013538101872954542
0.01321134918103238
0.013025894428827303
0.011202329809961168
0.010987879661896727
0.010814005175077527
0.010570819721258083
0.010470771635171999
0.010294688265711723
0.010293507126820482
0.010489714044029673
0.010568564726457815
0.010452733543575945
0.010322753395044074
0.010539793767707722
0.010545443908383603
0.010457856487279895
0.0105195663001166
0.010913179196808934
0.011373778181753308
0.011640141298739498
0.01195562643828375
0.012076823674713657
0.01211908882456757
0.012101714961614907
0.011801102029949979
0.011664203497921535
0.01169358832606471
0.011835978771505284
0.012172378367688422
0.012366546590617797
0.012557676092412004
0.012624711918810136
0.012262505805169946
0.011899467701860525
0.011965950150969549
0.011682814106832029
0.011586535784761907
0.011686030034143268
0.011853000730663388
0.012109742373671897
0.012111646900892675
0.01224474125062414
0.01213690182261778
0.011946853135616924
0.011464747586836804
0.011423176133077495
0.011288889231325802
0.011188326514272665
0.011048545822424389
0.009624185327173351
0.009636863906265933
0.009536240976491769
0.009370441319352833
0.009367316678825496
0.009216121224613821
0.009023591344365797
0.00898117919334179
0.008894751882995024
0.008877147140626882
0.008827907852524578
0.008908394487505158
0.009292152454824959
0.00975808861831602
0.010120985166956382
0.0102599818084699
0.010539001316616708
0.010728572049214225
0.011184770649823896
0.011552483052884662
0.012243899339325414
0.01273314790184733
0.013538691374658383
0.014185024580741917
0.01416827280645368
0.013577333657551894
0.012705727626324239
0.011766156896034944
0.011467475267119153
0.010518665915718966
0.00972357906776361
0.009579480373936331
0.009318274365150231
0.009092522487046176
0.009202815929131372
0.009105683998047448
0.00883041182399513
0.008784801766764112
0.008581178774982556
0.008627760264314457
0.008815707531780018
0.008981822312015829
0.009155308694910979
0.009429536921737551
0.009753162174960906
0.010130281872620692
0.010502614956578312
0.011099819119276442
0.011619965902898828
0.012185343702225768
0.012189043553814935
0.012611604397291077
0.013229543450939796
0.013782384652201163
0.014372304928724608
0.01523027382410456
0.016157373984095412
0.01697026318903439
0.006163306962700515
0.0066287450319613885
0.006768700238279746
0.007020165241994081
0.0073363238224778155
0.00749330742667949
0.007908154296213613
0.008232269897566544
0.008261086119313758
0.008414154748620162
0.008360129959320343
0.008573909957755425
0.00891123626159645
0.0092092687910535
0.009400383735670193
0.00978106307563484
0.010207018471723941
0.010601301667375943
0.011194537238673457
0.011659620453674704
0.011593495731702652
0.012108638014770542
0.012573123911033959
0.012830879173542975
0.0132642945604873
0.013791718263238254
0.01442698233957146
0.014721812779713484
0.015325628550429316
0.015847455075629475
0.016448266822116635
0.01716970572804926
0.01787377053997355
0.018554199577216126
0.018982157311283117
0.019680259899309875
0.020100567077377875
0.0207894479146218
0.021244564321000133
0.02199211106288798
0.02229370386168735
0.022787232536303825
0.023413114982477883
0.02419034345963238
0.025065987300291505
0.025387885954654688
0.02601021066202272
0.026421285340262286
0.02694874369202821
0.027555446217211132
0.028038430936259528
0.02845930586173489
0.029177312989468997
0.02972042086434009
0.030915351951015517
0.03175270710416181
0.032615878208600554
0.033331002821979865
0.03359478772251735
0.03383322479466293
0.03436937885476029
0.034796679905574564
0.035384103478668175
0.035594390527456714
0.0360378484757876
0.03645874233372227
0.03631834333761766
0.03629645303690715
0.03634841045239385
0.03599752159093832
0.035456985942949173
0.03509676814579321
0.03550929057218109
0.03613720867036343
0.036568452553500844
0.03688301970921212
0.03725577800496587
0.037472097702957737
0.03804851172356889
0.03772112323225121
0.03779897567669437
0.03827638809798656
0.03842944291875194
0.03916109866723308
0.039885073063437845
0.04065656988110021
0.041299921092939666
0.04213543217966666
0.043115554961616835
0.04383959980778416
0.04452290367127791
0.04527577399089339
0.04612804638863743
0.04711401921597486
0.04828112298190415
0.049587141206359556
0.050896907613179866
0.05230228575097127
0.05352370943617625
0.05505603961971943
0.05637866493031997
0.05763393558231487
0.058680283499043404
0.05978268800763646
0.06085932740802439
0.06221733745269244
0.06328179954227962
0.06499418211651718
0.06606158070675147
0.06732418594197967
0.06846614551221716
0.06983112211947297
0.07100120534156479
0.07211619107857051
0.07329156786659785
0.07409324510734477
0.0752371673724154
0.07624326140686094
0.07695023638975475
0.07821053332931524
0.07902041083080924
0.08017426308781667
0.08145762843802201
0.08278459328547441
0.08408748120960209
0.0855378103894284
0.08662710242748281
0.08793307885558935
0.009980298885553822
0.007737228163394966
0.010205011226881998
0.01032835137499311
0.010505912870020812
0.010567188450391089
0.010883346091340654
0.011130141140026471
0.011510243246471218
0.011821761140739765
0.01197875228908798
0.01272524966131835
0.012909667537789871
0.01330982447743104
0.014125918441050036
0.014476001291894896
0.01486280935126924
0.015533081566400087
0.016511835674159064
0.016919822570641944
0.017308368282011155
0.01819303565239604
0.018440908897666256
0.018351925402800874
0.017680508190264538
0.01718360454744544
0.016724939574117352
0.016055402356750854
0.015471879219379578
0.015286054951898423
0.014663218703685
0.013945441797405145
0.013738755531842905
0.013188837046003907
0.012860662660335285
0.012120471745696517
0.011470766743892583
0.010700534742414326
0.009976612436755052
0.009738762688034001
0.009498339887665696
0.009071476503435932
0.008721094723604371
0.008136749288697887
0.007941129759055855
0.0074282046084383655
0.006984290665018866
0.0067552127942341455
0.006647039675332732
0.006366906496351356
0.006248311357463568
0.0062731112424243285
0.006001325513838819
0.0059470664759283766
0.0056456182738701295
0.005531276882955027
0.005392157951128631
0.005290167385257992
0.005329165622598347
0.005309867110384189
0.005311086513289031
0.005331700385810016
0.005379258472463203
0.005404224932090292
0.00536589748295
0.005459995334021557
0.005607515070920658
0.005575462057226853
0.005792014040479631
0.0053181608537972895
0.005403681306595768
0.005544643505591209
0.005780998069915935
0.005750641898014408
0.005910595616280619
0.006218021667606031
0.006288381983059357
0.006368206942763352
0.006534894628477575
0.006703208754108956
0.006937471066082899
0.00708028145354556
0.007285894286439017
0.007372932188606294
0.007358572460483176
0.007239689283047734
0.007301617022277234
0.007334124140445671
0.007276878172756404
0.007435734546112091
0.007699907395141985
0.008051435121116656
0.008409198726174915
0.008674345516867252
0.009165520562167667
0.009470610551306453
0.009921339141653654
0.010602901180631449
0.011027206166392706
0.011686880953374765
0.012491441991945256
0.012984968078922073
0.013672968983355549
0.014270855882577297
0.01500711462965613
0.015569528688107195
0.01632284054151594
0.016767603173585634
0.01746363639906199
0.018071045159908546
0.018603541641343143
0.019162499660907075
0.019547507114024237
0.01997315155252847
0.020439727959591647
0.020962678919169052
0.02147767873192946
0.022081076844869173
0.022724885757783246
0.023295624788400738
0.023982349719341756
0.024181387474709673
0.02456397306452412
0.024836558261569077
0.025059452296219652
0.025571705007116557
0.02600002189616667
0.026588530653909363
0.027400111331466876
0.028233028676931827
0.02900485597780511
0.029848564083384304
0.03084137792223864
0.03181747339056131
0.032994259201961904
0.03421084444058755
0.0355781823420097
0.03661901727198903
0.03766672628102734
0.03858001681852336
0.039757135112452366
0.040807739212042
0.04191569329263024
0.042823509713635195
0.04391044056942762
0.04508576503222381
0.04645779251671268
0.047978420787454804
0.049017834347779475
0.05025264885862792
0.051350542253435785
0.05277414977963775
0.05390908799083679
0.05505329261053841
0.05630981360621952
0.057677196116275996
0.059864234314640684
0.061647912965612985
0.06289243545737536
0.06404321466970751
0.0651215625587348
0.0662532666361092
0.06718891463582635
0.06802243217618059
0.06926298864295294
0.07093030263916736
0.07294547501473901
0.07526178227090244
0.07707723057570037
0.07929533578299158
0.08091449549052358
0.0824808952662046
0.08372554751707795
0.08444584783229504
0.08692767453429126
0.08844086717633955
0.08946608381295663
0.09051726928233877
0.09250530333381798
0.0940075741228279
0.09543968598118743
0.09704580566285724
0.0986224537472502
0.09986969702674202
0.10146403784798134
0.10263386575087674
0.10459111775789401
0.10617267645783426
0.10766448150792571
0.12051510759988637
0.12280915801496702
0.12541690245244366
0.1275162212978782
0.13080410542147142
0.13192872740218517
0.1341425298204441
0.13676276735727402
0.13951792015751247
0.1428897564035583
0.1458456263260263
0.014407570141864282
0.010524976052709498
0.023363415580278615
0.014388761159554097
0.014184555280435473
0.013987442732378137
0.013782393585605592
0.013486310764412476
0.01301339238001345
0.012750471911101267
0.012424848853868693
0.012100180597603129
0.011862003511842484
0.011783845468745212
0.012243587139509847
0.012786127544748439
0.013355300275822945
0.01357363770410536
0.013964393268024733
0.01405268037361245
0.014297458875029164
0.01471735893394989
0.01478703772217808
0.014966996110204462
0.01569277842917134
0.016656509856821208
0.01741534921458908
0.018417981990910635
0.019125276391827997
0.02045993446095638
0.021536161903970837
0.021949830966319035
0.02270504011609405
0.023085969931520324
0.022382139794642424
0.021096249074548833
0.019969847171204903
0.0183401161051365
0.017020117999243915
0.015686375497616267
0.014546806698999474
0.013608169978462406
0.0128234325120163
0.012310907236346874
0.01204797935629868
0.011157879950671416
0.01038151074233693
0.009934094927272364
0.008924222219072273
0.008267879428985585
0.007781323535697165
0.0077585214025888945
0.007824818758976577
0.008263097176767641
0.008843924747048607
0.009527009589743774
0.009917157429622618
0.010005266318748447
0.009916348183867923
0.009741192686859242
0.009877849114924463
0.010292498143716324
0.01075442323361982
0.016166963645481588
0.019112035035832343
0.018075735752019893
0.019021046832196513
0.020009666654792643
0.02132611700053256
0.022493257919441616
0.024003780785637575
0.02497826930657708
0.02557547246054496
0.02575482693994326
0.025850406118022556
0.025649272154561826
0.025885616912943315
0.02585605240513141
0.026540132424695172
0.028223547000548972
0.03195953539961548
0.026773985698446745
0.03786819817619255
0.050528022886237256
0.07262849863777866
0.09860643203887422
0.12855739742571815
0.16380494680828445
0.2037144187329163
0.2504560426471299
0.3018868650390582
0.3479077457771996
0.4082083791340353
0.47305568499328354
0.005047548015000765
0.004632714042092083
0.004492910944066382
0.004543367879192767
0.00460003049313427
0.004751226674210857
0.005196399405147949
0.005978723363882625
0.006843355359443519
0.0077114190503764805
0.008666513851478078
0.00903741184570323
0.009961515984657023
0.010910894801979428
0.01226238402080298
0.012575830706649142
0.013279966170012938
0.014245390940373368
0.014694431728131577
0.014948936017739441
0.015205696082693473
0.015580484608048464
0.016073811355844653
0.016760500431689862
0.017407716596142882
0.017989789040186176
0.017846359657293785
0.0179660303706952
0.017930393050278774
0.01813763826393166
0.01841211149801501
0.019097088239742707
0.01982886367004071
0.02045144434443602
0.02091512332472015
0.02131987987689065
0.02169598144583312
0.021999654455979553
0.02266708352412424
0.02317505739019613
0.022123122666802948
0.022017965941653887
0.0215220999261557
0.021542812350861994
0.02089274503199364
0.02097141647125538
0.0207062024221027
0.020596448887701155
0.020287409514803685
0.019868611454282835
0.019584513022354245
0.01913358496415345
0.018958896937758523
0.01845797287154164
0.017998795992232097
0.01762597872699235
0.017470120172192745
0.01025334061966099
0.010349620944811507
0.01032126186290982
0.010554299944481796
0.010141921610125672
0.010139662945995937
0.010070857387540712
0.010107438443439653
0.010248021686647915
0.010605929943752302
0.010855439630576929
0.011546970965595956
0.012011774518732626
0.012457608872496322
0.013071203610422138
0.013781799603351482
0.009446140148088507
0.009755744495381425
0.010500316866462425
0.011466734902264722
0.01240661197484598
0.01334973178699116
0.013890278352172014
0.014907730609262116
0.015916901228382775
0.015180033909619185
0.015680179942542567
0.01664940114306477
0.01715085738316071
0.017761715970538664
0.018012205768054745
0.01821599653705413
0.018397950036917167
0.018288206000820276
0.018277722404515716
0.018456124657052635
0.01864346650419412
0.01900137345869382
0.01940959590248783
0.02018625269103586
0.021233697811268017
0.02214477679047055
0.023127704373418725
0.023802278753529985
0.024360946766216952
0.02521742297009381
0.025755992637566873
0.026141522594751332
0.026427939446602277
0.026774984720463517
0.027401788428713946
0.02766439472235488
0.028302520455287146
0.028689434185812518
0.029067915419633168
0.02869400414526103
0.028971464198838125
0.02840440930717853
0.028126524376326605
0.028441124874615874
0.028597338802941918
0.029102025128339086
0.02938480039912892
0.029204393264733775
0.029309853862779393
0.028942606400525178
0.02868022067338367
0.028880848171654455
0.028585627672581642
0.028843324117003542
0.02868983062527672
0.02850578615256375
0.028530486961076233
0.02812207640216109
0.027742680484400463
0.02743915004295943
0.026852561298293887
0.027033834333875333
0.02689679134628189
0.027107914283419066
0.027382729172184
0.02762440570414441
0.027748516721344336
0.0280443682468136
0.028695259241185378
0.00569145972897237
0.003962953761708541
0.01783337865899719
0.05850316313736346
0.1270191727860083
0.2222510853847489
0.34170268482159505
0.4839247901425966
0.6463600515795996
0.8286161055336994
1.0331168919065807
1.2595051740377226
1.5077628182621272
1.778949225332037
2.071605008995032
2.385600776889738
2.721596646159747
3.079255811925995
3.4592606002943134
3.8607822450087648
4.284509519914731
4.731837043710399
5.200103271383012
5.690344672783687
6.204069269412853
6.7390451348190155
7.2963672627696425
7.875222170316495
8.47690084461754
9.099903130859067
9.744995838010363
10.414201308909774
11.104327838785496
11.819043218714123
0.015620017830263098
1.727375973932054
0.01571627676492434
0.10934405431379804
0.2253584003267503
0.01430440114377848
0.014140624760884629
0.024170681934394943
0.08204549738153129
0.1808208240124456
0.012938611024244397
0.012507521389941465
0.012454256160234161
0.012563819147915933
0.012711062675454873
0.012712231967913656
0.013070256921840231
0.013555611321610858
0.013774047549528082
0.013707797789836796
0.01392021437335896
0.013947820989658013
0.014245443513915934
0.01467232029954354
0.015207883699876457
0.015512243601874129
0.015633863422063597
0.015508321338408359
0.015234509913405869
0.015223307364324496
0.014952387499122921
0.01514054135528948
0.015105277958840405
0.015171402128439582
0.01530127558895759
0.015238859029536266
0.015131031415085303
0.014619997891991096
0.013671692170577185
0.013395640468506937
0.013291814611934415
0.013459454834679859
0.01389597123639284
0.014225746651809335
0.014550407583505115
0.01487668519971753
0.015320333949725817
0.015995658817595605
0.016531460539706208
0.017658236496480136
0.017894102283809214
0.01913105455552132
0.019878844119128217
0.02048487720886619
0.020748263387026934
0.020305328615274187
0.019938032076550902
0.019830621058436408
0.0190001701060885
0.01808707287653432
0.017877722381239157
0.017856104971282073
0.018051521814906525
0.019037905616862548
0.020094107326050846
0.021331583374495835
0.022236583806237324
0.023819842052552092
0.025518273047189094
0.026776962825639745
0.028723380449645796
0.03076888559812228
0.037402896910964184
0.03996465390878149
0.04340855111448126
0.04547464330727682
0.04855554486969592
0.05157477578297438
0.05370689487740495
0.05443491558500576
0.008668473674051918
0.008055472800859814
0.007053032723753104
0.006981212827758347
0.0067081731290134505
0.006237370405259389
0.005866831413956299
0.005588280704162228
0.005394618920897743
0.005164048016148715
0.005131837406678652
0.00487619256460525
0.004804605305588568
0.004917885012796811
0.005281671562931741
0.005544452745963121
0.006063267096424469
0.006882551455680631
0.007291067087127755
0.008072026439180435
0.008681427173410087
0.009105503143300973
0.009443548989301232
0.010086151303706395
0.010503840678101178
0.011146818363317294
0.012021771606451181
0.012483873175889112
0.013487768735519245
0.014463518897047462
0.01488244107984792
0.01573528031391464
0.01654898777400205
0.017156235013823042
0.017310549094395142
0.017484021619579564
0.01768630768448763
0.018162624119083457
0.01827144700299497
0.01780616374113393
0.017759284185829425
0.017812731228078464
0.017942953709150826
0.018100667085328696
0.017801572663121466
0.017888113609208427
0.017985897777939453
0.01780508596970141
0.01779021323452916
0.01761033375053109
0.017570705359123567
0.017365029596850722
0.01772484399287252
0.01800238516688569
0.0180363908098333
0.01843762465103948
0.01842482248292331
0.018053228873848127
0.0177633258630426
0.01740903708774199
0.016854429057108232
0.016544596081981115
0.015957737797886038
0.015425821563899222
0.015089233166248337
0.014936800891489313
0.014583041962979909
0.014183901632231086
0.014012445313591934
0.013677313555088055
0.013887284561150274
0.014207475206720369
0.014751602507072895
0.015332294637937841
0.016504807301459794
0.017463556123906498
0.017866960711882943
0.018494009069296977
0.018765863637696754
0.019188154878830726
0.019163577680932745
0.01980954916350735
0.020138418241797476
0.02099699203105871
0.021536816767584212
0.0220338182373153
0.022412194078128785
0.02275312629372986
0.023240067458401296
0.02378447269533973
0.024209360733493397
0.024809035570000266
0.025386468987131584
0.025807733255832466
0.022850557689392117
0.026140525816821407
0.0263660076367497
0.017113190340988984
0.016577111297777294
0.01600891692201142
0.015150157222634025
0.015254043970804843
0.01463030531917664
0.01396094687474717
0.01356070751821602
0.012067473686296964
0.011221518667495014
0.01075245534340127
0.00999117189956448
0.00943107501000544
0.008961122440575467
0.008562518395960986
0.0082284496004837
0.007703707954664328
0.007422067305666326
0.007282372742184455
0.007057484512014727
0.006934259786873979
0.006835235228911263
0.0067143217148386055
0.006734317203597002
0.0067816774207882236
0.006987000006809368
0.007224180706363106
0.0074402450779868234
0.008059553920948781
0.008801219338642724
0.009222664746868729
0.010069395045211746
0.010991128079209225
0.011393239287151361
0.012065461815830143
0.012863278145358283
0.013576961510062402
0.014296676738118907
0.014722894944263116
0.015097263550835748
0.01556534347845912
0.016236378794193422
0.016552852687185902
0.01685154721835855
0.01747948768904433
0.018088371110927044
0.018650350597710495
0.019349737787768665
0.019566627917099576
0.019864408022177014
0.020081457158436348
0.020217408135669385
0.020429205686596934
0.02082366985104369
0.021040940775817266
0.021382917890622653
0.021928806723323747
0.02234347455872879
0.022665318518211172
0.02328498591319998
0.023617462948823914
0.023770853624202077
0.02357982642449864
0.023447690883385223
0.023344044523906215
0.023291885083893106
0.02335627782357174
0.023388977344908857
0.023162394314227938
0.02341891418611714
0.023308662072241446
0.023694610218127136
0.023550027960052008
0.023150150551609742
0.022570902028993124
0.02137019265598511
0.02114897088632183
0.020613184005470984
0.020817716881595765
0.021628920797371026
0.020137335166741765
0.023658161465041166
0.020528826479172042
0.02080410424266996
0.020872085659297157
0.021081308094656685
0.021212519648502962
0.02166024761596553
0.02194529680841209
0.022388655779914547
0.008531049361884467
0.010686387251952147
0.022583893319558866
0.007816709094372633
0.0077513270621077015
0.007685022072462198
0.007495407604254574
0.007657002002638522
0.00747454941944604
0.0073571840160129975
0.007460629836267894
0.0075157626776688035
0.007622231633545727
0.008021807927185294
0.008454338999584221
0.00934750166533196
0.00960452127669714
0.010026220573085961
0.01036898811476519
0.010520275446965651
0.01051164844977156
0.010786693039688103
0.01108888729426553
0.011689344021047104
0.012589355061959495
0.012754781873101547
0.012668790768671298
0.012678879721514085
0.012385014128328122
0.012001631523347366
0.011847765411927733
0.011873577203343016
0.011922216564769278
0.012030736029047953
0.012178590616938025
0.012427386735205246
0.012409971454944883
0.012160077550958846
0.012109841545956002
0.012187965370823492
0.012424160568781577
0.01276097831091574
0.012838314614456631
0.012684911819998573
0.01253203184919302
0.012435744474205188
0.011920665078732906
0.011481999945990532
0.011006937242593696
0.011032862328600622
0.010707540313208773
0.010284575737654504
0.010293902949521956
0.009931926550473865
0.009727838769326346
0.009703341512564308
0.00925668598413384
0.008821088377304147
0.008725828241639177
0.008551217094535756
0.008439886686320817
0.008522761149346114
0.008726802191731846
0.009319541521033224
0.010015278674886708
0.011001971683549864
0.011513709273593204
0.01282051356583267
0.014081953171876483
0.01504666995357688
0.018709495649434076
0.01872378047342592
0.018300371119616566
0.01823375021618041
0.018576658580804147
0.018681704173274104
0.018848811278365317
0.01940516208576787
0.01932241872849667
0.01922732994386963
0.018780891990876483
0.018212589285718433
0.017957302210659325
0.017198587305544487
0.0170238353651723
0.017100549706349895
0.017435091350741096
0.01788908359258592
0.017937163462857293
0.018091646586790265
0.018602635711712084
0.01870169078332603
0.019473554034572037
0.019988921868815148
0.020351009218502473
0.020162891329148183
0.019059129704285287
0.017632440783483395
0.016047403540854453
0.014542022985614944
0.013761274079674549
0.012505071703631927
0.011298123294481297
0.01069518244399225
0.0096878375745721
0.008789956413408583
0.007870503310690603
0.007064400440828402
0.006420662967982889
0.006129395534154583
0.005724694536754351
0.005448937790066388
0.00519785449293282
0.005064881252708759
0.00486170194464647
0.004848728992810152
0.0049261684741734165
0.005360368342210443
0.005930232888055747
0.006733205293941285
0.007574174995536453
0.008294399359102422
0.008475269796013247
0.00872784770395235
0.008705331941961117
0.008861656430367541
0.008946833996228209
0.00922568686585779
0.009894653952468859
0.010583949578346503
0.011178836790254354
0.011266970932311866
0.01173403345160259
0.012383455350456788
0.01332934446232498
0.01387343906530733
0.015259410401345425
0.016058658818213434
0.017542789395609056
0.01914173845344945
0.02057729296173567
0.02148641968777521
0.022075183272017265
0.023141887184963354
0.023902939184267523
0.02469447545878064
0.02557416957370387
0.02591139127874046
0.026595847077565616
0.02699363683992418
0.027101372609354146
0.02690470598040977
0.026685761383632177
0.026873808541269955
0.026819531151549687
0.0264330217153451
0.02602215689153097
0.025525276057120072
0.02545796250391701
0.024740117690006794
0.02423463479083839
0.023815650989761756
0.023437268161929623
0.023178014232253064
0.022420285227188343
0.021474085384353785
0.021175305630979427
0.01911675376609371
0.017994889412687183
0.017481574021986128
0.016368832547591815
0.015409187230396054
0.014749732715097432
0.01517297688036659
0.015612410373992362
0.013857208862818628
0.008812208318360208
0.016881568243864782
0.009227729297001035
0.01000017371894242
0.01076526203271803
0.011460417680061572
0.012486480703541096
0.013089270698271819
0.014301650550775622
0.01564423588956585
0.01709171211788902
0.018760420061596707
0.019713342062001052
0.021776219447304557
0.02374326755786347
0.024966641577725133
0.025732431790548675
0.024798977456176922
0.02384235704483471
0.022714517517595366
0.02201820966147567
0.02148092343567262
0.021512924881529692
0.021897613954424335
0.02253095362734816
0.02275161228905328
0.023525541746960147
0.02377087363553455
0.024354841258997416
0.02480351131124555
0.025580889675262675
0.02620717735432654
0.027092347711402377
0.02794286778653966
0.02894484212945069
0.029871363110019727
0.030844616966346772
0.03194697393351807
0.033168403879998296
0.03484144292324391
0.03645870057572485
0.03861047466952951
0.040575265258522744
0.04253381373852968
0.04411408799336284
0.01381839200643047
0.013807843466105224
0.01392542878562745
0.0134501842661092
0.014657807391587035
0.021474113739543735
0.03390734659025672
0.048499267132423744
0.010064755852142518
0.009719060838761475
0.012535775622251954
0.009907501604699075
0.010056375411139188
0.010418774022874314
0.010632229753537609
0.01086130866494515
0.010867379773101472
0.010953244732342864
0.011201183249160085
0.011602860008793875
0.012228614575092804
0.012890212195054323
0.013337732839755593
0.014215309126019513
0.01514914945135562
0.015825683405747217
0.016013278057363044
0.01589776022513705
0.01544581060231883
0.015076677793622406
0.013950488209087206
0.01382116644429457
0.013373322097672913
0.012655964971479736
0.012442297590141507
0.012209544609268675
0.012198323932895723
0.012098444320705433
0.012145602282182805
0.012153763030984501
0.012185472104104686
0.012108431231084913
0.012229279635394743
0.012341228073706243
0.012949702768254403
0.013519699128001772
0.014125992833557127
0.015015347279880822
0.015615952278099676
0.01625218505660061
0.016796545124128724
0.017627521739594212
0.018337807872264127
0.019470691839169347
0.020636118899047432
0.0217341988770125
0.023014890251336635
0.024602439936091673
0.0264104894694752
0.027719533263552136
0.02819277386046775
0.02756903367445277
0.026495325379817147
0.023454666462523425
0.02253334420239645
0.022304843034841055
0.021786604550606922
0.021044089885249327
0.02085046090326799
0.02050673041206778
0.019836587020500403
0.019437680446057357
0.019242764484741104
0.01912639149563216
0.019342677309338457
0.01921504340412483
0.019065544005089915
0.011538568569998475
0.011005103434599229
0.010811028598153527
0.0106304277608965
0.010700246649406695
0.010975406046816861
0.011245780820452307
0.011687295976387688
0.01167154521826948
0.011655677025794958
0.011275547844518154
0.01126863227039218
0.011122378800878224
0.011061444494755037
0.011205481622834638
0.011368930309084266
0.011423083739722766
0.011444371270044796
0.01165406936845976
0.01176580467796182
0.012074181273693047
0.012231063130306453
0.013215451234153217
0.014079705265550085
0.014611169832498664
0.015410835562749945
0.015869138172585284
0.016214691008109763
0.016374509399337687
0.016844539749911906
0.017405304875429874
0.017994594334130937
0.018534440096841354
0.01943311169021663
0.020715595114069604
0.021367128447531938
0.023002479165987376
0.023766552202489393
0.025208704204607763
0.026488831577832356
0.02779004485989911
0.028519815819108885
0.029592285620218005
0.03038199987565332
0.030004889945421172
0.029668165122522745
0.029680499333513105
0.0289936789386362
0.028784907702188806
0.028678388702804796
0.028307070455454757
0.028315012191523287
0.027740998096755516
0.0267763476550812
0.025953756546276692
0.025283511786716763
0.023780465147054404
0.021999453982818752
0.021168516951924506
0.01946834321408714
0.01804612284261826
0.017269213743917978
0.01585147278896548
0.014795962450082726
0.013929927258146582
0.013267977184783859
0.013174409230040976
0.01227857960234741
0.011552216250658956
0.010473892173592564
0.009472649341869858
0.012715500361749463
0.012365345703114285
0.012206345177949274
0.01216895924632359
0.01220773974620938
0.012767488533048644
0.013276030161600848
0.013362408173141448
0.013245685385642709
0.013169094720282307
0.012874284134490373
0.012890089309465547
0.012438120155909668
0.011969898831001805
0.011671812747957928
0.011671306121274289
0.011571021608271092
0.011584995856845338
0.011599707958471159
0.01163072829160472
0.01168325575652006
0.011523816741283515
0.011675048288363795
0.011805925013631575
0.011633141143918498
0.011434203046754831
0.01143602122932548
0.011243203202582746
0.01111155482733135
0.008993509944116806
0.008615938299975973
0.008399352824881332
0.008380971142486184
0.008496067481876325
0.008485557910198466
0.008425683272066668
0.008439936066187642
0.008421048996427325
0.008332801244674455
0.00835242722811658
0.008313768698239219
0.008485679293189458
0.008513902201958985
0.008534794770249538
0.008704143523027065
0.00870560246054173
0.00884951430016037
0.00884872472770512
0.008956404384194556
0.009119954816768997
0.00910551861674591
0.009105611860003856
0.009145907597101047
0.00913765408168395
0.009087418415543853
0.008992015829339301
0.008879067522830608
0.008906202831290459
0.008690559095307051
0.008631080754556984
0.008474034911236819
0.008425257857199032
0.008271317302668262
0.008236505105053775
0.008232195705456294
0.008258137178141568
0.008299563332183811
0.008302320242007012
0.008292465410322369
0.008198362055413678
0.008357962730060673
0.008490031337055034
0.008733092757014609
0.00886873719155231
0.009145340849393644
0.00923771153177769
0.009621475420901313
0.009926978259942355
0.010336996701562313
0.010429981047728847
0.010452810932595504
0.01064230047101709
0.010903363825379939
0.011102372545634415
0.011427396646890057
0.011671579720416611
0.011777259343914059
0.011951555199232933
0.01197611253046703
0.011732716869218871
0.011423321129392375
0.011121481016269499
0.011060383966418471
0.011036753345713524
0.011094736357778207
0.011358491252274299
0.011555121853839207
0.01180521482923449
0.012107811651194246
0.012476131951626352
0.012801771725175931
0.01285545547166673
0.012931001769744679
0.012972642965731192
0.0129523742149416
0.012998945793362828
0.013145050072214873
0.013325775273361078
0.013576044497731917
0.013811620403621754
0.014026406747182602
0.014281999964780256
0.014538817258892273
0.01486757714606222
0.015274842812948252
0.015496755609578564
0.01584708978228698
0.016223419100073973
0.016569891454380058
0.017067953565195856
0.017478788658886885
0.01776269160958149
0.01817318436332607
0.01856379291951994
0.018929206409772643
0.019269492851849562
0.019810840127196645
0.020125978998424464
0.020556036179219226
0.020915335904289876
0.021265351122723937
0.021633773430337715
0.021964759860533648
0.0223188232587398
0.022654443914420973
