2.0747051543536026
2.364753578261255
2.03048128234717
2.6749290746696768
3.9431800047202032
4.213799720771614
3.25435366810076
3.1452176426590013
2.6045737581018704
2.21331585433542
1.8782295856413236
1.9854931044344895
1.6832829879191693
2.453202970734705
3.0082420183021865
3.3019314437452763
3.823115667204646
3.7587212876997405
2.8389800031635986
2.1081531290505438
3.165085811615801
2.894839808023042
3.5195040611380484
2.5698207310884444
2.2597884071538314
2.2780584216949595
2.167987552894954
3.053249513397291
2.568082080038903
2.868932248661184
2.3488295280830127
2.647961669598793
2.5877337025733325
2.476637671013106
2.4276075131694443
3.163369459050345
2.1013511702213408
2.6013022799882224
3.1427122197851185
2.900120391527509
3.15823630088292
2.9694791268769
3.606452435998423
3.5957808427080606
6.417094308037345
6.057024196261632
3.8530441331338614
3.62603236209587
3.270656024443261
4.20453635630515
3.0243289062243903
2.9708682413266736
3.6692105603634024
3.6560027965111184
5.471621865665296
7.091544379889082
8.035772947947157
18.485704877499888
12.004190668085519
11.417941562378235
12.252271711992439
10.990722838059382
7.601533889045186
10.032630250480642
10.416551382397891
12.613356080725696
11.539153444275957
5.535839791548368
9.866956442696168
9.914413713191589
9.12818010532079
9.552996963905919
9.668151547281354
4.970611632515178
5.1803757751520605
7.077384105127064
7.843191695151243
5.2908603641189105
6.722896675970834
4.212797325389134
3.9325953990939753
4.51536464908199
9.639663779680843
3.234042194679732
5.375097131885562
6.780229217132762
3.357680159414735
4.6722735064340615
4.545533559964648
5.768656722640292
5.179164867800513
3.134710518884595
3.418751677832161
3.3316767455649225
6.209695181200487
4.431342266365872
2.7253628218000623
3.3685903773019374
2.95606980617593
4.465405487581198
3.8714989527789507
8.420886289025207
2.768503483536047
1.939122404806699
2.56686776799676
3.007679415754456
3.1911847681734584
3.316054543778981
3.135038072492298
2.7267105107817766
2.5016592625425753
2.8392674350137828
2.2275830362781877
2.562708106523144
2.0056519536027264
1.786742554332624
2.5607955790373236
2.582222701804688
2.4882868889683643
2.2156794053243742
2.282148000246203
2.0811887193014607
2.3261163070826028
2.9152611320227764
2.3295395389482825
3.0748341523313925
2.232449198730788
2.5594335988729062
2.187660751620519
2.5056381422177396
2.110053852226793
1.7082701904490754
2.4604405138578294
4.297646677458184
3.3680415114613447
4.082400704278686
3.63652338046557
6.649031838165395
7.107238709299059
4.316738520329915
4.994167184535864
4.527924762324782
6.063576149289917
4.03507026461392
3.390458927279318
3.3140122998828745
8.4024711794931
2.4719185311079697
6.327210362327615
8.124989650449777
3.5144599708589768
4.439664507028775
3.3739766668714717
3.0130801527840316
8.885096882116425
4.958715049034441
5.663802762258444
9.381743781380672
13.568237302107542
10.391278430230784
12.651268129898044
7.026877806393988
8.268997342168442
9.43094077857379
12.821247912445472
13.37315700076893
15.0002506793525
8.807283949348799
8.24612458715017
11.441685080606801
6.7894431187538515
17.39121597023923
12.650532078512338
10.732008654911827
13.666711615926905
12.681340070283511
10.041592857463538
13.783774149625827
14.022822926690178
20.139112028327524
8.460004532410359
7.925732718791094
7.910832742555288
7.148238974257104
18.977080598984738
14.679328307956613
7.801687907291805
7.447822532893308
4.714174364959024
13.24372456631597
7.514847679031741
14.537755040468369
6.858209891930615
6.860786967896895
6.007865311202043
3.4854263114711825
4.530415687570696
3.99658000350437
5.213894903934937
5.030392480565167
11.157653513331704
5.2872908236133025
7.736451036242177
6.702694441229262
5.419181469923708
5.769298948637384
4.263958277297919
4.720980807473419
4.041034440689583
5.161101449907916
4.197381269117151
4.676163181617371
3.26301962820009
5.198522080850988
4.046993903464726
4.819244723445587
5.7662850322003845
6.2736031416688025
6.611068540478584
7.012520156864445
3.3578816461415064
4.907760981701484
6.117305043437217
5.5157943750433
5.533584636632122
5.58932542980323
3.5962186640609204
5.026104102437593
5.926616388135754
5.332592827670975
2.919297336223099
3.5192853739215963
2.9796797287250016
3.3188074655210245
3.4461490173661895
4.6195492635233935
5.260702459863573
2.8220002585438317
4.168955952395576
3.7656492450793437
4.80649309072668
2.195401403696372
2.1809974957168126
2.195662023244667
3.327049233967145
3.180821650064881
2.4977231775976696
4.31605064831918
4.261187344717827
5.736441741660906
5.841444422841277
3.9377876214199103
3.7505603942191286
2.6798637219922172
2.176815905001114
1.9703864087038205
1.8241361309929196
2.1312231238831765
2.399804536580442
2.496138674852799
2.277833449038777
3.1102162749748175
2.5608619328762097
2.172759639114092
2.767409025247202
2.4402563461477302
2.6242196918601235
2.282938198773072
2.159447000801536
2.5951851961518093
2.3079658282676414
2.482615811246105
3.3590433418191226
3.0933345683435576
3.086705172754115
2.814287776202191
2.865499840794323
4.378886250082472
2.881797750119682
2.6658761112382865
3.3375066184208237
2.299476198085392
3.073784385167746
2.5712009789692982
2.276088007206365
2.300177171823979
2.8718721811489516
2.487038009087591
1.9343966515358466
1.7206731370195723
2.306822146229723
3.07541845442504
3.308559780184452
4.8725484362126785
3.227913536557151
2.5686093377943275
2.934623218321795
2.7438685739800843
3.578204582116038
3.235250608854444
3.98111413993598
2.2991929535949387
4.06296441894325
3.4732516079317257
4.841813105580635
6.3074241954674495
3.1975495160856684
2.47272378275215
2.906614511270484
2.879672942977849
2.8932625697112537
3.361033710511419
3.499516233112817
3.6762124654616053
3.4485468305820453
5.675009256149513
7.531315993294172
2.5405562179990886
3.947236166801992
3.8056004420824627
2.8141383335202526
3.636621218758178
2.925070148376103
2.362939306432492
2.504620029853026
3.0210283198677352
2.4766254893000363
5.397751995930707
4.908909004056555
4.59374195218724
2.575294291293843
4.53883948632923
3.8686722695057356
5.689578248422552
3.675918090518562
5.27902422364007
4.496482856769012
2.3069821077273156
4.556101688992978
7.511917235708941
4.6315558332558115
1.9506949865774001
8.467967486101708
1.7949255295328546
2.377418431250134
4.510546613236206
4.336217769107152
3.8895143962340533
9.355502211822488
7.1456418943501845
9.615858459702782
8.77560614018282
6.404457806165373
3.6795750232764575
3.647580809558659
4.844702923653172
6.352108734019025
7.689457223282635
10.141174474741153
10.314473756978728
8.543186147442484
11.315605312829268
11.816260877061591
11.444739509813186
8.247968696174608
8.318101441796806
9.4256440195341
12.436579709574332
13.334282368245699
14.041049479540906
6.563159813510715
10.41004243005415
10.551091795212669
10.276445812236355
11.370595551854112
11.00375293981012
12.134984679002951
10.290029216165866
12.69649250388462
11.254692059064656
13.05081570867129
6.896591679826779
6.4200309743019535
6.419572723645487
6.379956974159006
6.251526651642642
14.841892513497575
11.717742518149446
15.495472558287016
16.001001204197916
10.588975754296445
11.926591572075775
15.074301041805636
8.669068560638987
12.961198043053244
8.030967024045347
8.80692488303376
14.368794333925985
13.501130874963618
12.971709135191736
11.89812001075648
11.425408952873948
8.883412517087638
12.374897441455591
12.467260723510456
8.399795319854679
14.075652532438914
9.861131899120238
12.418789843528485
12.731212383554213
10.011843882712968
12.756872024378275
15.743130471088227
7.640895929615226
12.063413352582726
8.047713658392142
3.8133460264778307
4.714839034183811
12.560292897839872
3.5704595370037113
9.014660385633508
7.175384327100119
5.3536059062273
1.7622810303266696
6.698900272524364
7.549382842702046
9.136805896974046
8.39236211316194
4.198566373197282
3.6493643368418676
6.061351300328328
2.772633356684519
3.5843171397041518
4.97372522743018
4.474509910026312
3.2298841257628226
2.909554852213205
5.775693293470104
8.974994290835701
5.598538148474529
4.734051334603793
3.9986985629770464
2.8281866625634726
3.782401591732674
2.0296300401270835
2.6579447253411996
7.001907282649171
13.194315467644426
4.738002324661897
11.879534542355715
3.7084602278095877
5.954475631883597
5.090310795219081
2.2547947086074442
8.04320239965816
3.246590031606707
2.693619633425529
2.6170402115439995
2.4468916299310615
2.7781258577639467
4.611392435469205
3.234171750681938
4.671411072141074
3.9388238935084714
2.4822255455199507
2.7480778318847543
2.326569284222454
1.9962325997049177
3.021625548573428
5.608862750552374
3.574220356982773
1.788265616658012
1.8460358942596513
2.940659041059
1.6468964810535724
2.206383431254882
2.051508281609334
2.251457996679804
1.5330583006205774
1.3739614008316459
1.392503002203609
1.403929150253622
2.0171097417689667
2.008314145241361
1.27172385739825
2.577854958635034
1.2969534572307428
2.016870709291017
2.233343594911378
3.1985859347106698
5.4301374304316
2.998410339322448
2.799577023972544
3.5835982139071385
8.131839126512434
6.83035828334066
3.265749562538551
3.5519670069663087
3.342057584892543
8.238106714333536
13.45108837824976
10.787978713265199
9.969577673486523
4.626084119985879
4.411262746743272
3.8125562159053388
3.3711939642847426
2.5644548914082312
7.247680618146418
10.906914168275419
5.060360171439283
3.3542682357989086
3.3923457326880166
3.5200112150656535
2.7668657430237817
5.792012500999632
4.736971094385627
14.483889884705127
11.299593530798173
6.7244324363702095
6.237094459085505
6.330690608392418
3.582725567674663
2.7663832738707437
2.8575522061793803
9.455390142922974
3.3663762707370886
10.61469749435431
9.845055559735519
9.499017249641385
12.707890318023475
11.912835271159251
8.987408829448864
12.089714546601025
9.99759852357128
7.207023965020554
14.277549285267963
3.9261405098298874
3.086570709656576
3.52643217356475
3.3401094715860915
12.319949495393974
6.6250106295280515
13.206323937168682
2.946831430776938
2.642891811316345
2.573487742879137
2.4301431753612746
2.691236169883736
4.165234454435806
5.431185898012956
6.529629395811883
6.83138657715327
5.5269904499089195
2.8448426473705255
2.614585155005383
2.065389898357906
1.9610724302892613
2.657758788297831
2.576407845755952
2.9502450009231564
3.379283055149088
5.476611436638994
3.6284102536641356
7.778097633337611
6.151637901977994
4.392687964690897
3.3425329937965422
7.675211842025469
2.467154247750458
3.32853839112378
2.9581216212247923
2.5023965306797686
4.485172897615551
3.7748811194348035
4.529140580312182
3.538091390265125
5.800449230660693
7.215844592262494
4.576048155887435
5.422065259824828
3.265623017022559
7.184194877563169
4.891125779072878
6.167282223374339
6.405277263661473
8.880079866883715
8.59117135816162
12.887453946745344
14.11621062447469
13.27263182685471
15.724418368135716
9.192883850073487
11.402383382392003
8.037026494056079
7.405689866928038
7.797562683006224
7.853789898367841
12.115359466129803
8.30541659779911
12.19819466118569
4.293471653443258
9.147894014100348
11.547976430144427
17.404674721691766
10.397859680348844
10.155279164701678
7.815892069941185
7.608429788744209
8.194042753830292
7.091755296661465
6.977627961096355
7.678603336942986
13.313441605331438
8.171965002191309
7.0318636022029555
15.686707340527732
13.565704713482996
15.3559794002552
14.49123006584723
7.1606707370132785
4.172088393005736
12.467612970557413
8.716471595028025
12.740065180260384
13.177375053608415
12.104866896485365
11.907324323437399
5.488827121616857
3.7850408161682956
3.3515258674307744
2.885022901414802
2.6526246791997794
3.0518672428883455
2.618122950578762
3.2815514221167397
2.4537890865257506
3.1930955563631076
3.2537718505902666
4.850212454377663
2.8622855178420767
3.934911013304385
3.852687815368411
2.1916294397616802
2.6008403531873547
2.526445911854111
3.548249556409954
2.5116273286498436
2.6346396278294186
2.6183353941288425
2.5005531436592747
2.5354790207787183
2.282269847548468
1.6660596045627405
1.9059736148987074
1.193153076130907
6.399257562416095
3.4212484719373997
2.2664238483953634
2.3337170566819734
2.3911350322667166
2.847798285673881
3.0306508398414063
2.9410753916825763
1.4585429525264844
1.6134941071101434
1.379315442928096
3.28046527629889
4.392073325182759
6.353035356153849
5.265751725021392
3.1437113246898853
13.843722084974948
12.13664286626702
10.05670660282414
8.694219001546667
10.651234046225431
8.703716570695772
9.344671277936026
8.982538296632406
9.74064822962024
12.779350864180945
10.59721337045768
8.121805185964709
7.18821445316477
9.230874867968186
13.688496404856902
12.684620026430034
6.125548348031753
3.7216263105795355
6.392019482247202
2.801697405054381
10.124673569947229
7.777084557150376
10.154388874560018
6.440286367570229
4.559903205301908
4.725029981833482
3.690187850920348
4.189053455081716
5.451888514311109
4.05598177852519
8.784461149981183
3.6334501222749793
6.649931048524086
5.505505677811314
3.6444926626184575
2.053394676036459
1.9003841361414135
1.7901777382272983
2.0892100847588453
2.131875022345099
1.65674699122013
2.3324017724871453
3.0997231677360597
7.358564665484886
2.5966701198581097
2.411189175451972
2.277330533475462
2.0398028271907904
3.331377599040754
3.1963520076808978
2.6139414467431723
2.2805614418966256
3.559633965166877
2.8403819424450907
3.0764259298941896
2.3690227784367472
2.561672813854677
2.9685371755833216
2.592956470083673
5.561012906929237
2.548955483381813
2.8251288553320015
2.7302086049545147
8.143598079108049
5.106957446624652
6.133757228458034
3.040157226091118
3.0925273887033953
3.6704743965915063
2.7771495337284238
9.722680117539545
3.7598692458824274
4.81807136360117
5.753725268915524
5.630947758376204
4.727499227167239
5.617798551282533
4.01473442190998
4.184205350808889
4.204473495344895
4.483644932918748
4.0560697951430615
3.228393397514938
2.712142928167107
3.075032141503858
3.144756275721144
4.392990034346366
5.3072747883784865
3.2714873831645663
4.9415810010370125
5.019194464470691
4.031413441423206
2.215100345264233
4.368092692130403
5.3479437809616055
8.334705085471722
9.193089474722154
8.038157460820047
6.499392708181171
5.032415102698134
1.757056043356441
1.6461483415259017
4.073691449600418
2.98740383001539
2.806996735786101
2.411946004442785
2.2030951226592457
2.5310112109063203
6.199377602973676
5.7827507427916185
9.305801168729282
12.29713915343599
4.490748456908199
11.503568827296721
12.701766801503222
4.142833079225716
4.049607335051996
5.599325805955991
4.717485519344826
11.196713050628023
14.546517524744123
14.87236839325097
9.916936606252655
6.624351506055151
6.5243524576510605
8.80404193629331
4.410952049695244
6.595175524971033
5.49524099585952
8.300626260637358
7.811321185496977
12.922341708224215
16.46032772426857
11.212562410036456
10.526439118330794
7.681551946793272
11.957924686479531
3.265931131837821
4.626637102746829
4.314518233732818
4.787005772364558
5.695532902192411
11.686602489400968
7.331215751301626
7.270934725675344
9.346223211033408
9.319405949792104
9.652118294681216
5.681779993801074
6.917351537588876
5.832552660445096
5.137826527702057
6.758568133369361
6.4745813628814926
5.249266430311831
10.138026760248911
5.768343876273675
16.11158922152359
10.517744095902868
11.735398199806866
12.789150004422387
12.99979090061557
10.91620335997127
11.626359272533021
12.840068150487625
9.13652958180525
9.535408871964988
7.207416375051048
7.199326096384766
7.183216187679603
5.8903293890564274
5.044400347434189
6.246090116575279
7.393939033912508
5.6101484842375084
6.060576574236793
5.321020552546558
2.2516148902173017
5.909844122068211
5.565040701105678
3.7704514156223987
3.0021454169013486
5.964732894407395
6.446207160175213
3.7453358325334825
5.046199332242375
4.235802140001831
5.329946753814877
4.01627758403002
2.942178282243211
3.3791862356432802
2.314165097982259
7.129189600160911
3.9400233364212864
4.64710212461646
11.060446069311917
7.658030083920339
7.330343280399582
10.175362313484404
8.548294539936952
7.903507916527291
6.781196455017316
5.816303961987555
5.069282818363513
3.737702303109932
3.9553742989391694
3.6806536422263414
4.0827351118724104
3.785199280945348
3.8975476891199214
5.787972707840934
5.259635395459635
7.813919448901276
5.4740449948099155
7.5474079509483385
5.606638209919568
4.344615060251444
4.241026942616318
4.7156196369603105
3.5968830815702733
3.6767288862076226
2.4199782217783157
2.6155970010590073
2.7383904694114856
4.147385418317091
6.116579055322264
5.209166699481678
3.9271073560951573
2.387471595173198
4.61179207719961
2.4630857482170905
2.8754724417120094
2.9609264286226007
2.93552642855719
2.1167482339151316
2.3521724252041785
3.129882030881362
2.3440022849870834
3.269960364283969
2.796091444590298
2.1888039243482393
2.114940996620152
2.064109364570064
2.1490294837911277
1.9838190856748852
2.0265870012973934
2.151961635203104
2.8635072337987295
2.6282681017363987
2.7514486214171865
2.2872972584924733
2.4316738699906657
2.3151600153177303
2.3099796710798928
2.2587221478221964
2.2184240786396936
2.3501871586653555
2.0802093976683205
2.3478900494965953
2.6095491033855818
2.785704313209191
2.2708216244764023
2.078671214052831
2.2665780285519275
2.2225917685805836
2.0478253708396386
2.317524227694497
3.363851277099748
2.9801087070208228
2.554431789336634
2.5059294666984138
3.2313707041031834
3.1507239937707334
2.9987850092691763
3.332209456667094
3.6156379406981083
2.6340233706628164
3.118183762658658
2.1775161856202288
2.208176272566404
2.3869520712271344
3.0488586642201794
3.566733117030587
3.8587737390377796
4.264849207663004
4.615634363664376
5.1264008605501585
3.080663215410565
3.8438533326907547
3.824657388773075
4.208905115734419
3.2962689697221252
2.5170094144907886
2.9684851052505756
4.19745149156104
4.274856003053322
5.197012954568619
9.316197552898869
10.497471477889693
11.694296872928861
12.900266202316834
9.950454410334197
5.561575288026475
4.326174429312468
3.55970396539234
3.3436821480417698
5.422726184142264
8.26165180484205
14.190030167032063
14.899081422130303
9.961024504384277
4.732939301662986
8.264147683855962
6.638860085578182
14.960793877206665
3.537610090485039
8.298407337461438
7.065179523694039
11.03532561324239
12.728402137546006
8.118758001099545
4.817415510207347
6.219081000667759
2.9610169358883094
3.268694410165753
3.403236735814539
5.397399284744346
9.367449145338883
7.778055432139707
8.25008638631519
7.691507780719799
7.170244415884841
5.914397943180772
2.939132713481091
2.711344062531226
5.663414508038175
6.3097625929383625
4.658179384856419
7.33772166636089
5.137265652824125
5.6070491619642855
5.354343530589427
5.823711493163856
5.1418892286278775
4.956700015812312
4.6031897349425375
5.523908123460595
6.19730685251299
5.085002004831497
3.3303763361654966
7.535669282231612
6.116946564584607
12.079443048488239
9.836787136036993
8.51729148376909
9.556867288772441
7.6886927113588355
11.43281510493895
10.503891333451339
7.7437876867192035
7.230991103059038
7.5589421280938325
5.7631045766880735
11.421485572832232
13.244727000661006
11.699094297175993
11.988152186238466
11.769196698008926
8.526866069580844
5.549337600058843
7.22700025993646
6.069276438972121
12.646739473738212
8.943094997320632
10.091766770330217
8.22348329183438
6.470666650328643
8.762996881839829
6.443754036223052
6.171185420261637
7.993131882354115
8.308653574740196
11.545474831744112
7.568620990388467
4.7841499033652735
8.447325099322246
6.94149985286862
10.55016641277109
9.56200564300446
8.464029462284833
13.287552676008929
12.969740373527937
12.472227140245346
7.972598704860287
11.25401650140316
10.926156096756785
14.622987252700634
13.446300993509757
9.018540631772288
7.058438423439826
7.774793294679934
16.103563143957885
13.151381629844817
7.997170858675314
7.461331215206421
12.600226067814535
11.210937556603492
15.857717848425438
10.638961979162392
11.550185801248691
12.560061205303128
8.550778684338733
12.907700084562896
12.468759598511223
11.82915350351586
14.60944731323487
10.797915176130953
6.097913113004036
4.725104117998697
4.8969566685643375
3.82203129405515
4.24064916526877
4.054554575874393
3.267086790900456
4.016928845913273
3.399984150675678
3.71240269151074
3.1442938109091836
3.2960256039354876
3.171024876554059
2.628941923199546
1.6968796166692208
1.5094887458705162
2.3088564612483893
2.67317556443888
2.51529853281352
2.2677285716193856
1.3248635943123126
2.0388018351812525
2.8333277020028875
2.484406780932971
2.2123413913943364
2.6072443912756302
2.1591868753457204
3.1470338225973853
2.3617969909919294
2.3575030799046006
4.918947887789911
3.3435882137534256
2.207243701194719
3.2971264816796024
2.9251024706040556
3.675387455021274
3.210614152423454
3.5589331936426314
4.442614813790535
2.4557067671586497
1.9781673973340432
3.6998131131643435
2.238505898516317
10.956343257166012
9.643225415791537
4.281625981729111
5.198310493172063
4.95388712032879
9.285475781953236
4.3026296542398725
3.075265073216748
2.875790434364174
3.290610480193709
3.157546933155603
2.4560411604808934
2.093543809431538
2.473494239935526
2.208961825692349
1.7726992573615945
1.859928127806968
1.845092236595804
2.0430735442066092
2.118389425452146
1.9490091069742241
2.0093195240391983
3.4055044594860355
2.801030303484771
2.0326602680663655
1.9246899166969205
1.7799107399637475
1.7371730415699118
1.4571705708453353
1.677469024020971
1.4724068758298943
1.4530712234081167
1.6080162225907046
1.8637005240521625
1.9081594055725462
2.197947747232591
1.9796425830058102
2.2337552759133823
2.3768295278668554
2.8150027389120993
3.0538375909858226
3.4619731782375376
3.6915635215077245
4.433429326703507
4.907222296851143
3.706421914837861
3.2567918126679274
2.583237535180659
3.696952063030416
4.6201972370137
3.2178964133577423
5.035872566150348
6.235122304317183
8.580028739579419
9.923668559964707
10.09607109652641
13.926093733386114
6.761401874815988
11.640956618734345
9.692587453526833
12.612895354458113
16.35493507617364
16.451507034521416
13.346187208331127
10.172261925944554
11.97301520943978
14.766961126518822
13.490582739881333
10.382970175660116
12.715318651608978
12.44320527741135
13.252769800892267
8.418878238943261
8.344185449242218
12.274096030401338
17.276223731784572
12.350916816955102
8.718060940789885
9.014747510495987
2.0471438869336542
8.16340348184885
4.633193430711911
4.090424664238306
4.135514841321643
7.676545256406224
4.654741162873547
8.170032579746978
11.953316214082687
7.810373997820738
12.792406528493379
10.283821845520238
7.056741553108358
7.849217143768838
3.6525780072489056
13.43920034044964
3.819533793260116
4.900814486552838
5.795843633175251
5.335425774324567
11.50178892080686
11.17656658104243
11.974491984068537
10.462483061070062
5.711687166229444
5.920872771931584
4.881556526545097
7.691917876019953
5.095895802893996
5.577110191634207
9.549092235001913
3.946788826239615
6.434537204737955
3.481690774674097
5.899541614639215
4.923635223583272
11.142902563022101
8.114872546935702
6.761927960459801
3.929658913415704
1.9906394577129884
2.336679776124135
2.297288437939477
2.81336481829013
3.0024213727887314
3.1656624280058496
2.4138736199366013
2.109473095259439
1.957921384713022
1.4276227690415637
1.943751351834988
1.7687796848117994
2.13402264994711
2.149032244277845
2.4166935585837224
2.4344713615354263
2.429245127542507
2.463331650511975
2.0650967769366124
2.0739630244761402
2.2089363406096583
1.6216113879775875
1.727691689968663
1.8855275976891126
1.2490376338099385
1.7409833786231275
1.693133666324578
1.5855399043039236
1.6850423742797396
1.941804410438389
2.1858132755976216
2.293000961880409
2.0299583759481448
2.342936225946924
2.216098961901401
2.6259962916796242
2.1378471152009824
3.7266725903255207
2.6085752684159793
2.843882908262638
3.021017095040082
2.634192330496163
2.4443334881040975
2.724001419348729
2.0959339950498506
2.8489479792072334
2.5048732542836887
2.728863950279357
2.3933650519896164
1.7974039891594515
2.1562211585720794
1.6062450488962488
1.6483481713453354
2.0202933063520856
1.9760218743802107
3.0853934563962726
3.0338892802174904
2.97175821804
2.2551565320001767
2.379514841781048
2.5100281903761203
2.3863770120294054
1.844539687285904
1.955133416301868
1.946901425285505
1.7768634334041242
2.4616606360555044
3.0438812044514556
2.0188303837166135
2.0390655172427374
1.862521670634654
2.3970375711632537
2.1676162078431425
1.8114573294936431
2.2865615397886203
2.379032273070446
2.5998410336266806
2.227904190165117
2.053641487329896
2.1242110350127006
1.868710162198767
1.5341564991916454
1.5362018059576061
1.8062656704994027
2.15895164648357
2.444067593011845
3.6757652003504804
2.8643231412901327
2.5997949176098434
2.5781287201386567
2.5647062313976017
2.349901947263386
2.225336991467468
3.4815718936681606
2.57185395347517
4.963686849362309
3.1239134672629896
7.98466182831209
6.558895268774873
3.396950322146221
3.549540479896462
3.0220078690298817
3.242790853577586
3.367665338884973
5.499548235666801
6.84493281043861
2.718103888350706
3.7805522971620027
4.864198753893851
2.923803483684112
2.282705517885403
2.8169874240739476
9.210954829681981
7.411416904177382
3.6733533481930083
3.448002605235724
4.906587678253588
2.53156419141712
4.71691090296669
2.1356596339396723
5.43581244882527
3.562955149029669
2.298460422505884
1.6217734564685191
1.4281291388920123
2.7092006640378643
1.1280163768159794
1.2161358459668028
1.387486565249614
1.511556930247147
1.398745860135628
1.4779488757679735
1.5796388756715962
3.1306898938025225
1.6184617254618612
1.5041064202686911
1.4725743995076872
5.153627791802423
3.768207777459506
5.298421632451744
3.8909942850438632
5.73555934603211
5.381865334743772
3.4638990580125104
3.4552335496735944
4.455439352023116
5.255329247340962
3.783546425494573
3.3155363327571217
3.5260998402162214
4.129814199856212
6.6128999652776885
16.652117785364517
14.910813735150464
10.682978122274324
9.036325987071818
6.610236003531959
10.546673969153876
2.8863848789750888
5.890324109026923
3.0862705108184865
5.318587886653075
15.086536707147896
12.647371407507087
13.632947263246578
8.863196797544125
9.499074260230797
8.64931102685494
8.434874393061516
5.7733487783405035
13.036805541756667
6.01160816072125
6.0020215327096675
9.429631004014691
9.604457449009253
10.003242212188868
12.957940802960485
9.648662521428264
3.2519124411596287
2.9419093589087257
2.726196250255753
2.5163874421279635
7.461071744198856
7.103651329721418
7.10665845073945
8.04521821351309
10.301483305929551
6.07339537893629
7.705361052131624
6.700377911097709
6.839317238607604
4.897602951893825
4.226892340721316
3.224271736313277
3.6188525190879957
3.246229975414997
2.5275966043714506
6.922652935619878
4.497334734020428
8.409540233675651
8.674303708821055
8.138272387813355
4.893121092674702
10.202884931591747
3.6349287611996624
3.145451142336781
2.541944315808719
7.953350822752559
15.144220477614477
12.43461342282566
10.25515234221599
9.650176344859085
9.841406030636461
9.865284132107947
7.599984014199353
9.2663577394354
7.36804730875298
6.696679449116855
6.906540286744592
7.445675753320041
6.574111700034594
9.296497438137145
5.483484091901043
7.629073793306899
5.534571500777718
6.300974093900452
4.40242013509614
6.905629658140602
5.061188565918712
4.220894134857373
3.31236366206125
3.0237717364223675
4.129105840227416
2.9369894208862246
3.3678332150532837
4.794477285890418
7.503976655740361
6.462416435863889
12.860456449195445
7.1323275425083725
3.447405119313676
3.7637565226103753
3.8251556527536246
3.0658149778727894
3.912478938816997
17.823654535739564
3.235629265817612
4.523828572717941
4.3913885208236945
2.71660647567743
2.4737242097597254
2.9049962277928683
4.4248120169738465
5.2282566462982185
7.2000925177792805
6.766273362617056
4.705377685514881
6.469756859439839
6.136062196699475
3.0601434590640353
3.1946273572641766
3.730653712594081
3.4599472990013127
5.066822956792926
4.111018020627986
5.220332318755308
6.25418941042315
4.304854665171016
4.712115478910176
2.556707024253533
2.5335800912901476
2.1139090224718884
3.0172504231618062
2.4949718835654293
3.212989806727162
2.630822497917214
2.662884821733587
3.1761996809986335
2.1888112283493086
3.1342504508410047
2.4403091211708245
3.1662187077127344
2.692867085005148
2.9518069879123194
3.0034566446059068
3.230012454329548
2.852337180784201
3.514327348874702
3.194504766674161
2.62890990912443
3.7563390598146675
3.726814958776978
3.5505010315435555
7.336754461913682
8.959568304498246
8.813664238351885
2.825793786222965
9.598669761332477
3.1603978986868686
2.625613172993909
5.368653546032602
7.063866052532786
4.290509302200866
4.180326138799544
4.583661928006263
4.787369860928648
5.812026288614708
4.192336708584285
3.603393124699136
2.704616651595706
8.82184740662286
2.901232623116074
4.279189084090332
2.838423721992098
3.35533340533688
3.633262205925921
5.18689223887448
8.10082349458277
2.7266423306898515
2.962306565822175
3.943793419275879
7.767265170511385
3.588514555009985
2.7303523723694925
10.947725269887219
11.28772132235338
3.263168174636637
6.187834331437664
6.6287931469560775
6.433238370839597
12.166366233398499
11.741180482069627
4.363475817449671
3.577411965312371
4.348741528870811
8.038016154881948
2.3733118065950154
2.4226111116472935
6.831710939198556
7.591277479942209
7.51141751188873
11.493900334244723
7.386013367841686
8.561105517165014
5.32532885196565
4.548447350780312
2.2791303428864538
1.52515098679964
1.5704877933758863
3.966522044751476
3.799343230207822
4.892955655114133
3.911428002371084
5.72716504553048
7.889761619562089
3.587849868982187
4.570641336863416
5.691971918345724
2.0767958385614653
3.969579201723364
6.108859828093091
10.185310269208317
7.436506810196763
5.527175589656969
4.86958392799436
4.814573354186218
3.8744885531373585
3.199608465423223
2.523852334639726
2.166430508692963
8.367624453091485
6.577683181786609
3.7754658216938246
3.673471411841625
3.5893656605162034
3.754176306088103
6.914726937363969
3.1632000079947393
2.9075586222643
2.4026033017381714
2.6069716680743316
2.382172415183495
3.692847745490515
3.841446303975855
4.648226911107872
2.915400514874044
5.394170087109408
3.9521277574809313
7.7583097211591365
3.2839437765196022
3.6992314033053484
3.380500304686761
3.872152915274704
4.98393091301446
5.490875024476187
15.639467542479116
10.287306078632986
8.291268756228755
7.765681990434198
3.71316592151736
2.8468691138461915
2.671704273857021
2.7783812865990933
3.0612771782578294
3.40395420466029
4.068182461493178
6.221592045433183
6.300982498579925
3.3336058231907324
2.9365432936224334
3.388080550831318
6.474712664417351
4.9767614385421854
2.650746293686683
18.996795019257977
3.34964479258898
3.8470053698768027
3.14327264567526
2.717003671483568
15.903481746660992
8.73283269118098
11.128759535347088
12.60393283587262
9.010878598244652
7.610617758919403
8.875977272917169
11.493371574951293
11.208066188990083
12.814033307973336
5.788600471011866
17.76067775189007
9.972073875032482
11.700583074827675
11.29176024414601
9.80124339863364
8.918091556479883
8.165027985368544
7.12955953104117
8.293705850557311
7.544925535344116
11.58628899990693
11.094917311493703
11.251811500862305
10.059510499025642
9.141306445839042
14.636826009283968
9.895485761997
7.509100379459935
5.581631490366398
10.34488343144713
9.614385660042672
15.117120076180797
14.068707493861087
13.554048899013626
9.356495511400055
8.287147372031741
8.792678995104085
6.725903619468764
6.077074010490042
2.5103125509954927
3.0101931826526354
5.235263926464659
4.685185751831662
5.201419988598444
9.023907796013948
9.008614506312378
10.402960918823903
6.436370300778367
13.333845277859888
11.266062429215047
9.246528039356692
11.867277055716855
14.459468082311403
7.83962643946092
7.180662230489544
11.919413310067227
11.563006960186017
15.039453770681083
19.067988219438604
19.78439365969864
6.902495615261065
5.432933076892117
4.647905234468653
11.059658437881346
15.089487179554135
4.730216869954102
5.38862304013623
5.586246870952098
4.9513231490949074
7.830296689083269
7.654557806899922
2.5541950303512504
2.8353199939485245
2.3140699858776785
2.385357749464352
2.047660294794347
2.459942211113688
6.628132298430583
2.49712980712158
3.2719839551024505
2.684284043309544
2.929358067343048
2.469511898488614
3.2949327741961363
4.12072718804715
3.629934388950455
3.2611221231577914
4.161714284626932
5.444464457582089
2.8869448563258726
2.5084473879960556
6.50500071298527
5.638055948821357
5.918639611105386
4.626462904057026
5.248488954250939
5.106364535671416
4.4257466834935
2.2027302318250768
1.9990307870010373
1.9667419499484822
1.782892146950274
1.8051651960585045
1.7835679654102017
1.7221870607213714
1.6487548590289802
1.6319620932747747
1.7244770864349235
1.7388374562289983
1.589367318266911
1.8590510225506822
1.8773516027048345
1.7185144553776568
1.7570885321675367
1.5301145826001525
2.029397148653905
1.7663935531719932
1.8642562909255123
1.774779285281483
1.861408656722676
1.762201611519891
1.7652990620184212
1.9427836997401244
1.8348613512526615
2.473156800651907
2.22053099611016
2.441636559277099
2.2161051791228883
2.0471259102696
1.9838484607096212
2.033611219123551
2.3109763568352886
2.4607099165261954
3.079204013492126
3.4863910705536774
2.6177345435295925
3.7043964556621822
2.3772823010979733
2.1336907682242208
2.124509326997238
2.0528183875482213
2.0351954468540967
2.246883821309672
2.5860213506450966
3.2125387176412312
4.023154220331496
3.9348210418164427
4.698308593300316
3.0409926183087665
2.997966682314687
2.8630889737461804
2.610465229236808
2.568442587978347
2.703677629127457
1.3308918351221055
3.20563014543839
2.043174348843728
2.504893063470847
1.8391841814620307
2.889454519746591
2.3337318923778634
2.4194613307163038
2.7296683772125454
2.609456986518814
2.463482391180692
2.560364597213157
2.2306342359044145
1.6917636615251184
1.9910251728481434
1.904543797976609
2.0961730426547596
2.578509473245087
3.3032802155350693
3.415565020740366
4.800013111654367
2.704107588224562
2.472373370143034
3.5069101839797527
2.605731488776811
2.224638819730881
3.2565449230568833
2.803412421376703
2.937854674872546
2.8265496388439533
2.690686247846613
4.235423999418639
3.615563502371375
3.413961690364643
4.503419852639812
4.267137237008128
5.724509915668908
3.193852088420507
2.8529771008289977
2.7175510398704796
1.8080956544490534
2.3127549860028878
1.2074006691548298
3.500010276782999
3.565446329654377
1.6607234270973603
2.520580426462545
3.093910308464671
4.149322504437107
3.727904452007622
4.443206185619423
4.364928237471543
4.794093263334533
3.1639262581347865
7.01526313802218
6.363292335929463
3.8156571436819284
4.042810077290413
3.83942560498958
2.4087971716804075
2.018728235854198
3.593676959599951
3.371982665852471
4.1136761465256315
4.289781858027377
5.181306866506225
4.782629908817925
2.425799743517833
2.180134669156213
2.3540454862001754
2.1657982173535
2.695234328287253
3.150484830327007
2.419409244368758
2.5311901497960294
3.2702132026024557
3.167357942671706
2.92210730019116
3.538809551847245
5.159057952193197
3.6721372151297764
8.281043028525264
3.911363778750701
7.080804242105451
7.740258829310918
6.592596959171047
8.340933308402544
5.862970178688483
11.150726361937126
17.171761588218647
14.517237116734984
8.103012011945491
7.223753045291895
2.744798121564247
4.241225110100994
3.513601720260003
2.4745824076955962
1.8465203720939047
7.584837455169068
2.6724130946815228
3.170418260731666
7.152217988749082
7.199908884852869
7.520290876543051
7.345254359956949
7.910738622707129
7.892764610391405
3.1840789466223334
3.4612878238204265
4.5954077306631635
4.638333914546051
4.01280324002168
4.348221414858115
4.239321353090136
3.6239270805703816
3.246895654540979
2.558329277411006
2.20164252401383
1.9533144560843023
1.9000547002184445
1.7232240053571417
1.755345216283581
1.603667666343617
1.798829772925608
1.548290535961833
1.6133911721767142
1.4028068357691312
1.297335467279971
1.4613034249036256
1.356499179720768
1.1819662759503713
1.2971266255826825
1.3189830473015476
1.5545273962832715
3.0532690600595322
2.936243840812243
2.9441925543771115
2.993969229473547
2.504866915751158
2.365569164930443
1.950702783936983
1.5853014772532195
1.5846660619920316
1.66241230192433
2.0296291723233675
2.0395890459965083
2.3704704917925348
2.2362591337608744
2.235033207258552
2.335404065460571
2.41877875717243
2.083029522283347
2.1213033853139835
1.7403766759678085
1.8429246169167726
1.6274913082049909
1.6608845696134196
1.8201236712607272
1.6105076153363658
2.147781251237346
2.385433046848658
1.9374286869420465
1.966276275522823
2.862421424159886
2.58789576131056
2.9787413783535563
2.754645548336629
2.854382541366523
5.255650240622328
4.768827085850975
5.961812819510823
8.626600801223622
8.114550076902825
8.293961158418522
12.03569934295626
12.214004780333202
11.115640097819943
8.873339645488857
10.63325179354633
8.887167821685107
9.881676270320119
7.510177366164534
9.088955910419559
4.951686872039054
9.18238919877437
6.876777695869629
14.383961967981008
10.837001921252906
9.622170066203676
10.00308219960024
13.366484301417234
6.588091450240546
13.648165500230396
7.258674161257181
7.0401675471785525
6.23783314196348
6.1965615392249545
11.696338015350433
11.58722592909993
11.594820276797458
12.690475837548203
7.235543963732326
12.866866601430065
14.047393009863697
8.098097751129616
7.655711402747533
6.612558638260535
12.339567120758941
11.079952078738073
9.619039654250962
5.729857900882336
10.344473680237492
2.4083781837391984
2.765728962629089
2.3124472646266576
2.7234448011740984
3.167815659872619
7.43901752060963
8.276982273016106
9.595024503382056
11.274706268108755
7.5685761498206165
10.153921973630633
8.80070350141168
6.500037771594693
8.458528457200316
9.23756747833362
8.295771631059644
10.278332740935259
12.020198125722098
12.128393421681821
12.399360155662714
11.383531200380153
11.871100977147197
12.553064697257756
9.64196503591813
8.702071830943796
8.121683986880432
6.920643945363449
18.342628927736765
6.768929969977819
8.830114218495403
10.250675746559924
10.560756852427186
9.217928267018795
9.656183331504916
5.528437197679867
12.607216941634977
4.6122207542881934
9.955835893849853
12.289642775697944
10.206264171660015
12.305522915641928
13.636692748559119
16.916158111309002
14.291630202770477
14.028565873908386
16.871824816716106
12.652509220096153
12.861837565622755
7.1383967183848895
9.442154248963735
10.906324979085749
10.042606830776007
9.77249773310472
7.138831195125117
7.434132038376676
8.592570089426268
8.46689172017595
5.142447175168696
7.848763214149324
3.79083218933813
7.113761657555324
9.280600011387543
7.514902351064004
9.834218228385877
12.359021269760472
9.125443978652893
7.80485607613079
12.904980158128163
12.079195279708628
10.855740873078371
8.797413347878216
13.92704032975001
6.9199593637322625
5.164414524060025
5.380829638642393
5.656195105251873
4.822330933688994
6.775790603412274
2.092103273107361
2.4046971926666894
2.68471219205503
2.326363787362145
2.1665072847457525
4.263777364005007
3.952179375426784
3.7734433814321635
4.164007363016472
4.180693008931781
2.6068953286958783
1.6025534188360484
1.5644653362363312
1.6608369197396358
3.1782808137806122
4.637687376787476
3.4755749491005496
5.578089308132528
6.040940417307231
3.299857413103534
1.734077960188139
1.5346645702361008
3.113351102139314
1.6195785179084008
1.5374825490225015
1.4773737404552536
1.2136615599986917
1.469777929683044
1.348281001793246
1.4093835893880546
1.3603108701437934
1.5788881446335246
1.5617001197008828
1.348180003153752
1.4529680977305537
1.2581117020291936
1.3287539950099048
1.3833474812804583
2.0563315872435117
2.39279046507956
2.4234708890028975
2.4802676830595005
1.5954079901451634
1.475428302311513
1.5703001400657521
2.4752859992296403
2.635583440108369
2.3868707757334313
2.558556375069205
1.8335823218969218
1.6196626335027706
1.8076054055371327
1.4451885079793727
1.5268788234183623
1.684594981601914
1.759944098264987
1.222007460943812
1.7206739342979762
2.1888690101263077
2.306794546243089
1.9521344502271394
2.2658825024231555
2.309610050118426
1.7354931274823386
1.7878557522525298
3.091507127385498
3.1039186589667818
2.6101165743353025
2.4133368493210643
2.3554608522651455
4.883877031273049
3.26412181644489
3.5378581874279127
2.6997256215168703
2.9461952749250013
2.097638935084402
2.8157054110678197
2.248984447219431
2.6757291176542863
2.488064816646064
2.566876261640264
2.5068050741864196
5.397216756000484
3.4540135079632757
4.750822274589406
5.44565304886116
5.3623156596975345
4.956366141952399
6.298160500264434
9.173937934289047
15.4004681474463
11.374226700593809
16.78272716007084
10.41836492797399
8.57883995086455
5.31787230199544
7.109341686322695
4.984684091827569
4.924216812626513
4.62968899518571
5.914029678510602
6.431765704278668
13.864522021158232
15.044214199612904
15.18954644852376
10.65844837063637
11.537014592815893
11.544347927685767
11.951422913001595
11.122958542893624
12.019670205624845
7.811964469896331
6.401198648755971
5.628120193779905
4.527763966356653
5.320239978812075
2.3650904894066405
3.153555976541031
2.8046490625253067
3.604129931963706
2.4946678165011216
2.5639696437925634
9.758296409359199
11.2525261710459
7.394248675362664
3.095738945154501
4.136804712069507
2.341131582121524
2.991375553371679
3.112975926399595
1.6384098132880986
3.065561510137796
3.5987507873006237
6.886546317595508
3.5435188859134237
2.2891036313039494
2.898680140184824
3.1981667449859112
5.613125323245015
3.137825587226838
5.260382404963158
4.876680717046225
2.649332862182571
2.72441868527274
2.2893705137436604
3.740521566982077
2.790230708928687
2.214949282815537
2.540221306148504
2.7206326999035597
3.0173839936203284
3.499251299614753
2.1401348090069128
5.0262874343561394
5.500660528539095
6.247625879832674
6.739994715984747
3.5974941560675227
2.060703354226978
7.399096414740437
8.238718381935485
4.432798047088688
2.0071191986820778
3.2482988945685904
2.3509706341541006
2.3961158893476457
2.472100403590617
2.6799266185575825
3.530753123646226
5.9285221892133295
3.7838089032352213
14.57207752268032
5.619174710700401
6.145252049675926
4.2042030872012655
2.892554588578413
3.0497195413072147
3.3693464611876225
3.1507831626415665
3.4187032824741026
4.233218421142046
3.9996597284517974
4.619217953142232
6.3862434994192805
7.253934004360995
4.680630386333195
3.6591766082151755
3.292283652585217
4.541534072870368
3.352218888085479
4.599399976338221
2.624219404702661
3.192935864254219
2.919362647796104
5.624513259067937
7.037342913655097
9.835510795182847
14.2768223827712
11.351041607694345
5.874212511745265
5.652320727474965
2.6605030763966053
5.6815516941177036
4.503909283524083
4.816572483140074
5.508901608929986
6.016033429941847
9.387140799540823
13.241107297713816
13.446792413489476
7.132393722927937
15.66791814635663
8.985037196205294
9.14588403490529
9.052189603634547
7.820932921368266
7.5299615879266355
8.08705938226068
4.723867040895209
15.386032025814051
10.703192532907702
8.306643758981265
10.330865294631083
12.590636250811674
13.29713256462552
11.67008477974674
15.393203452850582
9.086722938702145
5.224158984779113
6.136082146710692
8.479389812304847
4.309427583423858
3.940313868116969
4.769179811181867
4.275957960435127
7.658993182466652
12.930305929497905
5.243923725597188
8.482789202902428
13.070634058157475
7.675558874321328
8.576478923198502
7.497422419675298
7.669837424355426
1.756993067879328
4.407800762735822
3.7677201917710668
4.047707350292223
8.17298884193454
4.745782565445792
2.0561625910667094
4.99618163857395
18.81964159422463
9.883245678763961
6.921175987115772
4.949943938817299
2.445852093294686
4.379031305912423
4.8817663371697915
4.414527807756381
6.875215422386626
7.800641153137148
18.29924609082272
9.14344457871254
7.930841160405248
8.966204351889143
6.971829157243927
5.300781827474317
5.933228250304633
2.062261852233856
6.799901745376253
6.073875122670527
3.5895872815281797
4.728134475818202
4.477083507527903
5.082335740594656
6.497259371084411
7.754203549847053
10.802415203347723
10.059959395494252
3.034483338972337
4.509574215324225
2.8024798341438695
2.0093091062769384
2.23349720333652
2.668415304432769
5.55978081709033
3.950721476955979
1.8373246747431171
2.2821962541838814
2.703686440920592
2.399182837385471
3.066284310629464
2.8596916339281124
3.647697092116613
2.2643207589611203
2.8204559186063958
2.9846391834076402
9.672578885886825
2.655735722800663
2.7258633696773362
2.1932562602601187
2.546756502862303
2.9520627634461256
2.855435413588727
3.049488090729701
3.0881810818981323
3.352049233046474
4.716227531492145
4.34552586983384
3.45938944056887
4.032342840919054
4.363811836144677
3.2261958261225265
3.0996349246981323
2.8230252086431995
2.751124885745372
2.1684086651184877
3.3051451551643565
2.6503888752851816
6.075419395275071
9.943810121105638
12.431876975045068
4.514168907218381
5.473198258182844
3.655736031263495
2.5581412707061277
2.1162801379675007
2.289566418581438
2.0962190691765095
2.1369883639781326
2.144290267784359
2.388039760076848
2.0209028331121446
2.68823080993835
2.606154275383056
1.7974556903134835
1.8900512180387943
1.8349266758604963
1.9689268830741962
1.8180876235211223
1.6586007940562761
1.88602320460341
2.386863084295347
2.3950927104855486
2.4952836960787956
2.7471189903713147
1.797557582084399
1.8737927957801124
2.374613923552089
2.2658562711358963
2.3873933746255984
1.9302646663019327
2.1680636711044974
2.092904243054394
2.3870859811096734
2.3990282543741515
2.853313090421998
2.3964983405606537
2.565689939400559
2.668514122203209
2.898708776071871
2.8798681691570462
3.0386925999553354
3.2654608231550086
3.8153906709690064
3.579452931946066
4.388361108966747
4.576371703429957
5.840326330107837
6.012692993516902
5.536739746727527
5.332186296298131
3.2776371152315766
17.080593922053858
13.510306364637504
7.169222252219264
6.648431783629573
9.084548739167957
6.554150564759631
6.631671334404584
4.35626230871727
8.614353956238057
7.9261696433326705
13.166451811663157
3.1456614174005404
3.4039825596465576
3.1693906252002453
2.7941974718579776
5.790219115045155
2.8078755712590957
3.0932432603950075
2.9856705798726546
2.6648636363461464
3.160900241994294
5.227006133766849
9.480373872455507
8.523980351684598
5.972440832913101
11.958106741271733
4.709073540927603
5.8490521860309155
2.8098193067927433
2.1990376941315604
2.4059858955978486
2.8416499818446685
3.010288069975721
2.713587113349033
2.335899613933031
2.636773402443402
2.6115129061331968
3.4535961135522877
3.2908383549006985
2.6403706770932374
2.5345484247001075
2.177753836223871
1.8947315906758218
1.9231487582295692
2.209424990923494
1.9173736017693586
2.2584464837268903
2.1373387645462194
2.897263933806094
2.729150272254283
2.441415193438095
2.1822694782438576
2.843355450253575
2.3700996985811864
1.7868554634543856
1.533183896116422
1.4004520859096339
1.443602222426711
1.6169881641717043
1.7691951159208106
2.2805830137116123
1.6318902565041618
2.1070221265742264
1.9945695620987938
2.265403872124888
1.7646288124948726
1.8733297630666264
2.2907555642880797
1.9208724537337296
1.8468867534454945
1.064055661615894
2.150629706748895
1.8003520254302448
1.9922241266636778
1.6931956840771876
1.8999491173362208
1.6192386930048812
1.7633101481725268
1.8441193999854133
1.628971155294743
2.046116285283167
1.8209031902393034
1.6912135511116002
1.8623572423084944
1.8303229583689433
1.9255587376755845
2.2530259788627083
1.8684523784329439
2.7421308463206384
2.9769445037223408
2.535846710595849
2.4903700699825464
2.8203512872323744
2.5042663800958582
2.4717303137056192
2.457091812634689
2.481372375384875
2.4734946067055312
1.8400964339270396
2.660055812251747
2.618967138192768
2.2518471334976713
2.4393434590829437
2.458021188356453
3.7531387095032662
2.9708072513226673
3.267432207459276
12.42514032063475
15.668655218770496
9.081270977286227
7.608865774825579
10.810403748466282
15.639377780590857
13.527111665837008
13.274089248348739
9.11252141941539
7.33735196512769
8.902187437617801
10.601378895696543
12.950126718192555
8.590365086210385
11.060715106631049
8.90533188633297
9.445824807479427
7.0305038537130855
10.500048287622977
2.979643499864867
6.035049313457947
10.239131376550691
8.726752879009721
10.476497758298489
15.640345596807563
7.329645757387832
8.382310746596435
5.749820025213635
6.912388785503921
4.973322366135864
5.703939868460681
5.798667311036038
5.258831557720269
2.90674629894206
5.011607920864467
5.139730068819225
4.502251391065495
3.13149307897635
2.8586744409143146
3.459537977197068
2.5431575790719356
2.999189347572296
3.636307864680867
3.036005575688974
3.045494635825917
5.9110739224523865
7.214816996926805
4.7841326540994284
5.11537536292648
10.229295582854549
5.05943079621795
5.82546154926842
6.043747085528065
6.844718711001664
3.1590638798832176
2.6017254570307493
3.1787607783058442
3.1821433299794246
4.032753018990341
3.474737304095997
3.850542340516617
2.959762279222204
4.211173319478571
3.935025831270906
3.8524447762634795
3.961756817105652
4.717325709046257
4.794858235656477
6.652200955255042
5.28936799412814
18.32186077792243
8.056524762943264
7.1174504154877
13.231712684879293
5.0994533667911615
6.267365013908457
5.147275101110492
8.232012744477814
6.430879342421827
7.038926625045795
14.22131936802972
7.627865903908469
10.131781189049928
9.522232683854012
10.426585716279055
10.148455341526768
11.009658271065076
8.492702997689257
8.137308831615977
4.065777935352024
13.72581990630989
11.221148387657507
13.177912014528323
4.550159510272378
6.441545744544326
9.447951506197233
14.66763170674976
5.317588019075318
13.20670999561708
12.292747216746545
11.251191120795879
16.31715649511215
10.399675144791
13.405460023421247
9.928461656016177
8.862724533510544
12.42282665767124
14.221866530107993
14.68400559229281
10.38444474819385
15.353773950034588
15.832213019712473
4.492881997063692
14.246400943648998
9.340935334393922
13.338395295128482
16.13851889388776
19.768837293246115
7.435293936548279
19.385073320560643
7.493395281723688
18.86618054157951
6.087142227736138
9.340575696182425
13.705787116927379
17.82007120617777
7.614227797009413
8.462802147869926
7.385382233974719
7.424964690796543
7.087645793367981
7.080031605498516
10.082404473035998
5.9481771181263685
6.391120355565715
4.202384147877012
7.921218334708446
5.179295259480162
5.191151922854991
4.905647386073568
4.32584287011158
4.950728303439169
4.558796719560011
7.9945931930979395
7.3303864320139
4.966421561959459
4.923832918089636
6.182382547524845
3.6008677441154804
3.4193605563619314
3.307969041374016
2.5640593582754723
2.1954445927109614
2.128536994714911
1.9095066330352128
3.1095446246727336
3.173341147018025
3.814210858358237
4.906592607931871
4.911569522626644
5.308444852001945
3.246584686165806
3.021193883155678
2.6378045764399074
2.4005252791751888
3.495340420688657
2.5665141323351985
1.7762954260619757
1.901799671782154
2.288865366282041
2.7665899522299533
2.7350787165651633
2.972011822770665
2.298703062565108
2.1560780193074525
2.577197842931462
2.293849516445931
2.629295692413458
1.5506274652926082
1.9914656075734107
1.9356150351600832
1.7524876548291577
2.0607031653766095
1.9738671701817645
1.9694771138306186
1.812493567252274
2.08682998031301
1.9551128467554464
2.1333316786850736
1.6097376269290629
1.7361488123702347
1.541130903425392
1.7523872391475712
1.9983099370180106
2.7358967450845464
1.6710992312725306
1.8956672816717681
1.552286246451029
2.133708250312
1.9930410551447455
1.582420451521818
1.4882236602448788
0.6437210774251921
3.091060040577312
0.8458767778434597
1.6848821785525179
3.014215157556758
2.6343657692133133
2.3196163293717005
1.9695091839320558
2.2461014948309743
1.678804895019248
2.0019203859850285
2.481059961385076
1.7546589509395119
2.5493761839586626
1.3970879649752648
4.255188165706397
2.5611168283127097
2.4768027928043144
2.280134899016367
2.1540143522658743
2.3323644600524753
2.2816642871593222
2.4758174690111856
2.313770296992006
2.28031193089305
2.673117440126764
2.122728467695369
2.9241022134438213
2.5072840132380434
2.26132298883826
2.7312213433359576
2.7373712775906927
1.9003162529470885
2.6112638415606857
2.206282053966468
2.154144918164003
1.8402360712475314
2.1429114538622356
2.1365532221358765
2.774134346153871
3.161002902666655
2.227285846631804
2.2063799464667446
2.6586542618220634
2.872255041672319
3.243033021427524
3.0233031182609773
3.176447265154013
3.018677203314561
5.437512984591138
3.4986547535643817
4.440041746007308
3.8380825295817638
5.330355949154876
5.568431946355252
12.107731468163296
8.587113398378852
7.9260163126971195
7.120521901488594
5.471761013712751
3.870397168430891
12.658873351646218
10.041845753615652
3.6774262803913182
9.537557529888481
9.25189611357973
10.775474044722504
10.368903837489885
11.710857030623021
9.573957949167646
6.224107259887973
7.69638666941456
9.488794572668642
8.754725495661337
15.632739230395496
7.376719628288598
12.073633896822258
8.895654058720268
14.625939687526209
7.698235159826625
7.25121769263408
8.138585876330138
7.251001682667985
5.805605232261659
4.653626944246756
4.835216098157749
1.6670071433055849
7.564551742678232
6.135414035570137
7.342301851858369
11.8388026525373
11.343668588012678
5.7857992574929735
10.941277792120097
10.008543654549472
10.453357937494104
14.12311940471226
13.773373226902972
7.809551705296224
9.40183727369708
2.662621458076605
4.160231945589997
8.091177831981316
16.74330147620588
2.628758672539996
9.623688934232181
5.053832315360905
2.6172057076209727
2.8743880860122033
2.7584703859914548
2.6408395978826045
3.170645495742309
3.3349230695952867
4.490289659365475
5.708706810455652
5.393500141743571
5.150774136022646
4.8682666613240455
4.8603000035685495
5.402192093751014
8.776410217181862
9.564229766623153
9.516966520340711
8.965496955418768
8.434814038019354
8.835015475797244
8.504499906945203
9.99271931494435
7.970775514597082
13.953757031650905
10.483935049630835
12.449066100853605
9.843670570291454
11.05738526886645
9.434607442514555
14.480788885382912
15.452288401942928
10.662993843490474
9.612200719602757
8.854061834297863
10.685689283448571
12.456254214175493
15.73930021771545
14.49499289485639
12.992921431172041
6.849085578898153
7.458886940226352
7.855047573655453
7.107213106568747
10.013239685270088
5.047863423647488
6.186440086106268
8.967227345344046
6.934035842062487
5.473318541249205
5.543102111766638
5.928921085806116
8.904986026601748
9.341292514662038
6.252672204558849
10.050247708464251
4.214300781493186
9.921215553266896
4.072456905220147
3.73842359786548
8.942067155650376
6.017193041680697
8.339385939117662
11.907013043019509
9.449687434508496
16.220321796637
7.105677356901529
7.844058224891408
8.605773046466798
7.310112934073383
6.434924327373207
7.415112221415147
7.42539116361297
15.147526346966563
18.733341018480633
12.891651132270999
19.788315024832524
19.482541582972207
15.65713984570434
14.466867650395482
9.820119183475128
10.249473970718787
17.619544070718373
12.75422730964581
2.7557982810453963
5.623750629946874
5.045446396868211
9.045847583010232
12.372137881848747
8.572021461353849
5.917302276379521
4.348966944109405
4.635850480436561
3.9901145674223164
4.1612025295438215
4.874772263848586
3.517287901230076
4.432073328328988
4.510464284840007
2.31152394767547
2.906748693370957
2.108484736011195
2.341130011206715
2.0488448678780453
4.069677533010594
2.9122896042853883
3.034243955706585
2.97618900031386
4.663969692909516
2.7774413919561076
2.711608459689425
2.2345544402109807
2.4716650903628254
2.332349502615764
2.7147927727998846
2.855036045503579
3.4003926817945405
2.9313937429035013
2.103179477361768
2.207248635969341
2.127861000326619
1.9306539331065669
1.6540895048105149
1.7727307586889598
1.2574869393940427
1.3159195468780127
1.278425109729662
1.6967312817297262
1.417340385355037
1.56767592307009
1.486549050067831
1.6943599783159389
1.9570251532837184
1.814022608951899
1.877730708718379
1.607435413743064
1.7120713450735507
2.0266496637897946
1.8464763349433106
1.7478738964423062
1.7105764653446216
1.7591590220035367
2.043361711863204
2.23247141538726
2.0019766036748154
2.3178798155611853
2.52498238650857
2.292678648663647
2.210112856474338
2.4343898338913212
3.139731154378615
3.3622638637183337
3.2588325001606377
2.9967798848128204
3.0747903989520293
2.979910597720297
3.0017434704404744
2.657903714771405
3.6360104132929
3.1970080361062436
3.2469141356087996
3.2999577724730917
4.900611132058094
4.946138714508882
2.8540063799117945
3.147115908358848
5.608911888343682
4.181811704975498
2.3859572423966453
4.579682083662533
6.010692650275063
9.880288725816058
7.3014424371557665
8.574699593602062
5.903147610370281
5.6182536678453
7.459198976512845
4.578054462467269
4.826746152147852
4.537510556216445
6.6914656819820975
5.78922472561724
6.960978182173271
4.4507657201945605
5.190498665904214
4.223190204089422
3.2519701614688836
3.5378815903497243
3.0026382392350226
6.327436145048907
6.3640765005234075
4.386989010340209
4.503130625376097
3.784099785974327
5.986011174789562
5.410978884544682
5.005188293280226
2.9749235303505794
3.5958846050402284
4.029192681981295
3.842809789437992
5.676620136869458
5.91263754053581
6.004478358308829
5.35735252121024
7.6284943265652005
7.3573520298782
4.440009919131908
4.92473203705463
2.6271111543710735
2.428787937817929
1.7593390582601256
1.9859864638647942
3.5753805374701564
4.147163878550192
5.7075208048334805
4.787870962729458
3.3741344217871827
2.9130521203045943
4.228922054185186
3.577749381014199
4.060866899889847
3.659507097506661
4.658781748124791
3.3044844518803167
3.592363210559727
3.009289513502238
2.723793972143434
2.850890508098458
2.9296865056481924
2.5285645741140077
2.5021547162821878
3.125030586239766
3.007283381999232
3.4082372158352543
3.0086105909614274
2.996338539253853
2.690896560262813
4.340082773936507
4.569692303593915
3.2094802473399495
3.755512095357497
2.74679983543552
2.381914862923987
2.538649276618332
2.4898034644159894
3.4550816672562847
2.750111073923023
1.9078681624225744
2.3443738136507344
2.1849887635335525
1.6973615610624972
1.8826250439077576
3.1759533854420305
3.84195168379294
4.327335342362035
2.4190287264353083
3.860161171086117
6.290404199196759
3.7196156175511605
3.1743762284742063
5.8666956654178675
8.484529075336923
9.401809891683158
10.294247851070386
5.311312662191983
2.454635025968458
2.8749404835202412
3.319383090413587
7.74962034032203
17.445311252814257
7.00090935719369
8.673124234857267
12.180028119111558
15.87217402475882
2.777055397109383
4.229599349966683
1.5705436840217968
1.630826721251876
3.834643130548053
4.746612702548687
2.5789107131688143
3.9159058047589745
4.464933568124406
8.437554836761516
6.5673336475260555
6.141471644359095
4.396607508791115
3.9726299901756237
4.764341239201301
1.9416919353588409
5.123430246302578
4.473223625367247
4.588207069305548
7.156591914135605
4.232321418516358
8.701068094742153
11.8185800289792
11.571931772131013
11.014607153728544
10.403296791729804
6.582388260735959
2.7507206894075376
2.7540948027942553
2.004536993040495
5.520083637309775
3.923106842241367
1.5448567821711816
4.301837364599583
3.9261354988810027
3.833584541886791
3.5547998226047133
3.193972391978622
1.385095309946023
1.0450147500825637
3.9204451073504374
4.079428436795367
4.2041490645037225
3.245657474108948
2.5079431791437896
5.487566802816933
4.741070515083722
4.934119532394027
10.506202914945579
10.434409755365309
6.820032089693774
6.921731232991023
4.0053700335456615
3.8541894312963954
3.308254222012443
3.594879519615732
3.682924347506881
3.627401726906971
9.975466563563042
14.410226557103055
9.964917734336716
17.106091251518702
8.552458604730239
3.3948848205489197
21.91634762137715
27.401180681552944
7.326637269521504
7.464098595156434
8.64550736097771
14.865236094767747
11.024986409674774
15.426472048739047
11.901683397830137
9.444056780647784
10.095236214263773
17.806544007423177
11.87625983594448
13.122575782589886
7.728129206984664
7.299571855373237
11.963541696661261
4.728206949582654
4.044888452853227
3.1590024807086685
3.9308685797664173
7.8690213106087565
7.393379215136446
7.898397351772469
8.37959207861862
4.246884924827121
7.446387392063476
5.817437601067158
4.858663275978769
4.866118957735294
4.816453546795514
4.58886422585287
3.5739249805015794
2.839201785824054
2.7832465190809597
2.474314886826628
2.727691060734283
3.2243605200945176
3.488312253332908
3.632153957963426
3.497829611248334
3.104885763190897
3.3096090788367873
2.485059174259411
2.6745644631326586
2.6997251984682302
2.0874101931754208
2.2786883110656717
2.2265737575178366
1.3363638386954837
2.3731021244058277
2.2031986360940023
1.7229645328997278
1.8075549845181513
1.9455332461146404
2.0242665189076847
2.3251893581389993
1.0322839778876796
1.01610875407662
1.2808485496087818
1.4065540175729139
1.5902981663717837
1.7248484380989109
1.6484063764669599
1.3824869314226658
1.0990511581849236
0.8389296173949689
0.8383681154076313
0.7332023404870416
1.7441528262503176
1.9440680910530854
1.8786839817359915
1.0028498638869097
2.532376880194991
2.511581783077481
2.4892965376044223
1.3335445001785198
1.7168656659461707
2.404822977917635
2.451196432159217
2.1138958548574562
2.7542380249438407
2.3342407238625147
4.013936990505867
2.1116303507117586
2.5512052403085077
2.2952572025512854
2.4522917253070196
2.3180267341194023
2.699550445802494
2.4316584450141243
1.7374868943315493
1.5458518360625582
1.942439486631931
1.6731854135708932
1.7365321526281903
2.1911082135624365
2.292195936715638
2.051238598032234
1.9675917318525218
2.1874145780024414
2.3304851280512073
2.2919107633745615
2.5120946272050557
2.5384951511268445
2.325216502505092
2.2200879975767096
2.658770599075037
2.908559636862761
2.9890620529425944
4.224379477272253
3.035512920167428
2.757724833087293
2.6066948403530708
2.7488142379819736
2.6693220218677545
2.2987767718627805
2.4056076111437403
2.424275485958426
2.531018024934879
2.6884181281099715
4.7476280430409314
2.5305813260292367
3.8045054945208605
2.538052241148006
2.655503742094555
3.329115310976057
3.2431841264074164
2.6892044806474686
3.5717066036731957
3.2831513249514623
4.525142185136036
4.4393251861514855
5.570295703379865
3.0935219557582982
7.8264747224739155
5.555605118905735
5.476289868700734
7.27464253140027
11.063296272059128
3.2888961258837086
7.689973305875649
11.116478219868617
9.83106782456706
14.082799212426703
12.539147533064982
12.642376208390303
9.032206582121354
9.082052655802883
10.973492940545409
15.179581078135465
10.016201848871457
11.601133968143452
9.892749629379336
16.340148191630632
6.192161700217811
5.420290302313393
3.9601968577795015
5.201533052230198
6.114163127871949
6.100127895279361
8.494488266791645
16.961398539347197
10.348166102188895
16.444388512261934
7.042195254133199
9.721686129490234
3.016150005036158
2.6826357085086654
4.030661327303561
2.568491581909025
9.663200200960636
10.030871246704454
14.838491254688842
9.61058577435179
10.107536929178824
6.386266410701337
6.800260546101358
6.820240312544757
4.438341456284023
2.3092922562380096
4.837992932712366
3.9078516547275086
4.606663949073442
4.320302776606447
4.951509748053359
9.27522529244158
3.437420243764193
8.605520926622038
8.545297768052956
8.92423862600858
5.130817639695832
6.438169209151079
4.686359383043305
4.892973113326599
9.826909818380205
13.462485528892092
12.38519984267615
14.368516590809119
10.092634079986958
6.088899697857579
12.91569592234823
5.601121057357692
5.782753692320791
8.530082458424195
9.481276524649541
4.183042219798658
5.85218116255728
5.953576755541358
5.82797598483375
6.145510827135506
3.2425109888097787
4.668069258540219
4.214278066105104
5.580310093727681
2.912071966802727
4.3545490201304435
7.164166153667509
5.536576280818446
6.8278080739269615
3.3434203907416
2.9495735682441593
2.849825337798863
2.771053752343258
2.8887323086979397
3.8490665203157213
4.6280059002048155
3.182131566853122
3.506815576303924
5.522165830396988
5.269305131563136
4.895115698470995
3.611329840042252
4.973480046836224
7.781620189648966
12.102316349853258
5.039621421809077
4.875570020786654
4.743928633665504
4.527224443549675
3.7581602603259947
3.0610796116010928
3.2040275906660414
4.450888451551508
4.125245856177697
2.816799345764746
2.841520996098022
2.6060662903992546
2.5804771507709847
2.7143800596059093
2.395953657801126
2.1196791504288606
2.1766416378469087
1.9171044197454226
2.126063910989668
1.8235457515802953
1.7838808189538529
1.908425854610162
2.199801859948498
1.2197889501540837
1.3811148376651672
1.5108229479844162
1.2849113717352831
1.359615678467028
1.4184648835657172
1.1118522132747166
0.6094206176212595
1.0734430438055718
1.0814787190634125
0.5436425754478813
0.7954523058753493
1.004183609076576
1.1222374936438608
1.1022522311513991
1.1763146035370646
1.2579824463961404
1.2612044962354856
1.8978757281229737
1.6076575038831966
2.1458707717559387
1.747967357399255
1.990832178011481
2.1134587058799514
2.4821341747944556
1.9574512688970942
1.8597249537269605
2.3527985339730693
2.2862921441712225
2.361878512091149
2.000048319807085
1.81283081935631
1.8745714935217381
2.4430683391858237
2.5584006983303778
2.563104528065838
2.1756489209804197
2.802770145614656
2.392098118496355
3.1172342478395825
2.5228260493413197
2.530314951444237
2.6396584439077913
2.857941365558635
3.138869278099533
3.5655758328869154
4.423742736270217
4.340392918367596
4.740446908678733
4.7371637464376155
3.3714207623924772
3.337461742936805
3.6822035464711567
3.2842851905886072
2.6552901368071558
3.1404068339304567
4.105412586111948
5.354461833685747
7.412196086037551
2.9058066285843727
1.7243105728827097
3.687314513426279
2.2359839261520067
3.1801102685033014
1.6850571178365557
2.2691126241898396
2.7646480274143443
3.2856842203621475
3.13837317631085
2.7187914257194397
2.6148726965212954
2.7289085479383886
4.036788767267658
2.5362537829648444
2.7039326083290076
2.1409050322317085
3.5341618043159593
3.203334431155418
2.385733216634926
5.784829519669043
2.919467946649008
2.653679348250119
2.444154121571226
2.5307202617277182
2.57784922272833
2.3977065585303676
3.1379760228257023
2.7955566507755
3.777387052637205
3.1929847969755287
4.1209267606839415
3.7549262845485805
3.122467988073488
3.5235739750056667
3.2901195692400975
5.023788416777823
3.840769377782081
4.884402851002767
4.4311051211234425
6.405450921999813
7.393490579823845
11.750157599418491
10.821017058183259
12.567456417340157
7.0096529172724305
6.252998814482116
7.315192243010651
12.338312985130306
10.053847742278148
12.513142033179538
15.88992741991282
12.402630512351683
15.97645165301466
12.548407545948162
6.261398292215761
9.794529681176183
11.154940156941139
8.0663958055977
7.048128446287512
7.777386743702914
5.6974216790246395
9.250501726850242
9.437137431952847
13.001196714247703
9.844761208986776
8.759974259498566
9.190078384362613
8.529557189126697
10.695459922438177
18.58736710909784
12.379664941411663
11.619674247334602
11.654031789796182
15.101877738844824
16.343767684556173
14.428647443714254
17.828711273861053
18.402740210960975
16.392971904011958
9.451389035447344
9.771544874662679
9.26176203851773
4.120207647292918
6.7389928502703755
6.599439429360049
6.745046895089321
7.8755149912113565
9.620850720631589
4.179838297520608
10.289897343728452
3.4446564602391994
6.2282288263246155
6.499653268529853
13.555977022009689
11.512359638321382
6.874499933794313
12.35890188241293
8.118638338538183
4.381774869039828
3.5056483456427436
1.2158696929985329
1.286989310102601
3.9988229042882333
4.025707486505068
4.18206708520645
7.583965726941881
15.790575139245439
6.861455537117967
15.943212299996182
6.86022605015133
4.720331898295762
7.914482242514021
2.645564327855081
1.5350621679088814
1.2051069842344337
2.6396921009617405
1.4582260444231625
1.4973218738465808
1.719496837660251
2.9576044192844795
2.7283459483129295
2.662013892190879
2.750256000557571
2.365156612055472
2.9528331549090385
2.819367418842719
2.499357711317925
2.5223590465878347
3.074879309764985
2.529809903126826
2.6155586716419896
3.1487894535519385
2.8348172590272416
2.547502256800647
2.405062791787124
2.313190004168704
2.417874726826058
1.7255307210555517
1.4105351590294335
2.026756029760052
2.1079825591935766
1.8137518711284812
2.0250945226975636
2.3103383092586083
2.4766244993370785
3.2750546688522335
1.7915202591541852
2.1344803144599327
2.082251577826427
3.599219884151787
3.2106983646942053
2.8201492251362303
3.5187968960872285
1.6498659163075236
1.7236229856273524
1.6492063938837727
2.062253823392278
2.565239991336568
2.379743562759877
1.9999428595412685
1.844671019657044
3.508247860857712
3.7415524544863645
2.5876041450377523
4.148350474712212
0.9753325329483434
0.8878879905408006
4.291291499381621
0.5768135410284582
1.4189347489886877
1.4017216659579321
0.8718364324009109
0.7574759786618641
0.5665796757993491
2.1572882162860147
0.25327838867860664
0.4153134049640628
0.5445912503868594
2.183682958348798
2.022444537787786
0.38000524361678767
1.973596379290949
3.5487823718184304
2.262682890691509
4.52187460937215
2.268816324669965
0.6988590119974025
0.629443240394411
1.9636671370579541
1.143625404364565
2.5204939095561434
2.0044792561692484
1.0270953380511525
1.1387645933440067
2.4641474049165253
1.3773469459270768
0.8489284912174441
4.943077660764404
1.0754473908350124
1.851259676433153
2.186543152963259
1.3186063253102263
1.0590408895385266
0.8712163168060719
2.1825865370467294
3.1392013552768825
1.6676867915279718
3.981270549790648
3.7157356201002996
12.679913948164145
3.1348692939644316
1.677309798435105
2.186851552272126
1.5808060654368696
2.1962828357251953
1.8137401823468224
4.061190051970838
6.849017978727632
4.293794702800346
16.898172508874822
1.4271064502278137
0.5941249472580823
1.9664745706137652
0.8259308469695332
2.3548788494775756
0.24129946218649617
2.6912082534215434
1.8984558042263857
1.8341358023656162
1.196835706936986
1.494647426000852
1.466100237779334
0.7808939243933486
0.77497682722666
0.6772366302680187
1.5109519477125692
1.7060586931070953
2.4890060339281797
5.188155624808237
2.251613254636494
1.606127662589896
1.37226520141528
1.6288417013442498
1.1264966224386321
1.1954207269785655
1.6574152752316258
1.6910115869392872
0.2967619098493747
0.9259619163785974
0.7214666067505411
0.46810133392235675
1.9370756339367623
0.9568052330570105
0.3405158218753164
0.8114237033917331
1.0007225958666006
3.450706073331409
2.6685031953034097
3.753058916454458
0.5195347843504117
0.7797832149052717
1.6921464703640368
1.37226520141528
2.032144988285492
1.5444893209532449
1.5814414190313046
0.9005868923371347
1.585108591809572
1.073602003574846
0.3951175875181601
0.6485373867880743
0.28256965751848057
0.4613368143550073
0.2098683969523491
0.7960632534135179
0.24129946218649528
0.3951175875181601
