1.0950585666927053
0.8438676928915723
0.8764526769902428
0.8597195231699966
1.3905386712620067
1.228115417766347
1.1007203394014682
1.0305439449185043
1.0132423281806076
0.8839699698839787
0.6819073703544095
0.8068365913064207
0.5331621999087962
0.7869701946352872
-0.01364902359147124
0.3425482551691551
0.46618583994679447
0.0010562082946891842
-0.12278617327737229
-0.2352422631409575
-0.4188693954104132
-0.43705957341615154
-0.3373368281093078
-0.29288213866950846
-0.37599751294180983
-0.21625666986200032
-0.10405843137912744
-0.13005000321414809
-0.06758221414740723
-0.45243011768404234
-0.722949016177492
-0.7383602079474533
-0.7945860906551252
-0.7964358694277369
-0.745453185475221
-0.6577850289665021
-0.6695728181522197
-0.6828755681002202
-0.923984609787488
-0.9404931778522547
-0.9046800111977032
-1.0853134907241482
-1.0360614736324294
-0.9920456707227129
-0.9437193528924681
-1.1114390579463282
-1.1513932400157176
-1.3924133930601104
-1.7710175214752681
-1.6287016074912795
-1.5860997632145062
-1.4088018898665955
-1.407485447020491
-1.4896261993628042
-1.6077673163868578
-2.1590517613488194
-2.372152472975855
-2.4994891206456735
-2.5754217289581853
-2.713312567834696
-2.672934923379489
-2.773228931893554
-2.8598718822973903
-2.9564167747401857
2.7595424145470053
2.628481005905213
2.1751752981768253
2.90196917870843
2.7070134076675862
2.767417420342119
2.9251307908919006
2.9561842979036137
2.6725200322301093
2.784563875079957
2.5704434469562387
-1.5060183735494428
-2.1120253424666053
-2.2567202850704042
-2.029668871550057
-2.1752612503658733
-2.164198534912221
-2.2200457480250537
-2.205475349030159
-2.302188294444638
-2.340061804070855
-2.5816116833943985
-2.52041022287749
-2.6731526956956224
-2.5808565014704334
-2.5587118440574494
-2.5453349320154968
-2.6478903197302346
-2.541494830285652
-2.703029184715114
-2.6624374957183803
-2.5492810605951166
-2.7599854293342916
-2.865688563394799
-2.913019681740967
3.1191026768240895
3.0984103178902767
2.9931223794874366
3.0941452276966883
-3.0604221787676105
3.0986261015933523
3.10454884060113
3.0511860172532717
2.9500176071837227
2.924673297883891
2.8961641429748495
2.9990666962919037
2.9492470351408757
2.781010259734271
2.877175045179612
2.9079249166321235
2.5207928494923246
2.7643238349922674
2.434992654391198
2.45953466445891
2.448878784618646
2.234587021797493
2.186723969417001
2.149984968748381
2.0161313588299103
2.051627224734775
2.0933763657334215
2.17809112473406
2.023827835524412
2.1779900141755593
1.9468774659110764
2.0289948477472337
1.8539657547871788
1.576255549435643
1.7381620614644504
1.6188157858666736
1.7584610495211404
1.67675820980391
1.615039036258245
1.5214979243562057
1.4771167458704273
1.2005659964101036
1.1570890038340258
1.1010353632208179
1.123686436507326
0.8201723539419278
0.8867708082601474
0.6691011310685763
0.644715232556399
0.9371507692647536
0.46702509211319443
0.6942233248109156
0.23055485647590296
0.9681455954151567
0.9350744644606273
0.8592853530908322
0.727432508815927
0.9037414347129806
0.6938980860210199
1.0324371916108823
0.8503384202006603
0.957966329716426
1.0110030662906435
0.8043005347585946
0.52327901156378
0.49402488927226956
0.5150809663906523
0.4708148813453781
0.5074649778784442
0.5678891916199967
0.907789614478415
0.6318902859685901
0.9016660833522689
0.8888586331967339
0.9712112220622028
0.6089883606784835
0.7578345932211892
0.5244928274530437
0.5956920717940763
0.26017762553588414
0.5182572936996531
0.08541263966567107
0.06018468937988351
0.21865540632609126
0.09336785311946218
0.2123106679354447
0.09029553201814523
0.11264202105845861
0.15399199224094068
0.009453849317023687
-0.1791474103006583
-0.09403790477728058
-0.06733683956738537
-0.2014710023721775
0.0017868345428813978
-0.05522711459739134
-0.15424404586887636
-0.3516370807128657
-0.4397595137020015
-0.7024381425714263
-0.6085441560023346
-0.7320947124439386
-0.6687577283448969
-0.9040020233181741
-0.7775155135162439
-0.37794501682685167
-0.5881732090105265
-0.709241880070528
-0.8702616348240938
-0.9753425972248492
-0.9713610099495315
-0.9708673217747245
-1.083775121164208
-1.067886426399355
-1.0548601812326488
-0.9132711226355471
-1.1082710201257326
-1.3377467461580914
-1.3006672281759535
-1.2512594521261433
-1.2974421395806461
-1.0580808650860654
-1.016218831782779
-1.279829274277123
-1.3520864025052304
-1.6307839091510268
-1.3674622131508347
-1.5421167030216187
-1.6876879692253188
-1.5794116419877593
-1.6222244465043674
-1.4553126139055985
-1.6644182789442974
-1.651562447054741
-1.8213266195018232
-1.5879095591101682
-1.8591803602009667
-1.8928802943024328
-1.9541817768640937
-2.0034950163341283
-2.0087496477241067
-1.7150346543632249
-1.8369632652247065
-1.8795760933663301
-2.0199679774649697
-2.0865090102388053
-2.112730445963722
-2.189576337032326
-2.3534177809428676
-2.540685596743057
-2.5357493475600545
-2.6778961833469386
-2.7471671188318063
-2.4619680853003674
-2.631489883700207
-2.754663373302774
-2.5323879583448767
-2.6062331936750427
-2.6714751415173525
-2.7885276753653296
-2.837553945220676
-2.826549452811861
-2.9506657369694196
-2.995204439930141
-2.862527190682131
-2.827589951786919
-2.674966395671111
3.1190162204286027
3.1278897166890762
-3.1389756548180356
2.9390698356080462
2.8328838260624476
3.0875491527319308
3.0449146138481504
2.972166416510341
-3.02722393444359
2.79772320914885
2.860770298271463
2.4642924761315634
2.475321152823932
2.076742740126285
2.2864934924269624
2.5636310161417755
2.839562019213075
3.0744919120019403
-3.1095933789885932
-2.9799351010527406
2.813107812471062
2.383520615791383
2.4652712357655155
2.448117108072923
2.5336040981894024
2.4890819720999686
2.5416130842551086
3.1168280810608113
-2.935927612476899
3.135983621456009
-3.116867418249516
3.0693759287728177
2.77147942859688
2.453356499690436
2.4625644296838014
2.3447927296572124
2.4103343952136442
2.3551470297885553
2.4917249237041776
-3.115918408773394
2.7784059468177045
3.1078969147638236
2.618286864245391
2.4003570704235573
2.3993937077439385
2.4130510008773793
2.7134292906492887
2.0324376407771423
-1.7817226903914012
0.4674071272959672
0.8884258067913258
1.220124951336916
2.239286363371446
1.1388399214037193
0.8756411672696496
0.6893610057165158
1.1925976749067886
0.8494222562291476
-0.31121887078090615
0.3761486794444857
0.7355856050336232
0.7791068403487166
0.8760005945856908
0.8797987163512678
0.6459746846528589
0.9316569968423204
0.6392635296405306
1.1017333886745768
0.6518560562301164
0.5174572758042836
0.9356337381673931
0.7668671034736364
0.3714984010588264
0.6327098002234208
0.25178966698771443
0.675279964935106
0.7652246918916717
1.0159410207903496
0.4952117093016423
0.2483547681208208
0.2971283851439774
0.31398899127404883
0.5162164447341089
0.3468466840963572
0.20606361282823257
0.5411957956710655
0.7798933499111358
0.43954841414835977
0.5821279326641331
0.5087043285127597
0.3652176247001308
0.38590980430966143
0.19597166545306455
0.6008277328450522
0.2949296537162744
0.387826382043951
0.2086279875483294
0.6162477642021161
0.4418565212129918
0.7418667183829447
0.9212343815108952
0.8649507053292131
0.705679247308587
0.26266294666237056
0.07559096119340944
0.12214851989513832
0.30659178227155254
0.4985920450471884
0.5035088395979297
0.5223567668789129
0.38283129240652747
0.5649572560261454
0.337375324310928
0.6553363931148727
0.42789296893693873
0.35122758818185174
0.21936138795253773
0.04333239984744954
0.38701206599285537
0.2781083106456625
0.1335267832150335
0.14268008785931294
0.14275466908791196
0.3079804036021759
0.22040510387219975
0.15857572618402743
0.1239549454867025
0.3093740144914906
0.161139367565588
0.26926656057649884
0.14908167376830803
0.3373284223617745
0.42044159122461805
0.4478967461694197
0.26182237067451036
0.5366987811472634
0.5614803406706742
0.33739649005374484
0.06398630893970474
0.20299615247504513
0.05296660921995906
-0.2662447173025607
-0.0017786271174410533
0.11765248226450309
0.14947307497564702
0.2291326691648058
0.6865556061797234
0.6646958214104843
0.7640660844375905
0.5200201454522377
0.5144425330718491
0.4662113413142327
0.015645405634198604
-0.265460894332119
-0.3610889094758379
-0.8304960130972565
-0.5715930577909084
-0.1308798795461112
0.4452328676881427
-1.157302205894163
-1.6886601336010008
-1.7947716719740336
-1.6340104858316546
-2.0072729737842008
-1.8219850356803513
-1.7747795957179513
1.331451219724473
-1.6928330668028566
-1.6458094971607797
-1.5694952388759709
-1.6216665785512667
-1.886490541908406
-1.816074025899012
-2.319786071614687
-2.389463649383011
-2.6408844498289272
-2.0397133855615324
-2.029280167165482
-1.9710065368432879
-1.7947597727919513
-1.5964159945107306
-1.5919938310687147
-1.5862178024648106
-1.6345692233204159
-1.990681635241252
-1.860705806221034
-2.3512424988093166
2.381899729563132
-2.8322286979084006
-2.5148796185793083
-2.3107704849907824
-2.205959500426139
-2.7004868054862485
-2.2208041128931093
-2.2711103034704094
-2.1320033574117985
-2.364168529512824
-2.491905661336416
-2.5428448462587085
-2.7871907113979564
-2.715268917975573
-2.6086210003404844
-3.0989782093414973
-3.1319493300431778
3.0784748925431358
-3.116091532718451
2.6387030111263914
2.87562984506122
-3.109488406275864
2.542642077085433
2.9494845337244917
-2.919000959828061
-2.646424582860349
-2.5027864178046455
2.1807938100600883
2.109948563637084
2.0397255164229353
2.182233062542791
2.2896942951866643
2.3092201194501705
2.322430848331717
2.5646842612214593
2.8148038196693244
3.0222772381753713
-2.985414001552036
-2.8652302557066114
-2.778737393417782
-2.796657615916583
-2.7763854550025466
3.0363429672466493
2.656574375675559
2.4381517356523585
2.917586319429866
2.909524198423779
2.9844281515571653
-2.6774916491708294
3.0844697983523925
-2.5115237578517444
-3.0905136567788207
2.7856552539555754
2.7612751152720705
3.0526410588477253
3.021336627273968
-2.7909607994449632
-2.541632719874195
-2.9649846679063527
-2.6625343471934233
2.7802756121973164
-3.1111265175545886
-3.1161906976503064
-2.985886024885986
3.0641059577779277
-2.702668758514722
-2.6721698021797136
-3.00599880870666
3.1384187735696023
3.0579529622423096
2.2728912042353335
3.0030519192502743
2.581067420408396
2.67187460138668
-3.056955120703824
-2.802381383724561
-2.6252215168726742
-2.7499115081799155
-2.9886344853940616
2.1729103017195546
-2.7950114747132413
-2.2282352447162843
-2.059132368587354
-1.8095207256417254
-1.5629746563255706
-1.2925116789474556
-1.23486403428997
-1.142478993650545
-1.2141113564067227
-0.3393613329236245
-1.8185682443980338
1.0667318563785262
1.0414367497980188
0.6493260641770366
0.8157561925251183
0.2326413666269313
0.15823396999641887
-0.3618219691365475
-0.5242589229647138
-0.4578761286297398
-0.06748422443598215
0.4882678377459084
0.48284671496486814
0.3220382872071915
0.18274394295886828
0.24901892057055294
0.15087253878503454
0.09470387882768892
0.08706315168701113
0.03818527926328816
0.11871253498719556
0.16002040931856326
0.3896796314839772
0.1635843704087576
0.17762253145241563
0.3186427837734498
0.5210261806842876
0.13672936871769426
0.11477480511671435
0.0937848284841769
-0.022082083622667607
0.008055021506955772
-0.15501002116712023
-0.028283293443006032
-0.036153758862351976
-0.06354706178900643
0.006850937608765111
-0.11622779418422412
-0.20509181287782483
-0.2645678250873002
0.015401166784366569
-0.07213254792137143
-0.0887211304650067
-0.02028290430676892
0.1274839559936546
0.37453937582858027
0.38800555318420815
0.30600255456661035
0.09035512971105374
0.2921191183790349
0.03493898751596038
-0.0780539974822402
-0.08948953818803226
0.13006693898453356
0.04871097527947084
-0.05241557222403427
0.050601647545780726
0.01340251368694203
-0.36092465592197764
-0.5212826059502732
-0.4175511428659759
-0.5628407321418986
-0.4189271305395439
-0.16028058637215276
0.0637672172204703
-0.24426038957580742
-0.28657462315292276
-0.6533235246870471
-0.9659849271726562
-1.1488178119027663
-2.0539159965415554
-1.0995876996458356
-1.1981986601193073
-1.623248116939813
-1.838572479033677
-1.987216114813359
-2.10613257375878
-1.972915733478866
-2.0822700275539416
-2.209955242209394
-2.2705882017833847
-2.2418391914574234
-2.07252944720608
-1.968973384087693
-2.205928525727438
-2.142820295754924
-2.1436792177422377
-2.7122647535179008
-2.1261031809241056
-2.3490531034427318
-2.4391845189957913
-2.531287323866194
-2.2056626046003385
-2.221735936702306
-2.31806285440474
-2.165309533165179
-2.3844453832426926
-2.58597068073998
-2.634421625470175
-3.0346322935718626
-3.0475526473579952
-2.8676287547290547
-2.635834770186193
-2.5237567519724684
-2.620971048440401
-2.477078848765472
-2.5862058635086767
-2.9407336353280047
3.1010919819379192
-2.8622637279422936
-2.859452976605921
3.0470652648057683
-2.7380598809611
-3.0809778693896197
-2.9356512005045565
-2.7409353572794357
3.082645873609463
-3.0138310370314136
-3.1389463499389842
2.953717534859835
-3.1399170331242447
-3.054611235341412
3.1319747587560696
3.133474425286376
2.9236265094586873
3.0453095684588476
2.9314916490002547
2.77198422707433
2.972725906311289
2.2818630406053244
3.116661349656603
3.1199114305352578
3.033921607432627
3.1208575992082914
3.0117744602850687
2.6544119817299516
2.585169104794789
2.597229983128658
2.6353815322639815
2.3511481298542
2.593355397075444
2.5291828243629313
2.573309898702444
2.7939988617131486
2.6902981528709504
2.620402005464957
2.6175836367144765
2.71195479187769
2.463741672115565
2.559071644964797
2.4952667414701803
2.6286872565450126
2.493956075561203
2.675599263299935
2.5824611167681164
2.8089431754149627
2.5494566053654846
2.458852392587239
2.3471327756936096
2.4067324190807886
2.4759551678425025
2.608442088614599
2.471885119836297
2.2089317740054195
2.373526103771178
2.2858282867818893
2.210190575699869
2.357946678780865
2.694416547373885
1.96574136749071
2.2518873750424597
2.1328243568635967
2.4312797351621787
2.57532229684472
2.6920482523033233
2.1945761494475398
2.6565648436887814
2.2712636608080556
1.8620609209234231
1.8052708574671963
1.5133558026726213
-3.073590537710877
2.000264587297896
0.7467371690499375
0.4287206577216252
1.9964508472654576
1.2653932997285455
0.6505333592443445
0.42793295426555544
-0.029467723658889108
0.34720715075372016
0.07671240974380764
0.41253120369474694
1.2384678001987515
0.8966117680609927
0.3390261592929547
0.3116495323713149
0.15964135391100318
0.14772762033795028
0.3192944529610418
0.6710164783549355
0.3377781588178128
1.2890013586908375
-0.6445921898378084
-0.8739440382336998
-1.1580025490538577
0.8342587548756774
0.29854568868866793
0.1341428699892617
0.7541007792425353
0.43220845495483523
1.2927715324765123
0.4466864742849688
1.5965194988084097
1.0028329759190104
0.15429610145622147
-1.4163409302856151
-0.05194810836973302
-0.6267557964899195
-0.5266913075435001
0.07083548279056069
0.649452114356137
0.5188503135834677
0.9593723916131577
0.8154852545899891
0.8865803418080079
0.8238338175484993
0.8356096825182207
0.4923704787771881
0.4271805583330766
-0.009827761836849679
0.21115116541153447
-0.24293264704902237
0.35879938877085343
-0.15076206377836368
0.05035654413601389
-0.07523035107481801
-0.3495893400638229
-0.3010736937890814
-0.03716637126209339
0.013090935640222574
-0.3352527568811616
0.4674156496563052
0.19602042363559385
-0.10502525237589833
-0.41188555229798973
-0.35834830545562135
-0.13925171360241606
-0.8653856048593848
-0.7263305165672599
-1.0975804091927184
-0.5713138132125056
-0.3748094590901899
-0.22038549921512612
-0.17087943160126254
-0.24831348319731433
-0.18858708613929545
-0.5333226772623473
-0.560561377408756
-0.48385958640448834
-0.45397862531409505
-0.42065375374554664
-0.6892995032127662
-0.3928591299901438
-0.2507627784467174
-0.15245243494629032
-0.5444058908112167
-0.28207422664375215
-0.3163928558913328
-0.8440703484359479
-0.7561888699962391
-0.4574391289170746
-0.750511603134372
-0.8070323788733483
-0.4691146206429409
-0.8312505639911633
-0.5883028892433527
-0.9917377560307606
-0.7833944619720172
-0.8670887153867386
-1.0425482800647792
-0.9464371264632845
-1.1169884288086362
-1.2805100003654997
-1.1874562734046532
-1.3082944441891777
-1.2274316584386853
-1.4081099652440987
-1.102649147942946
-1.0941141534668841
-1.1665224064508735
-1.6150668774457833
-1.5793363314210436
-1.700755555236313
-1.9348020589438446
-1.7413225067199256
-1.8424048514687965
-1.8884175847915188
-1.6665272544894287
-2.088722020660424
-2.214878428186863
-2.4159336451740265
-3.1245685861862533
-2.9910625460309492
3.0933333717570517
2.910870400891801
3.122598765774574
-2.8834500593899106
-3.0354729694168947
-2.5900157266150545
-2.4198543647002175
-2.2581539658652954
-2.317353608415224
-2.125269648704119
-2.631212402465876
-2.938790140007462
2.902239183947647
-2.7405783032015343
-3.12477676564044
2.550628148421198
-3.1346623644623897
0.9623415177560435
-0.4156075868232102
1.6035430805568653
1.115122579875245
1.6387102395172655
1.2347616243685124
1.4557567852152755
1.8161846446433954
2.4965827058322265
1.5261509610232518
-3.0987344410247672
2.0575233352723648
1.974716839242232
1.6258096150946733
1.8967629695029964
1.7541256930155174
2.9557726091739562
1.818883308287088
1.8877199881312452
1.3828743059872366
1.0960477959468324
0.9996172663093127
0.6560879449307725
1.1509449129376264
1.3008230869005315
1.51332441427845
1.0849354235687358
0.6592328613573442
1.0109021867487307
1.0226908555133976
0.774586153874389
1.1705843680254135
0.821526287161249
0.5950638235515158
0.6398637169521241
0.3409777161565186
-0.387666201402697
0.04970623758367983
-0.9948023880804927
0.07880171135633701
0.3273609007330101
1.041461091989695
0.8182462762168496
0.8475287115669278
0.5576057919237265
0.42819961967486964
0.41452898552388445
0.21978686000497888
-0.07394379116765298
0.09842137754256515
0.21890956947099316
0.06594463493987707
-0.044677857883189905
0.2491928391980737
-0.29900544202201984
-0.7699306885001828
-0.9714304658200942
-1.1212383631830984
-1.060061144770101
-0.8961650859965442
-0.6945566388673291
-0.7107570451433616
-0.30313549972235704
-0.6599507921022688
-1.0829840219144702
-1.1929519332589666
-1.2915142142812195
-1.1151954149705656
-1.1799382060060226
-1.0468841144253462
-0.9111210538780793
-0.71928667423022
-0.9049551361974326
-1.2838491853029745
-1.3844511376054902
-1.4920506153308206
-1.3636207143662185
-1.4864228809174778
-1.3807816134546436
-1.2308982723044202
-1.2657957993595008
-1.1377059516497372
-1.2283626953429274
-1.5084366988596232
-1.5808385278705006
-1.7588878525105793
-2.1971362994547725
-1.613122828441935
-2.19685115640976
-2.500514857957162
-1.5647629188100454
-2.5016961350364535
-1.9797498310306632
-1.9312444260314694
-1.72010397323129
-2.2688639643644195
-2.436363657080556
-2.8343715622868015
-2.52145166981222
-2.6652334123741532
-2.213462758722217
-2.4526548131967614
-2.254387174008485
2.892609753534599
-3.0957146221310476
2.8370924125042043
3.0208871623640747
3.1191939634402925
2.5746288568076867
-2.5795509990396086
-2.6297355697473375
-1.2098235426198136
-2.980299425662917
2.958852834057372
2.5275450571621056
2.6576659846564237
2.2022745988177106
-2.655131321241553
2.8172518044326815
2.7786813845978093
-2.8327071898479876
-2.729550879711104
-1.9125258136187009
-1.5446496292965457
-2.110779006576323
-2.796687385655754
-2.6610651328696395
-2.656176189135211
-2.680400224109391
-2.5200741850400075
-2.3460587313638435
-2.5404949610849106
-3.106957656977585
-2.825291738198053
-2.934891582349168
-2.9882204249906663
-2.939445328323949
-2.9643972429391647
-2.7438755866149287
-2.659226498909078
-2.9839393199114883
-2.590254382201856
-2.757851128579645
-2.9684375507433858
-3.0816695422275027
-3.109564079520039
2.862138784037735
-3.071962461086334
2.8137108266716617
-2.8169146927256463
-2.6789638762518737
-2.3752689751920237
-2.6515161870842667
-2.6931587486239885
-2.9365447889477823
-3.1342534499611743
2.793483578937611
2.592638199243099
2.4240565273785855
2.5109008671929742
2.7395698534344395
2.936071834955498
3.0509934408136163
-2.9454050600388904
3.1396335656677365
2.7408814004382065
2.665499787319823
2.8789368878298642
2.6164138376380683
2.7825299880198835
2.32731288060667
2.317753119392305
2.201694306018129
2.115690566427317
2.22137725219357
2.0493167147323192
2.0830756417153564
2.1235545797026667
2.2425069868773884
2.3532860449072084
2.4789385062305174
2.348616075662397
2.252101376926398
1.998928644569179
2.1022482234749282
1.7653807884832782
1.79171505482978
1.7852592231383673
1.7578603817437242
1.3712512221940099
1.805309098758036
1.8646055013843539
2.1370144944261025
2.0823688321916847
2.0192045358861876
2.0805547219169305
1.5690116221748094
1.6330225156556917
1.7108772751187833
1.6997730758389353
1.5509208910688088
1.6029055334815767
1.5843032741602212
1.4180512718534866
1.323464901288743
1.294280016594147
1.2483646776962916
1.2478765747269298
1.1402169495337011
1.2215332162036736
1.1591828187916666
1.218133013390788
1.3630117200180072
1.4388617836392263
1.4440207442180082
1.5427315110378734
1.5288197350734558
1.3746046229581015
1.4360816829761018
1.1492917292902274
0.984786373188239
1.1324358814498423
1.0255463973329755
1.0240205613987288
1.0270407669821566
1.1482837914546378
1.1714354167422045
1.0032464604970364
1.159806781175153
0.9390900035666123
0.9650634197881576
0.9946268119278289
0.8864939807996524
0.848928744046825
0.8166886842058521
0.7944464091933705
0.7873371660516149
0.7553141726820818
0.8949823608249181
0.6795414856708458
0.8968855729120468
0.5556185949172879
0.8583609044170069
0.616624796589738
0.4004914392393651
0.6986544312447065
0.7485984056975895
0.7380840164577108
0.7886789174576166
0.6774420925600063
0.4936787812518528
0.7443950498573014
0.32060108749320476
0.4679700567293958
0.40967331837411536
0.3891912739296714
0.5974661417763425
0.4270151061216134
0.5621671323377168
0.2591547993036145
0.16957883680805774
0.19713938610820667
-0.08751692500392473
-0.048339819526963146
0.0218560955569347
0.31301231953932146
0.2047790217128566
0.26400984595920934
0.14489775279498168
0.26314393321501783
-0.21010410288575707
-0.08253467120781989
-0.350947925980995
-0.29834437641172773
-0.3560689443984657
-0.20518460087103
-0.00589136955384431
0.12068852702743309
0.19820884143758016
0.24085099921025224
0.17903074842571026
0.09185820337756777
0.04753340221573039
-0.20183801664352105
-0.45428218247593444
-0.2637332754756456
-0.44520529012049
-0.35288673278502386
-0.2794098745075753
-0.08708660793035122
0.0889010392427566
0.0015514450398174079
0.022799833963084597
-0.08457368649783677
0.06566519114862973
-0.2020010026499522
-0.17956568048163524
-0.4057098140622272
-0.15477183688889828
-0.40310857489967655
-0.5877074010431567
-0.5427411844391613
-0.411558844610178
-0.6203070018075776
-0.6040757738152737
-0.8431852545619314
-0.7614378111628376
-0.7464414969118808
-0.7156536665875993
-0.6812663473363171
-0.7918505404962277
-1.0529521815628942
-1.0522784064375545
-1.1384821509337222
-1.0365086288706273
-1.256263446105643
-1.279161837188674
-1.2642712639544493
-1.0603995133300987
-0.9350816695004083
-1.0319463461160079
-1.353012096630121
-1.333102336043285
-1.2861756644212208
-1.4569691272011065
-1.2073073130183691
-1.1790354848723776
-1.3760363161100766
-1.3859551360238103
-1.622266296598028
-1.5411246022233798
-1.6779119274984982
-1.7487477305935233
-1.7655861699165023
-1.7445992897207816
-1.9687781431798776
-1.8198017170550447
-1.7128244080400707
-1.1220608587813587
-2.076848703465034
-2.0314291495626726
-1.7146027112099316
-1.8855869735188857
-2.0226718253398093
-1.9344814563380763
-1.9392867349813074
-2.4155484763868555
-1.6919907946223063
-1.9031227467858318
-1.626453804382082
-1.780817715044858
-1.3988356589475504
-1.2429805352365222
-1.2604838610680098
-1.8279608327517003
-1.982702400898538
-2.1188340443342866
-2.1088982710921877
-2.266915834455721
-2.283183370065073
-1.4799522472646
-2.2707654139847264
-2.1944312689488514
-2.103948986337967
-2.011881831107309
-2.109419989187678
-2.0771424690296527
-2.1970376922953774
-2.2964178743169645
-2.3630156324463885
-2.410508794928591
-2.499102809100205
-2.694903020886971
-3.011330801259448
2.9942016127525157
2.716685565197001
3.0780514876587577
-2.8104320807057346
-2.6374376984624845
-2.7358244855512783
-2.3875295955622002
-2.3822617530326475
-2.500063111610654
-2.4422415699399167
-2.7005821269546786
-2.8875478734737765
3.1277897462062265
2.8763719142416933
3.0413048089182375
2.852912107470895
-2.9744187552880197
-3.133720156050322
-2.8361436148016925
-2.65338026253279
-2.98921148914806
-2.8440766811548417
3.013483719532566
2.9818014555116292
2.8388784103847216
2.653701510059139
2.662664571401894
2.9393088452158698
2.610774554420884
3.008151733058979
2.864941863700828
2.7455291990793236
2.5081749264255255
2.4025067137222877
2.5355773532463814
2.38600763364187
2.3445489620347897
2.2710033148558106
2.6221093328967946
2.8199048410768626
2.5751520346428913
2.7687526159441576
2.6464535314259834
2.420936810411995
2.5329763618594674
2.3099623694140963
2.2045679765535726
2.3154033783599717
2.320840731877988
2.1048128190443136
2.4930271375821107
2.4775198537295617
2.7434822412027997
2.665087033378286
2.3824973671053855
3.0225727090467336
2.763223682047203
2.6934424314702596
2.8516554624440626
2.8128389812527796
-3.0691866129415386
-3.063159194692193
-2.977184456733446
2.5564601691325897
2.7637978154559337
2.43348525265533
2.4012703173095136
1.9588550970667866
1.9072556773073492
2.1494547187639133
2.096037935574625
2.996804060303944
1.422678569985957
2.507297781906799
2.369798164631909
2.556452136808974
2.5103143007629676
2.546013714322381
2.826845267467069
3.0383670530504823
2.0094682352274145
2.146082781152553
2.211191208988273
-0.3752417134826048
1.669215334804271
2.071082661134759
2.1910790719509086
2.1260468378802617
2.2352545523835072
2.1669726355682513
2.255055334956163
2.3772648543173656
2.661458805434091
2.9658435196125605
2.6102438793143445
2.785277580242584
2.5512146540849026
2.320927023915641
1.9495722947775715
1.9463594501218229
1.774439484828401
1.649532311682933
1.3874574042873913
1.689166121906624
1.9205537411349536
1.7107552340786878
1.7525499735977337
1.6717451671092136
1.765745378474531
1.1439956443113353
0.9131509819402954
1.0745028277536557
0.5519613170455909
0.9713425699315019
1.250929375110287
1.3167720863209489
1.6858630789767701
1.5583441684972252
1.6173591358965254
1.5811462336629047
1.207219038105522
1.021227329290592
0.8488307591487431
0.33885866021376293
0.7601175444166444
1.0075050574315074
0.9199855706003627
1.1376350199622909
1.2844779768695165
1.192715013581452
1.3627142196688204
1.264896373342616
0.9921868268673848
0.7680738089153848
0.43235673823505766
0.1670930863808667
0.09167551798690596
0.29594172753041537
0.5531475604538673
0.3353668883104979
0.38483301846244333
0.6378153350074138
0.700571073828198
0.5627955200988976
0.5815749810935293
0.08263162301055907
-0.19963181644345343
0.01164413470529002
-0.10958323086498217
0.05264552968763555
-0.07556697034632075
0.34747645841209507
0.5665515505710934
0.819855445608104
0.7968305570725531
0.7451273227067368
0.6719881122438787
0.13395365227218844
-0.15852900248038798
0.3250420827351503
-0.03395857246818487
0.24238799402016678
0.08733718889446562
0.1702471372039676
0.6698317826128318
0.7532254364469751
0.6031380369886993
0.26577190092261344
-0.3749095719896685
-1.2130333442892378
-0.2617651193152557
0.053107790394970864
0.08853937783241637
0.6914422685571897
0.654352351372831
0.3813445831912879
-3.03711911609951
-2.413180653772223
-3.081337176024997
-0.1951756613341981
-1.0993101187378638
-1.1945437177099694
2.201165272042024
0.405196327990303
1.00513524514222
0.6842075356976769
2.36583102584908
-0.3581531393943526
-2.218696103427798
0.12602565633297017
-0.26224824312040296
-0.08819553009831194
0.09834871125291819
-0.8709732240513973
2.1383936005986888
-0.9284098949668603
-0.3660770346853878
-0.8995412567877464
-0.3910850042900198
0.08811281744103146
0.6099288122406428
1.0411328764071162
-0.015161579325033432
-0.14280927945923277
0.8047067276172518
1.0953556200620553
0.8089575220664886
0.8853883401132284
0.6799100302522507
0.48463666916052967
0.39372289137837774
0.48114895588771134
0.15029181358426016
0.3380637738470469
0.6212019151400734
1.1663473573370318
0.8220111772830899
0.9172509676275844
0.735028070592035
0.6062229531274175
0.26691883724079263
0.06808667155302357
-0.20178699992935648
-0.2685308018286118
-0.4687203344392862
-0.32649667784124414
-0.27602354339266905
-0.6852489772883046
-0.491257207055706
-0.05492327428244177
-0.25869751831567867
-0.03412791513319388
-0.281059097835288
-0.2915879603969195
-0.18226388595996665
-0.03327684018746083
0.08065519853268543
-0.16171233855958042
-0.09945594786323263
-0.15262274237300177
-0.3836952285874668
-0.6118477363753876
-0.5554209742979196
-0.48762674984877785
-0.5620542556797893
-0.5469982090103022
-0.40682661770266965
-0.6248688326343699
-0.7521128774244831
-0.8459388421211783
-0.9426835590251316
-1.048436769562428
-1.1200498541510395
-1.5132618727045284
-1.3279107526841298
-1.1717638517273254
-1.062940275617146
-0.9992183623900007
-1.4618264004586534
-1.501177449513295
-1.8183882032106862
-1.5819141619795265
-1.8338928292033316
-1.7719904797019623
-1.960659736932266
-1.6022216843822608
-1.8056060639645743
-1.8616388557435137
-1.971661540744796
-1.864520146096541
-2.0452621936699473
-2.2389428921998227
-2.4389055531007804
-1.7879840338116937
-1.5055025492848144
-1.576995068365455
-1.340733903658851
-1.4933921891572235
-1.8858262437069069
-2.0485841532361224
-0.8736151314382299
2.719029363289158
-3.1303017908791437
-0.5650637415064736
-1.2934798958843865
-0.3743048431334688
-0.4716290592717085
-0.7348369448099058
-0.4959251103519049
-0.9471665041280244
-1.9991766231365862
-1.9768717393007067
-2.972111649140727
-1.9405027399863077
-0.44173281355949284
0.8912289503008342
0.21560146405177455
-0.4119397909480665
-1.317285063467372
-1.7550561713441444
-2.8724235966568266
2.8490104314962053
3.024960499078249
2.315598443676747
2.0108785332556964
1.0968368610067576
1.1147549064247453
1.627361109828043
-1.6785010378584886
-1.8602665516264274
2.778798923919623
-2.493413269936164
1.6711763382672948
-2.977754547834623
-0.9483556434018159
-1.0851867742299135
1.2705152779435318
-0.6530880655951696
1.7810998164684364
-0.6918829707257288
-1.9698473445538787
1.3448503230603241
-2.2407717169882497
2.2180673275848832
-3.058649953402913
-2.0874881846101543
1.2268408577928933
0.7686079108335738
0.9226892162615034
0.4058994091840709
0.7119786591721381
0.6149907457193715
0.5210637954917949
-2.9502732906780693
0.7691930635613907
1.2181740482488477
1.5674946311616371
1.0105746389145982
0.7374500148568721
0.46594266144255636
0.7913583611611433
0.005382141160735134
0.6916840868556903
0.6932733036996858
0.8505093538618007
1.0586441961834063
1.313441189123231
1.2421508350063364
0.9318670921965694
0.6464748205640809
-0.5162338074080838
-0.31352747918327434
0.05100189974274384
0.1519461384091646
0.03034343406814431
0.7399364799954234
0.4916406584203255
0.4919964025006708
0.42233155533258454
0.3205005426344016
-0.7856607718265319
-0.3489495485025062
-0.4045968642445362
0.2516892086916585
0.3786776222523578
-0.2651482886202891
0.1471387743392327
-0.16365141752820958
-0.5816707787078603
-0.46094124449085105
-0.4218787515147434
-0.306392391454976
-0.42517252269900613
-0.3721400542101701
-0.525037091867923
-0.4442289194775914
-0.5790063236613203
0.031507686754735684
-0.23865593896793272
-0.24744395707587813
-0.8449510962894844
-0.09822965199104658
-0.7987640887129496
-0.4204998490155484
-1.3084903181438108
-1.1067890233680613
-1.0669940360369075
-1.2869223260813552
-1.08095489208757
-0.47970908765613557
-1.3000089814997073
-1.046651644637728
-1.298623299730205
-1.873370058549338
-2.1739947150295373
-2.2509462129462197
-2.2333024149366922
-2.483981230879115
-2.1691638346135056
3.063528055408362
0.20669723458228167
-0.06236930746558019
-0.28514451801162255
-0.9522029331541565
2.026096363280084
-0.08979215190733088
0.7196052188327243
-1.8037807203672176
-1.8247130785345145
-3.0969668086707305
-1.9744267656035819
-2.8901755548504786
-1.3327687620193063
-1.2151213752883223
-1.1053802955874366
-1.7236974420486055
-0.4102650676268006
-1.7588290758311538
-2.31303792415516
-2.131207755820571
-2.4140116943578387
-2.3198092407370643
-2.7358899561134216
-2.0046798119454046
-2.6424558067636563
-1.8117171202296503
-1.8747885731513674
-2.2487966974590003
-2.5107710542753305
-2.342136525403659
-2.3534618773643006
-2.4021655594709097
-3.0759911574527674
-2.3710559296352556
-2.7852397848847263
-2.3235896130214155
-2.113136876838494
-2.1940651997681075
-1.9903528862186204
-2.3497911850100106
-2.730706779542205
-2.391109432304716
-2.4342982903026757
1.9878127967223085
-2.664898898119716
-2.943462763286741
-2.8635452160132453
2.597398836322018
2.6853574019918844
2.959273855995571
-2.9972212852619116
2.7302506285942245
-3.053556836380603
-2.3392112665414366
-2.3157858539927823
-2.90517409997887
-2.616123131682617
-2.7823314559586723
-2.9625456628500504
2.8228884831012446
2.5661768813007853
3.0649479252525227
-3.065733259884264
-2.90423149625873
2.9643655783959098
-2.848257237858773
3.074823713568505
2.909217662617398
2.5633626637734817
2.4351315468496617
2.4072965138276623
2.4013146337366313
2.6570981402678653
2.6936665719556983
2.938655524456236
2.43560727291586
2.637337094956748
2.614967425285682
2.0174150849733725
2.2194752246511467
2.385237934100747
2.5452889410093498
2.5677475528680787
2.673100914863089
2.7852102401256067
2.936620285981922
2.570609655585194
2.307068477983385
1.8490638446552379
1.7059943589738369
1.9850573003914929
1.9254155789681415
2.1013382915556376
2.3322802121071726
2.4158317732740655
-2.6042890795012394
-3.106476948574154
-2.9876100024331818
2.0426838721782676
2.3548565011411635
1.8764652668681283
1.9178987380305184
2.0140202537632064
2.1374051889202326
2.177856631177627
1.6410965869732226
1.336845053389889
1.6549371942469722
2.526168375398805
2.5344070436221995
2.0710727388530867
2.7549581591532135
2.363800130340928
2.1690610950991336
1.8560053656495108
2.4662972590633223
1.6595514379734913
2.5639358959479233
2.146708887905438
2.0360456446989725
2.0960659847622205
2.5917332884586983
2.5268779973620976
2.436062544912987
-3.0733710098867646
1.9440157875368829
1.5854526548497458
1.6829028221546303
1.5864451364374872
1.5923475046540234
1.6909771050068534
1.2021311674057062
1.6804958301247646
0.8226192431992564
0.9372938293312095
0.5967962695271346
1.0040815577116324
1.2682090021349017
1.2431821267993242
1.1158226191311507
1.0684867064492354
0.7810798499758056
1.1449057697978442
0.6552103679121644
1.309255260199287
1.879505517276578
1.4485584262635856
1.5222457745804787
1.335665196120107
0.5479939083174524
0.5187342395446791
0.4564001010258407
0.46364095000150346
0.8474291174656284
0.9198850702295499
0.499660825670404
1.2497713972810307
1.3330249551962645
1.684101736563694
0.9386129811296348
0.18829130808852995
0.3234491720015333
0.4106575206065988
0.5226371112801756
0.7342546290662839
0.6006654978491109
0.8826281317814098
0.9556817207855662
0.813492099109985
0.8433222158293098
0.04980777558158732
0.3755993513734173
-0.047143513202790345
0.33527664130225027
0.5451330158621198
0.3007561883125045
0.48958843256217316
0.4382890642668775
0.32296815732976014
0.3942389582479534
0.08410643993070635
0.37847024487487363
0.4404536190784839
-0.08525142195949692
0.44878785663471227
0.33548994951127176
0.4147884128849019
0.0944774290677946
0.19457784450182514
-0.052717007868392396
-0.21778810822716213
0.07359627090056998
0.2955459204359407
0.3023169405168043
0.31547980971122275
-0.21979482595963992
-0.3115381249124727
-0.5887613534334754
-0.5817959197583175
-0.6754286270136601
-0.7567050737399889
-0.45631369492323093
-0.4967155706130848
-0.15687567606714603
0.1450099162272051
0.3690394659064733
0.09253419067622036
0.46675518875719574
0.12430816424371662
0.08131644101872759
-0.12015854606175821
-0.23264000751925998
-0.12310246777956714
-0.6384009996741581
-0.5880697089223734
-0.6542374450742372
-0.015651766641410714
0.013760569779130052
-0.13565652156590635
-0.1856261679658187
-0.292151114303069
-0.46264308519847747
-0.7200806783601837
-0.6166815355950183
-0.46551521700191106
-0.6951658737494486
-0.49268616709699825
-0.4850133820674399
-0.4552123636729937
-0.5809864736789621
-0.6041058291474352
-0.9472230281056122
-0.8440848377812499
-1.0852690754100789
-0.947205598132277
-0.6482095460452841
-1.0767116837606114
-1.011108860706742
-0.998052705950168
-1.0981736892984948
-1.105401680198542
-0.9850759055828944
-1.1518503708071508
-1.0609798544159725
-1.1022264318321247
-1.1404260032691143
-1.1301654550042117
-1.8069627202579075
-1.766309799158327
-1.6058357952390954
-1.6665865457423508
-1.4121092278727603
-1.3931453581761033
-1.48323182193411
-1.0287067737323534
-1.5625228627161647
-0.32923213446847477
-1.4709736811079277
-1.8030298604599264
-1.8499915751706815
-2.047647342007034
-1.7339082087344544
-1.734994053393869
-2.190397084076792
-2.0925542137393576
-2.093418489835838
-2.2711325655604058
-2.664880989050027
-2.33551108795342
-2.3910498798064936
-2.132749542852099
-2.4300666506220394
-2.4737706383316818
-2.859972529832677
-2.8956729939794865
-2.7886505423683774
3.1326699243844933
2.9256235032130133
-3.0397734718459275
-3.0209329978110104
-3.1313864336678408
-2.6458714200881404
-2.713839819545772
3.07068589458652
-3.0352533918878235
-2.8405420293154484
-2.5279434901428313
-2.621086393462531
2.996376524929847
2.9507331900647364
2.8461775725305434
2.3268149744495052
2.2564531394230043
2.6375656177465845
2.942394495545188
-3.138990219983957
-2.9966776417612158
2.8723566348958447
-3.0077776676884667
3.05892135878362
3.0945282494600646
3.116596008243205
2.988589249408767
2.756893837990859
2.1026037097778394
2.29130225281039
2.1374419833200533
2.162700255657015
2.308243429337905
1.5512775401215027
2.5342300342261717
2.002129199614354
2.1511826142654753
2.5328586924293828
2.9932189653983037
2.6265144800682374
2.593788676622417
2.558265674157021
2.102674408254431
1.650806462907753
1.3373390461990573
1.5181417943687845
1.5672978453876194
2.1968425672082232
1.9944472242749478
2.5676124543383705
2.8732906548418877
2.5972404603860846
2.905417205087861
1.721397686018048
2.199977989089751
2.413149264999344
1.365018461806569
2.3251789095848245
1.5629111363370685
1.7400604668758852
1.5559496416146787
2.406791886024026
1.30694380682709
1.7218849834848835
1.1073591068977635
2.4254411684140758
2.860106833784931
2.282632975001124
2.5974187857038102
2.281332920395905
1.8077132624045726
2.0000663813136783
0.7397949295518527
1.4700031274129843
1.109521725440707
1.4027050522484086
0.6696674911381117
-3.071653776794336
1.6421796128933708
2.3439632166862197
1.723407027928126
1.5666271230908544
1.8200506668944214
1.3112527426783303
1.401811321065198
1.1339765003184363
0.6301274273479521
1.0725854484623718
1.9372597328075865
1.0821032896928946
0.11848852279636789
0.023776404288049686
0.12279334205825101
0.8912619998777365
1.1618324855853288
0.8373800205449969
1.8342453479094327
1.295368875709951
-1.3246291144416695
0.4384677521374528
-0.43520120994578926
-1.2237094952430672
-1.0188625526938182
-0.5841247472828803
-0.005463033822502367
0.49777167074916795
1.1409718713517891
1.3417567763059222
1.1194521719444444
1.1609697781553672
3.0375372439817205
1.0492631929516139
-2.5791124563823353
-0.1371781117597533
-0.6073767060712428
-0.20300172511700412
0.9453585284181879
-0.0409385031688626
0.01367623127545166
-0.5606402700192934
0.44945146979290596
0.2268594551744754
0.6707051563199735
0.6299178707075451
2.0908596891695987
0.9087810911775217
0.6020700460690966
0.5319219076750751
-0.08831191422658712
0.15735164672923938
0.19633696474793
0.284625754669672
0.8538754254452786
0.8871863200775154
0.7338149081520989
0.7834208420677234
0.7825650318508118
0.8304083852316244
0.5353895975294819
-0.11174749643102848
-0.24565948287970515
0.04827641680162456
0.21588881497716855
-0.1187491630502827
0.16997710378180592
0.19630693213699046
0.38459489626566906
0.8139931999543186
-0.17901627644509308
-0.039274400485765956
0.018141533890231952
-0.14578411328862623
0.12478768244367261
0.31522415276178
0.4179623230235005
0.30707865196512624
0.44904631549333257
-0.9062731578107251
0.2657391965149428
-0.27151678296050086
-0.1611174967671764
0.22739581452783
0.4370322243470389
0.37801029866271396
0.18943519563315495
-0.028374116965387913
0.06373945294494354
-0.3144738242359769
0.01760617818142595
1.5740476362211375
-0.15239844814116468
0.7518558942445518
-0.9208481228822297
0.45757060563560004
0.040332992166711615
-0.04011656606391778
-0.4891174649313625
0.002169387458115874
-0.44565519647916824
-0.7971080020994666
-1.139496653499236
-0.5058875711592231
-0.3171886383518677
-0.08274410412022319
-0.3785579829880772
0.01628763881243804
-0.29211607089686126
-0.8318518438161032
-1.156116936171748
-1.2118459731350417
-0.8928484392475692
-0.9839205567329996
-1.269657758788811
-1.0758980505519191
-1.2553975143448306
-0.3126586457252912
-0.5974613739110598
-0.30660092979853454
-1.4666900103250387
-1.415299521258017
-2.6809703041086212
-1.2725816436767354
-1.2686422594681201
-1.6884654389541447
-1.2163512017237044
-1.0714043685251944
-1.207857092891085
-1.4018597935588728
-1.2704703502735741
-1.6272895236948723
-2.6665135912198465
-2.5046492705116625
-2.228097065417136
-1.9319885326624677
-0.3578309271272408
-2.151033153275591
-1.4442457083733997
-1.820754193959654
-2.7773142671835593
-2.4814560266135106
-1.9400287519764274
-2.5988416487319173
-1.6570169929157421
-2.120743211866004
-2.519005898772085
-2.445879431537598
-1.9044581344895641
-2.7712156664324104
-2.065981025456373
-3.074115108745877
-2.8844243725140033
-2.4303238065603243
-2.3690538495777487
-1.972499418535042
-2.1976823943843216
-1.647339327016428
-2.0134930398148017
3.048654986872979
2.1562942947948796
2.3772436497829914
2.962014408832697
2.971435542917991
3.086481139749446
-2.694462805962279
-1.7495852198147976
-2.18963446580719
0.5285565886960859
-3.04135297595596
0.33799021047072725
1.688188283015151
2.828874321681202
2.317475188530047
-2.9316504458588306
1.3070604650688007
-2.4065723971527127
-2.2941687107585382
-2.7255482847482546
-2.656599010192683
2.96359905562761
3.1130360375813377
2.665910670519309
-3.022725654382764
3.0625045498794297
-2.8637103522649525
-3.0788986009811334
-2.835127111595291
-2.9694668180178136
-3.0911909622774267
-3.1220430711693083
3.018250517471983
3.1222326088941843
3.0276403889651484
-2.9207981185488814
2.817051777925371
-2.9954210595765454
2.5441509310128283
2.5638229164719846
2.68399826173614
2.61231631915506
-3.0542015214750506
-3.0444459851160097
-3.059346919901388
3.122402903782237
2.9664255277135427
-2.9244063550919566
2.620447354917674
2.6144872833939194
2.6794109809157085
2.8982354939412676
2.897967682809155
2.839428716320901
3.0420450872898464
2.8979067494706148
2.7709772317350874
2.7795353860958056
2.5607431550950395
2.4053443188844197
2.4530024437766027
2.3356242577073165
2.6168132428963573
2.893388484681771
2.7892014306220108
2.7040099979215264
2.9814318907868342
2.862970412160738
-3.0775936544896805
2.883443645235368
-1.5013108901058954
2.980555596560519
-2.618920114280782
1.746046585258342
2.516292397415052
2.8486416547972238
2.808803835436564
2.258281637009384
2.7225596889505286
2.6796192597301163
2.6547931476865854
2.1150956902135323
1.4683349700147468
0.6605206885070162
1.7159998324572125
1.9821931195916414
2.153042436868987
2.1795700923062586
2.2699668490719462
2.676904850426421
1.7365471802310486
2.0560846664688444
-1.1566836163559027
1.148978022899838
1.4381445429116915
1.5157120875548247
1.7784884888551526
1.7954345202757322
1.7726588206408127
1.8453900323980932
0.34382492190633834
1.4570749532449911
1.2434206516211763
1.4139746943334848
1.6079807426838122
1.5852544206673604
1.4867236822150052
1.3547337253358183
1.6469682634951595
1.660529183045382
-1.1293345355843043
-2.9414301994917817
-1.3701295453755895
1.465546127822025
1.2372234846367736
1.6223449493531272
1.21498750276437
1.4984355870874055
1.1389419066225515
0.8261762201728421
-0.25507922190816107
-0.18555845692784342
-0.08519201097766882
0.7230728387677909
0.9256883364375418
0.8447271873929983
1.156677334339226
1.0441254412510088
1.3632794764200986
1.1517557297725403
1.6118713195129537
2.604395503511338
-2.2006511230702497
-2.3882831272540286
0.6644028667380966
0.9443548944620942
0.6238596853508035
0.8926157481778176
0.8578620258490478
0.274752335133043
1.3963912848195064
0.8412502241399937
2.481660050525651
0.815003421843864
2.285906153999287
-1.1314043720967464
1.5707517832774982
1.0758562892126293
1.2508956208100404
1.5197464616721474
0.7567941028309345
1.2588265698848227
0.6735075226233108
1.482366977850833
0.9723329053475651
2.205681415994803
1.9234346526176418
2.253150728065054
2.1468245114343287
1.5894245074305882
1.112689795022329
0.33836577362293035
0.35267371728321045
0.33292215715268303
0.46303286859165316
1.305338049363612
1.7794573122889172
1.6666991784877951
1.689170253551242
2.313331951140287
1.3294381351273348
0.970693188120888
0.14664644969642074
0.6791409070477585
1.23875594620435
1.8448156263657507
1.6353875607771962
1.5295942455499008
1.3553891604865453
1.6877236080847484
1.8925403631972402
0.5751065105630396
-0.9581404745156533
0.9278234751021368
0.7905094810504603
0.9349406817455119
0.5930606352322241
0.5712381133236745
0.5738555367290706
1.8616371248799508
1.642842292021989
1.3632473697779308
1.3749516791958114
1.7330772364075904
0.3411461974902241
-0.6028206739272705
0.04083568359559572
0.08938387395941537
0.3183440499229459
0.4950468815718929
0.7250219907791154
0.6023418143925132
2.3079185425247277
2.5424597823818953
-1.5557925679555227
1.6263382889020936
-0.8878997702703569
0.19551068576425853
-0.7072187836529387
-0.3865907427104896
-0.6720226539243872
-0.12013776364068154
2.01305946877475
1.4820405015598652
1.049285026381227
0.9766440611865057
-0.5815476728804435
-0.18903706172834459
-0.911174784448772
-1.1714166244915196
-1.7944239622289606
-2.417891357109459
-1.085988548105379
-0.347175081733128
1.080829875377693
0.6477126777070088
-0.6392307455941065
0.9978888649636284
-1.310307745747359
-1.4935226281580227
-2.0061409343488
-1.8220545025014068
-1.1075766048668618
-2.3766210225955815
-0.8838359381569836
1.4361060407627888
1.4404646030679646
1.138179305773139
2.203696307533468
-1.3341864486001072
-2.180692562655417
2.974127730820021
3.1059653613720357
-3.0887036284776563
-2.1406529384634605
-2.0780545996906072
2.072379009588805
