0.2989199883138534
0.2978214668138695
0.2958421680431526
0.2955563170532113
0.29534355164306564
0.29661940950638155
0.2982207536798966
0.29973259771917554
0.30080638844966606
0.30021219914511665
0.29966070457643196
0.29836210754782544
0.2985110192274647
0.29766952239764594
0.2961646579029415
0.2954599643023945
0.29604011420686593
0.2961242958836547
0.29713617626924027
0.2982382635284186
0.2985195718970225
0.2980463222418467
0.297174974723473
0.2959259426120505
0.29591724336413383
0.29644106803740633
0.2979528522669913
0.29723512359909854
0.2970923897825592
0.29572602956789973
0.29258940733802974
0.28808442035522436
0.2858459769192892
0.28484237026910314
0.2844816137265508
0.28441721653176516
0.28535067561884647
0.2864753762045354
0.2850220686113388
0.28282040802396546
0.28180558379103215
0.28154948275426256
0.2803429848473666
0.2797676587942187
0.28027293642374346
0.28052142825231413
0.27989436910024984
0.2800477771019173
0.28093608870762715
0.2831159786878696
0.2851992765405901
0.28713262442718723
0.2919769824962394
0.29463545243175215
0.2960661213982072
0.2994124010318183
0.30211928904699187
0.3049043250327473
0.3064856883608402
0.3075133037601311
0.30801043603597333
0.30803523375914776
0.3078421170454438
0.3074904491245488
0.30706180800856997
0.30750232812341266
0.3069828134871473
0.30589687576368724
0.30342663951945836
0.3013222143775232
0.30098604412710117
0.3003061485336326
0.3000785077855335
0.2999424250988187
0.29951455994731746
0.30073500268178666
0.3009786853552027
0.30101957695476356
0.2998738686797969
0.2984086747199986
0.2974197408596756
0.29524493253324946
0.2943619548161872
0.29351012313479163
0.29382995048856647
0.29412181584425123
0.2941416314914006
0.29285910331462234
0.29154559371505145
0.28948432438876653
0.2880849682565815
0.2848756395983309
0.2831658534565034
0.2805720849327802
0.2781604290691765
0.2767879078587293
0.27655638567283836
0.27492513599142815
0.271841207951664
0.2710449179285219
0.26883490537392213
0.2667614912952442
0.26611069703589657
0.26452843436188045
0.2643708145779161
0.26444958759757103
0.2640403306253821
0.2638371035887459
0.26358613906045647
0.26274372350642733
0.2620403649213784
0.2624912342156277
0.2636609427592774
0.26388410114995825
0.26371199569379034
0.26408245164945876
0.2648934438919706
0.265740109055808
0.26768410211374066
0.2684373564092474
0.27024798896213553
0.2714568066041304
0.27171867570583075
0.2721971204764728
0.27231456047290914
0.272734774598725
0.27416466258175365
0.27518931554865605
0.27585178663426846
0.2764998734897677
0.2768047238276315
0.2772563780718576
0.27736495650078086
0.27494809545544024
0.27492790556354096
0.27478065623852654
0.2749959297044816
0.27548314483368574
0.27549567599407077
0.27492068622584215
0.2734138119638736
0.2721886733419203
0.2711276529273924
0.26966705594176954
0.2696128910837395
0.2694081759505924
0.26965257509720597
0.2691642708515993
0.2688423291199956
0.26858868791888446
0.2667963589357455
0.26592607146656
0.26425411892309514
0.2612898012099149
0.2606411358689506
0.2586619325160052
0.2572777323640477
0.25659511603813023
0.25559908603967296
0.25507497720108435
0.254646452443413
0.25250540030383395
0.25204383696215776
0.2511879855316562
0.2510120205458732
0.2501727712674463
0.2505838460306635
0.25086336884419114
0.2525467954234169
0.25426413532455305
0.25395938152005343
0.25459395290368836
0.2532174440000536
0.25122730552481826
0.2506782901702284
0.24879641545327008
0.24817173677749677
0.24792112971383512
0.24830470575535935
0.24845718768923483
0.24893805138821387
0.24939203192807766
0.24863776329064474
0.24650751021470793
0.24571518924771252
0.24567081015216052
0.24508987919821296
0.24502553871462301
0.24435209346049636
0.24235447870310717
0.2416010393009551
0.24058222765644194
0.23995352619820456
0.23983778639664294
0.23924476731537622
0.24021497452878263
0.2414055051067044
0.2431432061277618
0.2435473621533363
0.24296575447128
0.24295769332690836
0.24222467584187757
0.24351410271011345
0.24424369620627728
0.2461113003889051
0.24830994364704478
0.2516263431824829
0.2544557113288941
0.25489774192910725
0.256412262363115
0.25647280502616093
0.2564570414611863
0.25731874003643024
0.25821666766472046
0.2612063353972408
0.26252401913709034
0.26587803297549123
0.26829020087956484
0.2708763979687068
0.2726208369850917
0.2743656780401543
0.27534706002596665
0.2772482462841572
0.27783421079694
0.2788507299580748
0.2788363088534756
0.2798983830570817
0.2815414211056378
0.2828768901324151
0.28479397644029253
0.28720570473877655
0.2877355330976515
0.2885605272224666
0.28832408973861956
0.2887256274762957
0.28930477238063623
0.29049507313316814
0.2909416117187725
0.28983947368218976
0.28881387248850754
0.2871216868180723
0.2866540188163937
0.2849977239232343
0.28301076256327445
0.2825766661756544
0.28239812358590066
0.2835264094232957
0.2839710167246763
0.28577493479210847
0.28569230245323063
0.28583155709430214
0.28507764245004397
0.28468493533782335
0.28478814818827586
0.2865592299345628
0.2869125195993414
0.2888785862151669
0.2900930790328876
0.2923885311721056
0.2930485306468422
0.2954467267038265
0.2966011927782163
0.29783978861292
0.2980112740560698
0.2979501090580181
0.29734227089700904
0.2972361318948904
0.2970165195872779
0.2983444369709622
0.3011756579716953
0.3024704580861149
0.30315546929962733
0.30370264700877625
0.3039246753392521
0.30631832660457403
0.3087103103055269
0.3112818903980045
0.31359066710951683
0.3165919802144523
0.3188750644751933
0.3203406296545178
0.32176984501073636
0.32333652120103384
0.32581718202654636
0.330315529687152
0.3347831417397127
0.3368734136203243
0.34006070738381755
0.34103933715039336
0.3411196005122694
0.3407372676182986
0.3401819857980889
0.33864293856288474
0.33744770175813604
0.3367034371301493
0.335320340121706
0.33599144019780447
0.3352960393655593
0.33404680067106934
0.3312696618667382
0.3285809635519074
0.3282634881716643
0.3271281400782698
0.3260543262938943
0.3245867226523969
0.3241537991702593
0.3230330728524908
0.32205613682723505
0.32113270470190153
0.31763057033420294
0.3158538491268764
0.3156404992531313
0.3136544861029591
0.3132294276947141
0.3112378278161886
0.3109685457164675
0.3106594896301353
0.31001966357041827
0.30805887307745417
0.30564871286608286
0.30391556848684836
0.3021488047154025
0.3023289457929339
0.30308410422189064
0.3034014339338841
0.30380925102386513
0.3037402820785854
0.30348191297613264
0.3027972326249171
0.30202208921428975
0.3021178259366669
0.3029565608996031
0.30388841828744473
0.3053267638138572
0.3073727217053801
0.3089621503797338
0.3093288318695693
0.3095279188056748
0.3095315221967194
0.3101171753673312
0.3122228886771393
0.3138628615740357
0.3172532462550457
0.32036977793588206
0.3218033668574011
0.32352990465243897
0.3258315328832356
0.3284337557504258
0.32867983097249676
0.3289783525210601
0.3294647661785262
0.3295250284498925
0.3319806301652357
0.33321879613272687
0.3343445484359159
0.3354679242638369
0.33605344533920345
0.3361385381764648
0.3376997033132154
0.33842669264242653
0.3388432720431126
0.33899517754878655
0.3397924923143741
0.3410196677632309
0.34231371000707417
0.3428584654127774
0.3436633007686421
0.3449750204597962
0.3452199800009939
0.3447845674837627
0.3451635953481901
0.344892089558785
0.3453883905494095
0.3451622806102618
0.34592015521262853
0.3477498291867635
0.3490332874848597
0.3489386483094183
0.3490954788438023
0.3492889774306393
0.34949431134178
0.34871416352603984
0.3469455829978623
0.34521241474494574
0.3438644870267132
0.34232759684191894
0.34104123011493376
0.33954060160522975
0.3383491776802311
0.334544805116302
0.3334365119969069
0.3296191714623458
0.32834345014968946
0.3248759633912906
0.32341423945449715
0.32116954090532696
0.31809979028993246
0.3155014548258401
0.31167827569620604
0.3097139632700836
0.3054268154910904
0.30280683017642435
0.2985448957835274
0.2943491379472253
0.29233613541951015
0.28730984807259313
0.2852544236466251
0.28097779448647126
0.27828683008182314
0.27409439963787663
0.2684370178278924
0.26605569224202913
0.26144656124571697
0.2600812415076637
0.25816366677379377
0.25530722782352583
0.25283896971662334
0.2516393803815037
0.24904569500701518
0.24650551897614678
0.24445579832765368
0.24054592015666504
0.23793570027670724
0.2357251640038144
0.2342829184928597
0.23243515038853685
0.23136581080078283
0.2298557668965572
0.22856865769532556
0.22780684655660247
0.22641449734489533
0.2245739838208347
0.22349760073328478
0.22340803048406016
0.22201860335162368
0.22131481669201727
0.22175498159557927
0.2227022047147728
0.22333506604570347
0.22474966151173362
0.22435596518545792
0.22517486105875356
0.22535605883171952
0.22591056089418976
0.22758106528907612
0.22819956478199965
0.22869959876686896
0.23027016590222948
0.22982229077132704
0.23069143483665422
0.23042436332194444
0.23139671502656278
0.23282912747860846
0.2306615218175303
0.23012103303363324
0.23004495731453126
0.2302298253718626
0.2316853227007675
0.23302627523461933
0.23360799986548733
0.2347851799051463
0.23526980227998165
0.2352369147849503
0.2354504119635444
0.23606190334332672
0.23613699445734632
0.2367670303377331
0.23810106589353577
0.23899496126430492
0.24146577464702818
0.24319606081189069
0.24500307944592342
0.2479526884948267
0.24903983419593598
0.25220104504371577
0.25376416858152934
0.2556152725699348
0.25964572176073875
0.26229396055258325
0.26411734157519556
0.2664684191026473
0.2673191653172152
0.27020336171839476
0.27137500023469896
0.2731610081546817
0.2747048822171557
0.2761712287112941
0.2765253709014423
0.27775624745146316
0.27877689598377375
0.2793666469687793
0.280430302781585
0.2818641223676907
0.28182370448383554
0.2815527232241576
0.28118818287710434
0.2807844615858987
0.2792111565577916
0.2793926888800993
0.27903190142781553
0.2798491941322041
0.28108520323889025
0.2808342238080452
0.2824791257276671
0.2832713638160108
0.2846597594827086
0.28481360617610674
0.2837719322140953
0.2832850584416876
0.28271139526283695
0.2832521608063988
0.2841700539251989
0.28691204494973144
0.28902059644547723
0.29152050314885974
0.2950980647524712
0.2962177924221095
0.30112095781074527
0.30593124985487574
0.31111010083906454
0.3140882822914858
0.31580368694123634
0.31849428046853395
0.3203990842757724
0.32088785273824344
0.32165264586848646
0.32272966533965153
0.3238916774297248
0.3240916704950637
0.3237964655751757
0.3231407913443988
0.3235850863744031
0.3244756677803603
0.3261667884734494
0.32653840153715435
0.32691976478514645
0.327097747788732
0.324868817250542
0.3215752727277716
0.31970385972954246
0.31436750637302896
0.31070571997952906
0.3082270577874048
0.30657378471218727
0.3041255419246559
0.3002932769385109
0.29833559932037607
0.2940827455698136
0.28888020052722096
0.2848315687030084
0.28368982245286056
0.2801015306421963
0.2769449992081613
0.27400712093904994
0.2714204929729595
0.2698991750855092
0.2658975985253434
0.26215504106750626
0.25857748103636063
0.2590809241166682
0.2596184690745184
0.26274530672200386
0.2639430099763441
0.2670918762127077
0.26763735978408887
0.2672748090974071
0.2666788138556109
0.26645079481946654
0.26595510991377125
0.2667890920268007
0.26670090789345297
0.2673641560490775
0.2667582467794963
0.26558836490143667
0.2651175115473571
0.2648272235124334
0.26285091538284794
0.2617282754257598
0.26188951112893094
0.2616799993689152
0.26123691212091327
0.2613108407162142
0.26211079062537396
0.26121213075968125
0.26111442208724817
0.26073351462591904
0.25998834256763675
0.25985673247271257
0.2584017367905284
0.25683085343084755
0.2551638676759048
0.25401355791635727
0.25161891113978485
0.24865134967665198
0.24551659288049263
0.24373256448323805
0.24130339811278306
0.24069408419488733
0.23758841989200544
0.23489044930013492
0.23303686396073292
0.22991232928159114
0.22786800960773418
0.22726431258722962
0.22768101843757274
0.22808975865904696
0.2294247924963579
0.22998289271017153
0.23063162195826062
0.22767083725345721
0.22879367848528678
0.22804614531637957
0.2281500861249849
0.22843427882233006
0.2232004046279724
0.2222673426676581
0.22162063608184215
0.22228218490882945
0.22212928870299464
0.22113969503479725
0.2207787625154532
0.21960016307701738
0.2183085083491066
0.21877201345111646
0.2199451441693674
0.22178609393438697
0.22291885784815751
0.2240514296256269
0.22721779580569335
0.22897662045388914
0.23353074991552497
0.2350553231871982
0.2380370243925684
0.24019958112717102
0.2410630898585758
0.24224826090060084
0.24295919453967163
0.24393670413362128
0.2452039009034927
0.24563135738575945
0.2473128258950518
0.24846012483731075
0.24945077470121588
0.25104278627451565
0.25309986516957717
0.25548911650962897
0.25637744529179185
0.2572384413103567
0.25814354085369184
0.2580383038480509
0.25936914887898194
0.2599892344328174
0.2586091123248523
0.2580801177398826
0.25730344171952935
0.25799378500751535
0.2592085712185589
0.2637817051691026
0.26803430790796834
0.2703846850102555
0.2743865410443738
0.2773326414544433
0.27848132925287816
0.2791407280863845
0.279912807439927
0.28156182797693396
0.28427367474524134
0.2869416910845558
0.2880254638734359
0.29214547367607474
0.29445460244305643
0.2943659637242717
0.2954567707698908
0.29671708491801724
0.2971095340414577
0.2989303789777636
0.3005542774720601
0.30183711272092206
0.3061370476806124
0.30645953381729474
0.3086188347562294
0.31060178821038786
0.31155818461151535
0.31217910238555613
0.3125501489269692
0.3125762519883602
0.31326272558322904
0.31273494752390674
0.3136813096210311
0.3146689291589307
0.3141434458197634
0.3140448020496319
0.31263988035688073
0.31157339507101983
0.3098678104091226
0.3073386861584891
0.3063188001523471
0.303389511029245
0.30106548169535075
0.29753123837997164
0.29615980430631317
0.2946004152009548
0.29384466998814585
0.29318417264780183
0.2920917333473309
0.29102597040724265
0.2893674837604315
0.28725033316098353
0.2863323152047984
0.28369163426856275
0.28280873962283476
0.2798888921982371
0.27685626052516693
0.27291213257386576
0.2708067705283164
0.2679411902358759
0.2649230645133572
0.2641307108651756
0.26215122407033875
0.25978221864990547
0.2580263802485448
0.2562842459769515
0.25533481749769055
0.2542472139965791
0.25223514742997044
0.2512168390527797
0.2504015465041632
0.25146570404300117
0.252820172548056
0.25368724798609116
0.25372309505901647
0.2542015481520023
0.25472913205566317
0.25741607781682807
0.25893103342529705
0.25997624955326076
0.2637851167353367
0.26627993328312505
0.267561798835973
0.2687881866557159
0.2697985155697701
0.26963118559026444
0.26992652379776166
0.2705570193411505
0.27077605233403473
0.270653130172411
0.27139018586944336
0.2714922027073519
0.27071985431015017
0.2710921896431847
0.2712645930921017
0.27081806703106415
0.2705890426304403
0.2697954314237589
0.27015309226968814
0.27194546938392294
0.2727046806792015
0.27275775089519044
0.27345170450426004
0.27406919243839684
0.2737660435263514
0.2753313760865604
0.2750361403838313
0.2747416862507334
0.27445506862115593
0.2731884015151286
0.2720855107477863
0.270803740999419
0.26984628313290804
0.2687542580569918
0.2674410353674241
0.26581679779116185
0.2648446665743967
0.264600643911218
0.26380891085576746
0.26344709868806904
0.2635027921465317
0.2649163293546011
0.2655252280205238
0.2666672187292033
0.2662105079562087
0.2657937036079391
0.26463878965894283
0.26378797021236655
0.2643540168232023
0.2647806630789709
0.2658601458617821
0.2667544275954338
0.2701827237812716
0.27101112745973766
0.2734594045034273
0.27263297067021475
0.27170236344956433
0.2704446556900736
0.26904403801249954
0.26772942980638814
0.26675132069352037
0.26738606039044654
0.2674507314165366
0.26748797345216385
0.2683000524270622
0.27041861633933795
0.27120117255992376
0.2721744953105346
0.27320777674246965
0.27414729856819137
0.27421458339866583
0.2738393094213877
0.27499294769113314
0.27682877769871655
0.2781708401994783
0.27751137487800553
0.27705402220902337
0.276774083982389
0.27765003366648155
0.27825416961858046
0.28015044920432713
0.28285979538125905
0.28867280232281506
0.2913719802947336
0.2931088198385407
0.29539089804792207
0.29688043661441366
0.2978678793649706
0.2985226305470602
0.2989793065843691
0.30062236756788063
0.3017927156049936
0.30312529119999104
0.30577279221583226
0.3061403956674314
0.3058590347940561
0.30503164092916374
0.30406269064200986
0.30380418231021333
0.3035517238544444
0.30327190382222635
0.30346624512405806
0.3038558948627875
0.30411145607636164
0.3045525235545089
0.30365005364907327
0.3033889901581893
0.3022769557811705
0.2999658549651983
0.3002285080112642
0.2994246234194372
0.2981847584396335
0.29729438294184807
0.29539159620307626
0.29391493663850443
0.2924961222392849
0.2896184563565366
0.2867818164927344
0.2860403423838636
0.2835833058027186
0.28005850895154577
0.27759651059295737
0.27436900131726955
0.27088829580744206
0.2696178069742941
0.2683289168992714
0.26955711644772484
0.27080290356016323
0.274560362094621
0.2753183514865734
0.27621429929642605
0.275562761355013
0.274772903205949
0.2741950686028842
0.27508656661163655
0.2776002833291881
0.27875810952579205
0.2793623606511336
0.2798259453934933
0.27932936022541865
0.2763834618512368
0.27503855058205473
0.271560313193988
0.2704505016161524
0.27111410313384676
0.2712468245624894
0.2711709945427447
0.2714285002191009
0.2717399582791974
0.2704205672610618
0.26962426436901527
0.2690618497635985
0.27025420470437067
0.2700877246549397
0.2699457930828782
0.26768283090982214
0.26594426974074464
0.26413769006683624
0.2641579994733473
0.2637648350202073
0.26508248162822395
0.26657831539308063
0.2697629455181641
0.27265479895400296
0.27706659694597613
0.27894189701916916
0.2817398250290718
0.2847765266303237
0.2855085911995926
0.288595331363438
0.28905937525936054
0.2900509377154867
0.2909244024360596
0.2911382115731547
0.2913017810753917
0.2917366125234757
0.29171769351450755
0.2930298085339977
0.2944783252719291
0.2949755687805349
0.29536627809868377
0.2961321811104761
0.2974842282093365
0.30013861318469026
0.3004661928765584
0.30169298189895566
0.30223964331099806
0.3026265469336986
0.30272597144132063
0.3023468414359051
0.30207418218105075
0.30195869394863173
0.30107566247753065
0.3008393190041088
0.300542419263169
0.299350959022154
0.2995621795226332
0.2983499313757431
0.2997098327766613
0.29894121300519994
0.29938870382012234
0.29872303629783686
0.2985637791461708
0.2976622459414501
0.2963125814355913
0.2960619789541756
0.2952158062609815
0.2945308203810816
0.294060323899875
0.29365793415948044
0.2942215585294788
0.29657422824185203
0.2963178770364171
0.29682741933219375
0.29635293081519704
0.29558033621833224
0.29479235895549166
0.29352780611448887
0.2932294816103694
0.2942945012147561
0.2956507502004707
0.2962298277208924
0.29639688851673823
0.2962021321915515
0.2932822976428474
0.2887145866076469
0.28738462055741615
0.2835960641685152
0.28034068664338974
0.2798639144463377
0.27960078566581675
0.27927211223676107
0.2778214232860669
0.27635014778642797
0.2756361966359052
0.27448436360767137
0.2753526527832956
0.27541300107899513
0.2769066468173355
0.2774936397510686
0.2783251151891478
0.27781557381598565
0.27499621822038317
0.2734725851780026
0.2706382736852771
0.26755814229876834
0.266904863227939
0.2672879197730723
0.26688708357589197
0.2673933353604879
0.2663041794583336
0.2661289660202719
0.2615399581369976
0.25914930117358936
0.2566374889293773
0.2555278486825446
0.2555405518986362
0.25412759842187627
0.2531218723236929
0.25231896054367403
0.25045620443560007
0.24841492963768533
0.24570784319284958
0.2425969327633523
0.24129389923934305
0.2410743349101895
0.23971518006663572
0.23990263945804174
0.23895296701557694
0.23853840153977007
0.23893081587788007
0.23849467234021526
0.23642946975472073
0.23343772753060393
0.22994370188774896
0.22740313826645292
0.22438681832602936
0.22258031520016072
0.22227703626014167
0.22210938820728066
0.22218986900254864
0.22275530725032572
0.2226587256308678
0.2225044797095373
0.22256070639205597
0.2231927656123871
0.22576330826180652
0.22814641721641649
0.23102828630632147
0.23226084026643168
0.23375802526888453
0.23550807415489303
0.23778683263352535
0.23935822151607894
0.24185113918471318
0.24459468840607834
0.24621532393122153
0.2472806970228892
0.24983385876566006
0.2504167642578074
0.2541763124162123
0.25691827248807264
0.2596127560497887
0.2606511513937345
0.2634144148814825
0.26573562885845337
0.2677032260436787
0.27052208525771276
0.27258928604104427
0.27332258240699064
0.27624689219230775
0.27917914733380783
0.28121575668934395
0.281985375188633
0.2817677819347265
0.2809381591385415
0.279102626896789
0.276441835067258
0.27560932307760777
0.27423320214558167
0.2743303868019872
0.2751780059839667
0.27603901024614125
0.27677211226144155
0.27632580244056787
0.27557747684714134
0.2759913137425801
0.2746354273955912
0.2735676193082618
0.2718527717812647
0.2702192509261424
0.26910935606015196
0.2683453319324219
0.2674291726347677
0.26744690845422037
0.26720989548215324
0.2665527411480842
0.2667795732864371
0.26606137256837
0.265510535962382
0.2655496845560969
0.26603066670033637
0.26759859840622785
0.2690308741655577
0.27074327684277544
0.27119400104637803
0.27313214879011277
0.2761184865611873
0.2778642314562955
0.2783564201378206
0.2782311924374837
0.2775215829348234
0.2771864164038212
0.2753951233399651
0.2750616248081743
0.2750815448995283
0.27563084199061905
0.27578752783496036
0.27675744755403237
0.27660465047291405
0.2760059221109106
0.275610617208485
0.2730138713302351
0.2705904163930309
0.26958260024042635
0.2686286407154826
0.2682321843411074
0.26769950461770875
0.2669086573280984
0.26531383062225167
0.2623757046264116
0.25942226166147875
0.2553055121314419
0.25265509731919883
0.25180459975353797
0.25138193452910335
0.25080872741083343
0.25046354667869136
0.24888125572175848
0.24785125494980975
0.24766892539977844
0.24669471501378643
0.2468156964062377
0.24707788825400073
0.23895067580026025
0.23903962041813878
0.23929261631387105
0.239954662939056
0.23896237944583207
0.23834951102310678
0.23673450726534395
0.23476138957549125
0.23323445280047883
0.2312782787950669
0.22984163075744096
0.22840976482043568
0.22851672835211825
0.22935432259861085
0.2307594522119898
0.23374051244929928
0.23578599451869478
0.238200050419031
0.24064672103294837
0.24142522124722046
0.24277165940806608
0.24397922309244877
0.2443181350074765
0.24579100110879434
0.2464697985197569
0.2467417020126455
0.24627390416190503
0.24572932442734916
0.24453651546454172
0.24378386800228463
0.24313942522905263
0.24296611940970125
0.24177528935054457
0.2412867387183495
0.23960576619079016
0.23958359563766818
0.24035621984650132
0.24023998274198916
0.24037596479446308
0.2407732841198463
0.2387173113009958
0.23751367979593802
0.2379424323559049
0.23878161958173494
0.23953051750316673
0.24054846114726294
0.24148150739296798
0.24050654375174893
0.23936815994980348
0.23899247800708578
0.23838151714813188
0.23827999203611117
0.23830814100595515
0.23899542878830338
0.23966115520748646
0.24131526344146628
0.24345557241589316
0.24415129394205975
0.2458857977010688
0.2462489909310157
0.24696356792170207
0.2473741860611586
0.2478504280210097
0.2488911111890384
0.2500808333900323
0.251644029175002
0.25393757781443105
0.25652138892118603
0.25834248518690606
0.2588701788709358
0.2587021326929948
0.2582563779790824
0.25821560008914535
0.25991357036112844
0.26116393856488557
0.26224313883996125
0.26297945304985604
0.26375938896233075
0.2644653147242979
0.2657516332464823
0.26497333743037943
0.26404895181671934
0.26389556498076555
0.2635849106421975
0.2641392749432173
0.2655411346030217
0.2658155184569128
0.2679848756595296
0.2705589700291965
0.2725821761273856
0.27421279961065187
0.27425701662545104
0.27512365890068896
0.27490034843108313
0.27513072942059486
0.27584056855933115
0.2763748543472516
0.27767795924595595
0.27785161247511014
0.27639221931659114
0.2754057504906574
0.2728898672628433
0.27170007533368495
0.27044363848817826
0.2696130949046637
0.2688643282153964
0.2686654242798044
0.2701063608112576
0.27027699310046793
0.2727318050606656
0.2736115111648538
0.2751030243626689
0.2771773891434016
0.2768333632915325
0.2773740742422285
0.27772793539280155
0.27792288457876685
0.27740633812943705
0.2770799832267047
0.2788111871744879
0.2794824517577605
0.28036618574333366
0.2809924392374935
0.28060439838843565
0.2802498755962161
0.2807226152606532
0.28250935196581717
0.2842457023254391
0.28478994429996174
0.2845729752293589
0.28452509613839105
0.2832861548672018
0.2800312547330469
0.2774175884053627
0.2773896320807884
0.27539524010733707
0.2735799598704714
0.2702965204925371
0.27015140418581557
0.2703534681916779
0.271625662600181
0.2707977656248921
0.26946427805694345
0.26768061238141655
0.2656290554411217
0.2642585330376721
0.2629276432308122
0.2610529154720485
0.2595337382377335
0.25841126571243184
0.2580479326975298
0.25813553265113
0.25732698803827836
0.2581751717828118
0.2583563603932159
0.25870552446377504
0.25734018896315886
0.2554895861275663
0.2545458559420612
0.2529929097879682
0.2532340240912875
0.2538731320275883
0.2531663490378212
0.25413058444615577
0.25337871748765883
0.25142831377029906
0.2508974503993568
0.24957952477665804
0.2491282426610674
0.24998202747983328
0.24993251836974045
0.24904965548965588
0.24747700209426307
0.2456785983840748
0.24371656316506848
0.24201154406075398
0.24024877591602065
0.2393006589476098
0.23803064050369604
0.2377387124783159
0.23554544108149522
0.233561728698491
0.23141839906737943
0.23000546777161396
0.22749273224045172
0.22769043758847038
0.22713199468500403
0.2275092172096555
0.22799225877956744
0.22896731494621742
0.22956367722645776
0.2297306287756354
0.23055206739642595
0.23039740129568256
0.23009151983425075
0.2309012434827832
0.2320582061455716
0.23379469173891293
0.23524377097636165
0.2374186248655607
0.2395474660088312
0.2408221295326491
0.24283872662380185
0.24345981284019094
0.24333706363190855
0.24280730358930716
0.24224248325943662
0.24360258062865045
0.2445953399603406
0.24569576042918356
0.24636265109995764
0.2468351350510071
0.24649973901452144
0.24717919965236312
0.24933781861013876
0.25079824564929953
0.2514802561384412
0.2502400155233947
0.2502754882556754
0.24690769793746242
0.24610079092208142
0.24488327205997398
0.2453790607638803
0.24773609199490756
0.24853346607957097
0.2496414697127391
0.2491768607802542
0.2499351516398484
0.24844412458968806
0.2453189022291183
0.2443065344089336
0.24169935602313491
0.2389813696464227
0.23833777439744447
0.2386541806787875
0.24007340159027155
0.24113838608107224
0.2424756382160858
0.24583580360745733
0.2468722005096164
0.24584470747838022
0.24545704576617902
0.2447940937875949
0.24306885497884143
0.24275072374192724
0.24310771347174637
0.24414869653582416
0.24496130585607845
0.246692659689073
0.24796889204425449
0.24872702205246772
0.2489335105754741
0.24895001806985775
0.2489063317489432
0.24782863931175464
0.24725916725617608
0.24635686855579228
0.24689493579826832
0.24590574659288453
0.24511956563555265
0.24482313322160318
0.24490106261896774
0.24477011212415611
0.24498764183707683
0.24577593760887134
0.2467903483454211
0.24770104115987626
0.24914575068363445
0.2493957338975515
0.2502496801717078
0.2509293478486389
0.25165474124153947
0.25252117735571894
0.25391631542156234
0.2540538934483535
0.25560878522045355
0.25589841098262356
0.25643987910649824
0.2554187379280603
0.2556713581609754
0.25663023916348077
0.25920813096238177
0.2614117514013147
0.2623142492048023
0.2643166231089639
0.2639789536481302
0.2630809711678138
0.2623892328483325
0.2613713112266932
0.2633232014452683
0.2642627290767324
0.2665143554504302
0.2696911091251126
0.27284107708330296
0.2752770351560959
0.2768557531691821
0.2783880559979032
0.2800620663859859
0.28108080917861833
0.28286651835986565
0.2855216948822993
0.2895279944253328
0.29411406128542866
0.296302433912177
0.30110738740953075
0.30294078195781393
0.30265007085877016
0.3030748652317247
0.3028987527986534
0.30459434123947843
0.3054122807348099
0.3082906051046771
0.3099050857264367
0.311896023043451
0.3121161069188284
0.3130607938098678
0.31391532465674576
0.31580928200204
0.31812270162172923
0.32151949944279834
0.32333341137708094
0.32713955513899373
0.32920352450775003
0.33074751149871134
0.331812117252691
0.3322361730227996
0.33179054101084793
0.3324190838340946
0.335563502891221
0.3388058742334073
0.3408689221681495
0.3414833874799719
0.34159799149676096
0.3413574484283529
0.3410631711711706
0.33978227794129345
0.33883475261483365
0.33851880196309697
0.33843975544042737
0.33836896320744836
0.3407938955245163
0.3425411383263051
0.34371822772921146
0.34447805344115967
0.3442917568311762
0.3443805428790827
0.34368021696786033
0.34303658578258267
0.3433295084181007
0.34385256156771127
0.3449370431652036
0.3450389377475031
0.3461053255243733
0.3467244330612387
0.34760476245750016
0.34856441489277784
0.3489089855549402
0.3502238987325744
0.35080918692331625
0.35079827531399516
0.35067703073695056
0.35132550898685555
0.3524583758968497
0.3530689847624354
0.35865799002109966
0.36170053624354265
0.36415420508117957
0.36515801761943584
0.3649686304556807
0.365058869172738
0.3660381527055692
0.3662303683475937
0.3677247838570466
0.36790160839436903
0.3681091591921904
0.3673977931025544
0.3665805509741525
0.3667056618045727
0.367381959303753
0.3680314567934142
0.36852691742389265
0.36926865164440564
0.3693435013797242
0.37029532510024926
0.371234698168481
0.3744732357540286
0.3787528748526887
0.3830414981572744
0.38542515733985516
0.3894645871759032
0.39197527384872943
0.393451164664273
0.39355812511950866
0.39513074993263175
0.3967339015286616
0.3972415782897204
0.3983273623054509
0.3984917380057249
0.3971358299757704
0.3942013267402873
0.39154475033127206
0.3897867432828372
0.389107942868331
0.3884799297422136
0.3890941980628245
0.3882974206630342
0.3847678998190282
0.3818142107693016
0.3787304173523611
0.37777551542349364
0.37429846333477845
0.37253618031036567
0.3718730472298625
0.37106431646589016
0.3712259826367911
0.3718825534951396
0.371244047621781
0.3715789935917314
0.3704377504648467
0.3675663333326361
0.3666060870187849
0.36615450448139975
0.36584436899640005
0.3657282551936041
0.36569313986978674
0.3671239173378542
0.36876900289931225
0.3699027776577636
0.36932533476864776
0.3691342169643597
0.368501385118722
0.36819676898523
0.3681892341477882
0.3684756481631955
0.3698469142766176
0.3700499321322082
0.37140329315275455
0.3715365798302899
0.3710563177412558
0.37097353103706354
0.37038396386714156
0.36984420234579785
0.3695308346968613
0.3695923277021934
0.3709699149780874
0.37070959335163184
0.3711303107035337
0.3710678552871446
0.37194147400768385
0.37095392521696213
0.36949239159452235
0.36818632034188503
0.3673326331761845
0.36713778260830565
0.3680088041861387
0.368273426710411
0.36892856609449265
0.3691213255315147
0.36954014232470855
0.370093023026601
0.36955550623909456
0.3701465337702223
0.3706047653370338
0.3703874343863759
0.3709610593321947
0.37199142558577925
0.373573584746821
0.37485587680570576
0.37609114518465275
0.37722280510821327
0.3773129900243292
0.37689809497260013
0.3779191081972958
0.37771104867314537
0.37781583262912555
0.3764315983296936
0.3768035886933599
0.3773698885653162
0.37790971591835054
0.3797677739231762
0.3821382950827961
0.3849644193708298
0.38739498051600707
0.3889625375689135
0.3907150726613782
0.3926936596804718
0.39375720861359775
0.3954439146946612
0.39797950257345466
0.4001863194321606
0.4024578988484908
0.4033649009509551
0.40650465310665174
0.40881910687637857
0.40967840207533185
0.40981950125480815
0.4102565717660879
0.410130552968088
0.40915826488562973
0.40857640438996834
0.40909299718628017
0.40914139122251597
0.40922711846976634
0.4094574793421318
0.4098954742343822
0.4106122581004786
0.41132556578081625
0.41120053525819034
0.41183078920744515
0.4098157114838835
0.40807223088587163
0.4078479197009255
0.40733626940686224
0.4066419004952987
0.406413246713906
0.40728805132517315
0.40797940704484537
0.40796095074962463
0.40807128382704605
0.4094223622093396
0.409957043393199
0.4105595976159651
0.409974044732794
0.4074838187998118
0.40720045073010736
0.4075578081294088
0.4081414867060683
0.4091437989553882
0.41090190319414416
0.41147904627963855
0.41166596012110707
0.41154617531968435
0.4102784813620641
0.4087850168482234
0.4079008819501479
0.4067673491895841
0.40590362072492925
0.40656833791142183
0.4070651576401967
0.40602837297676936
0.40359135300921184
0.40211216316739956
0.4000647067547983
0.3985900563907589
0.39806097841517313
0.3978639081605352
0.39748321676189147
0.3978944631371809
0.3981609640405016
0.3983037740794667
0.3972576780959008
0.396748603302005
0.39719135001011613
0.39782091617231297
0.3973970308110285
0.3984205175256242
0.3984791294783133
0.3978910033395121
0.39870025208076976
0.3995679447423606
0.40051461638893004
0.4010110252164981
0.4009816937726461
0.40083677482271673
0.40110833357020753
0.40242019680827495
0.4025906642180079
0.4032034334577819
0.40396122973030585
0.4046886070435944
0.4047390556201168
0.40451801657822867
0.4046956983842711
0.40650012680548564
0.40626474925572226
0.40593808158871314
0.4046555010439431
0.4036582105174106
0.40133059500655965
0.4001446783455953
0.4001835260340674
0.3979888110761186
0.39754188299986043
0.39677556736604613
0.39647601006229494
0.3962028101591936
0.39560699344646394
0.3956078445283032
0.39582927479454266
0.39407010135922815
0.3929640155167093
0.39261172693035706
0.3928592023056202
0.39404652972368975
0.3948608466884946
0.3954260429124472
0.39602595528274664
0.3966154997329562
0.3981773820778179
0.39907903712326004
0.39952907168038
0.40009799026838
0.40017439771476715
0.4014702598452189
0.4014495167829545
0.4005674779867542
0.39920386294006505
0.39886853525629484
0.39914256283278116
0.4014396607478571
0.4039967342029935
0.405377354120279
0.40837209202118574
0.40981238433445527
0.41061378208001764
0.4110493294607851
0.4107064968449601
0.41009136263076795
0.4082537766650443
0.40758407761649773
0.40747470194199015
0.4080953796001509
0.4088923469983987
0.4100729195958165
0.40964453714305976
0.40906804222274273
0.40805626140063067
0.40717451437045576
0.4066877966728063
0.406222585904897
0.4052272351719643
0.40513371669518294
0.40396835422643224
0.4034724514805449
0.40307091927239574
0.4028692688713688
0.4038047045995631
0.40439806290128083
0.4052985744976512
0.4053502938141274
0.40602217199295404
0.40696241034870156
0.40737739923294763
0.4058342908541263
0.4056297610105274
0.40516857553095137
0.40440180323399755
0.40503334800299085
0.4053631126561269
0.40553354933143926
0.40527592087174824
0.40555170364497045
0.4052288285565996
0.4066669887799598
0.4070321076746907
0.4082662124091586
0.4089961066855099
0.41014292452687656
0.4104102597900433
0.41053259872361875
0.4099985288271806
0.40984190055478936
0.40841781805576316
0.4083606135359057
0.4086437688087898
0.4083869939011969
0.41066554361266716
0.41177684986128493
0.41253709627561486
0.41240588159183333
0.4110898524747695
0.41129320746244125
0.4113752403342361
0.4118125545575186
0.4104920681424473
0.41106425835429156
0.4124718046994264
0.4133661816461152
0.4133117323860587
0.41367629702329844
0.41325442865691464
0.4126747949093986
0.4133117907215471
0.4142058639340574
0.41469466120110426
0.4161799080696234
0.41803128815782353
0.41790987049176354
0.4175461929339341
0.4148944363473334
0.4138433249152772
0.4132702180369333
0.4141556135237397
0.4156003949050436
0.4166433133231105
0.41934134588853506
0.4206246607284806
0.4203231719136545
0.4205404863041073
0.4185235728563942
0.41649988822480644
0.41541513238016936
0.41551782426374234
0.41614715841702743
0.41860819381399167
0.4198952095716992
0.41947606450010894
0.42105485284137956
0.4196786351863646
0.41660284002801157
0.41625840374000606
0.416376114557404
0.4157464589187009
0.41674072926579536
0.4182018519116789
0.41889412432798634
0.41949768438454116
0.4186919158738919
0.41907643062594396
0.4197400526406492
0.42050034624992944
0.4212809639623722
0.4210878012205062
0.4212851043567783
0.42025623378710897
0.41942441986996803
0.41974038532953406
0.41896485137580874
0.41859144466171544
0.41797167741757707
0.4191010045411712
0.4192232327252151
0.4193843416713393
0.41827532252460964
0.41800842218249096
0.418440359556265
0.4170472148291052
0.41596494637304293
0.4145889494875091
0.415098669769759
0.4160222481071806
0.41683610069545274
0.41810735959376927
0.4194184241195109
0.42124979133831814
0.4218635054205371
0.42229172065249554
0.4208060401693161
0.41948529805635726
0.4192562250387846
0.4168834580689116
0.417259948341019
0.4179342555235113
0.41880966433955696
0.41967795926004764
0.42038999803003263
0.4202342434569696
0.42012624873342863
0.41887639226827733
0.41832369026616706
0.41668841837963155
0.4155161986252587
0.41716743418832136
0.4185602233283615
0.4194325720905746
0.4200407759319085
0.42020025382351117
0.41794871807077927
0.41715867839063164
0.4153475250606212
0.4150708120276085
0.41473618903866705
0.4140067742033494
0.41374021454627263
0.4143451441264167
0.41193133206880217
0.41075821880076296
0.4107036455795162
0.41069809374729066
0.41097213014826756
0.411522118032042
0.4126551693539966
0.41191474600871636
0.4119179856484754
0.412414678307382
0.4121975872900128
0.4116284810749057
0.41132198384096696
0.4102744526949344
0.40906525471550975
0.4089662934903061
0.4085288998672487
0.4092323373261541
0.4091217918212872
0.4080507557356465
0.406024592568774
0.40494895795224134
0.40478466370672556
0.40661182863991846
0.4072387216603352
0.40706827573963167
0.40662283517868814
0.40552973227048106
0.40499713402941007
0.4045112297364568
0.4051968495252152
0.4058025103817447
0.4072636648277667
0.4086899659511084
0.4098708380066921
0.4118979950631422
0.4115254408365566
0.41244865048757645
0.4128948105205306
0.4141507686338824
0.4153216730562225
0.4161061958572355
0.4163927197205643
0.4153734150842334
0.4137196506896525
0.41107301523957185
0.40928963938436747
0.4095793675832443
0.40997337092089275
0.412127796508745
0.4134936368486092
0.41433459015964147
0.4145612885693324
0.4138518735792525
0.4138878880333966
0.412307531923199
0.4116045713028919
0.4106925315317652
0.40944591153459964
0.4085088135346265
0.4086644923696709
0.4085376897408244
0.4092518785931222
0.4095562518778812
0.4100380301636005
0.4102952930636312
0.410678773444181
0.4109995244206358
0.4113097756250963
0.411411942401365
0.411629355678636
0.4100481177088538
0.41035239975909776
0.4099213012838967
0.40977087865206274
0.4112404111674837
0.41158288755326666
0.4120616448934055
0.4122863655697132
0.413241769234529
0.4142409387168873
0.4144100941602982
0.4145359850618031
0.4137086014729512
0.41374339108400154
0.4149611708681066
0.4155322405225405
0.41578671015496893
0.41664981307700505
0.41772140444664396
0.41997782436673237
0.42098057923558346
0.4219104595849271
0.42327231044173114
0.42389874431463925
0.42379789101834914
0.4238919197983392
0.4236091138114471
0.4227077930399611
0.4237745496621274
0.4232486230772568
0.4238026648936568
0.42540155064980584
0.4266943125108734
0.4272894442578695
0.4280704023628544
0.42670582213526187
0.4277410544360453
0.42823071301364485
0.42906749219095186
0.42927921697289484
0.4290202598560156
0.42880855907963644
0.42843689340836166
0.4290115603077245
0.42942932980482623
0.43004800645881813
0.4302176365373375
0.43044870080313624
0.42868831762484366
0.42850533018770764
0.42812362992981534
0.42726021339692294
0.4277659045166515
0.4283423093636701
0.4295238412537944
0.43057878999720495
0.4315796400624201
0.4314549922681765
0.43143169254638514
0.43035679737268484
0.428936211521788
0.42759058774996006
0.42528144814653046
0.4248641923146031
0.42599456962165816
0.42745632279106116
0.4297292210369811
0.4314020463004713
0.43330059810314003
0.4341302848074071
0.4330378019755211
0.4314158175159294
0.4297324269214216
0.42757956123018603
0.4272271916489211
0.426210933551246
0.4255761594118632
0.42643614938985686
0.4269148797879637
0.42738325844337977
0.4279761908468817
0.42856141457343566
0.4285682926944907
0.42916571589886904
0.428989345648412
0.4289320279605103
0.42895017938552843
0.4295699376571018
0.4293720636928969
0.42903032333230995
0.42945348235097675
0.4319004849551045
0.43263041555631016
0.4339960133385766
0.43505246610135223
0.43611663143817436
0.4366604109483661
0.43717028845697997
0.43687664367749635
0.4352183258935024
0.43532543181758687
0.4357413772153473
0.43568759577591176
0.43632258430609394
0.43685766873951615
0.4371799700458661
0.4376502961184581
0.43728224941493343
0.43676102923575993
0.4375023050285206
0.4385133657713117
0.4385871908499773
0.4381038056854245
0.4373043418540904
0.43802486135933644
0.4370384481875032
0.4361847176705142
0.4367207936122046
0.4370099315699457
0.43793342997598234
0.43853297374327865
0.4387489050457195
0.43877303541656393
0.4389535562367895
0.438713854827944
0.4368497446578634
0.43738199224143903
0.43776590748578376
0.4386875837471587
0.4387224282951929
0.43840514282234955
0.43885648804273075
0.4392693717779642
0.43880898741367014
0.43874034134181156
0.4390450564264155
0.4387238054348603
0.4376327367479814
0.4387693432554786
0.43952843552015064
0.4412399546027513
0.44188128830544804
0.44210641837116454
0.44197834086654
0.44174872693878536
0.44153654457747454
0.4412375380384477
0.44235972319473477
0.44315382763134004
0.44114328708376627
0.44193886192605303
0.4433322951774773
0.44309400785399405
0.44333073586956806
0.44198657492633897
0.4415127731520818
0.43913936962438116
0.43730961304545535
0.43715312035752013
0.4361687133091328
0.43623039120950535
0.435751738826845
0.4368852629023559
0.4377311507259539
0.43754527570047036
0.4372007666727997
0.4352483406692226
0.43445207548467
0.43192704750432276
0.4300349164782177
0.4292037763679849
0.42876668470883034
0.42915472212577566
0.4301385663321917
0.4315424276820087
0.43138458922972844
0.4317844809368297
0.43034961099029745
0.4292823607442077
0.4269122442089256
0.425362462239325
0.42511921772218686
0.42368197774524374
0.4241060375731142
0.4235687506599888
0.4224838273498495
0.4209323896599303
0.41919967539290665
0.41772895868388815
0.41705875132782555
0.41590005925212603
0.4149792840105932
0.4155479189970113
0.41448480176792035
0.4152115956560999
0.4145560814911981
0.4136305874457825
0.4126745974992095
0.41148041442036687
0.41149783486672015
0.41416473845641455
0.4156914930671526
0.41703116475955815
0.41661100113559446
0.4159705355493811
0.41421162539282125
0.4130165773635571
0.4117902993495816
0.4097343188068482
0.4081528596685942
0.40689687649917233
0.4072132097135528
0.40807643752781103
0.40818680659699663
0.4071229342954159
0.40583624911957267
0.4042781171442284
0.40144517471849445
0.3984657834912545
0.3961115100224902
0.3960271558230932
0.393873931180008
0.393453915921227
0.390813681929756
0.3903594444303472
0.38953153284931524
0.3888718445500863
0.3858990348895962
0.3827337016495368
0.3806028719875248
0.3779205585663238
0.37642765837266723
0.37310894128699446
0.3694076234428879
0.3661634981934784
0.36296346030046134
0.3600659521925891
0.35731580663533374
0.35457047437377537
0.35141542290111893
0.3503615336395906
0.34550581487489135
0.34189986557556007
0.33788896517388767
0.3340122548619342
0.33217356672238274
0.3289364138527162
0.32722436860241144
0.3256916506959805
0.32375397263116595
0.3206834053805292
0.3176793262164909
0.3162912309043815
0.31427275258821863
0.3112920175820365
0.30808853481339915
0.3054862734029973
0.304245953534594
0.30319957843585665
0.30347979623460375
0.30206904113265043
0.29990321136378983
0.29728540082553223
0.2959626642249183
0.2946994656317659
0.2931823879140052
0.2929493407521024
0.2929177814160903
0.2903569320965506
0.2884857322411564
0.2874110526488411
0.28650175170534387
0.285319911607366
0.28417133375397474
0.2839956623839922
0.2826581056909416
0.2809144711053666
0.2789345934601188
0.2747258927882476
0.27250815435748216
0.2701651326084723
0.26780593945553377
0.26634634663977613
0.2650318797843669
0.26349470436334926
0.2626744475733432
0.26012473745537246
0.2566245375935471
0.2557730165662055
0.2527990975198515
0.2512367559512789
0.249850906842902
0.2483344778932735
0.2474201100699173
0.24469143628806825
0.24227722318366068
0.24099179450258124
0.23925983743251916
0.23686239300767786
0.2360000791184683
0.23436112383041863
0.2317564460708114
0.23006824733257294
0.22964501290962436
0.22781975958488127
0.22588444144322994
0.22489739821294757
0.22454296018765113
0.22357019226279456
0.22264054607251277
0.22179876334823803
0.22007203778917078
0.21931376392305418
0.2180614052712777
0.2180957849592712
0.21643638441661958
0.214046111953973
0.21303685667639546
0.21343182905159042
0.21371587336741477
0.21417770489119836
0.21452021024515924
0.21450529597822668
0.21248998263248545
0.21141266531291655
0.2102162698680325
0.20823533111776388
0.20768219712243088
0.207116774812238
0.2080935177402695
0.20985841737349803
0.21342214993389758
0.2149229072597502
0.21364319611341495
0.2119332218793665
0.21074684064533494
0.20810977172461192
0.2067800960896536
0.20671683806640276
0.20771559969030334
0.20822833618380104
0.2085754432729105
0.21002750560558586
0.21021407915066734
0.21001920797205859
0.20905382353926066
0.20790354066571756
0.2068512027814191
0.20704143190459937
0.20685375869994713
0.20752808711268597
0.20712227398352398
0.206967834589208
0.20823330672349943
0.2077709037161332
0.2085235400405807
0.2097154498130112
0.20995543243194695
0.20960375566862238
0.20950616768007363
0.20854042977261109
0.2081866875210022
0.2067935173625776
0.20513518906038425
0.20449431209484342
0.20545137673486163
0.2068916658779695
0.208526269935397
0.20798418889293738
0.20775981642538638
0.20795690569671832
0.20836560097343826
0.2082040370857296
0.2081167522334674
0.20830028548008367
0.20811193399552907
0.20910713384914326
0.21005379833233304
0.21078468166010747
0.21017954307356979
0.20863523672114645
0.20642636482031634
0.20463301473635354
0.20362498269550233
0.20391203023898802
0.2030202780829698
0.20330260004699743
0.20390702928227783
0.2055725542807186
0.2057418031021419
0.20628306654881706
0.2062937853481556
0.20440793807418461
0.20128517984609448
0.20030421308386198
0.19857036416757048
0.19882773898220144
0.199360397940808
0.20014181110854223
0.2020794210525751
0.2029906813275842
0.20226581135420788
0.20202193223277692
0.20066084067048764
0.19857600575263407
0.1962329359023114
0.19523305160193616
0.19388322572715977
0.19365649819396874
0.19371253521861367
0.19318558592213314
0.19415139396417266
0.19435059182178271
0.19284942269386726
0.1922774930844644
0.1902371492628912
0.18886241247650243
0.18776066749786904
0.18703777646098163
0.1862070360704557
0.18438171039869922
0.1834828911754987
0.1832001866279282
0.182560914282704
0.18113135645601805
0.17990728797518724
0.17892506336821398
0.17789975089977444
0.1771382445553538
0.17622156953266824
0.1758764253350269
0.17406581181437009
