0.01134148034339017
0.011202065338211966
0.010898782728403786
0.01057098059403889
0.010515730339665389
0.010378020739154992
0.01045852337776281
0.010614267976494023
0.010647018946514415
0.010609495293480606
0.010810070883841446
0.011296975115774353
0.011346466538669085
0.011731997281260486
0.012273966247992344
0.012840084841649984
0.013541683207686141
0.014016315694050341
0.014274145079568968
0.01412852312849101
0.014032565845460065
0.014142589559393997
0.01417818904762573
0.014183337791252717
0.01397961119196819
0.013709974132447709
0.013534124545799534
0.01327707950323868
0.013184573847350412
0.012935007037568174
0.012571215731809702
0.012138071501198566
0.011884389762043316
0.011917773453862815
0.011838703747544485
0.011840519357857737
0.01205236822595123
0.01248933020976328
0.012410543912542846
0.012381933753942448
0.01268956259697333
0.012794992927473848
0.012977274280028917
0.013093129466933518
0.013406874538316762
0.014190042337505778
0.014392776586077266
0.014940617214753999
0.014167514566217568
0.013192212864430916
0.0122748953386754
0.01198933474932149
0.01113408321257297
0.010756644641907896
0.010508060446202897
0.010322342824724454
0.01029998770310128
0.01029965303205399
0.010113020768349967
0.0101533584022394
0.010216116431818481
0.010316619524231924
0.010415886816078237
0.010665447400525272
0.010785724013897024
0.011899037491215793
0.012826113855459769
0.0134092655833073
0.01387768458617871
0.014190006130438457
0.014264378237246486
0.014470319393564196
0.014419637212082484
0.014141705796846515
0.01403133870942587
0.013806887523964964
0.013717273263286173
0.013408276166060246
0.013217896498463316
0.012792602907432619
0.0124585052246836
0.011800844438768816
0.01134368888947528
0.01083419219313732
0.01069461612036575
0.010311021317093227
0.010277358609688206
0.010024990511354304
0.01005300326537285
0.009904945724846058
0.009840965588258945
0.009646320945429762
0.009573133100529568
0.009592014032340817
0.009786793603697493
0.010046912857675405
0.010146936637326288
0.010453373918671103
0.010906497199310725
0.011138741142421154
0.01165186320554575
0.011957399236980757
0.011953990694770647
0.012074620608496784
0.012086496471674752
0.012124453271384327
0.012003695149810072
0.01203400132458886
0.012008596752667001
0.01187218717399368
0.01172049778663646
0.0116327567993662
0.011847024016761283
0.012068976868828959
0.012284049326547255
0.012431309018354703
0.012577690054058363
0.01283200455185445
0.013059035087756632
0.013340002898641429
0.01388681439247703
0.014324465087740887
0.01441200869020429
0.014782279714776598
0.014871540679619908
0.015115961141767198
0.015129859346337685
0.015142293108947266
0.015252181920274036
0.015434232856192822
0.01548706989969858
0.01555297713659264
0.015558823123658038
0.014804931659809815
0.014390640259154786
0.014229434273096916
0.014253804536809783
0.014238431443792462
0.014139168641382472
0.013996307257334287
0.013449776343399208
0.012858517212221277
0.012177209690696338
0.011840969765436414
0.011691237594280143
0.011662371666738502
0.011667873400563791
0.011666290826440774
0.011850110260184881
0.011970438445102326
0.012142378097344139
0.012257594805160645
0.01248791994749987
0.012671308403474763
0.012787975636693188
0.013223166586573434
0.01327604020153185
0.013354471192088565
0.013466368093505016
0.013209087413201388
0.013139266967403043
0.012455663116879732
0.012313639492448764
0.011992389571466864
0.011897777824464242
0.011545912125958006
0.011447621226753298
0.01130829554106692
0.011007724871754094
0.010938918505063152
0.010939911869343113
0.010599606454987384
0.010364815485503345
0.010375463246066027
0.01043515137487416
0.01048544633230002
0.010353182728035324
0.010466423798403592
0.010353711359293067
0.01016437704115529
0.010159898247471285
0.00999349681638363
0.009856910913438151
0.009865211280358492
0.010008863170471219
0.010055719033104713
0.010167575599197409
0.010475268173832748
0.010472697460752363
0.010123850516477474
0.009935999576276468
0.009462436202009764
0.009235743850117018
0.008815599345698524
0.008849574911386836
0.008739518426415849
0.009205106276898179
0.009967299825197451
0.010261948391243036
0.010410256222127033
0.010457198359170718
0.01064020099017427
0.010878945067963672
0.011308385597219682
0.011773498654215436
0.011912561019030942
0.01222671067898112
0.012566757660474558
0.012869374774893633
0.013320677057051294
0.014034385421986775
0.014694681853942343
0.015226443874371314
0.015400557705057891
0.015684672657371886
0.01580127012697668
0.01641073857869646
0.01657496405926835
0.016807734293464056
0.016904691307520266
0.017139954205753875
0.016956444587357074
0.01730700205475516
0.017227048473384902
0.017282587330565726
0.0171047536234907
0.017188558166588413
0.016940635477208556
0.017057087148154158
0.016883087191008374
0.016493734402481874
0.01652553526406065
0.016388895805307356
0.016346682384035357
0.016406989034947056
0.016538041239637168
0.016698566939565354
0.016585359755378892
0.016174292196369056
0.01563743952781014
0.015081607471982627
0.014826630614466152
0.014698701329930064
0.014629765179820908
0.014839484807705583
0.014861245134789133
0.015146239379368782
0.015343128354147023
0.015356683633498453
0.015332436530777361
0.015221471685192528
0.014921666594569347
0.014624068347992725
0.014325267943159279
0.013902862236923252
0.013723519058312062
0.013184842222333359
0.013007905996350733
0.012579389547351955
0.012568685665978508
0.012426194787633328
0.012434101800178253
0.012385520241971171
0.012233627323672492
0.011841251718044255
0.01133100926767079
0.010926355317387277
0.010809849201635125
0.010451044112724364
0.010465359140151459
0.01097409553660811
0.011109300089321698
0.011406873423820962
0.011168453422404157
0.01082659146672906
0.010275537627037507
0.009352280592406144
0.009051209257016548
0.008413357582120983
0.007872873485976015
0.007708910750576549
0.0073864588891275965
0.0072893908483540075
0.007181762948327177
0.007418713157609019
0.007162034709361384
0.0072599446888454615
0.0072843744733051136
0.007519156193103667
0.007617008668268139
0.00787704512007849
0.007974089802357748
0.00835584514413317
0.008378891921251002
0.00837081278585471
0.008472188988510633
0.008755390134638517
0.008896897580060386
0.008957310292369031
0.00882094782917095
0.00888053834702924
0.008876111847260521
0.008981233788376368
0.009161300371874972
0.009225751822611032
0.009227105824633063
0.009396346761229123
0.009565510964556115
0.009530212294626056
0.009510745512476264
0.00962700693466174
0.009848541051546533
0.010148576021099741
0.010261186303125206
0.010442847896720566
0.010435252485575546
0.010241628225834142
0.010413744072080513
0.01071659269741562
0.010883161876475225
0.011512112848720288
0.01162404957033826
0.011681915160082193
0.011704156084854412
0.011388965964336927
0.011331913954340649
0.011118339116823145
0.011030602411277577
0.01132931171764324
0.011647664137052292
0.012013839026692499
0.012666497555107282
0.012720747416518921
0.01285607673906126
0.012809374995914799
0.0131894707959252
0.01327217605285358
0.013574922585079304
0.01385311654088733
0.014245479903299047
0.014818050511797114
0.015180386245896257
0.015214201525357563
0.015277423185877867
0.01522324629104653
0.015106213838118493
0.01506820413317105
0.01522165436839186
0.015290612193958142
0.015245392552563835
0.015459278203916921
0.015312551008127031
0.015132877715275278
0.01495173631813571
0.014503034997155707
0.014009124030780968
0.01369954999370639
0.013521871912537555
0.013135742146930852
0.012953667119954129
0.012488151080743911
0.012361786200229184
0.012237581806542988
0.01217051200703235
0.011758688985680598
0.011683785042885602
0.011467166761640469
0.011142594099647603
0.011038956084061007
0.011124412537144097
0.01147834746475709
0.011633664902873986
0.011795618354244114
0.011848799197568772
0.01190225891298347
0.012007355562729591
0.011988318480983546
0.011865466091864159
0.011733969507804174
0.011766481078791677
0.011913015212347788
0.011897176188452417
0.01184152145655465
0.012077435043780903
0.012505671050570679
0.012687094776291905
0.012795928925621387
0.012668590717711078
0.012519495474539575
0.012288011759452456
0.0120814755239772
0.011712000958122509
0.011572673063459809
0.011080838987837764
0.011126380352834794
0.011118583704079922
0.011175612067674617
0.011265079290104767
0.011585349833171697
0.011538112328150168
0.01171077114286032
0.011921747692473101
0.012452977129771167
0.01296332534744847
0.013010575274556981
0.012809703354366323
0.012659382241637568
0.012334684843191931
0.012188354808045233
0.011762697912672832
0.011362903315787593
0.011422289632559136
0.011527941842173244
0.011552084431500702
0.011612236896841873
0.011727618835128774
0.011745974274052716
0.011709208376837468
0.01159945368665684
0.01173147279919638
0.01179324254680201
0.01194068263748982
0.012167172431315277
0.012173816326208132
0.012332858096608675
0.012740614324144698
0.012862268819058862
0.012988543899438964
0.012936380765039338
0.013075827374879423
0.01285686657553794
0.012294992156545878
0.011987404524142027
0.011724925727082188
0.0110376720845878
0.010455508341615249
0.009909753159119183
0.009246233688169753
0.008982224744405288
0.008492389857509604
0.008310110114217235
0.007876173575860252
0.007619055406570205
0.007316798169397914
0.00703552625661147
0.006838243274147964
0.006735133524958209
0.006608910786505551
0.0066049927950449575
0.006440426417617712
0.006397600848364689
0.006202800263684574
0.006087304721050837
0.00599996293293014
0.0059691611759143375
0.006236018302004094
0.006263208764666994
0.0063604752912651925
0.006433707849758609
0.00636582304229265
0.006433197400206672
0.006485005036397017
0.00639444312493199
0.006496082637258418
0.006493664101774842
0.006499438121220646
0.006633906032767976
0.006790701023877764
0.006938694221887298
0.007178913056272063
0.00725179484781005
0.0075391811661812205
0.008037392328083278
0.008394596774676352
0.009371413070914953
0.009763482529715439
0.01017695452643717
0.010834141829144042
0.011314650359546074
0.011075230969746264
0.01091584966021543
0.010553143568734095
0.010140319639863032
0.009891357538632743
0.009723852062502997
0.009402180621171496
0.009269396551017679
0.009228454626509005
0.008508976360405505
0.008190346698160867
0.007871009010423199
0.007403214449580306
0.007197164726101553
0.007101794892897297
0.0071299907214931926
0.0069811285804544
0.00693362400084057
0.0068829215033131596
0.006849393369098016
0.0067030421967323745
0.006566598139910093
0.006518894435950387
0.006583788043688343
0.006840564822620705
0.007143207515818972
0.007773433554553749
0.008542838968732392
0.009028823603798303
0.009664452643941362
0.010652191928861122
0.011265934752672627
0.0122557660044499
0.012417711644186855
0.01216897268478694
0.012079435566752344
0.011851068404389717
0.011764744387467895
0.011470794960715772
0.01095205357078396
0.010385028403519972
0.00984772152722732
0.009563973832767775
0.009034160778448872
0.008556428341470454
0.008304820193554982
0.007812755201808961
0.007217975897299928
0.006678795007036874
0.006162258929087118
0.005584196998428584
0.00532140266723239
0.00475320619898674
0.0043765605768659645
0.0041885876420550095
0.003990047674207731
0.004025477483970372
0.004073535423874123
0.004148137456055105
0.004108658884338883
0.004167703385882007
0.004233360107810559
0.004744713121198379
0.005222670474455982
0.005576168091698563
0.006296433096473623
0.007277767948143663
0.007862192335270102
0.008906382188024756
0.009500123867701554
0.010248837306337927
0.010698546008192254
0.01156628248849599
0.0124027267723155
0.013341595613060886
0.0141938473094198
0.014756562702441167
0.015508157446762583
0.016280339701535605
0.017189056809852436
0.01704054386150075
0.016991219943571716
0.01726197478622851
0.01735305246401119
0.017668077257746835
0.017894381695762195
0.01779941947750014
0.01731366091873286
0.01719436293747037
0.017495278192394468
0.0181043047950031
0.01825244267759264
0.019021941914331236
0.01941691562343666
0.019589863072210494
0.018714200432265113
0.017502848110306776
0.01651165390501175
0.01567107459960205
0.015033825502533224
0.014777987808970956
0.014749880237717746
0.014679193277887193
0.014107667188826455
0.013226328890905614
0.012914701286375752
0.011951424650294811
0.01140463567673311
0.011126447989646742
0.010794764211832928
0.01083765298748429
0.011029400442786202
0.01113547308997651
0.011189527655161803
0.01096554287081962
0.010579084174173864
0.010148104545146428
0.009768650555100464
0.009615945507195594
0.009527838653359016
0.009527671929337959
0.0094167068626038
0.009032970176995492
0.008862598691333157
0.008528148478594236
0.008513265149319068
0.008226684851845585
0.00830194430262984
0.008160321995774553
0.008096959141270023
0.0077748846648112435
0.0076318322554496595
0.007402585153646553
0.007125049015092272
0.007087608020316235
0.007479121691617717
0.007909569013883186
0.008479682463699333
0.008903199094908998
0.009147356758421104
0.009734371122609648
0.009985981909467477
0.010160749760967105
0.010077648884107067
0.009814981396386525
0.009727198877496745
0.009492648874544837
0.009542595680044685
0.009338296834969673
0.0093867922362161
0.0093289168124253
0.00950096276424842
0.009672994064799299
0.009544930038244324
0.009485021774853483
0.009434160302671243
0.009467692525530251
0.009464775101133985
0.009449257884455612
0.009862036999071212
0.009952083192657429
0.010339350088776022
0.010793961358232462
0.011059589321275709
0.011256948659960063
0.01155481597574074
0.01210726506779408
0.012533650816118866
0.012716635722808432
0.013109783544902004
0.013500815588583782
0.013919959605452217
0.014013714976650379
0.013977208777109252
0.01394980690722944
0.013814880421168477
0.013759001276836227
0.013708332959630129
0.013807919187344142
0.01359946362544225
0.013769902602356266
0.013291019149259736
0.01301186165338907
0.01286514144505008
0.012723624089418725
0.012660661051410813
0.012703799113961045
0.012835112097053746
0.01312951108355101
0.013173208788096242
0.013565386495521173
0.013562743533664077
0.013820785656106107
0.013883187516054435
0.013881540983535973
0.014118183489350154
0.013991624753594343
0.01360644107189373
0.013376491715894598
0.012739295862919244
0.012584127483180843
0.012113115056146434
0.011949719807210747
0.011907494017778315
0.011911927895944651
0.011720206055034913
0.01136080763144717
0.011678552247945843
0.011514813209198494
0.011846535451900073
0.011916524375270469
0.012326661290499284
0.012690513455781085
0.013075793735825906
0.013801105448544956
0.014865826791006082
0.016079884708472703
0.016662586754172648
0.017786771421437392
0.018998218917657454
0.01897875376794165
0.019195713222317456
0.019056073336515277
0.018595403913698315
0.018577931316809997
0.01827561117755626
0.01802538791223801
0.01802631448538561
0.017812401221143918
0.017643293257401986
0.017650408402948865
0.018049480057917587
0.018122945464364777
0.01817269217121533
0.018576724106007282
0.018644858943141822
0.018837418341692225
0.01906373063646445
0.019217254497344866
0.019690446249021977
0.02031861133535527
0.020984358124479203
0.02158771306350462
0.021758441411789096
0.021643608759396103
0.0214950173421703
0.021480255201940104
0.021413996742047352
0.021632246810990442
0.021749714801555898
0.022111427805814644
0.022433033552119473
0.022562399740041882
0.02249366010248099
0.022605388038735803
0.022465001640462216
0.02221029617429703
0.02189018779656367
0.021773111280040034
0.021810554285062823
0.022270663128611527
0.022433532894377724
0.02237264571899392
0.022343481022374784
0.022341383144824315
0.022495743572022813
0.022958468956869017
0.023204561702334068
0.02396956633438791
0.024380655908723355
0.024484722549750027
0.024690940998986187
0.024876476479280284
0.024266743212551838
0.023606150009256695
0.022818700930876245
0.022052107672226227
0.021271323395420344
0.020924658436840313
0.02037628457997351
0.01968432604718064
0.019385677310582366
0.01874228951090086
0.018263734899649137
0.017916135067874393
0.017311603350691273
0.016961250489414458
0.016857039945282936
0.01699585754236021
0.017249895007128348
0.01724199567293725
0.01731968347074086
0.01703653702702654
0.01689567335532582
0.0167368688435483
0.016745223136427057
0.016424663329340543
0.016243863708933083
0.016743437833645625
0.01706066060344224
0.01758191110562187
0.01727236326728242
0.017042414262131968
0.01628216455060156
0.01562017109415629
0.015565998928326923
0.015270668232897985
0.015320349530719979
0.015241094048553647
0.0154331866392737
0.015467196766092131
0.01598422071732014
0.015852385807874098
0.015538383421615298
0.015340702206073396
0.015093726291352338
0.014952354325268535
0.015361379528271305
0.015332049987739335
0.015467160301217938
0.015583366160233997
0.015783951903442967
0.01580797400417524
0.016012301931809973
0.01590886148526829
0.015932914915804904
0.015867613071443513
0.015793232911218365
0.015598089473256393
0.01514674777938651
0.014295046723468258
0.013670799200910735
0.01301624608523747
0.01275863673027593
0.012264200646863978
0.011661804291112755
0.010985669200334308
0.01040952781290658
0.009621928269402318
0.00913284338572488
0.00851836370090488
0.008283847879559296
0.007642353743671275
0.007199690817440647
0.006823264311538913
0.0065020348683206925
0.006357047519920081
0.006390449930382054
0.006575850411279093
0.0065957842889137145
0.0068438198530334825
0.0069302018309097034
0.006808736077903973
0.006605709560924532
0.006487601757848685
0.006319528142419882
0.006383738097772927
0.006366712247875597
0.0064424347120152145
0.006598418751969671
0.006681315599087354
0.0069141151057816996
0.006957153816484332
0.007197329852182989
0.007304043479362745
0.007239924874094838
0.007433727851462168
0.007595058328713269
0.00765476259471409
0.007948778278343826
0.007927208755445949
0.008196307790966268
0.008524848770120184
0.00890593706404576
0.00933596946003039
0.009496054500493258
0.00930536015112158
0.009320340965963663
0.009282601487386652
0.00940462908925441
0.009456863008775894
0.009388087663240346
0.00946360128036013
0.009498597067222789
0.009572624039053365
0.009607441442338655
0.009559959550210436
0.009484716311233014
0.009331920739295996
0.009267034416595378
0.008964766719311025
0.008662374359405004
0.008312100707707243
0.00811354799253017
0.007964750471608247
0.007880027632727975
0.007728467484157236
0.007860909771202317
0.007981847451535032
0.008107375312740072
0.008221383488939558
0.008158075834751068
0.007862812752656722
0.007609881670955686
0.0074241692308321065
0.0071340016553662206
0.007022071185886096
0.007012478285689604
0.007047475152181408
0.007016937978714039
0.007009208040413673
0.006948464353496555
0.006606590648299761
0.006315608418320751
0.005355641173352141
0.005037676422745977
0.0045075612696534335
0.004047006015419515
0.0037425888118834258
0.0035231246663362465
0.003545450695242878
0.0034492185868107107
0.0034310475361319535
0.0031620108634647266
0.0029614587052383275
0.002938802820190935
0.002917476468699607
0.0031338512942862317
0.0035072753619640957
0.003937309151640062
0.004213466485292267
0.0048003578457767775
0.00547885481610519
0.006004628436409183
0.006481428988480031
0.006540323697861085
0.006552195940655467
0.0063436094455077375
0.006200800348295568
0.006121094578674541
0.006109640566543109
0.006060117529629658
0.0060405270730900015
0.006025396391900853
0.005958786182348713
0.005957884109874025
0.006029150060537208
0.006178353851359407
0.006500743833949395
0.006721197199827158
0.007109951102949615
0.007647675447399906
0.008273071800398633
0.008544711564276436
0.009329864699174437
0.009845636823834669
0.010156386952569957
0.010244567680505998
0.010619056726711332
0.010699861432347198
0.010642507979112505
0.010821684622255568
0.010991239757711243
0.011451729296178634
0.0116639934422182
0.011957519641624585
0.012011537344943209
0.012100235368880316
0.012257054508201285
0.012087895110609941
0.01190907829318027
0.01182163161360587
0.011828291452385776
0.011685586303713493
0.011888388843170618
0.011828784618203272
0.01173862320948883
0.011427276701037745
0.011346218839674356
0.011146175194827138
0.011157705766472029
0.010962369024965926
0.010690068713699541
0.010643192840142075
0.010669202825823768
0.010405586499986377
0.010341766146039474
0.010369614440865305
0.010501979362408168
0.010486263707748484
0.010291158969461119
0.010102917911936186
0.009786934208954047
0.009340941705092606
0.009238858326521838
0.008995265942207538
0.008872640028861605
0.008885364223046564
0.008763496637134889
0.00859960125897526
0.008408047483534057
0.008190532048640887
0.007936301107036558
0.008078916381108513
0.008432675213348905
0.008548319803731576
0.008797635802015875
0.0090397832489004
0.008991717981656284
0.008461325124086424
0.008204107827325346
0.008087454945511583
0.008100850036385866
0.008597764942111223
0.009135397037386906
0.009648423789759563
0.010111906066175479
0.010417590809886542
0.01038775765063855
0.010389792973422565
0.010188514916287455
0.010137145276028246
0.009687776592748694
0.009660940713849594
0.00989371793870373
0.010188982945294611
0.010297252713941704
0.010455550060085087
0.01049963968113195
0.010368317745564093
0.01010572127268258
0.009480972765326421
0.009298870242375792
0.008703442964717574
0.008427421281273826
0.008138332698499708
0.008248284470534734
0.008552506296658048
0.009078364785606393
0.009268759760680974
0.00947367993041208
0.00947803364670136
0.009778246349865221
0.009981446763344247
0.01051477763249338
0.01092248040553103
0.011203773606508888
0.0113634742779905
0.011295509182332556
0.011272906845256437
0.011666517660715237
0.012274598198146785
0.013252217836042126
0.013841935702415861
0.014668560726445231
0.015659725550067536
0.016052403380038615
0.017288824949551633
0.018122919339001405
0.0192600737755732
0.019866720007155225
0.0208498116359448
0.021682487474690156
0.02279934637257794
0.02374591824979797
0.024611683376302148
0.024862257265818234
0.02531836812288491
0.025846750547266643
0.026537824193328917
0.02669187621792037
0.026999831560112188
0.027059045336201737
0.02688472333379096
0.026523065714620885
0.026305278620593453
0.02579858750005167
0.025511801143782164
0.025487631143662814
0.02537903775230471
0.02539462657533193
0.02491838969138354
0.02494866734592612
0.024968188862993648
0.025330915873407585
0.025479727392572447
0.025663706244157824
0.02597965009753425
0.026329937674987047
0.026786401862196385
0.027506768510385377
0.02796948188744654
0.028717877425904557
0.028649191986138623
0.028373549278191586
0.028189015976036756
0.028526087259114496
0.02868102399483105
0.02917218307289121
0.0298536155921769
0.030284580179092573
0.030425872776424123
0.030206109396500508
0.03018564808596099
0.030258950471077344
0.0303907616759422
0.03029057731011441
0.030451932634677038
0.030286606667252063
0.030381861568151904
0.02971485506476909
0.029260495551037918
0.028901393468377484
0.028260752550313233
0.02792116215941093
0.027555313620248396
0.02705183112326216
0.026978460114479352
0.026325115312808834
0.025356334839651086
0.024641369697140713
0.0240854328292511
0.023505135592213282
0.022661499623875973
0.022401985128691997
0.021634429559110373
0.02079924239599852
0.019952734874615217
0.018956035499355615
0.018532905381827332
0.017838183351463248
0.01751895251696828
0.01731018863380936
0.017055683757075522
0.016431946464112935
0.01565439339712236
0.014996075739256782
0.014682444863936297
0.014456439636963896
0.014237536029397094
0.014020871311218718
0.013047947391586757
0.012583611980812212
0.012118015809997561
0.011499605860978535
0.010769345650454853
0.010752108251295907
0.010292564763628203
0.010063009560938583
0.010143389245611218
0.00992364511110695
0.009801811513330792
0.009384877365272208
0.008703804424480228
0.008071958881764632
0.007866885653190468
0.008034524315633427
0.00802922022205634
0.008460345355371083
0.008715447566897638
0.009106616994515385
0.00897643147939978
0.008906145535142589
0.008933046692926796
0.009352724122243968
0.009446478614028005
0.009404095638944548
0.009069390501465671
0.008639636687008095
0.008123757431933916
0.007789504911914111
0.007701945485223433
0.007745332793166129
0.007592474216404891
0.007330557808940733
0.007139377914895229
0.007271435320466929
0.007271368049850309
0.007494498006581888
0.00760751132604077
0.007713583320159374
0.007873037798244293
0.008078816357243314
0.008141611229889843
0.00835046271640133
0.008847733181192908
0.009017039510690683
0.009138084039476906
0.009185424569706118
0.009255957461446678
0.009375619137673253
0.009415572404767737
0.009328960499437456
0.009326824331327446
0.009156503079275905
0.00865461035583706
0.008403798013856267
0.008060018482740102
0.007895042042285992
0.007897504133006267
0.007821842994102357
0.007804121444903658
0.008058839354650496
0.007969462747337003
0.00795361624678017
0.007810209502066713
0.007756354222280845
0.0075955032588526285
0.0074128957325428485
0.0072878502617327425
0.006917041038204728
0.00684454171804751
0.006884307295625322
0.006963134995819556
0.007085474136575176
0.007604909780082212
0.007987425562788397
0.008234136510794717
0.008298611687342906
0.008371981449488117
0.008568289478910482
0.009028673094235435
0.009744321291887648
0.010435683301850105
0.010789933493940926
0.011137898537723158
0.011270355513644435
0.01137715517786458
0.011219474934456537
0.010961949639518086
0.010603026946243982
0.010302460429862093
0.0103715986244588
0.010183624331326498
0.010199185910767712
0.01012889078339593
0.009950835039165249
0.009893234508016354
0.009978382616752986
0.00970747435985845
0.009793853688054955
0.009609233496200329
0.009376189382811196
0.009041902722524083
0.008904536361344983
0.008927939251833699
0.009035804529125622
0.008979859848636043
0.008789727921564336
0.008796728293972406
0.008155914132934225
0.008007548457080658
0.007535881244657747
0.00724177134797528
0.007084043634496997
0.006754462239481997
0.0067230315760629655
0.00680395282832888
0.006944706991180635
0.007260002323425746
0.0074733252700679735
0.007582932097839133
0.007736555363956741
0.007712238484809693
0.007548999838571031
0.007604908080084877
0.007710319601748788
0.008024000041654386
0.008234871839075154
0.00841097723065944
0.008548166973103729
0.008470294021823007
0.00821366868039081
0.008069874980491274
0.0077799357449152675
0.007734932149766821
0.007768119820840245
0.007688321556620225
0.007666554925643105
0.0077334477660849
0.007759279607608173
0.00766255565073661
0.007450240596975746
0.007191094322604471
0.006766838697167122
0.006533598568651935
0.006139858814867836
0.006075098940064689
0.006007588024281344
0.006163980795340716
0.006087409663706222
0.006147956731963399
0.006059433284653524
0.005981757859092199
0.005823554443361787
0.005531993214509636
0.005049767177244245
0.004911091163502917
0.004663854474982945
0.004713612762002939
0.004799798643023942
0.005117138960067975
0.005255534614016598
0.005413855378922587
0.005487917858951104
0.005606119106123402
0.005712541098860154
0.005624218840567554
0.0055048016162940186
0.005653429933651701
0.005680874500439936
0.0056144796695624475
0.005370712785379545
0.005117796873021156
0.004946496782147588
0.0048468555727311105
0.0048722528191074916
0.0048972798212442974
0.004825245218602582
0.00468991746373528
0.0046598428921040165
0.004397511852390525
0.0042116582808186705
0.004057416934202214
0.003767873339939305
0.0037223015965675383
0.003935721992967052
0.004192114390584893
0.0044068629422886665
0.004574838638847692
0.004541991689791877
0.004442706276435114
0.004145203219712304
0.003820711667150553
0.003777150323418442
0.0037025024178993157
0.003850214309536757
0.004165157173389995
0.004336993747736181
0.004482547036265544
0.004481995769420111
0.004447000135518698
0.004434699350320039
0.004389465698952639
0.004299737744709797
0.0042336507470716895
0.004264299874254274
0.004267201266107122
0.004464586096478505
0.0044771025527149105
0.004735885516326645
0.004709942434016147
0.004843406772753859
0.005011004208307548
0.005262486255093938
0.005365228626753183
0.005368214832749232
0.005339067084392946
0.005401646870434512
0.005501836553904101
0.005813737136722799
0.0059319925315276896
0.0059670816112077285
0.005875494081873184
0.005761963949870206
0.005794039415558077
0.005740452084570932
0.005548942724440849
0.005543591442864938
0.005619088598573631
0.005741179204977011
0.005659667722527102
0.0059008584599719305
0.0059542522112688255
0.005920460655515916
0.0060031372582953196
0.005821008353948431
0.005773624786861567
0.005831391748308766
0.005966819974788509
0.006273759085157799
0.006424451121058885
0.006680811014469075
0.006678429364809162
0.006474581977990214
0.006221676509055244
0.006012762507527137
0.005757633055378886
0.005362632678423679
0.005137469068725652
0.005169271595922975
0.005174823470529285
0.005121449217952261
0.005090349684658118
0.0049464084145905765
0.004716016670781782
0.004512223326705963
0.0042197977641688
0.004135876381379026
0.0039027759019710775
0.003760686330181394
0.003858823109696019
0.0039251839378226586
0.003933739307061024
0.003891459128575183
0.004004171809537485
0.004120896576392917
0.00430285306247997
0.00491310281559381
0.005131312320168702
0.0053043646095482415
0.005453678968117865
0.0055555554087874885
0.005648599284841601
0.005532160687216842
0.005149354683802068
0.004987160528367074
0.004766600044762696
0.004529257103452227
0.004503879670488584
0.0046528332925545425
0.00468939582432523
0.005049407104273454
0.00526570626076429
0.005295960819719839
0.005343450856997894
0.005363957110048394
0.005223083788440308
0.005107345671895451
0.004927274673932476
0.00476740199728133
0.004803548237063345
0.004994298100126483
0.005242891775403053
0.005793426452030041
0.006263847928465597
0.006881273881569365
0.0074387974174652425
0.007823963608113372
0.00789342680177094
0.008254558507113652
0.00838653126651313
0.00847048665172675
0.00884240506530223
0.00888927249712972
0.009279030510644614
0.009548714902178842
0.009722818506750849
0.009740406880744113
0.009745732732924771
0.010177172810061813
0.010291958568028326
0.01064640001013825
0.010958677793146835
0.011034630168403033
0.011413432855870936
0.011705990051878518
0.011891886420693309
0.012004046148100784
0.012142380306642234
0.012251248397540264
0.01223760144142601
0.012060148339546372
0.012057526430841903
0.01185989833467546
0.01170490246516317
0.011680977309948215
0.01175687988618022
0.011830599661692922
0.011924834637616552
0.012151948535674455
0.012322646563118465
0.012342381122946399
0.012418874949519442
0.012308865867111083
0.012307016786289812
0.012093864735263462
0.011683537004645892
0.011427064581401839
0.011453991599967071
0.011312348193862625
0.011348857253259837
0.011115211159370827
0.010954042540622225
0.010377227061321841
0.00997517687363177
0.009649418530926364
0.0092391364651415
0.008809061215019419
0.008534045291095372
0.008378022375762555
0.0084452055938093
0.008655089445887184
0.008827132832035655
0.00875312088750327
0.008538469942602702
0.008405079166332171
0.008154735103927026
0.007955943873960024
0.007751296124759034
0.007489450380693483
0.00729717027085091
0.007054615928920297
0.00668551459262029
0.00659853182629713
0.006383215425122689
0.006378714377140614
0.006280278289749801
0.006076826622453899
0.005873259568895031
0.00589287273276622
0.006093876346576716
0.006101896754195919
0.006285797383512331
0.006300055846391884
0.00620500835545058
0.005795394283962884
0.005598465815021549
0.005615247666659591
0.00599376909011475
0.006278807775144028
0.006262102757307271
0.006249862267106275
0.00594285140436427
0.005717391089109029
0.005431777635522428
0.0050347296503052905
0.004909582409096108
0.004892370547286636
0.004801165130563511
0.0049682583230994575
0.005049547695770908
0.005031470195334091
0.005197798593389393
0.005549088461148266
0.005935154764347923
0.006071736577935359
0.006414566589172684
0.006668866533711413
0.006946362936825786
0.007361981747933335
0.007695318758204112
0.008038447131836325
0.00793467961383294
0.008006537983212434
0.007868152126988612
0.007568293221701844
0.007314177591770938
0.006894853441594473
0.006748221058911881
0.00675359410992514
0.006733063231508253
0.006739272251472783
0.006669665259601472
0.006545167902472534
0.00651216893101734
0.00637827960037909
0.006166192608869041
0.0061634289282898585
0.006061606946068454
0.006365461030174731
0.006445983905219591
0.006592535206487578
0.006808850500231778
0.006994631004951728
0.007057129475831131
0.007101499045070897
0.0070621840023831674
0.007077040332807249
0.0071326410921669055
0.007098827435553448
0.0071885244129791595
0.007342524399983008
0.007416528357086572
0.007413549327457374
0.0077622666119337045
0.00785405521592726
0.007762992815323807
0.007599985673748445
0.007698755423892252
0.00763876635865156
0.007972294830897298
0.008499869533952313
0.009166580263796494
0.009584033547598111
0.009920205644692268
0.009993362376451447
0.00992426893109158
0.009467615549725467
0.009166204989113563
0.009140191252630192
0.009649946664003217
0.010224961578424008
0.010314444394649338
0.010340721519824542
0.01016833256861496
0.009830954880360381
0.009441626992074428
0.009089930978829737
0.00884376769956646
0.008702248057031748
0.008729587725901261
0.008792392604729984
0.008635490366666254
0.008471879668402894
0.008250276492339058
0.008037185063229141
0.007596976676328147
0.007129152489025882
0.006815199862654763
0.006486902382028781
0.006346959891876468
0.006132819495608245
0.005951268753110656
0.005772689041179004
0.005622525173788371
0.005633737998570263
0.0055787106313556194
0.005622295573341445
0.005565567144025415
0.005384597611657602
0.005095920219408269
0.004748063678722899
0.004456455704032043
0.004361627440868202
0.004243582716785129
0.004066467207521684
0.004041042971844067
0.003923948248713246
0.003817293965630352
0.0037028960945924144
0.0034957521761593557
0.003410103713161214
0.003364690201425426
0.0030587196699917115
0.0029449897940097346
0.002847833742971885
0.0027260293984088845
0.0026967540650767153
0.00284073497890584
0.002815156302674853
0.00292510281286835
0.002965507996533675
0.002914461624383209
0.0028051656012391454
0.0026945496216588
0.0026288268884679953
0.002487604086663893
0.0023484836572016388
0.0022328808389965663
0.0024105273037563065
0.002429623281737664
0.0024335749652888853
0.0024890295382435238
0.00243645723661502
0.0024126919764079604
0.0023307498883681213
0.002121849108759951
0.0020073510532193284
0.001830198870650935
0.0016760643760927098
0.0015264620137754388
0.001486016610363007
0.001416456586821525
0.0014136628123724818
0.001380244232706105
0.0013295865917797671
0.0012713575856536144
0.001202455834512583
0.001051716473348619
0.0008851355318269102
0.0007543957411087763
0.0007199203200896632
0.0007056326218292805
0.0007603058943517609
0.0008058118347319187
0.000869091834196902
0.0008792930512555348
0.000889095245096708
0.0009449436549798032
0.0009490332545041178
0.0009810146763673479
0.0010059438665151832
0.0011038246203517734
0.001250796047974147
0.0014004122428859485
0.0015364700070533703
0.0014552966026886729
0.001427002091276317
0.0014853760112134044
0.001625664562082615
0.0017123958147303986
0.001818375096484685
0.0019030478616899945
0.0020020087816896006
0.00206343695227462
0.0020925155038933494
0.002121534656012859
0.0021706868800961273
0.002279729541945939
0.0022873113755117204
0.0023523873550521457
0.002326051752035273
0.0023107542843934558
0.0023384987919536095
0.00234045285793563
0.002319933079293533
0.0023339027008226743
0.0024032960438629654
0.002414207931419733
0.0024434317848443894
0.0024443480710137676
0.002441650636228791
0.002324164061697589
0.0021790309132004694
0.0020558898186087303
0.0019490612424641438
0.0019017499106392158
0.0018365274889998752
0.0017957869318196503
0.0017338572955629416
0.0017001289978853308
0.0015494592096064225
0.001432180454718672
0.0014390493149633505
0.0014292289572358319
0.0014640558782079414
0.0015776642449300434
0.0015939260777045796
0.0016244803545153257
0.0016772509015766236
0.001648893104686619
0.0016107654922141214
0.0016348540865348017
0.001602048260156552
0.0016042971962385729
0.001610879135214583
0.0016054783326656854
0.0017108785801277636
0.0018566387210998494
0.001983448848606692
0.0020203468370748835
0.0019163572977866504
0.0018265674075470298
0.0017024816967915399
0.0016351631874059643
0.0016117139170047877
0.001626445762731514
0.0017088394991646029
0.0017299634773366046
0.0018023246738276644
0.0019121270345658224
0.001978077312665899
0.0020385088723027045
0.0021245134492771734
0.00207613967427707
0.0020370654681794043
0.0020746093488633495
0.0021302961923413176
0.0021238435305683616
0.0022605583508090825
0.0022523338571474195
0.0022083815537395778
0.002186925953293882
0.0020769329275311145
0.002044432751565323
0.0020137030429898907
0.0021382347756638024
0.0021260635258528704
0.0022009625843050773
0.002118365830260223
0.001998431743084288
0.0020139290837264427
0.001957610233240501
0.0018911501942394614
0.001898998560560331
0.0017444594310365915
0.0016992047978168813
0.0016464847436101573
0.001628304767984359
0.0015678482349077525
0.0015137003210911177
0.0014617784493413436
0.001451209714443042
0.001380681687240892
0.0013870996572385769
0.0014159047859003226
0.001428392695605063
0.0014688230514950831
0.0015200182736041957
0.0015202699944663791
0.0015857493862525874
0.001622651418274859
0.0016611249625921912
0.0016616303755289136
0.001684357679537839
0.0016686150164760699
0.0015750872768588685
0.0015762011925286915
0.0015652415757358214
0.0016645912880100088
0.0018805086598947828
0.0019801434864871207
0.002034113867659795
0.0020577721001220333
0.0020220649186094603
0.001928562696935718
0.0018360297137916832
0.0018315766778654607
0.0019295077218746386
0.0020124071661363594
0.0022413860405795746
0.0022782797056177975
0.0024606072779247198
0.0026071212505837187
0.002668991484323814
0.002577309401205696
0.002505695766366231
0.002474138261067812
0.0025188979831461443
0.002712563235301784
0.002802816583467825
0.0028304164242635163
0.0028887065324925284
0.0029674602090734295
0.0031352098517267004
0.003201017152405925
0.003274444671300684
0.0033210077074064077
0.0033058855193815887
0.003397275334946942
0.003441436255533614
0.0035170266070128657
0.0035966989673302694
0.0036573962816815716
0.0037371912871421364
0.004089549573962669
0.0041825811029974945
0.004376448387975961
0.004447850313169561
0.004620093616296239
0.004679959672308784
0.004706499343385795
0.004806745987354939
0.004848845601329328
0.0048629903261571145
0.004794308116704697
0.004890637757594886
0.0048395793948623495
0.005298333040602564
0.005074330082504658
0.005021672028712724
0.004888191018831339
0.004833432786317903
0.004755349249832462
0.004905567855602281
0.00492913200995653
0.005141767258898474
0.005165471508933241
0.005252820727846107
0.005566562948808395
0.005813134461542229
0.005956095694746826
0.006090486355684979
0.00615302952985673
0.006137076977831729
0.006018724987594993
0.005968649792554887
0.005956580617419031
0.005943569535011057
0.005958111257162277
0.006099489594143714
0.006213529363906204
0.006472257922727582
0.006579058335990881
0.006619872251420541
0.0066055089189028205
0.006377968259536171
0.006320327455865938
0.006232987012322844
0.006364313566531113
0.006400440251722471
0.006718400834093721
0.006995136135644566
0.007106692046649482
0.007245336687938364
0.00713551467214559
0.00703025443822842
0.0069987624742361325
0.0069591328430591935
0.006943564554422421
0.0070575530482282975
0.007210914074903272
0.007614753226023965
0.00806716419315745
0.008022813940141184
0.008230133263991449
0.008262727202754318
0.008237752942017491
0.008306202576050133
0.008367079266221303
0.008368828500640843
0.008488518443566547
0.008700721636803702
0.008698683305819098
0.008623423046741904
0.008489970729867439
0.00844969170076271
0.00838649669428573
0.008323146591992668
0.008193462641511358
0.008016129450007348
0.007821652290745579
0.007593903336484352
0.00746306395510876
0.007533545639802334
0.007081173037626387
0.006477659239056853
0.005866873824752396
0.005392522434051774
0.005057903250075932
0.004862117578104382
0.004429765567403548
0.0040127661362430525
0.0036381245587207775
0.0033456164065492214
0.003189129528168982
0.0030597617157524684
0.0028806216866052357
0.0027138518729901196
0.002510952264092383
0.0025157575292521564
0.002427263515790194
0.002282830175982538
0.002196579102121613
0.002229054077986185
0.0021878127814444854
0.0022194447520050118
0.0022050319523122374
0.0021095081202144772
0.0020809813549786094
0.0020224649204343597
0.001966665077261033
0.001986780043460054
0.0019826925217140494
0.001953988177906682
0.0017799554091456325
0.0017418308415285363
0.00165713250636905
0.0016419785548835886
0.0016849414262145555
0.0017071179433456544
0.0017395476825155308
0.00170519708250483
0.0016189062611873394
0.0016287095248602745
0.0016077071519331018
0.0016226747848449414
0.0016300051175744293
0.0016265803652628758
0.0015652613808447736
0.001495175821751239
0.0014627345008175624
0.0014103103621321746
0.0014116578625396176
0.0013858817102978288
0.0014332227891827001
0.0015425727661654881
0.0016696244617919812
0.0017266402983104774
0.0017941387304004214
0.00181029602152697
0.001872828903690699
0.0018048874096984358
0.0016162227194410604
0.001553668974818222
0.0015816363057964966
0.0015949439355789387
0.0016143891258129078
0.001643136183158232
0.0018336575695541372
0.0019390441912178417
0.0020292840180774594
0.00197377297896257
0.0019031665872121372
0.001845184523097876
0.0017452470678965403
0.001717623954224599
0.0016688154555260255
0.0016859623005917733
0.0016803427422233958
0.0016666531574838332
0.0016518812740094451
0.0016456637254926953
0.0016097646414018649
0.0015276648560968791
0.0015181057152576511
0.0014693146837905949
0.0014878257531200322
0.0014665987747601455
0.0014887540176876932
0.0014158231344436679
0.0013134807679581867
0.0012476513503481028
0.001187275710813476
0.0011072619931647796
0.0010879633942770532
0.0010377045682068954
0.0012608003395803234
0.0012985244392302998
0.0013870253855294376
0.0013806835330262227
0.0013545163333676248
0.0012978100153249101
0.0012636403664798357
0.0011566675169943758
0.0011297931944995903
0.001101002428036622
0.0010916571176378671
0.0011575227004211428
0.0012108690086055289
0.0012435065491409319
0.0013510916868165143
0.0014418010975529093
0.0014566868191950625
0.0014818163116341616
0.00154242312969559
0.0015017735612452491
0.0014735512843948905
0.0014459523086494406
0.001487563788347261
0.0015500596714767888
0.0014663284062808436
0.0014820027416220822
0.0015034233553642778
0.0014994708632310747
0.0014902193542392543
0.0015534877094771729
0.0015426885907675984
0.0015581556129555167
0.0015540108928955528
0.0015518262181963328
0.0016030808703849223
0.0016122646091127578
0.0015737441878833295
0.001551243195379331
0.0014652010273914844
0.0014411123889220975
0.0013734721085928452
0.0013734323571278006
0.0013828144647279842
0.0014032638327627636
0.0013904867728277597
0.0014587324593452766
0.001531945264823326
0.00151072691024064
0.0014872624580048739
0.0015081426156325728
0.0015216385993192063
0.0015132552279195214
0.0015140739885575168
0.0015077082983867632
0.001561357091861461
0.0015334704091719488
0.0015218617793589483
0.0015732372819478846
0.0016673575040986558
0.0018185822166309929
0.0019444970768366025
0.0019923396991862663
0.0020502192865945747
0.0020007693583417156
0.001955646145977451
0.0019050232275187855
0.0018697907315861858
0.001898672261248769
0.0019764013933614415
0.0020710953855081747
0.002227183769156661
0.002229252528629958
0.002356657047932075
0.0024160874433418124
0.002442694481804352
0.002411533334080081
0.002489387832498208
0.00252384120496259
0.002547010352681182
0.002561267788916597
0.0025759067180627306
0.002557408839262648
0.0027290999559185813
0.0028899021386922406
0.0029504099018067345
0.0029954892492661802
0.0029515384915812628
0.0028378563194352644
0.0027351711372661106
0.0025797585086657854
0.002397949199408899
0.0022075603267603062
0.002140200712382111
0.0020864811664205035
0.002069327450173268
0.0020119187634021563
0.001895508458193159
0.0018816976729024025
0.001849366790547776
0.0017273671811963635
0.0016873972818963905
0.0016022224147722527
0.0015822653520298079
0.0015821401535281048
0.0015299526377154384
0.0014655319525365283
0.0014532581001360716
0.0014747811501508263
0.0014878778597915937
0.0014100785605003982
0.0013398516093977794
0.001302049687280432
0.0013066318833936641
0.0012804703643184703
0.0012470446258741389
0.001241580238199339
0.0013001300441803372
0.0013267223438521338
0.0013225783980715955
0.0013697753354258474
0.0013755034615331415
0.0013910630555069193
0.0013699797823345547
0.0013081660077280568
0.001318988510266168
0.0013115709922356601
0.0013528565595405328
0.0013607620479833995
0.0014117958175703725
0.0014222342954164655
0.001450899473894065
0.0014878289202475217
0.0014852329871251797
0.0013589678453003967
0.0013243819779766815
0.0013005329098333854
0.0012592613495358946
0.0012578433992269102
0.0012836305003822083
0.0013691586382664754
0.0014557457401553338
0.001585619545794063
0.0016701533343058243
0.0017439239214007724
0.0017162026469748053
0.0017096387806258399
0.001746712710578218
0.0017128273106308523
0.0016893173977667983
0.001717009518995592
0.0017518248537637432
0.0018337033182941223
0.0018586891877145223
0.0020092760139641293
0.002039979235132259
0.001988213819366394
0.0019378435053954784
0.0019279340507548464
0.001976350919194829
0.0019661633316311305
0.00201418417054157
0.0020154031585750054
0.0020920278784072556
0.0020345011216712896
0.0020351913710951004
0.0021014593594861197
0.0022122685547675304
0.002233642972056746
0.002225192385319342
0.002239800761821062
0.002282173225736016
0.0022046607683384296
0.002040633066081406
0.0019589771000765627
0.0018143280254426437
0.0017538458803418998
0.0015955424642820689
0.0014206259540420904
0.0013891533463990156
0.001234492209821134
0.0011665441351370715
0.0011465961609529456
0.0010573793100547312
0.0010089981739016935
0.0010252252933000046
0.0010035969704622679
0.0010584321144031295
0.0010812265769575408
0.001070881273689159
0.0011075013396617613
0.001135637511869395
0.0012205422500619542
0.0012743647960141518
0.0013042048092755257
0.0014079042054606701
0.0014962292804355356
0.0014986727369040824
0.0015770294778465605
0.001616589732086347
0.0016765869027547558
0.0016237599576830138
0.001630062731364805
0.0017232624791811083
0.0019605638499768764
0.001994585550828442
0.0021305521229843384
0.0022198688990560174
0.0021630527275461153
0.002028598474604794
0.001958801521424779
0.0019754629122441044
0.001962369434519324
0.0018978065975292565
0.0019332037235270164
0.0019811138619324434
0.002115585158449725
0.0022007289986796523
0.002211208416982668
0.0023491879875489046
0.00236248711892867
0.002445176332081738
0.0025128359587651477
0.0025838636470960404
0.002610827843582777
0.002702486572015797
0.002679257001306621
0.002703840413933716
0.002862964074913499
0.0029427137569705366
0.0030951179232694133
0.0031590042232821866
0.003208504944095451
0.0031157358776798287
0.0032209511239938366
0.0032084582709243506
0.0030299467938162033
0.0028827097621659265
0.0027913542051121957
0.0028688019330023345
0.002994290048923366
0.0032630368225835546
0.0035211354646831677
0.0036061454658344537
0.0034970708764905196
0.003410472667853903
0.0032265279369363604
0.003162622725039546
0.003273435343939159
0.0033578731624244393
0.0034935311566479223
0.0035458993730680998
0.0036103764095055104
0.0035500554433638685
0.003541738947815359
0.0033622430519654133
0.003226464898635549
0.0032740867926772167
0.003214916383215656
0.003173003318444312
0.0030271923234547376
0.0030565446831809866
0.002959597183076504
0.0029053167821662903
0.0028617740895284724
0.0027813399143046293
0.002787150043634675
0.0026711280634051002
0.0026358551858596405
0.0026017424053447515
0.0025979662655011165
0.0025572310555086785
0.0026064546458988676
0.00261858915469142
0.002694206069131194
0.0026564705693400002
0.0026219302699690486
0.002531379497320051
0.0024951515486416275
0.0025061416111548294
0.002590540512023465
0.0025626828860506917
0.002588957472095843
0.002538854352162062
0.002471638045464692
0.002336649343914739
0.0023115682631579823
0.0023172869652797567
0.0022304702871760273
0.0022495038949239504
0.0021824380259770084
0.0020673351841898435
0.0019036105407084086
0.0017961914401867598
0.0017662496604732981
0.001628745276702937
0.0015499527397223117
0.0015014339007829475
0.0015246165275971733
0.0014125541437632113
0.0013697835573998466
0.0012738989493240635
0.0012219750676058614
0.001129103336618606
0.0010736146599154782
0.0010738395279528163
0.0010920697692405287
0.0011563353857695438
0.0011037375115155786
0.0011050739855912434
0.0010889429485063185
0.0010973244863863555
0.0011726648768570953
0.0012593055660768517
0.0013687604186923064
0.0014097410547111795
0.0015817210247090854
0.0016292809507803675
0.00158308823157341
0.0015489806218601514
0.0014826246422873792
0.00144326797045334
0.0014495688509011642
0.0014266594435470386
0.001392206262823917
0.001417815731020175
0.0014468398923735764
0.0015577710157361143
0.001619772802367106
0.0017321930846207118
0.0018029833588285975
0.0017813016624287515
0.001602927641634792
0.0013325375675681754
0.0012134781314813077
0.0010555309051943288
0.0009921791382529889
0.0009090111243019985
0.0010109379186362152
0.0011166553144689414
0.0010902409568952737
0.0010367000845621034
0.0009612268755980551
0.0007626321442732395
0.0006451975231137155
0.0006172518715346739
0.0006454018497872503
0.0007322956420122235
0.0008183862254514589
0.0007614724212942633
0.0007082337769090508
0.0006885180844501351
0.0006595214596503082
0.0006848132731268745
0.0007151577355823059
0.0007955454329808388
0.0008174954188826002
0.0008394921924442857
0.000823867999148536
0.0007794777506423666
0.0007448189010889653
0.0006655566232154911
0.00061100161606583
0.0005705334144438608
0.0005456163456890405
0.0005141611369834155
0.0005414821761097735
0.000567789294692966
0.0006660127086190326
0.000832908790697884
0.0009195512295218434
0.0010117065756242234
0.0011249577862880813
0.0011776574507142883
0.0012472109361325971
0.0012617294196709391
0.0012405506376578681
0.0013077110568844095
0.0012969148428939982
0.0013435632131411311
0.0014217913508037944
0.001441184379489618
0.0014645891193745331
0.001465066431135393
0.0014236604525644648
0.0013169973888607414
0.0012561502887582323
0.001156626188966279
0.0011434145049924412
0.0011839314823804848
0.0012186170438318329
0.0012514120301453514
0.001231341382133922
0.0012690746675101772
0.0012680843217735232
0.00115833235716873
0.001068280277687399
0.0010743395369786212
0.001095190489031868
0.0010743633560938565
0.0011079970937575095
0.001146610026088428
0.001163305361896781
0.0012027594213803508
0.0011797624646963287
0.0010874591233869997
0.0010089255398264413
0.0009357850751106937
0.0008819279766549698
0.0008176408316165867
0.0007900904332477015
0.000761328753107419
