1.912746290815487
1.6145309742894214
2.1177682894660963
1.668188442442243
2.2580609114530583
1.9852837029610115
1.5979385074849333
1.575119942360194
1.5874862908893324
1.4011506484530918
1.4064070233809072
1.4088847778603932
1.514598605904845
2.1531323746553266
1.4728328434271671
1.2144966374048742
1.2303991658727365
1.5349170146711308
1.5068144370948422
1.5501213111313743
1.2601099734512142
1.3173424808865632
1.2199372993803934
1.2981506469323318
1.188056012801874
1.2389936368758887
1.468808234382967
1.446557973771643
1.6939976754578154
1.9718391776612798
1.355955402935202
2.3284507236916703
1.2695247414635726
1.1653490242156124
1.4355069084706213
1.355199006593741
1.588876195877132
2.430525901176913
2.5073686091856815
2.6716862017817022
2.4863732353517634
2.395332970727666
2.272962276092166
2.389935274679457
1.1690183786274582
1.2079060121518537
1.6925282106772652
3.2357587518473125
4.17117550212395
3.5587951262103124
4.12948165628212
3.171423176010748
3.1969702050634803
3.000553552941132
3.5500670478633096
1.455713889759361
13.221456958236953
12.85467575075992
16.32759288737768
16.69095105350059
15.311857308146227
15.4978071770512
15.4060681541946
15.976213692333872
8.937098312616584
5.406522643844376
4.959206444304796
11.777647409776925
10.443521841591336
7.2708953733059545
12.247976678297226
12.137305565583123
11.21379054453111
11.625988231293482
10.573016916585505
4.51338352855005
7.066060914776668
10.790963727528709
4.283259680497804
4.708145561869605
7.411596842366057
4.969176350192261
10.469763969959368
10.801379634539668
10.721985950885522
14.477847125372602
14.473612720194982
11.463309843485948
11.11516534900458
11.2756516032027
7.848042654955118
8.618404549658745
8.080474754316056
8.399909341760365
12.066578191897475
8.15665827263617
11.519755741188291
14.843803344040973
16.185602865240654
11.722133182296071
15.607579843545784
11.451408949093354
12.168071440540006
14.231146143443672
20.527242824216053
17.258548126465787
17.001288875944592
12.394899697120918
12.311879997412186
11.453605945489665
12.273300524101494
11.786377352753409
8.390561696157102
8.828012193126224
9.158976060429072
9.118277390756367
5.966653858930668
7.967176196143048
8.41132205516403
8.525304623931795
5.279635411474489
2.623725202095583
0.7200884105546522
0.7881288533017308
0.7210040678649525
3.4376724636984024
9.117581776922538
3.600090093209558
8.705678910482352
3.3888126761736155
3.3253447375586527
3.164373064059771
2.9388574222502024
2.980115711650483
2.819149491467542
3.3259672292077056
3.1791056909464244
3.548925553570238
1.9818989436907242
3.5062677386185976
1.6863943107763233
1.5300976779898159
2.7796681019348872
2.6749064332321955
1.9182805711753161
2.235946360512055
2.583981187626911
2.263241605548178
2.962492393802448
2.3128624714934185
2.9310984282322123
2.0583043814510456
2.9457713319312626
1.642299569459004
1.6592917306308883
1.730452307692063
2.0701196222151736
1.9285391543966672
2.4130595349012296
2.21662262972688
2.5688971095022755
2.692689318431529
2.3883034275058135
2.1294935271519373
2.066479541157677
2.0128090653547157
1.5643783454698676
1.7499462906799255
1.5287151428672456
1.9127765575662417
2.683592367713397
1.9669678598144553
1.2090025050554414
2.1539717401844114
1.6033775166133626
1.546725291679238
1.5812973960503216
2.295373377994165
2.063614710911835
1.3804455604920804
1.908587161847613
1.3703720498762748
2.04066725108475
1.6455821137977664
1.4152260221725772
1.1890308466749613
1.3730702820902794
1.6167229450495217
1.6399985256442293
2.017313913075616
1.9507582089743092
1.8912788307738126
2.049268076003861
1.6220412193035727
1.5432924714344871
1.4011703138879519
1.0817000092554239
1.5128368921862387
1.2935455677230188
1.2771850301338898
1.4481116228358881
1.9570575395889918
1.9442543611477707
1.8680807362073424
1.8961632288986188
1.6650783655014318
1.4092896572985807
1.129097942175634
0.9217638512985834
0.997102210591428
2.4800617811926395
1.2279276111812383
1.146492709444627
1.3867783512845198
2.3332174432756085
1.3740373208725476
1.5674633911058844
1.5512923667959653
3.1659834071019706
2.7923815919460795
3.5720606757401603
3.509750793749602
3.8033388022545203
4.223510333664022
4.815608622871437
4.382640530471081
2.710168759628331
3.169688383609829
2.6127634543162257
2.829567058005103
2.186499131925504
4.462803296804071
5.755823274101297
4.457183730158711
5.622422060253334
4.395343223539777
6.422208255670098
6.155499668715232
6.2305945189684415
5.88140122302099
4.605554734863879
4.669638036266223
4.727719908371901
5.542332429886644
5.407246505453935
5.939094569741958
6.314820083215127
6.839237700338543
7.650232828518175
7.193380289083573
13.866094070682081
13.961769105600307
9.207976395554349
13.924287926633687
14.173059866125447
10.389692021247788
10.520947412051859
10.762715857292953
11.112857182693002
11.59669408472553
14.926775431912187
16.595712138556557
16.186715057711975
12.890910231365273
12.122911691240395
8.551934745943704
12.623223281393711
15.291472269402874
19.19197996781751
7.79457253770691
4.6543890749086
15.68568751209214
12.29633903406614
10.57514030535574
14.070404217307848
9.85077712683875
10.050551802285925
3.2614060160641642
3.4127539546512744
2.4181799272994287
2.8916876277077797
3.63262740827276
7.975515823429186
15.675721878457196
12.125915455604996
11.536661441567452
11.124116249327134
3.8775299514846173
4.575034599751942
4.761017742416028
5.447371392538433
5.588518726852604
6.221943412672516
8.731855638199631
18.166839993447944
11.17012719702424
15.633612874355538
12.667748175090546
11.714917569275121
7.0849730407107945
6.6295932752925975
6.827694793749451
6.838200687617618
6.767122785258972
7.3021187491261
12.71119751272829
6.242477896851536
8.352856188084695
6.426766601709166
5.402448950640045
5.45919722583111
6.154881418759602
10.050258664797074
7.5788930674714505
6.409276689401006
3.411213686904128
3.1017305455980595
3.903459069864622
8.16078311538553
3.776030607385085
3.3874303676908184
2.761668536997277
3.9941997719036215
3.6136283279995522
3.7968615817246674
3.0575571513977335
2.6552673850249593
2.5087569260837634
2.4325548137087987
2.6548360722589703
2.369692293117931
2.5018759732626235
2.5774852487818074
3.0145275541766607
2.212931119090434
2.3261165777418986
1.730945247285068
1.6532748695837913
2.30459205241469
1.9313230289377212
1.848196943388949
2.1146939538303235
1.8201934601558967
1.928422094863862
1.7528685000202606
1.954524296434808
1.4590340418196457
1.6484278113590283
1.907974159166327
2.2127469079400557
2.4981994906572966
2.3558298228369363
2.503777246218437
2.0587475031471962
2.1526753802623086
1.834723059453467
1.9595280451404207
1.7497576682805793
1.9473542442254552
2.2290634975256665
1.5768841683644168
1.5061458035797815
1.2850062760772911
2.1323663158350503
1.5595512260452904
3.2537761598939823
1.7725474308657276
2.2355719368606364
1.9413463519284626
1.7427222748797981
1.6554153518190926
1.8280080617769072
1.9136686075240443
1.61765541989116
1.3308118693653914
1.1877136864850484
1.1066748320147264
1.3296634438509198
1.266405890213688
1.0739469380973172
1.3420835223134577
1.2550301635920476
1.460291833613672
2.364397433362052
1.1457186467921883
0.9917051320883218
0.9967684541657531
0.7823910359679654
1.1044391986166149
1.181628044919362
1.1216250778707766
1.306603878868907
1.3939982626706944
1.269988846510352
2.0938008889642896
1.5255859749314689
1.7601558521181642
1.8360105469529322
1.7522562719364807
1.331660329753052
1.5474666716937366
1.387472902928591
1.2997644326971431
1.8174889546376165
1.8400640077079753
1.545332127492141
1.9082076119401432
1.7692610483744393
1.4615506800912763
1.4726082415218413
1.1363067585782314
1.2553232516623793
1.2374111142178499
1.2673183793872445
1.7129554850278246
2.3177195635887062
2.5248689217458407
2.380926381079477
3.198910662603371
2.436289862178643
2.800371269756316
4.616027080484873
3.17369752523624
3.116211602360429
2.361115556146511
5.510534279528504
7.841857936757393
5.627018013662332
5.170955375333461
5.676631613567427
4.466826776397986
6.728793397052752
4.373255178421305
6.501483600865751
5.917476622214273
6.1957594383110095
6.613882806349315
5.475632547011342
5.062338353673284
6.42579144345509
9.526921017544371
11.614924504118449
6.587835022755975
6.425377870594903
4.132820954659864
3.9090393217675525
1.4378452566145599
1.1633972102878736
3.7342394190370287
0.9026348380476396
3.9258377806909444
5.368267253191416
9.216794462224561
7.313216379144936
9.133660514565303
8.63186808362412
7.982815850232922
4.911891961323638
7.863550629980077
7.37255269049367
4.327950728815763
6.272599643865269
7.539994067911197
7.510500852854749
10.56791760988571
11.720920943118486
11.909903216150395
11.423418496764018
15.693126393590182
19.973790890284853
7.062576546381782
19.997284144043753
5.244255354514592
12.599131066051934
14.965087092686563
7.4963754278787835
8.6543042310085
14.665371246098236
12.065643963985451
11.096607531095426
6.390743405029685
6.163819850314809
5.816972504435135
4.315443150065401
4.604016483696885
4.949533389614065
4.784635035513502
8.051499755365073
12.253345902107833
9.749750266996914
12.238816356751808
11.375959580647182
17.917011571939618
18.09604338477788
17.601790592209205
7.431452431182926
5.51091672772975
3.697305692134351
5.847555513003038
8.649499935097662
8.828829604322802
13.890390093668339
13.507680835837382
13.719401228838908
18.831828340923114
5.529460212867198
9.472744620782077
5.161132658021758
9.641820359488788
14.430999611506783
13.096496835046798
21.78729712002831
20.203242812648977
6.932692282183242
19.708574873681936
19.82547083918841
19.031077418079377
11.313921582079624
11.03120154320717
14.856993124970597
20.542278838694315
11.051077388057198
7.888789991516921
6.556331170849904
9.320194472579576
6.876087396915541
8.016403006574485
15.8565177251849
14.283789153052052
14.678290519091027
6.967327782744897
15.282209332020837
4.358744560842503
12.231672703818592
3.662413978815402
7.1241940124576075
8.483959179133661
5.504820847199562
5.039930546521354
3.8204896596448172
3.186632794999622
3.5566506372480746
3.9316860852772493
7.296832646104446
2.190131794705552
1.7159862000736816
2.0958875936784733
2.4633000007607317
2.5596310483126765
2.3824255434850854
2.2996528004099206
2.2391314610192166
2.1153891997710454
2.6672680927369607
1.8758763999059915
1.466135835009497
1.7403748277427933
1.3275020294510003
0.9889358022207517
0.9884418253253505
0.9824932170514188
1.3715107195383425
1.416733042869262
1.5464393210988019
1.6756167138424711
1.4048099763816932
1.568661835073511
1.5638149266482362
1.5788101214928119
1.9281550040237299
0.9171830203207477
1.1931803334178828
0.47487994731736227
1.0119798443170214
0.7520106479863017
0.9119798833873582
0.7024243983194525
0.6543803349351129
0.49387329224023446
0.42004243606492836
0.3758628329622459
0.5183587536502131
0.5524032011350196
0.5693531679410999
0.5250081039438204
0.5752361970873692
0.47336591906983416
0.47147394906327306
0.45396834889727267
0.5410677100603551
0.6317791682147387
0.6531596230553688
0.588080764764063
1.1860621680562566
0.15809135533259494
1.0397066951938763
0.2902540734596245
0.45984429321202747
0.4097997782746316
0.666368815913843
0.5447744054040654
0.5477231702400769
0.5722752635480769
0.9496762645073396
1.2627843828399807
1.2669396411610199
1.2660623505221271
1.7474732352781561
1.671754301226399
1.6108466174459184
1.7358666968376464
3.154911699405396
3.916399468415397
8.134129310757533
2.614638478156913
3.1108447535538
1.959963178081536
2.1817003420339285
2.4098063684373354
2.623681893471395
2.8071017236186755
4.608040147859959
6.920425803472469
7.94915222192156
8.103364356140654
2.6838527269634533
0.6869059937186675
3.3443245739837204
3.381226578307081
2.943909625846841
15.363524661944444
5.164422721722046
12.070277530810277
9.849488631603279
10.112165977683011
5.937352719358313
6.0129137420228975
5.86107292777642
2.7596115335435
5.565491791405296
12.462387964661106
15.509833007900479
17.69981765304657
21.847422603232427
21.047473615429958
12.644645968327648
7.519291135344085
8.568146138840255
2.0541601063652735
8.43554935404071
17.031800725535902
17.76062213528656
20.14308289712229
16.8650244996124
7.490791926388101
12.588766273410966
18.32308859549277
21.641170993909437
8.470611767196369
8.974203101006688
15.756254902313959
19.7012738116644
5.90606651344022
12.03165439277698
20.55951478793629
13.274123280626299
12.921514061170106
8.786024346540986
9.01019808778934
5.459519472025496
5.802819044293911
11.495043769635306
5.083548743777422
11.397948377513444
12.161182387277988
11.994444653797036
16.32796155302471
13.1047711555261
6.089066462822013
3.4207194469516518
0.4308906674625261
6.0053752694437925
4.5257680456228355
5.438293309069299
4.588356278736552
4.747292040874607
7.8203351097501725
8.037279946401677
5.926910954151054
7.9422892826025215
8.487861624110511
5.183206523881812
8.781465550531632
5.475818872945335
4.734367409618717
5.150728313699048
4.584306417819394
4.6196697921457295
7.975784106075443
5.495880337992966
5.2676362411311235
2.223986731794611
2.1647522693990746
5.17376355873615
2.4739419380246845
7.836099041806024
4.291418022263136
4.836382867603311
7.747221527742792
6.617015202606952
7.881931711040193
8.138244476313274
4.749917247795301
7.587632819742173
7.257260767428441
2.5062081803280227
5.462284633003911
9.426646052232844
2.9902078217807633
7.463685525826382
7.651657285597123
7.50628858872228
5.890498020594857
4.676187950558392
13.399298436891069
7.081524475532154
3.6058704072453103
3.4739694831005385
4.80022913391476
2.368169058825974
2.3503883521673665
1.6680712277690168
2.7536064583398137
1.9424436652905404
1.3035382113023994
1.9426339765872132
4.203432094393422
1.6958783043405627
2.5387905392638626
2.4147583607659766
2.6028634691517807
1.5510027217200435
1.2072112322202158
1.4364029509073446
2.242511708260536
2.3802699959441176
3.4006749347973644
3.7722261290569143
3.1466945218641516
4.0124603922957975
2.972314194986825
2.54628311872032
2.8901716512300832
2.4029789079610904
4.907114879428137
2.838332185189503
4.071116659021973
2.9961524893953984
3.127964568010442
7.292000991230227
3.1713108160120864
3.966840800053803
4.617009641896699
2.8390247203272745
2.5093508298008707
2.014542168269237
2.4297588424849965
2.123875369282744
1.0131198018114937
1.3303247899267663
1.266615357653557
1.5204248019562108
1.872483837041959
2.4061208395560616
2.065688754464699
2.6741624567211204
2.7378609092744077
2.3648401195502906
2.171537948469945
1.8311504494155755
2.2439706611899135
2.138249248892824
1.9391944958528124
2.1954313316441825
2.4401756420980854
2.548073312880694
1.6409184517325257
2.3743092715710934
2.9823274070985963
3.023245388268138
3.2772759550892325
3.0172867524237765
1.4649388383054966
3.238079783590236
2.3143804990804604
1.83452530033679
1.8111549545172285
1.9121896379039218
1.7220874533658712
2.007301326352793
2.596101891424918
2.7632218117749314
2.2908473726666285
2.0586790713727874
1.9383645444971678
2.4479558569724027
1.7559358283979027
1.6201809827985965
1.9138315638182977
2.685300763915107
1.9972490641128924
1.8926968152261132
2.9217485678088777
3.1343197379493772
2.7455334430336906
2.124754839898766
1.9138352558516103
1.8736844748720851
2.002331047223392
1.7978968067471381
1.9655419311934827
2.830170421192887
2.784772991225277
2.937006851177272
3.0351359595696485
3.3745084696218752
3.611642024631479
3.6973696754990657
2.04394875976395
3.549896686148794
3.479429439912399
4.25996410309275
3.786713815089467
3.993132072561307
5.381825009912395
5.058141628982756
5.905929814871763
6.735915637839843
5.431223709002813
5.843290333314673
7.565419263974633
4.350621920132627
5.325010352623287
5.4179533833425735
6.741521815368122
13.14661189810823
11.702858554797865
11.378991628411686
11.117826074673523
12.37134343414263
11.04392081570837
15.388704457548073
8.837114437197986
5.360554938910127
4.227192424369654
6.709433694241921
5.64986085191785
7.1058696872540095
12.155298017336312
10.82907693052045
11.399389054328056
14.56432056800802
8.92509007526456
15.467462982500098
4.23220496589805
4.249535173796697
4.627544810630033
2.4215672250773848
4.828209022155663
3.7350717604193435
2.2398843152069636
3.2019920089377436
5.578383827840475
3.0527437228032532
17.317054592778746
5.730885951359604
5.398763062330567
3.925430841678652
5.167644178865849
4.368559680758269
9.329352608582333
5.116489301270148
5.622622917282961
3.881507649758319
3.8214332994107294
3.4662021191046777
2.993240123477686
3.4461374518592605
3.04394417056049
1.7259628851700781
1.7445465517365204
1.7779756925036143
2.4741301780390206
2.6356759825084897
2.277071464591679
2.747559028779638
2.075753012832547
2.0328076954497507
2.563050953457259
2.4106099861989914
3.123823619294572
3.011524364301663
4.1082239349744905
2.930188155328703
2.859542075011989
2.9768198479705066
3.1784753538371664
2.5145477006122183
2.494352730396409
2.8054250079673957
2.371133079763898
2.501992072000386
2.4788605777793027
1.835532475673275
1.50380442534946
1.7251573498511292
1.7654208859768326
1.6456704831952762
2.165597127252144
3.076211373964145
3.20505230389731
3.1317769242927938
2.8394020866828575
1.8294998409057548
2.1548845673852237
1.756469630774114
1.3074954638422034
1.729215670837954
2.669782881679514
1.6938554735773088
1.8040600475189852
1.3488473648116486
1.4304720359809195
1.4614118252402784
1.1337118164647926
1.2226066291199735
1.2956433695826324
3.7344701022862
3.7992965517913846
3.602888269344768
3.5058323187417786
3.79114707697864
1.7424525607349133
3.1604742926040195
1.5392014704866113
1.0885243223443506
1.4870677612661374
1.3875851744478445
3.988638629912882
3.9053737522760783
5.087791127502605
4.171237136537777
6.104934292127739
7.70304127347125
2.750051135444018
5.841827691902656
2.680191992436387
2.226249539947644
4.4703877006534025
7.774610859874666
8.054757365369678
17.70665473419583
7.935710644877633
9.158607175041507
7.591599648418102
9.00675742192659
8.148515248364452
10.22482665439783
16.50270892746963
7.201371419246347
13.809966291644008
13.764421762696838
11.005419050914067
9.514293619655538
12.961045600441466
3.445131729777458
16.996364903588262
5.350684283819506
5.051818849032878
5.939866101278332
4.746374342310941
10.694390479654363
10.720349426000876
5.27541572965087
8.182282831259762
14.019219278878998
9.808196691077406
6.200863440730851
8.324440498128885
14.783401931051804
14.552709587800809
14.321762123747906
13.94772708663777
6.361566871252025
11.218769134270785
15.521748645610462
21.05314309565282
16.052309225131
16.53514438390761
17.687147584154022
18.112170819877235
19.112820610196156
10.900650428004983
11.04763093831274
20.16647023387121
12.253867157607857
15.661001060435016
15.677306579369382
19.650795016843553
19.70868041893497
9.656869385440888
19.45477855182005
6.599495832348973
15.554198325636145
7.514511365926412
6.342712742163483
11.193481658244574
7.758008825186676
14.571947857722307
15.587729288333202
7.816596798644918
4.486224807291906
4.502236490021586
7.666199138593944
9.212729905815205
10.058227646383768
10.949944223635175
19.836734415959675
13.591350856061132
6.185628551432287
5.631792355554486
3.104293354310964
3.624749895009849
9.461089804894971
3.2274211651412323
7.661207974447952
5.461353917335338
2.6154892841418143
5.244964575138657
2.5872906809109977
5.070141152861284
4.784917776450719
5.303820700324307
5.650753877693091
6.575175173256935
4.987474700371523
2.9666758069606187
2.7230825499508375
0.5706180371523979
0.3925739065935999
1.3873995098477478
1.2517526828426087
1.366966690004931
1.3628067326956879
1.5109661171204252
1.6398562491322415
1.8048723937496955
4.44331733634997
6.319017755654461
4.419168428831344
1.787787581995974
1.4084929946350753
1.2509857677549419
1.3339304354408426
1.3972075771904624
1.4127433925858521
1.4005512938285627
1.646993730856482
1.3367196339876206
1.493219531278618
1.5762176449912257
1.729730001909293
1.4522628387153993
1.6783969250909248
1.5560395228519357
1.6581795625758318
1.595518101326286
1.730493134767642
3.557517223938011
3.780518152237377
2.4054940203338004
3.7212618413432765
1.8909584505803287
3.0976830592598374
1.4217483923458978
1.5484815950130915
1.6492927261384758
1.8005286554685775
2.334727902121781
0.9082541398303322
2.4094699718014225
1.9727485236681002
2.183278517073648
1.742939688654944
1.9806091348266655
1.004576030865488
0.9551302738348749
0.7624677912423954
0.8574107345779642
1.199271343400125
0.9327081848431454
0.9915797658635299
0.9372074252342735
1.009864990968738
0.7499716568000009
1.109571414199276
1.4661733680549571
1.6501200969956624
1.485749981137253
1.1103408425088879
1.1769913872390185
1.0202204382469162
1.202824472478409
1.0621183786710378
1.2329643777399848
0.9426078687815329
1.1403571279468672
1.1951542831527857
1.0771529592233926
0.9928342473458036
0.7142170039415269
0.8199767473850652
0.7120940795911732
0.7567256763059185
1.061870996814044
0.7041813863830362
1.0816749330808975
1.3110403987621981
1.3052744987924592
0.6523090232262876
1.0098583424073042
1.0798916116442958
0.835494931936789
0.6818870776649429
0.7044446302548705
0.7515195419612337
0.7712354735448826
0.5238655252069914
0.44656342222191886
0.34250397561887574
0.3247607835114441
0.4554381538978628
0.6505939457013803
0.7317314303913124
0.5664660491904642
0.7311574238770892
0.6927916565668345
0.692014780535933
0.7975930352032885
0.6139710741590149
0.47789833301652107
0.5723193413182667
0.5172729372558991
0.4731869537928204
0.6105796850975644
0.782870491163377
0.6597136572559043
0.7113507365107512
0.8357622773790571
0.7377043991350667
0.8715342669214163
0.930579299527673
0.918331527432897
1.2384465133502194
0.4584295099955269
0.50695943292506
0.4462022849140223
0.4918574059686084
0.5695952389507568
0.6129517957840782
0.8640704027891465
0.8092311899735389
0.7786838165972622
0.906641919200735
0.7363579300234084
0.5605104610184851
0.5437261890394247
0.5673182634594027
0.665635344416838
0.8760736838457337
0.9615518319070482
4.716300926976112
1.6828530976925813
1.3813775726348712
1.367029499476423
1.6211140810820233
1.7596131414352072
1.1022009825864834
2.5546299792824536
0.7309273020179697
1.0659263256446163
1.529093205299345
2.67810121848198
1.2248892722221068
1.3648926326880757
3.3752551006231264
8.40444571732475
5.514675025183556
2.536429967307571
7.163003594489373
2.9268027694292487
6.0712750354469955
4.5411782948486055
8.822076441558732
6.24849565508851
10.040201624959632
5.682694957287954
8.747007269945907
7.614190214635019
7.950768607707586
11.730063110645107
5.0471596431406285
5.369411524588299
4.521605026648297
5.1545913558027765
3.77820304921629
4.927793589930305
2.647862578534732
8.086756181544644
8.69426065978431
9.052821213112818
6.642559273285293
7.083166002286626
7.411151839269211
2.6869961876431128
5.064487330974761
5.988735796878823
4.430178574049124
4.518415404724114
7.965677920591108
7.701635108866947
8.359796267505203
11.326635800501435
5.389460793043591
11.53285727026971
8.850510388527242
10.467431781412124
12.592147328448068
14.396414514193157
6.133546205495778
15.372709259752636
11.593872396484807
7.572323786624975
12.239132456817067
7.366020553537064
8.778023088933175
9.376422665432044
12.500719092630801
11.175731711174773
19.237785787081215
11.533912553948351
7.595619647560072
8.430277836429465
7.49423708731629
20.478212074290212
19.068587792648934
12.900718672364963
5.754323588548845
18.790353920722385
10.178680771308844
12.79565238239296
12.42679177822097
11.677766621111164
4.8042184448298535
4.708794766214301
6.708063302997258
7.303812423374923
8.904444534683362
12.23522147967184
5.465070497805495
5.14676367313789
2.6567345723076596
5.60347561194556
8.225454570279492
2.928368044141304
3.1861048191733934
6.398435057944843
12.835612050496113
11.931382437260865
12.2468601049919
5.600650223509367
2.6802038786722426
3.2841466182236787
0.46603940158558954
0.8572049634480251
3.666780539091152
5.735258437523344
4.40397740796209
8.080133329459349
10.519328608046028
9.048272892704283
9.270527235913388
3.8293299605495568
6.797261765473836
5.8331785456864305
5.953062917040642
6.763891957655645
9.12459607768096
15.059236731744685
18.284335928777825
13.102846498829788
9.376498698946838
10.280619600975694
10.546808249149027
7.290535288840036
6.238554562621069
3.972878645243705
7.384087074215271
4.7510977782368915
8.228310975972324
3.3659864528940977
7.029657010290609
6.903280617161042
11.195838941488686
8.5670385550798
7.870455805810321
10.028820906095252
11.13219237474554
5.697209502657645
6.469902067134517
6.741616970877123
2.417823937193761
5.103564506823521
7.105228537116384
5.556303272433892
3.3447952496069804
3.186965035650963
2.986244732197238
5.646037076085383
6.66156347111512
11.194055893037168
13.338937997824704
10.897509232821514
11.426265604162495
10.805955860855393
7.643479784093962
4.197640503397896
3.6796216785876603
3.490536254786941
3.7385230525339885
3.122793408516874
4.2414988401287825
4.639665488164109
2.617799683739936
2.4731306728040954
2.6666102230837123
2.735318115767826
3.340555141919316
2.086362718474352
3.1303372532372444
2.559931246921905
3.46473636710042
3.9748327763123124
4.329945562328627
3.521034091786239
3.0042038862300275
3.126800308285042
2.920052901966291
2.662887290127169
2.5218973792776995
2.3291802767558805
2.1694405402799917
2.057856983494685
2.057858683010591
1.8129106651380347
1.9051782305493905
1.7938974853425667
1.8105666933899147
2.2314853814939997
2.800702303499952
2.4565639097149914
2.1533074607863414
2.314807750849563
2.096230858713552
2.159784447274223
1.5377822772692875
1.7326802789651867
1.551142011609692
1.6930480562320376
1.9387154346233408
2.2953696338651097
2.325529439770599
2.433076896907532
2.070071913763321
1.9308994367600516
1.9802197367212913
1.8958174912294647
1.8656339304714618
1.80280966396685
2.108862101771064
2.216523056170518
2.070754912969045
2.4072384865519227
2.258919048699439
2.1819943914285185
1.9228252311982879
1.7981037732996898
1.6278954496863232
1.9982288157243375
2.566023250031579
2.288701008208936
2.5752186850956003
2.569743035856387
3.0371004341673475
2.8831034547960264
2.5988581511394715
2.1276761016710646
3.6837814789103156
2.3675781179067803
2.860442456562535
2.510814093121517
2.0127551931285197
2.391358657631468
2.9456514988151534
16.370745464523583
9.096903999737739
12.72081046477677
3.0356356230751187
4.0684787315551745
4.222926106519871
7.20888931769812
2.3379072168862565
2.931142440160084
2.9213654246811815
8.211154303144971
3.5011977184242573
4.730292250585966
3.155068166889122
2.7054723944544925
2.609287436503336
3.1643493813988584
3.8077843854237265
5.77122994567983
3.5117613156679957
3.2338417654102427
3.242602854679813
2.6549447420070886
2.959383186376901
3.0931126424877813
2.091988931339083
2.6727746696927515
3.368918081752446
1.9342934788026362
1.9919460991293803
1.896223625107678
1.4968755547134667
2.4063659366736916
1.9112118694879618
1.8728588684758687
1.4917175203310304
1.814155208945338
2.0844774361982634
1.5773128509258476
1.8236096085227236
2.9262028397203363
1.6527660177231354
1.6944668795110414
1.7872409881318128
2.061403959323539
2.039855623734687
2.1079068464164896
2.410684340521841
2.104586671094154
2.01371593269219
1.8743132573876218
2.402413958890619
2.023162476797654
1.6556249605961413
1.7807602835662917
1.5093371076475735
1.7479500518188202
1.8421755303969505
1.8510088754423393
1.4981912366092744
1.7350632864730446
1.6832916158684523
1.616623435465306
1.9649030594071253
1.963649082140794
2.3642580365526826
1.9443770766075006
1.8795102418584353
1.7879453721959098
1.7923070154055032
1.8146260458523458
1.922646093280724
1.9655398723032342
2.172206516622031
1.7011690313730425
1.8516720924224366
1.8848223079076956
2.352508939884482
1.9206576165566893
2.070811763031611
4.6801606312890405
4.471995007218585
4.152671854494617
2.3249678845311132
2.3076125703862713
3.7663596975064317
4.248995179385804
5.840903755616997
6.591187535207605
5.1486586989032785
6.319479024990871
6.749262331743443
9.710331526631224
6.3092124094664355
6.741337260077659
9.615925043413903
9.768063037770133
6.173679893382904
5.384741960294724
5.566850564277534
4.673705032016222
5.105796100533742
6.041231554424621
5.986185080573726
3.0393309359431635
10.38799626857266
10.500897536639192
3.370452848634387
5.377794859708013
3.277046177009254
3.171693409538116
3.2986146290172513
2.958275524231335
3.7045137013954736
4.308201972949404
3.95446988943306
11.42849510833038
6.713335138244079
3.1273962489812988
3.963797469276121
3.069269526236105
2.966485219247425
4.397392298522827
5.216627333430391
13.217672034997443
8.387285541785483
15.719499572830259
5.700418733811785
7.4809419779534165
3.391029468567897
4.597187390124413
7.763539711503863
6.944911634364419
6.849409012950604
8.536585420344023
12.63936816395928
7.119160830820976
15.591734427884154
4.0226230370343
6.105091187508772
4.38471866172887
4.724991474894528
5.785249816576488
3.4603192464885604
6.2483748165387905
5.217063391181091
12.714879163630382
5.259761880482593
19.137519401986772
9.391149790854612
2.0220791570193457
2.703464692729371
2.278022981884991
2.45857125066528
2.360182558690516
2.797729838465071
3.061361730941191
18.518325157394706
2.4765639885025266
2.135977953472228
2.874665246712877
2.331858632195516
2.7476275854596555
2.2290618463603957
2.3632790560980483
2.2601177421844154
2.729591747149585
2.7237990319763776
2.398488102132351
2.0470234792149284
2.7121694530024465
2.5463884881469205
2.6484225301127893
2.454141537696664
3.207155214217457
2.138951489711162
2.673422542746492
2.2769570606702727
2.613250314561946
2.1537735305249717
1.9172385526820157
1.8741477741279913
2.2265645032753048
2.1357162287983678
4.7338473209089145
2.9581344432864403
2.3585563405076875
2.4413675986663246
2.0807773548050674
2.8900018291906524
2.465036861634985
2.099475627538183
1.9326790314463587
1.9006622415198056
1.5851885558239647
1.9370542572064842
1.7230277822900812
2.076777965964676
1.5013049719448908
2.3589295754178803
2.801216799116476
2.2319884230618827
2.2487861851638344
2.39361813150662
3.2069422592452286
2.632799328945398
2.8835283095901376
2.839379587814988
3.8303926889830295
3.2187032991166467
3.5591683237103227
3.770433472471413
3.4606503624764406
2.579004603982775
3.366735678681928
2.805762667303062
3.2425385443830557
6.673011757196025
5.64485548027343
5.866406074208801
5.96939778501801
9.73072982489465
8.037047381445948
9.583118971770585
3.1295978996710256
2.9921362446167707
3.0066712773186106
3.5322034908973925
9.408591792042746
3.7850847796293707
4.41412819289077
5.804450526691104
3.5785286147937905
15.134962542805756
8.04342260139337
12.777428084825948
3.819912019343176
3.536206787667452
4.659279842314514
6.226733528590797
2.7239201383778453
6.576233215551409
9.00266993764603
8.19086292573904
8.5367942669685
7.827836388743309
12.938077238088217
8.553856533247938
12.502960215211173
8.113503914074858
6.098651634448826
7.079185847040432
8.447901595828844
7.766433043988556
7.81373315561966
10.096972160512088
13.546857531872387
9.793036217700415
12.03543444650709
8.903264768594928
5.96807624283377
5.702308265253322
4.654056524302087
6.337470846764073
11.715656497518491
9.571728869759113
11.294319137581502
8.227942089645609
9.412286561048694
14.95328596600795
15.145275775907674
9.128733869749086
6.116633162568663
10.992878757008679
15.15688093923246
7.062947563461537
14.648505714510247
6.8779872969449185
7.288844970971726
16.491690276672436
14.171060941093126
15.032790761124456
16.367862114891892
9.72247413631242
5.296925555553774
9.881038127413333
15.597674284186397
12.092143212903412
10.597659950461084
11.587714020746512
11.917251931275292
10.367038914339751
8.686239066218793
8.049043189434474
5.808634755308844
6.351541195805293
9.998949690518078
6.880086367774295
14.824133374939748
5.375126254689241
10.288994520044316
9.537029943881993
6.51351875926797
7.832265477255307
5.902141206678191
6.904793445739176
7.1383855550327855
5.613182724867713
8.453205859910538
10.084049418211992
8.839135882808296
7.594269977224859
7.520102376288724
4.74043459566805
5.405544952847029
3.170324518385052
5.7122689831185225
7.011313974069788
7.255156289100197
11.619085455411554
14.657385144761307
13.22084511150852
7.4233990776813545
6.360582059474881
4.684236919322823
4.683987748506433
4.791784890766001
5.304207730441212
5.386295165137795
3.976622693773667
3.3346754295747267
4.488439147526252
7.795705420704683
7.840403674094423
6.592736129751058
10.203155264729785
6.360636681429589
4.924545591287071
3.617058752603058
6.4012000470440285
3.3039038108680017
8.419387882980924
6.598794138800566
6.224446832677584
7.0876721202509545
12.07849218462748
9.15340582081754
8.685891332514098
12.87372996396212
7.226126539452612
5.4732074322096285
4.316850070148521
3.614078782514832
3.867715991545056
4.556761160466725
3.364303434015175
3.2066201426850336
2.8121379480252764
4.139971029308841
2.3276099147069087
3.643064077073575
1.4190662983151037
2.6244382525328107
3.2676436892433323
3.1506623537795515
2.8942178729997425
3.677310122857058
2.7863194681280548
4.301333153528541
6.031595447820736
5.001501331296209
4.6616871130836
6.211017014671943
3.0650639654067895
2.5723435351687676
2.3463413193860267
2.439395376800408
2.237571046713629
2.4237183234857573
2.350592521822023
3.371349593597633
3.321315646628743
4.46428986940811
3.1994210522969504
2.8562435118706953
2.6716192741917073
2.770495447158564
2.3698816290235896
2.2920905417922017
2.1584996512107626
2.5679882538342165
2.678813241856698
1.7791698681899977
1.815462402006646
2.771778912287467
2.5052031677703437
2.454489384211043
2.637475605929399
2.968429089003102
2.7866031565822333
2.4103616279565268
2.124043448008524
1.9892227473765272
1.7189675112106984
2.294512858084427
1.8820214766762249
2.1664046797101713
2.7697478479832593
2.2555463005593426
2.405697813434832
2.1809471470528843
1.8284093812887516
1.9315412478724592
1.8184376258432908
2.203300838457934
1.9162943085757298
1.9606050405833464
2.474189960455621
2.532439795863906
2.3010426278101503
2.2885113554997463
1.9274207933027292
2.2530267811281997
1.9054334900403016
1.5856579169965817
1.594174527820329
1.798787850561677
2.124146533247766
2.7286509106082697
1.9414525656425865
2.152176136721332
2.323311453324048
2.4940392501666477
2.5110097145909442
2.487247812550215
2.308300632577969
1.9710156554317648
2.080721635971382
2.0575782076799682
2.1748212438727834
2.034985800232181
2.1570137772709246
2.1888780826363776
2.159034858445124
2.56664027077434
2.805050641713002
3.257517530775458
2.904973449723112
2.5561648495473515
1.8542833389238733
2.4367598844432465
2.2194843228523586
2.7003856273936835
2.138165769026867
2.110809231209205
2.690636601606008
2.9747433785665924
3.2456654124660353
3.014540065536373
2.541432216559864
3.259815651799195
3.133056889989514
2.839145522674008
2.6554337901360596
2.8371742106601605
2.435980282120677
2.6512180819358617
3.0913451704643693
2.90920178303503
2.9914333283218184
3.398414297882544
4.95252179441352
6.38482823739473
5.754913414460348
5.856848344296189
3.178534337598503
4.86372984872569
5.068825373898113
3.5762549348907475
3.4383704591355424
2.792143101695762
4.413848232660486
7.706248104610768
5.428462912660057
6.23697170863519
7.314627597694871
4.875871744172569
5.87632665861991
8.578074086737434
8.192937432449842
11.413966725489598
13.853060965189565
8.788071031165476
8.833423665014836
7.786519756069249
6.203562693024187
12.550780737692957
14.357630292968224
10.941024765559899
12.998035780603209
8.759797782248588
11.290956170368744
18.567683566073462
11.549095611224294
12.266369921565794
11.912272411429447
11.68061255441076
9.386500652809785
13.665420058546982
11.912073003820716
10.628051435764842
7.9785432205843065
16.13540649498947
9.209247785987852
8.415091387170747
6.044096673883674
6.933415918582559
11.549872841726305
14.36115450650794
13.20210181486912
12.203100625163591
10.269898900618417
15.374309348870677
12.220585624706446
14.170861119610578
14.413427542896352
14.21844108579268
7.385277220662625
4.6916904886886694
4.78976954142266
7.400928835871103
7.605491669239013
8.561412902128865
3.614276372022862
9.316951017852618
5.316617962613923
5.9282934530841604
7.793539294490502
10.522488531654137
8.368579360037806
6.9342026383937965
7.974242984362826
5.590787203793796
4.171187013851421
3.785268112929819
4.514451625622384
4.494781012982383
4.223606042322445
6.065041762642762
8.463696603722855
10.425719641803004
9.496386177414571
10.701195745582334
5.785493855801549
5.19046005009978
5.6234732602309
3.059576663476158
5.738602378130037
3.6439537684550296
4.115479321935107
3.5351444631009814
6.5475319711697795
3.5279650036630192
6.6122569770219375
4.445670231437411
9.675559530740294
12.312242863784833
9.496144130807552
7.552498134564326
6.709754851332322
4.477513237715541
3.3825201051762313
3.7015482039036707
4.122166946983273
4.798694233652461
4.181776670884282
4.025283228954221
14.582342263674349
4.076272244359344
10.708776414861463
4.198371252685653
3.458205442080531
6.025767721488141
4.429014178838917
3.2381183707909456
4.0342977996847775
3.2664011697529745
3.8345996067191956
6.575299839005065
4.076361181677152
2.836803474751935
3.1061184988020263
2.972658810536972
3.314780845329694
3.1070802446236074
2.9547645612371527
5.3508134670426495
2.453135166584004
4.648816867869844
3.1213455995911437
2.4704487507892012
3.535358839834353
3.144758197964388
2.5564395882703734
2.7388829831439514
2.8458752679946513
3.859837958844925
2.5161264600330098
2.6067886863869605
2.667456067682367
9.50695122368724
3.027938239923743
12.955712241785111
3.4471126210831757
3.1299339132395043
3.2874528999747006
3.744122070008781
3.0478434183708893
3.062421440451504
3.4431539937765856
3.252856261441255
3.0733065698204074
3.079859379876918
3.1298216553834166
6.724791184758354
3.292218290230493
2.7179644860167658
3.0703010888902815
3.271280639994599
2.861055245852495
2.8530489435424946
3.393850317938143
3.372521427809976
2.371225017570702
2.626399861509105
2.524540288730094
2.2135946966504108
2.292441691668646
2.8741079362555975
2.5398972691056754
2.916461980960408
2.949881861555713
2.8541140610804967
3.390771911938066
2.655718094988612
2.8187176158752933
2.5989887565745278
2.885297629294245
2.8731679599878843
2.774361563624336
2.729056212320148
2.647201236049866
2.6769839021709587
2.436331301005632
2.2388765959096473
2.281587216752272
2.393630707439527
4.681042238871388
2.818688068757217
3.8538938862930756
3.2882885251574394
3.334786975848967
2.49911333371485
2.779588941546414
2.615805268999594
2.2326859782976705
2.217244553494253
2.595495921782111
2.966174311154532
3.6297428749331053
3.1303045341997406
2.343982429751333
4.760666442146489
1.9973776863770134
2.523294300449107
2.5563741477367166
3.215614976534603
2.737981338223107
2.5273296065965964
3.040267623845268
5.0664421655685095
3.043650708746454
2.902252770881181
2.3248171544513303
2.7139772654118177
2.5630884065765422
2.816925493320407
3.533080905100919
4.108606267109369
2.911732458476966
2.5024836206584142
2.7471365973247495
4.736952206081225
4.088436728551621
4.318689397687956
2.694857367165747
3.049888948099717
2.866245384539199
4.928718053768918
4.299122036057575
11.807222931755437
3.9995977729415637
4.060592469421285
5.12549547154268
3.922110546520158
2.839081171769834
3.8220277777464147
3.367146571948292
4.916467383987586
4.380823142855194
7.613797033444766
9.990133702190372
8.298034487139358
7.516432660363887
3.362776609573036
8.123221255722129
5.3742701325982365
6.174168532420206
10.353559991670066
8.446380337902259
6.300088996882421
8.940915345640468
5.1978516491981175
7.104406295524311
9.107795794308002
8.689120328906125
8.419658380280014
9.937569076053524
8.877102807561355
18.54434346439402
16.23114924608501
10.157164261853259
10.080235197868152
7.493799246807806
9.66061249605173
6.330417790254217
7.636066043800573
9.438405106416923
5.594369186132709
7.197579573209067
13.986176952756505
13.433519669726635
14.176749648949336
10.498429460213519
5.467474170750466
7.975538980922496
2.91011283592502
14.486602022816362
2.8620402599312227
5.558788446777436
10.131784786085769
10.320926403834536
10.629306775238332
5.69766075734289
7.5817890250157465
9.563356753338113
11.104837985869986
10.42646315133295
12.325050361390815
14.316453880465255
8.93667923081296
12.751383155504552
14.635061984220101
8.724240698169814
12.910930481571208
10.649066544448573
11.401194946591911
11.632683316695127
14.95133850733094
12.303333732027685
13.32466434543289
8.512073382942992
9.927514716651947
14.612926583482672
9.696816345686774
10.056543163636999
7.825693800870608
8.811065127802454
8.608195171807298
16.108772278089344
15.797448218716113
16.01272829572758
13.785734719235998
15.28723760606837
10.116930729474111
9.430006664172344
9.072410031922908
9.891581183643826
11.711348222745018
12.936782187002118
13.677710604317465
14.389576675801933
14.565314878558487
12.495411169558373
12.166197878857249
7.186883458402052
6.617863680343452
6.573234360437555
5.649574212955749
7.5931374793774395
9.402023339087226
9.914063447573502
10.34104605717317
11.83612874903331
14.487381892142727
12.185434598368747
13.385378723565637
6.33774826035151
9.715911969893671
12.403710800244372
4.816784093614608
8.474563283780139
10.836740479064586
11.220794216924842
6.813294573328632
7.669165759226685
14.295926645723156
10.255712958926765
7.662125045574946
5.858678808160465
3.5696933922188614
4.6702889830105985
5.705084454552843
9.124785822481101
7.4015499833637435
7.45126440808763
9.337197426010315
5.154585577802089
6.800984181366249
4.519731202865349
2.7948099151759944
3.0773685365393946
3.664512894865458
4.269721625900296
4.626170524516263
6.711344806894218
7.037816051874275
3.2899893812199252
4.433658441904326
3.611618630494172
3.9809708247763425
4.659269355718324
4.527067623484639
4.7455711832296235
3.061041741442159
3.78188221085112
3.8591360474566963
4.74970523309311
12.407559705654661
4.9174021110919455
3.7516043507980124
4.94332790371071
4.707032121109162
3.4437713432013846
3.9202452341620733
3.3455392521053184
2.97020072556266
2.4300217578659464
2.74572184665052
2.648334198903221
3.1045757909825173
2.8204164539644787
2.53324184077631
2.7458318571620737
2.962521981982087
3.2251615624616115
3.3133018090948694
4.6699782214553585
11.471086803209344
6.679735382152165
10.403130153039061
3.184396305220243
2.0680457877038396
3.018821872305111
2.4641436701821187
3.385254195367858
2.879772970698688
5.351535387158594
3.743077054833583
7.494360009761815
3.049122919798336
5.53707486077577
5.60068334306002
4.442309260936062
3.727166103597388
4.322176820595504
4.186876449026859
3.9130215080889776
3.4140811344758655
2.8030458838402885
3.571135415831848
2.67139890677487
5.891353772580701
7.249503302139315
7.250352465561488
7.054979825765303
5.206043950895827
3.9725502588706947
2.5844296620017335
2.638282167053725
2.7116647902036637
2.9891618078890545
3.3556301356944074
4.476413075096567
3.8153534478247773
4.248185537767916
6.634686812657087
3.2484891784227585
2.909855543899698
2.654586459251019
3.087656020823174
4.371394749521439
4.473145780948581
3.987908701564957
3.735302948989452
3.3779292580720286
4.006240340803844
7.018812261756025
3.441744360002147
3.397674256962984
3.6998850238653063
3.2291399290837917
3.0348293429485866
2.394905250297704
2.734087486151126
2.6103719579231734
6.842736083818029
4.1162653060184216
3.006527317076415
3.5698891609041383
5.0221289987340985
2.669272636770269
2.5504408105930048
2.7957080802053196
2.85150990192341
2.387590342321811
2.6198961840821307
3.0759659398235155
3.1166116983678585
8.203289224439953
10.682862776954952
5.389797758831966
4.625696298568092
4.347812135701163
3.0860306895173415
3.508917414070757
2.997670189885973
3.6935988653261376
2.9442819017543327
6.705127512028078
5.010064384693626
3.10080651724553
2.88242320799068
4.302853944102318
3.1385720285561005
4.173410974043269
5.0413721381143155
7.216726773530171
7.047627859454529
3.080143338441638
2.8764089571942515
3.867270315574222
2.5584449004361054
3.228710030650207
3.2852908653691593
4.37540108384708
4.249171138060005
8.556775393137595
7.942970413829803
4.926814117928528
10.100973101524229
4.00808825126548
4.690325040387728
3.192910169088422
3.0821248890998216
4.349300295794855
4.859270445219354
7.7314620799521
13.444256818504234
10.447296396266406
11.484571015608513
7.152363961986497
7.32556626153161
6.680717613317353
