0.3658608229691699
0.3988133148812569
0.282869669215136
0.40908802637290875
0.26202079364290354
0.29650821145921946
0.4327137514790287
0.42483083768917185
0.496430701630467
0.5289269816023285
0.4877883017011322
0.5411064854609198
0.4482111201290103
0.27637517432717756
0.4120147844858348
0.5189434182867543
0.5284644304305327
0.3893406703667362
0.43247818518815206
0.4327268277630006
0.5334077861628427
0.5121582675570108
0.5282552540225086
0.5169199680656619
0.5384483352876558
0.5179470099960602
0.5015401801929874
0.4840245256825559
0.49995827280785315
0.4791375185098057
0.47409882301180606
0.4710101068121664
0.4917399812723763
0.5438008000861323
0.43519052968803673
0.45191780651120333
0.3755453532387965
0.32468776101001373
0.39500501713936675
0.34822265676214803
0.47986436312135894
0.5275693907564988
0.5389318603816634
0.5342861870144674
0.5291211177813863
0.5247251156112572
0.41048720493346524
0.3581608624577071
0.29435164864977037
0.2737501308669259
0.2404171813520528
0.30504744791083044
0.3153303994680173
0.4346537280641108
0.3570785142165502
0.4576404158725466
0.32786050107336534
0.3133967706747158
0.3628853749484563
0.33205296079739594
0.3100123317016116
0.2374049147115468
0.20030681573894382
0.2680376273020336
0.1829437666964928
0.20479230041994342
0.22403834388960922
0.3141963903200545
0.2636744077987486
0.24089055571753126
0.29633783835854693
0.18312491518529436
0.17599590518072009
0.14423635201200577
0.06482543394930042
0.1136926697778005
0.36823647187702546
0.46496198719746584
0.43106670221671217
0.3647403158298
0.42200424552106136
0.4660976827637123
0.4433810895610686
0.45467850245305697
0.47940738483117235
0.44265893937508943
0.5286774211431876
0.6091195069957327
0.6299190019695675
0.6350546366055749
0.6578130339117
0.6253753033653062
0.6147704791072979
0.613771631859184
0.6390443270657464
0.6789603569130812
0.5818230714101346
0.513494668327622
0.4073808578924037
0.4881607621342135
0.5014466549173864
0.4753558329128475
0.4756963514127747
0.5163875824555668
0.5233204498863903
0.5394903144465104
0.5247026647674108
0.5083070473618972
0.5120447983874664
0.41487881707986923
0.5198711140976142
0.5244788775507399
0.5381524954972864
0.4955528014254119
0.4800786525068484
0.3412128844255368
0.47398028907971607
0.47387909060198097
0.5289649377982687
0.5059879898650104
0.5645498613978095
0.6099531457032683
0.6739774018266731
0.6519888381131081
0.6713709271082487
0.6039842475986157
0.4384651562908616
0.38042643781813124
0.2917999732217505
0.44680221309201235
0.4140812597965267
0.46164297161923495
0.3431605168288835
0.3605686457892205
0.41911106554846267
0.37054440454505727
0.35724907172128684
0.20852778149904633
0.3139846493975709
0.2529279842317211
0.35508322028386824
0.40661744634178637
0.40973186365080605
0.41372330021509535
0.2794412205486305
0.3912634858033961
0.24317053225517538
0.32344953110222874
0.2472141781858239
0.27011155232822376
0.22106742548332495
0.3030437944352317
0.30852584694992435
0.41764081745044407
0.4014443218170565
0.38884962647139903
0.352624907422036
0.3663513861163991
0.3315698410321321
0.36025790795487056
0.37304342146149794
0.3371775816217199
0.3478572025425114
0.29755073560683293
0.2996138494709379
0.3323590818972418
0.4512064137936994
0.3860630782521329
0.4531645625193509
0.3848870012037683
0.2870647953465554
0.5005698925941403
0.5201211003876177
0.532909914466802
0.45693866959471385
0.5300464278143753
0.443474982469597
0.32904127419077733
0.39940660774613646
0.5429941659553266
0.41544520011375646
0.49519256294460967
0.4184104020074075
0.4410279480769813
0.49598167605915006
0.545097992433525
0.4910900533768261
0.4655717963288207
0.4690173641689696
0.45442307799153725
0.4682646754251582
0.47802295175657505
0.3876362039660211
0.46537575977611
0.44105933005356895
0.45294967798172125
0.566926984489434
0.4717118564830301
0.5325897781295377
0.542718447235411
0.49032091392274046
0.32800233339298746
0.3560742180586256
0.3459470397304131
0.2936569564628352
0.38281464134928656
0.44331269928623235
0.5508676902044919
0.618201292259846
0.6103193076927881
0.517620440849752
0.5218642768762285
0.5310824930337092
0.46067063948822895
0.49418259079861093
0.48183633011430355
0.4678290500368823
0.4403507096222596
0.41858438545980864
0.3572055713881864
0.43446344511556295
0.3917242605962533
0.4583787608187739
0.5004106211594236
0.5541232479762345
0.47635821820185426
0.5310824046372855
0.5441210402266643
0.5058362703317353
0.4093446748578791
0.5322600315066333
0.43691579047580226
0.37412472063477326
0.42631451384439156
0.31527674692897906
0.4200768769093291
0.510792432708987
0.4837996560899243
0.49019815246522325
0.4427819187374522
0.3582142959952011
0.32149306826488167
0.3216674790878043
0.35016245164612314
0.42136692271034
0.40477943114329806
0.44239736640746785
0.44820716147231315
0.4742045530368455
0.4156657075799985
0.3640955535458064
0.3535087974699162
0.3872273917819366
0.38117832890666165
0.3420120132135219
0.4063740556343671
0.47580323283788967
0.4894933987707397
0.4901275071736669
0.5489659989953392
0.4842067257005469
0.6558058762381153
0.6118356385892924
0.4044968502830148
0.4735704800456688
0.3979603917371218
0.45408637484004905
0.4797811375085561
0.45772822049051665
0.5061820986044618
0.5889040261971071
0.5305098889579454
0.5404941775522945
0.3959694793198961
0.32308664067239307
0.3369996317378806
0.38141502181440295
0.42291172820676126
0.36479778270643337
0.32101437222067675
0.28462109012859216
0.3061958123906278
0.28750937581225533
0.27702836839978195
0.18438992801537835
0.3033171989551228
0.22581859399686263
0.24924947292772445
0.2626226746586614
0.27715549513390975
0.2441467333406663
0.34632445615236973
0.2876741070305152
0.28430928486657236
0.19506227311777743
0.2302684573703991
0.2056974344226119
0.19545814423680483
0.1962984892364826
0.19906343863204012
0.2206218871878772
0.27846957225746394
0.253089064269874
0.1460255857345814
0.13592253060820525
0.13457199743095055
0.19846542458433436
0.2400014818492002
0.23403545526565941
0.23722022063834836
0.23090289928644991
0.24295141554594402
0.19068275027012846
0.21460186002768547
0.07106494146480488
0.07618774441372003
0.12452066356804153
0.0608809928540769
0.050555597214343675
0.08666784610177954
0.22668744371636593
0.15290041511793387
0.1470372501431096
0.13536001419317376
0.10722585549706265
0.09933882652550316
0.1316021812060311
0.2052150890747629
0.2906062026887154
0.18637641518392456
0.23589454105189686
0.26567203460748046
0.22253370957768523
0.2882193134165276
0.21907895433985197
0.21576282049020962
0.3221824465028498
0.3775634951040894
0.37328073415348173
0.2935434481101948
0.4176738860724752
0.2865091020841437
0.33527786947982585
0.3012869702283302
0.3812761954118353
0.3631686666638693
0.4352213422628573
0.3948137978733959
0.37372395582387496
0.3335873527390448
0.23779897156465682
0.30617900208557824
0.3684573627322842
0.31806032534432815
0.35237562254599203
0.40997544726532764
0.3906438218299642
0.41454557868309333
0.3814389117027666
0.2640325161525511
0.48823556084085545
0.5177008823437137
0.6168632350612712
0.48918990973166804
0.5760078459297754
0.35748674704722366
0.5898616933268043
0.4518791890621791
0.3181883286616886
0.4345792167396013
0.459676600830252
0.37345592602598454
0.3937349989028837
0.42729698610291245
0.4888196401922791
0.5226932932852631
0.55020325903102
0.4920474801342893
0.5251004197558381
0.5643060287360561
0.4630718142163348
0.49718764584408215
0.44692622064307047
0.2979268302299018
0.5539599139905192
0.5825627970891158
0.5996003839620188
0.6751293418082764
0.6200396449810809
0.541680084024692
0.5483569982776608
0.48439423860780256
0.4413346193622008
0.49887976271826
0.29366735608344424
0.43364489089893166
0.39620123997814477
0.43249010966512236
0.38651020110478246
0.4975226104254299
0.49138628028336934
0.4809928291501554
0.490746054690344
0.3767743066444054
0.3568989713668119
0.43347985846747744
0.33347182331161923
0.37856522627488187
0.42475121748950573
0.4249550304329128
0.533942177393587
0.4914174525538422
0.5158546840972329
0.5099452881929455
0.36749479273694086
0.32755656131507416
0.21885141992394364
0.2673802602699937
0.0516698969925824
0.15559972161396649
0.15980999617586739
0.1569925639207046
0.17542383048589721
0.11421460528641526
0.15797524003481922
0.15665871023795172
0.16540753873968483
0.22638388493932216
0.21664498921623898
0.19884945955077918
0.20963797599840767
0.16224136709391285
0.061668269000257674
0.22182892410177427
0.21855963122683328
0.21269547818382956
0.20580751943117462
0.3373968954078203
0.268321294013314
0.4789342172680459
0.31062296146617707
0.33253965840322547
0.35017073945830085
0.32240206992713466
0.4355367301417903
0.42662587118702017
0.4310582888426295
0.5232355865799883
0.3407990820560201
0.6031326525949692
0.46430431592056826
0.49636539700792237
0.1525225341363001
0.16060783539635676
0.24106812294482186
0.38605225838002477
0.25229839719579983
0.42615249699938795
0.3399951774820389
0.4937927938523187
0.500990447939825
0.5443484767237307
0.5705038666216377
0.477225072675249
0.4434605837768382
0.3437170819048198
0.319264857266625
0.44895229400465253
0.4233382271986448
0.3766448905769168
0.33605369700818516
0.3491990504104504
0.3769709836093322
0.30709994864161366
0.31556456095300955
0.2882897048320313
0.16668318539921345
0.20633912130606696
0.16334371113704085
0.11436630173397913
0.22653987925901092
0.254319158672523
0.3134721546501614
0.34342250293533877
0.38937878538898596
0.4134195611083097
0.364370464081842
0.4205949777589837
0.35458048050316276
0.27357229975598524
0.28885787457199863
0.30029325716668137
0.32271403136848786
0.31615197097123454
0.3753693561309136
0.2634004407460756
0.28749851878466404
0.36204780046565543
0.36445263655268256
0.2745200210000866
0.2883037182626473
0.37229723705598455
0.30378467545727417
0.20466019669288005
0.32879655596247537
0.3921251644433055
0.30928450854510703
0.2557019063237955
0.2576750685931966
0.1638922017933483
0.13689167354053072
0.21702215367861827
0.48857477799027516
0.32634454363371485
0.3853952643189783
0.21127271126586408
0.23984226690583316
0.22380608043635797
0.22614516948920357
0.21676547676765145
0.20290297082938277
0.30046625935319204
0.41705171919663275
0.21283441834515096
0.2929743332107531
0.2757151126559221
0.3408160542213672
0.21906645707213623
0.2377446408480533
0.15979450472666315
0.14112408721679218
0.14026359038380784
0.10343772208740315
0.2047043075064985
0.2858136764461016
0.34633715376875146
0.18980148563194657
0.18614917077265422
0.28152412052489995
0.19724593769353124
0.23513471279478584
0.14712300904673448
0.08728339030285494
0.05461443785192527
0.14644289372330377
0.3399616718011077
0.30606066553421035
0.3883403622526774
0.2968961948902464
0.3318944227374178
0.3225569798936767
0.3046434126675461
0.31532886611014027
0.2245002401606365
0.3307326530485579
0.4814593852749478
0.4905408267380087
0.5721462923662538
0.6450873979069034
0.6391861180280671
0.6417900422607303
0.5445907969785341
0.5575646656437737
0.5511503718799964
0.5365493747579749
0.5782110475425368
0.5322357465860366
0.5090777918865623
0.5371600779533808
0.5215532479516625
0.658113261880904
0.673435413317421
0.7974439785166014
0.6529721868765562
0.7214624362508373
0.6360173849651292
0.7108680175578913
0.7195619386370171
0.7922790359958483
0.8109217750367114
0.8346653942048209
0.7810576250675618
0.7783446422572675
0.7736409970501852
0.7824099462868779
0.7577151269398812
0.8072799023624543
0.7928650334009434
0.8029849106548186
0.7588522032778869
0.7258096548898137
0.7518679829004201
0.735973996281402
0.6931287230445231
0.9246882634717035
0.7252992094155903
0.8729061000347521
0.8064529503648186
0.8241075128530302
0.7188614158387884
0.7587693534675141
0.7574111473022592
0.7626045743281264
0.6175014823358171
0.50986082307638
0.5136546613431939
0.5029043280732959
0.4057525869123984
0.4686546014250622
0.4677429704439946
0.4142281757001812
0.4403611717166861
0.3234179835376848
0.16134025247385703
0.3676108701422936
0.28510041843822564
0.7454746096108574
0.680009721096929
0.7741489275394019
0.7814669702856912
0.8539204122400544
0.6563487797710015
0.5125735816041191
0.5166485987413977
0.5366565413224704
0.6582518196398556
0.7182364851690463
0.765344708977445
0.736620943740029
0.8085063702672411
0.5803162413610079
0.5949047373675844
0.5126356892577038
0.5649134902348303
0.6049837672155682
0.6973141646383617
0.7980508591662483
0.7437768559726451
0.7192051803272614
0.6618398334739303
0.5987343197170722
0.5846562820610806
0.4583672886518397
0.4241856760408244
0.5414031957449238
0.5700735168718968
0.5670661718608555
0.5698041005218082
0.610876747687279
0.568985193788316
0.49429238103652934
0.46135679219230424
0.45296814730395746
0.38705852331583324
0.3152894414122348
0.5625718826390035
0.5325583492187617
0.47373485012081745
0.4616290156379093
0.42362700084172006
0.5720489005710782
0.622110588021375
0.6947305794069424
0.7475796425394576
0.7764694093906563
0.7933832275066884
0.7384267427734764
0.7224483102942585
0.7643116993681391
0.764451579450063
0.7573575704377703
0.6119138467946748
0.4815491519847642
0.5156057345131567
0.5894040144361977
0.597946048990428
0.6613960849992533
0.734583151395914
0.7986829064743762
0.7896716648065454
0.798875299938205
0.7145580615801704
0.6444812957356243
0.6422298646030121
0.6538636414201056
0.6299285304612472
0.6536100603981867
0.6609188501065201
0.5389312711402826
0.6248856274101051
0.6490450538579268
0.6107296604924974
0.6928544327791498
0.6656550767497653
0.687498832466678
0.7083548528021656
0.7151967915727494
0.710071350873231
0.6491323987317964
0.7638808472368734
0.7224016566516382
0.7219814942541651
0.7271346331504612
0.7034305005246887
0.7100077926649083
0.5364995616616819
0.5018297060020888
0.5055149620918928
0.4629120580211114
0.4040500630687063
0.30498592222894727
0.4839390021758796
0.33514757209364826
0.21641364871122537
0.2601792514335697
0.4736851900759278
0.5176789157574303
0.354444695254384
0.39255952618226436
0.2731910777114721
0.3797221236618724
0.12348250202694103
0.1863216569439045
0.10623545117269854
0.1610463368604363
0.11898974466029322
0.023976582637788398
0.02626692630614522
0.08765587684857311
0.21470664079778806
0.3869207740757695
0.46125616011415765
0.3012074754037601
0.4338767878013806
0.6048105485203754
0.36115097038296995
0.3215753346461874
0.5087112802324989
0.2735635509311587
0.35069301408437714
0.2909615632775739
0.5514615616041769
0.5660042179972923
0.49694241675933615
0.2839087813498227
0.29935275710139514
0.15639711815089308
0.09129418521483322
0.1378931406463753
0.1772956800240928
0.20779654353814395
0.25570387248732585
0.2911764733595523
0.3267067829559373
0.11944951479044402
0.2085603161263019
0.18595630348012376
0.24697675857106774
0.16089417615323223
0.2272391082903022
0.15572017365874796
0.2426194017607524
0.16093175821937142
0.21225486947203448
0.3398794079757825
0.45113998544872047
0.48509397888533534
0.5268329523221008
0.5860998257594082
0.49230398099284645
0.504609948894265
0.41782598139848454
0.34601122215642705
0.2913802182788269
0.3161382231520344
0.2782213563982355
0.2405269398422538
0.35399520026765596
0.3460530743785744
0.37039527542706435
0.3581295352095866
0.30075646329329453
0.3137861948004852
0.29573784474346904
0.2159577092202214
0.23973406785204304
0.4432170519681719
0.291510050025982
0.17365614232178014
0.22085972016444666
0.09353198221152768
0.3543098468920804
0.5063172432006647
0.24671700384685571
0.2878028891005319
0.3980538761091909
0.37368973863637955
0.3222844849323641
0.3980499913694878
0.3367901466754672
0.282569412383259
0.22865915956788502
0.26444630185634
0.3087310213653479
0.30500700356515453
0.2842535998395986
0.32990511846324855
0.3791390898154827
0.34376389849270395
0.34557659000558344
0.3975464058728078
0.3737692178904579
0.2822643099050701
0.20685275949861628
0.20375882670919934
0.2233920016514611
0.32310144834115073
0.2901783873607923
0.27836774109444434
0.3229594939286459
0.29583915499570107
0.2771620470952807
0.24269618147878563
0.3246172613908486
0.3516926743586286
0.3400668855134447
0.3742975552914657
0.24463621870944688
0.31012490324267805
0.283249380477201
0.2997106991731736
0.16574407340614203
0.19717808513290402
0.22480687416429918
0.11165412563639526
0.25292771324465696
0.28774275492004336
0.2946619577176301
0.28159615070690086
0.24027215350115996
0.30662645707050856
0.2436634838436896
0.29179191725711745
0.28316058332701366
0.3074816732334138
0.27777226101316754
0.2708808287985389
0.24193707679335638
0.2165558003776962
0.2799866132638559
0.2945480294170128
0.23969743022441903
0.2152946426063336
0.21733592043987177
0.26148764006359015
0.16260212406554975
0.1999358569502184
0.11809060411801976
0.1673067478750493
0.2876840056076642
0.1273951108674742
0.11161896801821908
0.10712476787179663
0.11131951385314909
0.08369822107862021
0.059503621829596925
0.07084740939804265
0.14619726522402302
0.11656141679382305
0.13792501658294612
0.20938719558769675
0.1613408548660358
0.1328523602879251
0.08782732426447504
0.1286643716671089
0.12568098586910392
0.18161274207327602
0.24136481987305544
0.15260665335498635
0.2179821110984048
0.12689967665329924
0.21320731749210167
0.18279063776800525
0.19527602400594046
0.07511309517885034
0.14946794731024668
0.07114046106626722
0.298024262634495
0.3099257583928227
0.38201054713659277
0.33628723759146806
0.3308043557172445
0.22715778751758756
0.24421773274754421
0.20588568035558902
0.206004100199111
0.2810118305411941
0.3400979080011167
0.259954228127054
0.25918547659059726
0.13981996073133335
0.08048102993837977
0.10288232566815615
0.11190048630039483
0.09594961998581031
0.2366430954339331
0.14429034357052845
0.16063426140598855
0.17124906877536958
0.17532858049689318
0.1712961130793862
0.27297721125805813
0.21524466436466339
0.37940655582435573
0.43944413686440376
0.35441808274979764
0.3761083109564246
0.36077944577683563
0.3421625280630313
0.31627859923995466
0.36030440939738717
0.4929280638414551
0.5164565477334201
0.5289337318767621
0.3311854938992258
0.5019318904320779
0.48839240458196376
0.38075256983008615
0.22163720495254513
0.4777512693524367
0.49011647311782824
0.5849253180595806
0.5340067574264711
0.5192312420021163
0.5817458059825591
0.526682437435263
0.5181049472708048
0.3757412980464826
0.3820937423918375
0.38266843358101593
0.45899730024010954
0.4444932826336252
0.41770271844871615
0.4048795302449591
0.4282402269284334
0.596994257955355
0.4604046437052414
0.5022565805459344
0.37274475825029213
0.4781049252762359
0.45921263970420234
0.2671722245174086
0.28753964509480967
0.2815563838589611
0.19803057734374782
0.1489697977673979
0.3178116823265502
0.4125620536945242
0.26252935467611654
0.20713930522766894
0.1767601611825559
0.3843835125804437
0.27957155253640054
0.134652935243568
0.30971466992350033
0.2758289921155587
0.26362411009882486
0.1419898563393597
0.16639337396920983
0.1861805424753286
0.35414763468108756
0.2330525191649916
0.23218006516634748
0.3223365290274004
0.2859214582144043
0.08670958569037353
0.3984790283551941
0.3773605373298324
0.20280779633678625
0.22546230347139323
0.2712104373467461
0.2675839784242076
0.3518698824672783
0.4129630806092284
0.2942597704104417
0.2237625814924323
0.1926556316501734
0.10622185022766766
0.1475112962138114
0.2853221698180672
0.3069660089658851
0.3175532071783848
0.365954187506477
0.40501993452950297
0.37076184131430956
0.45147947828113444
0.36881545663643855
0.40309213351134193
0.5007486928507824
0.5054477725001489
0.4436122596560274
0.4551545649221497
0.4366080550392687
0.4690308739569143
0.5192741175857245
0.3652547081424746
0.3488414935036074
0.3697156732598163
0.4711647051370571
0.4470376394243558
0.49433754310523875
0.48331883484389604
0.2556466232231044
0.3705827332579508
0.44226762237715445
0.41952707706871883
0.48338536909880103
0.46530898879981075
0.33170897658140186
0.3616013422920539
0.37283991841252395
0.4164908007556178
0.4555415919677027
0.4222074621811876
0.433678522906189
0.5267494068236144
0.607122309596081
0.49335749300399506
0.5150932665406966
0.552169141140688
0.5335312152719969
0.5966912176755592
0.5663452731106822
0.48746382284431633
0.6031428033396268
0.5516952663712431
0.6241873196962818
0.6940129272832639
0.6458251605710071
0.7231409538200229
0.713059834787018
0.7438063941970986
0.7378596796007851
0.7569207818609692
0.5430453434552261
0.7375298765017948
0.6839916998521437
0.814291765777088
0.7347215676312852
0.8219553364421303
0.5777349954604554
0.707953420839046
0.6782635285429268
0.5341829264277169
0.622899063345098
0.5728543724041634
0.5941536546961088
0.4967203570295084
0.5769775872351889
0.5555143233634701
0.45995423416862924
0.5918973774068613
0.7032774964523109
0.6879366593979982
0.6497512941610051
0.6600499720890461
0.6438969276000528
0.49431843363880346
0.5920536243248474
0.48976034905154087
0.5014254528376522
0.4810612597919661
0.5766265942311554
0.5348461038291636
0.5098055745108674
0.503033549677441
0.5417730047192408
0.5096630759206815
0.4256970695786641
0.5793308646464311
0.5263979960083202
0.47838194182833943
0.6149458284764413
0.5462548486282339
0.617699227748814
0.6303782599805721
0.6222978813010875
0.5765195602358751
0.5119553779531842
0.6257258902600717
0.5665508101798743
0.6104230000295293
0.5846429421883741
0.594096056271468
0.6319192862890506
0.5963823557224526
0.6308076817728738
0.6983467622588895
0.6459894970135908
0.546663515775163
0.6232104020738114
0.6297146761097634
0.6383871070269631
0.6203326333000003
0.6850104075417458
0.5857491975566076
0.5371967607987608
0.4212756029061001
0.440832553273454
0.5352299325347625
0.5529371362263168
0.5978007577983135
0.5118575638044985
0.5493310852205477
0.505684531075228
0.6068778691387644
0.5866633050000092
0.5761993381324082
0.6239110535253743
0.6483828687659398
0.7062002845131448
0.6559739708884579
0.6966274782634096
0.6962865722080457
0.6222962975921467
0.7250319643778773
0.631381190624635
0.5414604318457429
0.4777947400915275
0.7061386520887408
0.5623892978898167
0.5271742468810404
0.6231214837062357
0.69133233882675
0.6756951384522413
0.6643741197713614
0.6586892993495463
0.7593374608580029
0.8006143394831519
0.8415064179666234
0.84903131756377
0.7897610311349713
0.7006018428290459
0.6925929382479201
0.7477867720317598
0.6875039363323326
0.6953554264037765
0.6917101750284519
0.654725485713956
0.7251383873831599
0.779974214775353
0.7392515805156186
0.7614272675345422
0.7783650844172414
0.7199564813047414
0.6498762760765228
0.6986733549846293
0.6925443840745835
0.6525220518152001
0.7012606027915118
0.6457480756659224
0.6361994229078646
0.6340167608493052
0.532500342250886
0.7878474330986693
0.7681750780655888
0.7990834313260977
0.7722826345572842
0.7400959568773503
0.7260132393916027
0.6464439255827876
0.6721084444815079
0.6847058831694333
0.6525992104785632
0.6908813902096191
0.7433508849771574
0.7557234500900006
0.7391613713201987
0.6956150261188487
0.6313043049701561
0.5898675809685762
0.4055702344407764
0.4759850090858009
0.4633178882851196
0.505304381761664
0.46241493352585505
0.382311588093889
0.5460030797727367
0.4690786921172686
0.6776703716502415
0.5671210153555005
0.5097014536508574
0.6100537845790177
0.5231301332362718
0.4311789219337158
0.49253151620711616
0.2620884496935176
0.5044545246636555
0.4895645733617099
0.47106422457841934
0.4063014387665557
0.3168757724767691
0.2615633352601306
0.35030174534150554
0.3796129321782315
0.17888104878405656
0.37887634100061446
0.32376928863496657
0.35938062974110585
0.5111111874728457
0.3961762688587175
0.45956895940431614
0.3611284171159848
0.402261881547157
0.3979870745295199
0.3176670091220627
0.28082500358703005
0.3812684233294094
0.1206054702189975
0.2946978467968226
0.3409703901373199
0.4252348861727255
0.33782493428073174
0.4526795666970015
0.34248850053905966
0.39589569067368263
0.4539144097981161
0.3538355404643174
0.3604136162732138
0.4085929549040303
0.4651936992463072
0.5402835795912586
0.5260899447175765
0.5019010451353039
0.519341911615721
0.5642831498494941
0.3381504435671998
0.3902990279091886
0.3993718669524015
0.3277599548769365
0.4196951199152422
0.389768566416198
0.47076771830057607
0.5445772962493725
0.3823152416935407
0.6059206073863592
0.5863750647435862
0.6541908580786732
0.506360842302212
0.4620695220673273
0.5704471731765636
0.5347539415086086
0.6116820390236676
0.5137705468825661
0.4802631166187682
0.47403052593141576
0.3939717906503119
0.421503070152677
0.3684016701438098
0.46886434812114586
0.6382403884483564
0.6090285410914811
0.6366074612426356
0.5986035265428112
0.5122958045871898
0.5686752756329928
0.4764887729929698
0.42984022343715106
0.46924068045973955
0.5366834505122963
0.5789605661835011
0.6653831281121546
0.6230473502401402
0.6624946236902042
0.6191487564208275
0.4805731782780678
0.6135882320314875
0.4973651810501844
0.5827525224665985
0.6906441344225293
0.6847513657234884
0.7718072703135819
0.7978738531082934
0.7864289344325575
0.6280647354430022
0.5313376827377495
0.4703579303933563
0.39095769755414017
0.3331790877833458
0.32610935950983794
0.3830323857293106
0.35063107304034746
0.4584948504523717
0.3913330534108069
0.4818392602355997
0.4419428863230809
0.45859592267638344
0.379534987073939
0.20386089824036763
0.23757256896604592
0.17057037244809084
0.15532403424050795
0.1418256254535747
0.25246700940191485
0.3778591969824768
0.3792053245411892
0.1979166025614637
0.08256343684568951
0.10318543202490281
0.04899896685132966
0.10841455395087618
0.10405069167231046
0.1538032554376032
0.19391843825845256
0.23831716204841324
0.20438742268155896
0.16378788950404924
0.1880506302637981
0.09888916050367332
0.046352501316783645
0.034558127932439266
0.09163165020630687
0.1262804533120397
0.19148415433079188
0.4126845377140705
0.5038717485469234
0.5181576713113536
0.5021646206077306
0.3998291240449644
0.41441106322171567
0.3558106654420891
0.35993514530897464
0.3301785815550512
0.25623574797951176
0.23132132269198225
0.35118063676739775
0.45334473256810054
0.42674483574129823
0.4888576303304111
0.39783800193702396
0.33682811412963654
0.24337703526249307
0.3228480458586014
0.300332069588963
0.32399083380230476
0.2984339977536537
0.2826204118301523
0.38743795463791697
0.3480270651096775
0.3561493766453972
0.267976486001652
0.3644223643675127
0.32033752566723245
0.28617064718778656
0.32429157449967994
0.2963136092711959
0.40795880598563256
0.3915983226889052
0.3837517219390484
0.3717023271246174
0.41105940236772076
0.31450593405677735
0.2952587498341596
0.2948847456839514
0.3251993741137631
0.33653630639279514
0.43458015466416794
0.40617041803132914
0.39263905067157323
0.2912277118882265
0.2736166418052911
0.3053247931034544
0.2628287110823581
0.2955457294793798
0.2398834079748633
0.3969985728238112
0.35537244636179427
0.40788277468916784
0.3912164245430317
0.4153522098994839
0.39582263280791163
0.32991843137732807
0.366783353741581
0.31953836167115235
0.34327017440866636
0.26585969563035833
0.30202141315476455
0.3241077563832944
0.33060931941936006
0.29353881706898644
0.26392780625214496
0.3511223381681375
0.2719618847033168
0.35916898940689823
0.32022565485943
0.31128199653208927
0.37719296741292146
0.4112128660598964
0.314274820482503
0.19240145850271603
0.2615139553332318
0.2672898939080954
0.32988091286465604
0.28802765075876
0.2378580039036982
0.14585719894576252
0.20492058067894833
0.08664777771571497
0.15373260477592332
0.07285631523087004
0.143405747015579
0.28360441909339545
0.1931868929772466
0.08215071818960663
0.06393021886434085
0.15296452523501297
0.10726228158245653
0.10197952169420936
0.11951730862341219
0.12549329449486973
0.0650242080434254
0.2297647936259922
0.20655977649894364
0.18088906596086096
0.050527796231431825
0.03667142384551028
0.1835435370212319
0.13971819845188288
0.18445501038914733
0.16447455134326908
0.1234667184228597
0.06632038290786982
0.09450760941370816
0.2173728406926084
0.1742219732936585
0.16461752064266003
0.19806576672777476
0.17244312300358489
0.2158547064288811
0.23266506367918854
0.2401769935053981
0.153812157822728
0.2867329755532004
0.2538200583079902
0.29632165860586945
0.4372494659190426
0.42400713611354207
0.5043277104192131
0.49811641367563647
0.4710913576261336
0.38041333527189797
0.28251999934258704
0.3843988327647206
0.30053337148803727
0.1212651139891016
0.3779071530779411
0.3578135072751034
0.3306670579050926
0.254973934817321
0.3373878222642047
0.3125406864781429
0.20297583159676563
0.2913027218823705
0.27210299782752567
0.2988720499416026
0.22839982322624178
0.3041627992416405
0.3924729007689563
0.36195174648609113
0.4129529239753388
0.3545899405843553
0.3431116827938369
0.3230951486112927
0.4342787050208689
0.34032244611819445
0.3477336349346368
0.36812742749727595
0.3028501689389229
0.2877268285541264
0.16129897320036038
0.2898899747476442
0.29507943748320653
0.34303737114744776
0.34061322207950373
0.3232190279264202
0.2908444973337471
0.2903859519677878
0.2302434412773352
0.3692121460933788
0.34893007825571215
0.3511549602320383
0.39464537209229456
0.3658027520961342
0.3012266276775215
0.24500755418838885
0.2925265892345382
0.23532852637341567
0.2662777977459751
0.3588222117528068
0.38518991911858563
0.41784942878510783
0.30481670258192506
0.24969103259688727
0.21489201476349512
0.2500051650587015
0.22806210879403208
0.2551109772966064
0.21594112960713208
0.25417826537745825
0.20554924049031462
0.18111887041402192
0.13033617086315366
0.1368935850201885
0.13447934160778327
0.09158678422508079
0.12816755620270748
0.08546162986474452
0.061775686066913124
0.041768272499160965
0.049321281795484555
0.06351035060434983
0.11664192503218511
0.0087920779686915
0.026823978675955904
0.122319073268723
0.16312713387540476
0.1868724213368007
0.09698951665103613
0.061778605993363406
0.09510307152435368
0.05590283485753512
0.03229654681445495
0.06324690384394442
0.09280596257011985
0.07274916371331289
0.08858837899039211
0.10968724996006242
0.02569298589532677
0.03521712887200981
0.12231462804985649
0.05953674804633431
0.04655362937851358
0.05027057444094536
0.08146836177037367
0.08779082318511416
0.009250602371610555
0.03388898208887661
0.05448194715531576
0.05334112503043254
0.039506739744566734
0.045514713820366766
0.030259219496079917
0.09136803272594686
0.08214227141517706
0.06985988239937271
0.07160535419734051
0.015534728240388805
0.0644011767283522
0.05928666063865488
0.035252676784335746
0.04672073648009009
0.0605087614336146
0.07100993332194307
0.039801754224204525
0.19415504382794352
0.09672759656803864
0.2481929977715371
0.1785636197695563
0.18894947251617755
0.10930953093679321
0.10027325436181628
0.023858461252655595
0.0900548849965127
0.18212827362843267
0.05530453226845819
0.14480631478313669
0.14764068399757066
0.2140633701303528
0.2842777881955528
0.18130259400187643
0.1807246701463417
0.16698864400026306
0.11421411044125764
0.27569829995766754
0.11976671927079822
0.13734898148356714
0.06567248196182973
0.14230230832871563
0.11276196014344991
0.16983464069964216
0.05594981630424753
0.18882142245353392
0.10911190939833802
0.24717419056154383
0.26216269523696983
0.27514396865666746
0.20665779791075847
0.19595149887646296
0.07324787223206682
0.16655042287125105
0.24315340041675693
0.19204141434948557
0.24329461550527592
0.15956546680914296
0.21345462280018654
0.238453408111447
0.26370648293306914
0.27058683737194494
0.3699644709846845
0.24081015981504708
0.3255526879907018
0.2128861281853668
0.4102163239888529
0.3879978481781661
0.24095637938560682
0.2418609784142893
0.2266776673731091
0.15150723739032787
0.13940574176383472
0.08239222561395479
0.15425651383043232
0.07164417338337806
0.13747975901416182
0.16517167559659177
0.1144138017170997
0.18928891968814454
0.09559455027043846
0.16144427144333667
0.03685496151289202
0.09838288678526852
0.09658161504365946
0.12916811086167143
0.12684453093810516
0.18079178800796766
0.12793970000502847
0.06557023576092862
0.08371062504581109
0.06992067392150653
0.03930051919907386
0.07454664030856709
0.0963807531548561
0.11955793900709856
0.027487003621579395
0.05909485881731206
0.02661915748151484
0.06005734683639123
0.0667667261699203
0.02648623952640876
0.07554790056593394
0.05276667756278861
0.13228290730122216
0.010964796502430917
0.04263068374559423
0.06759161411276511
0.16285910166373416
0.18504534111295856
0.15658676574202385
0.23161067645154101
0.18071160548881013
0.18106967829462714
0.13425981943835683
0.10603028558386729
0.15959422432118422
0.14334979726420446
0.17142679711370226
0.10692933797413422
0.1851558892122934
0.24191172620991358
0.2548621759022295
0.15562121557066097
0.10183642214513801
0.09279931671549292
0.10481352092545511
0.07755372128817105
0.1499710617559916
0.18073350117664086
0.24249326693179332
0.17890013200411237
0.15546267363277816
0.19003500264047388
0.059964653326983086
0.054274069834986546
0.1665095189548008
0.15514985348397387
0.2073101443148123
0.21303222332867283
0.21084454932433463
0.20886091806306087
0.26609638496389826
0.26244667754654466
0.19451928925682438
0.2197735394577596
0.2679082689625011
0.2429771039889181
0.20179189702987999
0.24404460880513773
0.2325369498155133
0.19100868675460927
0.21680695328046276
0.14474988964676275
0.2282987461571896
0.28193033157277686
0.17431574665689328
0.26298483575359316
0.2682740426523751
0.20969919484600846
0.2271594492402368
0.2157251341502371
0.2506521910498289
0.3095171466826774
0.21741045085477623
0.2178793767750809
0.17116439293872235
0.19057030648444198
0.19557757662577915
0.10331939249110629
0.12002452672540433
0.147415077082995
0.2284849653773972
0.16574568933704653
0.14718572474660388
0.22637343482480962
0.17064936622080887
0.20941149729560082
0.21008428161061096
0.14983627909903918
0.12671609721744856
0.1871364801554827
0.17054158343694184
0.26784891954247875
0.20500789046252796
0.13964937034356212
0.17926071965095836
0.09131075611914957
0.07460076961468602
0.06750424286643728
0.15358256628640837
0.13870449611159086
0.21444644617264028
0.2692649549492715
0.23376225076497292
0.26432669539218506
0.175837839757792
0.211267604090173
0.12354512743872582
0.0883436958183338
0.09955547631796087
0.12072604563099862
0.21237339867455904
0.19810068869879005
0.4124471860307103
0.2671076164662153
0.16837160231554937
0.2107286501021234
0.1825831210423316
0.0932954590197378
0.09837250037785245
0.09372946937023648
0.12141300526241394
0.07359406354457274
0.14783768222997892
0.09462444658997234
0.06870539814531294
0.15596966529457168
0.14674673810959854
0.1547484433349146
0.27468674128556575
0.2285904923777693
0.24834061317872058
0.13252703328284152
0.14944886673399047
0.10764712543236118
0.11387507669786454
0.24826014544431374
0.2881673010720315
0.44910775519787394
0.402605661797452
0.23055775776444407
0.268012825245438
0.23343064604500086
0.15088521557913645
0.23453497669415282
0.15507040133609037
0.13216781311810485
0.1323458861798066
0.1495175860506431
0.09559238959864425
0.1517096963977323
0.15087962159515228
0.15730551194060438
0.17702937937209512
0.2331570630039163
0.22980949172565718
0.21284018069627172
0.24249194542884656
0.3029858462017424
0.12984452594303242
0.20159484202244712
0.12499996548652133
0.15544623612784145
0.16639439568788428
0.2269873770845515
0.30255588849589976
0.2753718090078135
0.30757681346117727
0.26569500692537157
0.3666981383263766
0.3394080560133391
0.14671154102424375
0.1549993451010118
0.21360596998463444
0.2216255925740648
0.18372110581094384
0.19284562011946932
0.2824344913461896
0.359555354008659
0.30701421520687794
0.36661862684172913
0.2161689517729684
0.2863069913966085
0.2298632588633616
0.23641860537484097
0.20597941764402364
0.22931172544293998
0.24404444407058704
0.36550446846825774
0.34317224368437416
0.35840981480732476
0.23081138261183096
0.31373224142020867
0.31933145313038513
0.2570793372728949
0.20641946366899605
0.21228664416089787
0.2173213539305721
0.30471325972962787
0.24493095999071246
0.32459925901163666
0.4300930739441218
0.38165076484889193
0.3294846850299518
0.2905302499078589
0.2306203322181205
0.3274249921498022
0.2863396844866042
0.22950895882071817
0.20204002345241343
0.19929995837861536
0.28210065660851535
0.2822859576201584
0.28799434738642776
0.3397299203546077
0.3313410164054468
0.2842067934904848
0.3265068662947655
0.26268018835395707
0.2614874407671834
0.26488219345939856
0.2021948983350656
0.2556266931385024
0.24552926664254487
0.3090436284483641
0.3308530147612137
0.36474655888570956
0.36979357464647783
0.340663721683998
0.2421321613369929
0.34449219491053396
0.33398715064582385
0.28476454890882325
0.3180042415434096
0.27256984924637023
0.2804773199886756
0.2647787052375851
0.3511857314023556
0.32936781603043247
0.36163564954908556
0.36627488350225845
0.3135716247821268
0.282964478872401
0.2706765640290556
0.2532896987217791
0.2854497166718883
0.23926899000760815
0.1272988264935941
0.18423393279003408
0.1297492018161104
0.1997829500290305
0.23786205330565385
0.19951547858862825
0.1697743517791876
0.19817953539183403
0.22795175198035822
0.21354892370487444
0.09204425101089322
0.19086094501650672
0.12491699382486406
0.23261933207917396
0.16599024351714217
0.27549444816775337
0.28830752252957925
0.23353307729044695
0.20851670336450848
0.19309745653402235
0.11923627232957977
0.14023132650078898
0.12491999023325806
0.15766435316029284
0.21691819192102202
0.2455920329187097
0.2024698730910584
0.3316641470891596
0.1002134005131727
0.2487888172575936
0.1442339834534152
0.15779127416883265
0.1303814782052404
0.1604078934189979
0.3183146680950343
0.21093892000435327
0.2064454040436432
0.19791057359312283
0.20602435489110804
0.2717657763811391
0.16131950860142835
0.1673734442487602
0.16220142071743493
0.17876726435168622
0.18332316824318262
0.21245629987196424
0.285129839625587
0.24060197254731322
0.2784013982377015
0.32343818116508427
0.2195302890152077
0.2483338240053151
0.19213919147017647
0.15586151694753908
0.2558307282041373
0.22487571022468175
0.28179095858271125
0.18186616988712145
0.2521642570322941
0.22042271951959042
0.2453860438276946
0.18737365784065618
0.17672455626077851
0.21746014781125608
0.23544008885643145
0.20233678568237368
0.2626970489677525
0.17209764931052973
0.2154038283998445
0.17428785423966064
0.13664901798465037
0.13328419437652675
0.13110760972541788
0.22979407625741305
0.1547486269624498
0.20097349657530134
0.1895410688255451
0.1703915734336882
0.22154817990682263
0.15274135056645405
0.1338670299446964
0.1479628501948385
0.15644981214422285
0.14974028741221437
0.1218565278842357
0.12646107718090338
0.2507204058553036
0.17684627039496828
0.15676539306870724
0.1519455990042768
0.21110724268708886
0.09545743476813548
0.2619155479611102
0.08057827143994441
0.08293213861734385
0.1774928761183135
0.11097348138696796
0.17045766087965633
0.18441722663319232
0.18747819940353994
0.1838868804657935
0.23699770816669705
0.17584806802956388
0.1350111092812457
0.10740257046146266
0.13806834972163418
0.03658908474286997
0.09575936474683576
0.24273289528739178
0.0885581581882678
0.11801082547726721
0.11728670670710789
0.1333394813022195
0.16216902727235252
0.1794308900230733
0.1290022764307616
0.12094884179755731
0.1326226543603652
0.14247315587340934
0.09574236268346163
0.12890705717086082
0.09912577853256815
0.09179943779026326
0.15913056679426074
0.2097248495639675
0.11834765178129167
0.11010699978641089
0.22288398678745053
0.027778186255011442
0.08325086116563898
0.13346241523914676
0.18149603497794084
0.10150817441555764
0.12882346373655282
0.12967769397113363
0.10358875938873165
0.07867483379510147
0.24299562873624916
0.16943037080905665
0.27045575494873125
0.04602865878014298
0.128502616685836
0.03138650512065454
0.04178903792355176
0.10636673719060441
0.0501177055669913
0.028469362458054485
0.06170128053944845
0.0745194780681187
0.09925972830139569
0.0987235037188872
0.04372825884689981
0.13337856767136605
0.15160077995188184
0.08765256799304184
0.11790989629715021
0.18341529211012333
0.13596288390917965
0.11930394407547815
0.15932034911939347
0.17645915726744935
0.10774987492750561
0.20100033765654104
0.21957979337776434
0.11594514957710389
0.18808295742417055
0.2664803973456264
0.24417071625496012
0.1572999246363768
0.16070114061008306
0.12327650634483057
0.09471150646811455
0.16097069219978458
0.08705277193127857
0.1753374185175637
0.16124794312431756
0.1708076371955092
0.18562267511265776
0.14063294302089316
0.19924082098631513
0.18865873519682855
0.12232717718170165
0.17841390128772014
0.24480817692918397
0.2445546065552691
0.23109448565783602
0.2012550784362802
0.10496385330298098
0.13673059952736272
0.09656160358098036
0.11643274071172709
0.05763860459480845
0.16005000732324584
0.19256223125046376
0.1879312649452341
0.22472420064175977
0.2900727664615244
0.1770324996178357
0.08926354229329857
0.039696625562232635
0.10318406276117165
0.14936528082641595
0.06781775119227783
0.23614638663911725
0.16239687601836242
0.16935564431846534
0.1366830874580264
0.09966674991609223
0.1290835177218979
0.13939084071694496
0.056695169831723485
0.14668108980002784
0.11723895894154275
0.1527572841225938
0.11702676792736569
0.09520417630202346
0.10948358959790057
0.0986111541614773
0.12093165048825105
0.18018311860740735
0.12296763696989152
0.15563682132841775
0.17731996532724578
0.12588976467240992
0.07413705894847021
0.08492015861447279
0.07688353228468862
0.05608720538529328
0.06469028924626564
0.12103100839237799
0.10306152776785897
0.14867923665219396
0.2135791789399776
0.1995336960403152
0.1156371779355425
0.213283602073569
0.17365231215261667
0.12073087715337438
0.09622951975651925
0.04136993975824714
0.07197150470741048
0.14438402835964617
0.07705889704619795
0.11477650594365188
0.10349458759683282
0.15537616073392024
0.12030171267023665
0.11946634464066685
0.07076518635299378
0.07328085527593278
0.14172632776425037
0.07905560581332015
0.05931480680039593
0.12697561262384394
0.05556618725170544
0.08796707290536658
0.07914284064433952
0.05027880326800029
0.08688210181560736
0.08259766315454933
0.10547920603632316
0.1121233924020518
0.08268046211762357
0.13700193843321248
0.1281391215725381
0.1696852002203012
0.14958531542485118
0.034141419228381494
0.05124951124492611
0.18863856632279563
0.2006192653218859
0.12782738663216178
0.11355713274155274
0.09475085227833499
0.23177340827516296
0.08792580856505958
0.03726773679568797
0.03866314822704108
0.08082630427045621
0.10351305675020972
0.06482168215808747
0.0744486918584356
0.060160483443586606
0.09585731757233996
0.2212301579617862
0.11726840883971586
0.1695564416999676
0.08120415394153721
0.13888676065260228
0.14153275287032221
0.23042702106478136
0.19009345729410773
0.2410881852314358
0.19038189174818052
0.2029334577291561
0.16863816349717636
0.2332515506087531
0.18956742744134736
0.1728381845246336
0.2211426794110832
0.2322604374057277
0.22185404284888074
0.16085054900487614
0.20526558764867722
0.1640598957858881
0.25446112017214323
0.27226760171629194
0.3697187245491557
0.26054789662453476
0.35727564838314974
0.4089060554429478
0.3905567038731469
0.337880014942736
0.310148273983226
0.10887259622561082
0.2169227433221901
0.1845711663106764
0.28234850208597484
0.32348573416673504
0.4428672664613914
0.5275287298695968
0.5440426742445374
0.4603863497695326
0.33257716405848864
0.27044963652908155
0.24426607805955608
0.25621036358409643
0.17486439784112098
0.18047439340401317
0.2801388817551716
0.1881550626188083
0.2907138701157707
0.32653984203336534
0.2846075917796176
0.365246281535653
0.14718592313136847
0.10507000009893182
0.004535374892141449
0.0422308338277202
0.0654595328205728
0.14412062249223062
0.11629630424892744
0.10682252454979012
0.173355548970117
0.2569798047708571
0.21413127496459056
0.15805307967202936
0.11688077268667302
0.0498307480033049
0.0667073953807267
0.08505943787229218
0.21066892287638644
0.15699746263921732
0.11428428334690435
0.17277001638227912
0.15269128307514113
0.1323663910571916
0.06861991445837079
0.14396676107917838
0.02343585724045218
0.12825501872768336
0.18441211466428425
0.19348664130704474
0.2093471983676921
0.17633072000697414
0.07082516642497191
0.09663340840510243
0.0668386371674108
0.021096726872423838
0.19961595318940245
0.16032395493450163
0.27051473835134343
0.2033539281069254
0.2531104795785671
0.13717339903484654
0.1608365162098025
0.10797203239347068
0.027669535071071633
0.07833578714030891
0.06064829653749345
0.2332714348983898
0.1462104595935987
0.25655600150599694
0.2459569578225478
0.26153232716081254
0.15621106660257406
0.09031855529665854
0.1381325444910765
0.04910180114137167
0.06231313851751925
0.07328277266070082
0.11879015261241806
0.22342190231768821
0.24496607858474231
0.19962929576080873
0.2549392547956065
0.1287778338751709
0.10972476677943321
0.0460862203682784
0.03176890290832843
0.030050177981841987
0.08125149828081528
0.2990343082744944
0.1576259373349695
0.26071439007682234
0.21001701658955052
0.1091146960271369
0.1510335485766821
0.11852642914211779
0.07294325457190741
0.037251658687757344
0.05145198450140865
0.024338778661708804
0.05169656870756716
0.16820576244523652
0.19915221952267617
0.10123825400285574
0.14321701632688394
0.10607481993914653
0.0694793943715261
0.10433168424989168
0.13323341749927672
0.0877452127729354
0.1339974455033411
0.18678628210612555
0.13583423211731666
0.15359283181993472
0.08023823831539584
0.15562695932760745
0.0891190554354291
0.07094463609395432
0.06234959461897397
0.07424071501313292
0.1728028220898858
0.2259807007737166
0.2068554027107666
0.18521270051467756
0.17854664967651257
0.15970534953486484
0.15864539554047413
0.09828434156557816
0.0847143411097242
0.14332564331401246
0.1486062318023044
0.12606635926687404
0.12827737393766667
0.13981214784554286
0.04978986834511472
0.0405533991572304
0.028400490953430155
0.12049824980125574
0.12154158077931985
0.1850820135652924
0.2314116493432437
0.13008982340263592
0.19746526714419252
0.13017912592175762
0.036865409517087167
0.18778223912943381
0.08237455301620683
0.07434744808053184
0.11246844363812762
0.09973701118843897
0.18541550032741996
0.14006411495983845
0.15790649583131655
0.17354101648510412
0.10412388399635092
0.051543361568116335
0.07959698457876868
0.12750539879840025
0.08716134230194304
0.0943573144827376
0.04203746086420362
0.08008779849588185
0.1414510646628458
0.07446900735616505
0.035997519225553117
0.08324628917257632
0.038261815323004995
0.09576317073092315
0.05857823051910009
0.09646097237228077
0.14729666942205233
0.06381129999465784
0.14517327056190124
0.03185663380174721
0.069890112377158
0.06426070768630907
0.10535517766316882
0.03681621779480172
0.03057789424861512
0.23251970640313854
0.04908809717021684
0.05842746557316838
0.12836457236866014
0.1152002663105376
0.08758920970346298
0.15422185755755216
0.0531358533267943
0.06920118496149703
0.04998184186027446
0.12678842398686632
0.08310177243607035
0.05504246053311271
0.17444497963903152
0.05301538843275244
0.07196726038069824
0.16588420096335618
0.14564461451582422
0.07114707273268688
0.13866067556883374
0.13270796311396146
0.05936683830929361
